-180.000000 369.276852
-179.900000 369.756159
-179.800000 370.235777
-179.700000 370.715705
-179.600000 371.195944
-179.500000 371.676494
-179.400000 372.157355
-179.300000 372.638527
-179.200000 373.120009
-179.100000 373.601803
-179.000000 374.083907
-178.900000 374.566323
-178.800000 375.049049
-178.700000 375.532086
-178.600000 376.015433
-178.500000 376.499092
-178.400000 376.983062
-178.300000 377.467342
-178.200000 377.951933
-178.100000 378.436835
-178.000000 378.922048
-177.900000 379.407572
-177.800000 379.893407
-177.700000 380.379552
-177.600000 380.866009
-177.500000 381.352776
-177.400000 381.839854
-177.300000 382.327243
-177.200000 382.814943
-177.100000 383.302953
-177.000000 383.791275
-176.900000 384.279907
-176.800000 384.768851
-176.700000 385.258105
-176.600000 385.747670
-176.500000 386.237545
-176.400000 386.727732
-176.300000 387.218230
-176.200000 387.709038
-176.100000 388.200157
-176.000000 388.691587
-175.900000 389.183328
-175.800000 389.675380
-175.700000 390.167743
-175.600000 390.660417
-175.500000 391.153401
-175.400000 391.646696
-175.300000 392.140302
-175.200000 392.634219
-175.100000 393.128447
-175.000000 393.622986
-174.900000 394.117835
-174.800000 394.612996
-174.700000 395.108467
-174.600000 395.604249
-174.500000 396.100342
-174.400000 396.596746
-174.300000 397.093461
-174.200000 397.590486
-174.100000 398.087823
-174.000000 398.585470
-173.900000 399.083428
-173.800000 399.581697
-173.700000 400.080277
-173.600000 400.579168
-173.500000 401.078370
-173.400000 401.577882
-173.300000 402.077705
-173.200000 402.577840
-173.100000 403.078285
-173.000000 403.579040
-172.900000 404.080107
-172.800000 404.581485
-172.700000 405.083173
-172.600000 405.585173
-172.500000 406.087483
-172.400000 406.590104
-172.300000 407.093036
-172.200000 407.596278
-172.100000 408.099832
-172.000000 408.603696
-171.900000 409.107872
-171.800000 409.612358
-171.700000 410.117155
-171.600000 410.622263
-171.500000 411.127682
-171.400000 411.633411
-171.300000 412.139452
-171.200000 412.645803
-171.100000 413.152465
-171.000000 413.659438
-170.900000 414.166722
-170.800000 414.674317
-170.700000 415.182223
-170.600000 415.690439
-170.500000 416.198967
-170.400000 416.707805
-170.300000 417.216954
-170.200000 417.726414
-170.100000 418.236185
-170.000000 418.746266
-169.900000 419.256659
-169.800000 419.767362
-169.700000 420.278376
-169.600000 420.789701
-169.500000 421.301337
-169.400000 421.813284
-169.300000 422.325542
-169.200000 422.838110
-169.100000 423.350990
-169.000000 423.864180
-168.900000 424.377681
-168.800000 424.891493
-168.700000 425.405616
-168.600000 425.920049
-168.500000 426.434794
-168.400000 426.949849
-168.300000 427.465216
-168.200000 427.980893
-168.100000 428.496881
-168.000000 429.013179
-167.900000 429.529789
-167.800000 430.046710
-167.700000 430.563941
-167.600000 431.081483
-167.500000 431.599336
-167.400000 432.117500
-167.300000 432.635975
-167.200000 433.154761
-167.100000 433.673857
-167.000000 434.193265
-166.900000 434.712983
-166.800000 435.233012
-166.700000 435.753352
-166.600000 436.274003
-166.500000 436.794965
-166.400000 437.316237
-166.300000 437.837821
-166.200000 438.359715
-166.100000 438.881920
-166.000000 439.404436
-165.900000 439.927263
-165.800000 440.450401
-165.700000 440.973849
-165.600000 441.497609
-165.500000 442.021679
-165.400000 442.546060
-165.300000 443.070752
-165.200000 443.595755
-165.100000 444.121069
-165.000000 444.646693
-164.900000 445.172629
-164.800000 445.698875
-164.700000 446.225432
-164.600000 446.752300
-164.500000 447.279479
-164.400000 447.806969
-164.300000 448.334769
-164.200000 448.862881
-164.100000 449.391303
-164.000000 449.920036
-163.900000 450.449080
-163.800000 450.978435
-163.700000 451.508101
-163.600000 452.038078
-163.500000 452.568365
-163.400000 453.098963
-163.300000 453.629873
-163.200000 454.161093
-163.100000 454.692624
-163.000000 455.224465
-162.900000 455.756618
-162.800000 456.289081
-162.700000 456.821856
-162.600000 457.354941
-162.500000 457.888337
-162.400000 458.422044
-162.300000 458.956062
-162.200000 459.490390
-162.100000 460.025030
-162.000000 460.559980
-161.900000 461.095241
-161.800000 461.630813
-161.700000 462.166696
-161.600000 462.702890
-161.500000 463.239395
-161.400000 463.776210
-161.300000 464.313337
-161.200000 464.850774
-161.100000 465.388522
-161.000000 465.926581
-160.900000 466.464951
-160.800000 467.003631
-160.700000 467.542623
-160.600000 468.081925
-160.500000 468.621538
-160.400000 469.161462
-160.300000 469.701697
-160.200000 470.242243
-160.100000 470.783100
-160.000000 471.324267
-159.900000 471.865746
-159.800000 472.407535
-159.700000 472.949635
-159.600000 473.492046
-159.500000 474.034768
-159.400000 474.577800
-159.300000 475.121144
-159.200000 475.664798
-159.100000 476.208764
-159.000000 476.753040
-158.900000 477.297627
-158.800000 477.842524
-158.700000 478.387733
-158.600000 478.933253
-158.500000 479.479083
-158.400000 480.025224
-158.300000 480.571676
-158.200000 481.118439
-158.100000 481.665513
-158.000000 482.212898
-157.900000 482.760593
-157.800000 483.308600
-157.700000 483.856917
-157.600000 484.405545
-157.500000 484.954484
-157.400000 485.503734
-157.300000 486.053295
-157.200000 486.603166
-157.100000 487.153349
-157.000000 487.703842
-156.900000 488.254646
-156.800000 488.805761
-156.700000 489.357187
-156.600000 489.908924
-156.500000 490.460971
-156.400000 491.013330
-156.300000 491.565999
-156.200000 492.118979
-156.100000 492.672270
-156.000000 493.225872
-155.900000 493.779785
-155.800000 494.334008
-155.700000 494.888543
-155.600000 495.443388
-155.500000 495.998544
-155.400000 496.554011
-155.300000 497.109789
-155.200000 497.665878
-155.100000 498.222278
-155.000000 498.778988
-154.900000 499.336009
-154.800000 499.893341
-154.700000 500.450984
-154.600000 501.008938
-154.500000 501.567203
-154.400000 502.125779
-154.300000 502.684665
-154.200000 503.243863
-154.100000 503.378888
-154.000000 502.819615
-153.900000 502.260654
-153.800000 501.702003
-153.700000 501.143663
-153.600000 500.585635
-153.500000 500.027916
-153.400000 499.470509
-153.300000 498.913413
-153.200000 498.356627
-153.100000 497.800153
-153.000000 497.243989
-152.900000 496.688136
-152.800000 496.132594
-152.700000 495.577363
-152.600000 495.022443
-152.500000 494.467833
-152.400000 493.913534
-152.300000 493.359547
-152.200000 492.805870
-152.100000 492.252504
-152.000000 491.699449
-151.900000 491.146704
-151.800000 490.594271
-151.700000 490.042148
-151.600000 489.490336
-151.500000 488.938836
-151.400000 488.387646
-151.300000 487.836766
-151.200000 487.286198
-151.100000 486.735941
-151.000000 486.185994
-150.900000 485.636358
-150.800000 485.087033
-150.700000 484.538019
-150.600000 483.989316
-150.500000 483.440924
-150.400000 482.892842
-150.300000 482.345072
-150.200000 481.797612
-150.100000 481.250463
-150.000000 480.703625
-149.900000 480.157098
-149.800000 479.610882
-149.700000 479.064976
-149.600000 478.519382
-149.500000 477.974098
-149.400000 477.429125
-149.300000 476.884463
-149.200000 476.340112
-149.100000 475.796072
-149.000000 475.252342
-148.900000 474.708924
-148.800000 474.165816
-148.700000 473.623019
-148.600000 473.080533
-148.500000 472.538358
-148.400000 471.996494
-148.300000 471.454940
-148.200000 470.913698
-148.100000 470.372766
-148.000000 469.832145
-147.900000 469.291835
-147.800000 468.751836
-147.700000 468.212148
-147.600000 467.672771
-147.500000 467.133704
-147.400000 466.594948
-147.300000 466.056504
-147.200000 465.518370
-147.100000 464.980547
-147.000000 464.443034
-146.900000 463.905833
-146.800000 463.368942
-146.700000 462.832363
-146.600000 462.296094
-146.500000 461.760136
-146.400000 461.224489
-146.300000 460.689153
-146.200000 460.154127
-146.100000 459.619413
-146.000000 459.085009
-145.900000 458.550916
-145.800000 458.017134
-145.700000 457.483663
-145.600000 456.950503
-145.500000 456.417654
-145.400000 455.885115
-145.300000 455.352887
-145.200000 454.820971
-145.100000 454.289365
-145.000000 453.758070
-144.900000 453.227085
-144.800000 452.696412
-144.700000 452.166050
-144.600000 451.635998
-144.500000 451.106257
-144.400000 450.576827
-144.300000 450.047708
-144.200000 449.518900
-144.100000 448.990403
-144.000000 448.462216
-143.900000 447.934341
-143.800000 447.406776
-143.700000 446.879522
-143.600000 446.352579
-143.500000 445.825947
-143.400000 445.299625
-143.300000 444.773615
-143.200000 444.247915
-143.100000 443.722526
-143.000000 443.197449
-142.900000 442.672681
-142.800000 442.148225
-142.700000 441.624080
-142.600000 441.100246
-142.500000 440.576722
-142.400000 440.053509
-142.300000 439.530607
-142.200000 439.008016
-142.100000 438.485736
-142.000000 437.963767
-141.900000 437.442108
-141.800000 436.920761
-141.700000 436.399724
-141.600000 435.878998
-141.500000 435.358583
-141.400000 434.838479
-141.300000 434.318686
-141.200000 433.799203
-141.100000 433.280032
-141.000000 432.761171
-140.900000 432.242621
-140.800000 431.724382
-140.700000 431.206454
-140.600000 430.688837
-140.500000 430.171530
-140.400000 429.654535
-140.300000 429.137850
-140.200000 428.621476
-140.100000 428.105413
-140.000000 427.589661
-139.900000 427.074220
-139.800000 426.559089
-139.700000 426.044270
-139.600000 425.529761
-139.500000 425.015563
-139.400000 424.501676
-139.300000 423.988100
-139.200000 423.474835
-139.100000 422.961880
-139.000000 422.449237
-138.900000 421.936904
-138.800000 421.424882
-138.700000 420.913171
-138.600000 420.401771
-138.500000 419.890682
-138.400000 419.379903
-138.300000 418.869436
-138.200000 418.359279
-138.100000 417.849433
-138.000000 417.339898
-137.900000 416.830674
-137.800000 416.321761
-137.700000 415.813159
-137.600000 415.304867
-137.500000 414.796887
-137.400000 414.289217
-137.300000 413.781858
-137.200000 413.274810
-137.100000 412.768072
-137.000000 412.261646
-136.900000 411.755531
-136.800000 411.249726
-136.700000 410.744232
-136.600000 410.239049
-136.500000 409.734177
-136.400000 409.229616
-136.300000 408.725366
-136.200000 408.221426
-136.100000 407.717797
-136.000000 407.214480
-135.900000 406.711473
-135.800000 406.208777
-135.700000 405.706391
-135.600000 405.204317
-135.500000 404.702554
-135.400000 404.201101
-135.300000 403.699959
-135.200000 403.199128
-135.100000 402.698608
-135.000000 402.198399
-134.900000 401.698501
-134.800000 401.198913
-134.700000 400.699636
-134.600000 400.200671
-134.500000 399.702016
-134.400000 399.203672
-134.300000 398.705639
-134.200000 398.207916
-134.100000 397.710505
-134.000000 397.213404
-133.900000 396.716614
-133.800000 396.220135
-133.700000 395.723967
-133.600000 395.228110
-133.500000 394.732564
-133.400000 394.237328
-133.300000 393.742404
-133.200000 393.247790
-133.100000 392.753487
-133.000000 392.259495
-132.900000 391.765814
-132.800000 391.272444
-132.700000 390.779384
-132.600000 390.286636
-132.500000 389.794198
-132.400000 389.302071
-132.300000 388.810255
-132.200000 388.318750
-132.100000 387.827556
-132.000000 387.336672
-131.900000 386.846100
-131.800000 386.355838
-131.700000 385.865887
-131.600000 385.376247
-131.500000 384.886918
-131.400000 384.397900
-131.300000 383.909192
-131.200000 383.420796
-131.100000 382.932710
-131.000000 382.444935
-130.900000 381.957471
-130.800000 381.470318
-130.700000 380.983476
-130.600000 380.496944
-130.500000 380.010724
-130.400000 379.524814
-130.300000 379.039215
-130.200000 378.553927
-130.100000 378.068950
-130.000000 377.584284
-129.900000 377.099928
-129.800000 376.615884
-129.700000 376.132150
-129.600000 375.648727
-129.500000 375.165615
-129.400000 374.682814
-129.300000 374.200324
-129.200000 373.718145
-129.100000 373.236276
-129.000000 372.754718
-128.900000 372.273472
-128.800000 371.792536
-128.700000 371.311910
-128.600000 370.831596
-128.500000 370.351593
-128.400000 369.871900
-128.300000 369.392519
-128.200000 368.913448
-128.100000 368.434688
-128.000000 367.956239
-127.900000 367.478101
-127.800000 367.000273
-127.700000 366.522757
-127.600000 366.045551
-127.500000 365.568656
-127.400000 365.092072
-127.300000 364.615799
-127.200000 364.139837
-127.100000 363.664186
-127.000000 363.188845
-126.900000 362.713815
-126.800000 362.239097
-126.700000 361.764689
-126.600000 361.290592
-126.500000 360.816805
-126.400000 360.343330
-126.300000 359.870166
-126.200000 359.397312
-126.100000 358.924769
-126.000000 358.452537
-125.900000 357.980616
-125.800000 357.509006
-125.700000 357.037707
-125.600000 356.566718
-125.500000 356.096041
-125.400000 355.625674
-125.300000 355.155618
-125.200000 354.685873
-125.100000 354.216439
-125.000000 353.747315
-124.900000 353.278503
-124.800000 352.810001
-124.700000 352.341811
-124.600000 351.873931
-124.500000 351.406362
-124.400000 350.939103
-124.300000 350.472156
-124.200000 350.005520
-124.100000 349.539194
-124.000000 349.073179
-123.900000 348.607475
-123.800000 348.142082
-123.700000 347.677000
-123.600000 347.212229
-123.500000 346.747769
-123.400000 346.283619
-123.300000 345.819780
-123.200000 345.356252
-123.100000 344.893035
-123.000000 344.430129
-122.900000 343.967534
-122.800000 343.505249
-122.700000 343.043276
-122.600000 342.581613
-122.500000 342.120261
-122.400000 341.659220
-122.300000 341.198490
-122.200000 340.738071
-122.100000 340.277962
-122.000000 339.818165
-121.900000 339.358678
-121.800000 338.899502
-121.700000 338.440637
-121.600000 337.982083
-121.500000 337.523840
-121.400000 337.065907
-121.300000 336.608286
-121.200000 336.150975
-121.100000 335.693975
-121.000000 335.237286
-120.900000 334.780908
-120.800000 334.324841
-120.700000 333.869085
-120.600000 333.413639
-120.500000 332.958504
-120.400000 332.503681
-120.300000 332.049168
-120.200000 331.594965
-120.100000 331.141074
-120.000000 330.687494
-119.900000 330.234224
-119.800000 329.781266
-119.700000 329.328618
-119.600000 328.876281
-119.500000 328.424255
-119.400000 327.972540
-119.300000 327.521135
-119.200000 327.070042
-119.100000 326.619259
-119.000000 326.168787
-118.900000 325.718626
-118.800000 325.268776
-118.700000 324.819237
-118.600000 324.370009
-118.500000 323.921091
-118.400000 323.472484
-118.300000 323.024189
-118.200000 322.576204
-118.100000 322.128530
-118.000000 321.681166
-117.900000 321.234114
-117.800000 320.787372
-117.700000 320.340942
-117.600000 319.894822
-117.500000 319.449013
-117.400000 319.003515
-117.300000 318.558328
-117.200000 318.113451
-117.100000 317.668886
-117.000000 317.224631
-116.900000 316.780688
-116.800000 316.337055
-116.700000 315.893733
-116.600000 315.450721
-116.500000 315.008021
-116.400000 314.565632
-116.300000 314.123553
-116.200000 313.681785
-116.100000 313.240328
-116.000000 312.799182
-115.900000 312.358347
-115.800000 311.917823
-115.700000 311.477609
-115.600000 311.037707
-115.500000 310.598115
-115.400000 310.158834
-115.300000 309.719864
-115.200000 309.281205
-115.100000 308.842857
-115.000000 308.404819
-114.900000 307.967092
-114.800000 307.529677
-114.700000 307.092572
-114.600000 306.655778
-114.500000 306.219295
-114.400000 305.783122
-114.300000 305.347261
-114.200000 304.911710
-114.100000 304.476471
-114.000000 304.041542
-113.900000 303.606924
-113.800000 303.172617
-113.700000 302.738620
-113.600000 302.304935
-113.500000 301.871560
-113.400000 301.438497
-113.300000 301.005744
-113.200000 300.573302
-113.100000 300.141171
-113.000000 299.709350
-112.900000 299.277841
-112.800000 298.846642
-112.700000 298.415755
-112.600000 297.985178
-112.500000 297.554912
-112.400000 297.124957
-112.300000 296.695312
-112.200000 296.265979
-112.100000 295.836956
-112.000000 295.408245
-111.900000 294.979844
-111.800000 294.551754
-111.700000 294.123975
-111.600000 293.696507
-111.500000 293.269349
-111.400000 292.842503
-111.300000 292.415967
-111.200000 291.989742
-111.100000 291.563828
-111.000000 291.138225
-110.900000 290.712933
-110.800000 290.287951
-110.700000 289.863281
-110.600000 289.438921
-110.500000 289.014872
-110.400000 288.591134
-110.300000 288.167707
-110.200000 287.744591
-110.100000 287.321786
-110.000000 286.899291
-109.900000 286.477107
-109.800000 286.055235
-109.700000 285.633673
-109.600000 285.212422
-109.500000 284.791481
-109.400000 284.370852
-109.300000 283.950534
-109.200000 283.530526
-109.100000 283.110829
-109.000000 282.691443
-108.900000 282.272368
-108.800000 281.853604
-108.700000 281.435151
-108.600000 281.017008
-108.500000 280.599176
-108.400000 280.181656
-108.300000 279.764446
-108.200000 279.347547
-108.100000 278.930958
-108.000000 278.514681
-107.900000 278.098715
-107.800000 277.683059
-107.700000 277.267714
-107.600000 276.852680
-107.500000 276.437957
-107.400000 276.023545
-107.300000 275.609444
-107.200000 275.195653
-107.100000 274.782174
-107.000000 274.369005
-106.900000 273.956147
-106.800000 273.543600
-106.700000 273.131364
-106.600000 272.719438
-106.500000 272.307824
-106.400000 271.896520
-106.300000 271.485528
-106.200000 271.074846
-106.100000 270.664475
-106.000000 270.254414
-105.900000 269.844665
-105.800000 269.435227
-105.700000 269.026099
-105.600000 268.617282
-105.500000 268.208776
-105.400000 267.800581
-105.300000 267.392697
-105.200000 266.985124
-105.100000 266.577862
-105.000000 266.170910
-104.900000 265.764269
-104.800000 265.357939
-104.700000 264.951920
-104.600000 264.546212
-104.500000 264.140815
-104.400000 263.735729
-104.300000 263.330953
-104.200000 262.926488
-104.100000 262.522334
-104.000000 262.118491
-103.900000 261.714959
-103.800000 261.311738
-103.700000 260.908828
-103.600000 260.506228
-103.500000 260.103939
-103.400000 259.701961
-103.300000 259.300294
-103.200000 258.898938
-103.100000 258.497893
-103.000000 258.097159
-102.900000 257.696735
-102.800000 257.296622
-102.700000 256.896821
-102.600000 256.497330
-102.500000 256.098149
-102.400000 255.699280
-102.300000 255.300722
-102.200000 254.902474
-102.100000 254.504538
-102.000000 254.106912
-101.900000 253.709597
-101.800000 253.312593
-101.700000 252.915899
-101.600000 252.519517
-101.500000 252.123446
-101.400000 251.727685
-101.300000 251.332235
-101.200000 250.937096
-101.100000 250.542268
-101.000000 250.147751
-100.900000 249.753544
-100.800000 249.359649
-100.700000 248.966064
-100.600000 248.572790
-100.500000 248.179827
-100.400000 247.787175
-100.300000 247.394834
-100.200000 247.002804
-100.100000 246.611084
-100.000000 246.219676
-99.900000 245.828578
-99.800000 245.437791
-99.700000 245.047315
-99.600000 244.657150
-99.500000 244.267295
-99.400000 243.877752
-99.300000 243.488519
-99.200000 243.099597
-99.100000 242.710986
-99.000000 242.322686
-98.900000 241.934697
-98.800000 241.547019
-98.700000 241.159651
-98.600000 240.772595
-98.500000 240.385849
-98.400000 239.999414
-98.300000 239.613290
-98.200000 239.227477
-98.100000 238.841974
-98.000000 238.456783
-97.900000 238.071902
-97.800000 237.687333
-97.700000 237.303074
-97.600000 236.919126
-97.500000 236.535489
-97.400000 236.152162
-97.300000 235.769147
-97.200000 235.386442
-97.100000 235.004048
-97.000000 234.621966
-96.900000 234.240193
-96.800000 233.858732
-96.700000 233.477582
-96.600000 233.096743
-96.500000 232.716214
-96.400000 232.335996
-96.300000 231.956089
-96.200000 231.576493
-96.100000 231.197208
-96.000000 230.818234
-95.900000 230.439570
-95.800000 230.061218
-95.700000 229.683176
-95.600000 229.305445
-95.500000 228.928025
-95.400000 228.550916
-95.300000 228.174118
-95.200000 227.797630
-95.100000 227.421454
-95.000000 227.045588
-94.900000 226.670033
-94.800000 226.294789
-94.700000 225.919856
-94.600000 225.545234
-94.500000 225.170922
-94.400000 224.796922
-94.300000 224.423232
-94.200000 224.049853
-94.100000 223.676785
-94.000000 223.304028
-93.900000 222.931582
-93.800000 222.559447
-93.700000 222.187622
-93.600000 221.816108
-93.500000 221.444905
-93.400000 221.074014
-93.300000 220.703432
-93.200000 220.333162
-93.100000 219.963203
-93.000000 219.593554
-92.900000 219.224217
-92.800000 218.855190
-92.700000 218.486474
-92.600000 218.118069
-92.500000 217.749974
-92.400000 217.382191
-92.300000 217.014718
-92.200000 216.647557
-92.100000 216.280706
-92.000000 215.914166
-91.900000 215.547937
-91.800000 215.182019
-91.700000 214.816411
-91.600000 214.451115
-91.500000 214.086129
-91.400000 213.721454
-91.300000 213.357090
-91.200000 212.993037
-91.100000 212.629295
-91.000000 212.265864
-90.900000 211.902743
-90.800000 211.539934
-90.700000 211.177435
-90.600000 210.815247
-90.500000 210.453370
-90.400000 210.091804
-90.300000 209.730548
-90.200000 209.369604
-90.100000 209.008970
-90.000000 208.648647
-89.900000 208.288635
-89.800000 207.928934
-89.700000 207.569544
-89.600000 207.210465
-89.500000 206.851696
-89.400000 206.493239
-89.300000 206.135092
-89.200000 205.777256
-89.100000 205.419731
-89.000000 205.062517
-88.900000 204.705614
-88.800000 204.349021
-88.700000 203.992739
-88.600000 203.636769
-88.500000 203.281109
-88.400000 202.925760
-88.300000 202.570722
-88.200000 202.215994
-88.100000 201.861578
-88.000000 201.507472
-87.900000 201.153677
-87.800000 200.800194
-87.700000 200.447021
-87.600000 200.094158
-87.500000 199.741607
-87.400000 199.389367
-87.300000 199.037437
-87.200000 198.685818
-87.100000 198.334510
-87.000000 197.983513
-86.900000 197.632827
-86.800000 197.282452
-86.700000 196.932388
-86.600000 196.582634
-86.500000 196.233191
-86.400000 195.884059
-86.300000 195.535238
-86.200000 195.186728
-86.100000 194.838529
-86.000000 194.490640
-85.900000 194.143063
-85.800000 193.795796
-85.700000 193.448840
-85.600000 193.102195
-85.500000 192.755861
-85.400000 192.409838
-85.300000 192.064126
-85.200000 191.718724
-85.100000 191.373633
-85.000000 191.028853
-84.900000 190.684384
-84.800000 190.340226
-84.700000 189.996379
-84.600000 189.652843
-84.500000 189.309617
-84.400000 188.966702
-84.300000 188.624099
-84.200000 188.281806
-84.100000 187.939824
-84.000000 187.598152
-83.900000 187.256792
-83.800000 186.915742
-83.700000 186.575004
-83.600000 186.234576
-83.500000 185.894459
-83.400000 185.554653
-83.300000 185.215158
-83.200000 184.875973
-83.100000 184.537100
-83.000000 184.198537
-82.900000 183.860285
-82.800000 183.522344
-82.700000 183.184714
-82.600000 182.847395
-82.500000 182.510387
-82.400000 182.173689
-82.300000 181.837302
-82.200000 181.501227
-82.100000 181.165462
-82.000000 180.830008
-81.900000 180.494864
-81.800000 180.160032
-81.700000 179.825510
-81.600000 179.491300
-81.500000 179.157400
-81.400000 178.823811
-81.300000 178.490533
-81.200000 178.157566
-81.100000 177.824910
-81.000000 177.492564
-80.900000 177.160529
-80.800000 176.828806
-80.700000 176.497393
-80.600000 176.166291
-80.500000 175.835499
-80.400000 175.505019
-80.300000 175.174850
-80.200000 174.844991
-80.100000 174.515443
-80.000000 174.186206
-79.900000 173.857280
-79.800000 173.528665
-79.700000 173.200361
-79.600000 172.872367
-79.500000 172.544685
-79.400000 172.217313
-79.300000 171.890252
-79.200000 171.563502
-79.100000 171.237063
-79.000000 170.910935
-78.900000 170.585117
-78.800000 170.259610
-78.700000 169.934415
-78.600000 169.609530
-78.500000 169.284956
-78.400000 168.960693
-78.300000 168.636740
-78.200000 168.313099
-78.100000 167.989768
-78.000000 167.666749
-77.900000 167.344040
-77.800000 167.021642
-77.700000 166.699555
-77.600000 166.377778
-77.500000 166.056313
-77.400000 165.735158
-77.300000 165.414315
-77.200000 165.093782
-77.100000 164.773560
-77.000000 164.453649
-76.900000 164.134048
-76.800000 163.814759
-76.700000 163.495780
-76.600000 163.177113
-76.500000 162.858756
-76.400000 162.540710
-76.300000 162.222975
-76.200000 161.905550
-76.100000 161.588437
-76.000000 161.271634
-75.900000 160.955143
-75.800000 160.638962
-75.700000 160.323092
-75.600000 160.007533
-75.500000 159.692284
-75.400000 159.377347
-75.300000 159.062720
-75.200000 158.748405
-75.100000 158.434400
-75.000000 158.120706
-74.900000 157.807323
-74.800000 157.494251
-74.700000 157.181489
-74.600000 156.869039
-74.500000 156.556899
-74.400000 156.245070
-74.300000 155.933552
-74.200000 155.622345
-74.100000 155.311449
-74.000000 155.000864
-73.900000 154.690589
-73.800000 154.380625
-73.700000 154.070973
-73.600000 153.761631
-73.500000 153.452600
-73.400000 153.143879
-73.300000 152.835470
-73.200000 152.527371
-73.100000 152.219584
-73.000000 151.912107
-72.900000 151.604941
-72.800000 151.298086
-72.700000 150.991542
-72.600000 150.685308
-72.500000 150.379386
-72.400000 150.073774
-72.300000 149.768473
-72.200000 149.463484
-72.100000 149.158804
-72.000000 148.854436
-71.900000 148.550379
-71.800000 148.246632
-71.700000 147.943197
-71.600000 147.640072
-71.500000 147.337258
-71.400000 147.034755
-71.300000 146.732563
-71.200000 146.430682
-71.100000 146.129111
-71.000000 145.827851
-70.900000 145.526903
-70.800000 145.226265
-70.700000 144.925938
-70.600000 144.625922
-70.500000 144.326216
-70.400000 144.026822
-70.300000 143.727738
-70.200000 143.428965
-70.100000 143.130504
-70.000000 142.832352
-69.900000 142.534512
-69.800000 142.236983
-69.700000 141.939765
-69.600000 141.642857
-69.500000 141.346260
-69.400000 141.049974
-69.300000 140.753999
-69.200000 140.458335
-69.100000 140.162982
-69.000000 139.867939
-68.900000 139.573208
-68.800000 139.278787
-68.700000 138.984677
-68.600000 138.690878
-68.500000 138.397390
-68.400000 138.104213
-68.300000 137.811346
-68.200000 137.518791
-68.100000 137.226546
-68.000000 136.934612
-67.900000 136.642989
-67.800000 136.351677
-67.700000 136.060676
-67.600000 135.769985
-67.500000 135.479606
-67.400000 135.189537
-67.300000 134.899779
-67.200000 134.610332
-67.100000 134.321196
-67.000000 134.032371
-66.900000 133.743856
-66.800000 133.455653
-66.700000 133.167760
-66.600000 132.880178
-66.500000 132.592907
-66.400000 132.305947
-66.300000 132.019298
-66.200000 131.732960
-66.100000 131.446932
-66.000000 131.161215
-65.900000 130.875810
-65.800000 130.590715
-65.700000 130.305930
-65.600000 130.021457
-65.500000 129.737295
-65.400000 129.453443
-65.300000 129.169903
-65.200000 128.886673
-65.100000 128.603754
-65.000000 128.321146
-64.900000 128.038849
-64.800000 127.756862
-64.700000 127.475187
-64.600000 127.193822
-64.500000 126.912768
-64.400000 126.632025
-64.300000 126.351593
-64.200000 126.071472
-64.100000 125.791662
-64.000000 125.512162
-63.900000 125.232973
-63.800000 124.954096
-63.700000 124.675529
-63.600000 124.397273
-63.500000 124.119327
-63.400000 123.841693
-63.300000 123.564370
-63.200000 123.287357
-63.100000 123.010655
-63.000000 122.734264
-62.900000 122.458184
-62.800000 122.182415
-62.700000 121.906957
-62.600000 121.631809
-62.500000 121.356972
-62.400000 121.082447
-62.300000 120.808232
-62.200000 120.534328
-62.100000 120.260735
-62.000000 119.987452
-61.900000 119.714481
-61.800000 119.441820
-61.700000 119.169470
-61.600000 118.897431
-61.500000 118.625703
-61.400000 118.354286
-61.300000 118.083180
-61.200000 117.812384
-61.100000 117.541900
-61.000000 117.271726
-60.900000 117.001863
-60.800000 116.732311
-60.700000 116.463070
-60.600000 116.194140
-60.500000 115.925520
-60.400000 115.657212
-60.300000 115.389214
-60.200000 115.121527
-60.100000 114.854151
-60.000000 114.587086
-59.900000 114.320332
-59.800000 114.053888
-59.700000 113.787756
-59.600000 113.521934
-59.500000 113.256423
-59.400000 112.991223
-59.300000 112.726334
-59.200000 112.461756
-59.100000 112.197488
-59.000000 111.933532
-58.900000 111.669886
-58.800000 111.406551
-58.700000 111.143527
-58.600000 110.880814
-58.500000 110.618412
-58.400000 110.356320
-58.300000 110.094540
-58.200000 109.833070
-58.100000 109.571911
-58.000000 109.311063
-57.900000 109.050526
-57.800000 108.790300
-57.700000 108.530384
-57.600000 108.270780
-57.500000 108.011486
-57.400000 107.752503
-57.300000 107.493831
-57.200000 107.235470
-57.100000 106.977420
-57.000000 106.719680
-56.900000 106.462252
-56.800000 106.205134
-56.700000 105.948327
-56.600000 105.691831
-56.500000 105.435646
-56.400000 105.179772
-56.300000 104.924209
-56.200000 104.668956
-56.100000 104.414014
-56.000000 104.159384
-55.900000 103.905064
-55.800000 103.651055
-55.700000 103.397356
-55.600000 103.143969
-55.500000 102.890892
-55.400000 102.638127
-55.300000 102.385672
-55.200000 102.133528
-55.100000 101.881695
-55.000000 101.630173
-54.900000 101.378961
-54.800000 101.128061
-54.700000 100.877471
-54.600000 100.627192
-54.500000 100.377225
-54.400000 100.127567
-54.300000 99.878221
-54.200000 99.629186
-54.100000 99.380461
-54.000000 99.132048
-53.900000 98.883945
-53.800000 98.636153
-53.700000 98.388672
-53.600000 98.141502
-53.500000 97.894642
-53.400000 97.648094
-53.300000 97.401856
-53.200000 97.155930
-53.100000 96.910314
-53.000000 96.665009
-52.900000 96.420014
-52.800000 96.175331
-52.700000 95.930959
-52.600000 95.686897
-52.500000 95.443146
-52.400000 95.199706
-52.300000 94.956577
-52.200000 94.713759
-52.100000 94.471252
-52.000000 94.229055
-51.900000 93.987170
-51.800000 93.745595
-51.700000 93.504331
-51.600000 93.263378
-51.500000 93.022736
-51.400000 92.782405
-51.300000 92.542384
-51.200000 92.302675
-51.100000 92.063276
-51.000000 91.824188
-50.900000 91.585411
-50.800000 91.346945
-50.700000 91.108790
-50.600000 90.870945
-50.500000 90.633412
-50.400000 90.396189
-50.300000 90.159277
-50.200000 89.922676
-50.100000 89.686386
-50.000000 89.450406
-49.900000 89.214738
-49.800000 88.979380
-49.700000 88.744334
-49.600000 88.509598
-49.500000 88.275173
-49.400000 88.041059
-49.300000 87.807256
-49.200000 87.573763
-49.100000 87.340582
-49.000000 87.107711
-48.900000 86.875151
-48.800000 86.642902
-48.700000 86.410964
-48.600000 86.179337
-48.500000 85.948020
-48.400000 85.717015
-48.300000 85.486320
-48.200000 85.255936
-48.100000 85.025863
-48.000000 84.796101
-47.900000 84.566650
-47.800000 84.337509
-47.700000 84.108680
-47.600000 83.880161
-47.500000 83.651953
-47.400000 83.424056
-47.300000 83.196470
-47.200000 82.969195
-47.100000 82.742231
-47.000000 82.515577
-46.900000 82.289235
-46.800000 82.063203
-46.700000 81.837482
-46.600000 81.612072
-46.500000 81.386972
-46.400000 81.162184
-46.300000 80.937707
-46.200000 80.713540
-46.100000 80.489684
-46.000000 80.266139
-45.900000 80.042905
-45.800000 79.819982
-45.700000 79.597369
-45.600000 79.375068
-45.500000 79.153077
-45.400000 78.931398
-45.300000 78.710029
-45.200000 78.488971
-45.100000 78.268223
-45.000000 78.047787
-44.900000 77.827662
-44.800000 77.607847
-44.700000 77.388343
-44.600000 77.169150
-44.500000 76.950268
-44.400000 76.731697
-44.300000 76.513437
-44.200000 76.295487
-44.100000 76.077848
-44.000000 75.860521
-43.900000 75.643504
-43.800000 75.426798
-43.700000 75.210403
-43.600000 74.994318
-43.500000 74.778545
-43.400000 74.563082
-43.300000 74.347930
-43.200000 74.133090
-43.100000 73.918559
-43.000000 73.704340
-42.900000 73.490432
-42.800000 73.276835
-42.700000 73.063548
-42.600000 72.850572
-42.500000 72.637907
-42.400000 72.425553
-42.300000 72.213510
-42.200000 72.001778
-42.100000 71.790356
-42.000000 71.579246
-41.900000 71.368446
-41.800000 71.157957
-41.700000 70.947779
-41.600000 70.737912
-41.500000 70.528356
-41.400000 70.319110
-41.300000 70.110176
-41.200000 69.901552
-41.100000 69.693239
-41.000000 69.485237
-40.900000 69.277546
-40.800000 69.070166
-40.700000 68.863096
-40.600000 68.656338
-40.500000 68.449890
-40.400000 68.243753
-40.300000 68.037927
-40.200000 67.832412
-40.100000 67.627208
-40.000000 67.422314
-39.900000 67.217732
-39.800000 67.013460
-39.700000 66.809499
-39.600000 66.605849
-39.500000 66.402510
-39.400000 66.199482
-39.300000 65.996764
-39.200000 65.794358
-39.100000 65.592262
-39.000000 65.390477
-38.900000 65.189003
-38.800000 64.987840
-38.700000 64.786988
-38.600000 64.586447
-38.500000 64.386216
-38.400000 64.186296
-38.300000 63.986688
-38.200000 63.787390
-38.100000 63.588403
-38.000000 63.389726
-37.900000 63.191361
-37.800000 62.993306
-37.700000 62.795563
-37.600000 62.598130
-37.500000 62.401008
-37.400000 62.204197
-37.300000 62.007697
-37.200000 61.811507
-37.100000 61.615629
-37.000000 61.420061
-36.900000 61.224804
-36.800000 61.029858
-36.700000 60.835223
-36.600000 60.640899
-36.500000 60.446886
-36.400000 60.253183
-36.300000 60.059792
-36.200000 59.866711
-36.100000 59.673941
-36.000000 59.481482
-35.900000 59.289334
-35.800000 59.097496
-35.700000 58.905970
-35.600000 58.714754
-35.500000 58.523849
-35.400000 58.333255
-35.300000 58.142972
-35.200000 57.953000
-35.100000 57.763339
-35.000000 57.573988
-34.900000 57.384949
-34.800000 57.196220
-34.700000 57.007802
-34.600000 56.819695
-34.500000 56.631899
-34.400000 56.444414
-34.300000 56.257239
-34.200000 56.070376
-34.100000 55.883823
-34.000000 55.697581
-33.900000 55.511650
-33.800000 55.326030
-33.700000 55.140720
-33.600000 54.955722
-33.500000 54.771034
-33.400000 54.586658
-33.300000 54.402592
-33.200000 54.218837
-33.100000 54.035392
-33.000000 53.852259
-32.900000 53.669437
-32.800000 53.486925
-32.700000 53.304724
-32.600000 53.122835
-32.500000 52.941256
-32.400000 52.759987
-32.300000 52.579030
-32.200000 52.398384
-32.100000 52.218048
-32.000000 52.038023
-31.900000 51.858310
-31.800000 51.678907
-31.700000 51.499814
-31.600000 51.321033
-31.500000 51.142563
-31.400000 50.964403
-31.300000 50.786554
-31.200000 50.609017
-31.100000 50.431790
-31.000000 50.254873
-30.900000 50.078268
-30.800000 49.901974
-30.700000 49.725990
-30.600000 49.550317
-30.500000 49.374956
-30.400000 49.199905
-30.300000 49.025165
-30.200000 48.850735
-30.100000 48.676617
-30.000000 48.502809
-29.900000 48.329313
-29.800000 48.156127
-29.700000 47.983252
-29.600000 47.810688
-29.500000 47.638435
-29.400000 47.466492
-29.300000 47.294861
-29.200000 47.123540
-29.100000 46.952530
-29.000000 46.781831
-28.900000 46.611443
-28.800000 46.441366
-28.700000 46.271599
-28.600000 46.102144
-28.500000 45.932999
-28.400000 45.764165
-28.300000 45.595643
-28.200000 45.427430
-28.100000 45.259529
-28.000000 45.091939
-27.900000 44.924659
-27.800000 44.757691
-27.700000 44.591033
-27.600000 44.424686
-27.500000 44.258650
-27.400000 44.092925
-27.300000 43.927510
-27.200000 43.762407
-27.100000 43.597614
-27.000000 43.433132
-26.900000 43.268961
-26.800000 43.105101
-26.700000 42.941552
-26.600000 42.778314
-26.500000 42.615386
-26.400000 42.452770
-26.300000 42.290464
-26.200000 42.128469
-26.100000 41.966785
-26.000000 41.805412
-25.900000 41.644349
-25.800000 41.483598
-25.700000 41.323157
-25.600000 41.163028
-25.500000 41.003209
-25.400000 40.843701
-25.300000 40.684503
-25.200000 40.525617
-25.100000 40.367042
-25.000000 40.208777
-24.900000 40.050823
-24.800000 39.893180
-24.700000 39.735848
-24.600000 39.578827
-24.500000 39.422117
-24.400000 39.265717
-24.300000 39.109629
-24.200000 38.953851
-24.100000 38.798384
-24.000000 38.643228
-23.900000 38.488383
-23.800000 38.333849
-23.700000 38.179625
-23.600000 38.025713
-23.500000 37.872111
-23.400000 37.718820
-23.300000 37.565840
-23.200000 37.413171
-23.100000 37.260813
-23.000000 37.108765
-22.900000 36.957029
-22.800000 36.805603
-22.700000 36.654488
-22.600000 36.503684
-22.500000 36.353191
-22.400000 36.203009
-22.300000 36.053137
-22.200000 35.903577
-22.100000 35.754327
-22.000000 35.605388
-21.900000 35.456760
-21.800000 35.308443
-21.700000 35.160437
-21.600000 35.012741
-21.500000 34.865357
-21.400000 34.718283
-21.300000 34.571520
-21.200000 34.425068
-21.100000 34.278927
-21.000000 34.133097
-20.900000 33.987578
-20.800000 33.842369
-20.700000 33.697471
-20.600000 33.552885
-20.500000 33.408609
-20.400000 33.264643
-20.300000 33.120989
-20.200000 32.977646
-20.100000 32.834613
-20.000000 32.691892
-19.900000 32.549481
-19.800000 32.407381
-19.700000 32.265592
-19.600000 32.124114
-19.500000 31.982946
-19.400000 31.842090
-19.300000 31.701544
-19.200000 31.561309
-19.100000 31.421385
-19.000000 31.281772
-18.900000 31.142470
-18.800000 31.003479
-18.700000 30.864798
-18.600000 30.726428
-18.500000 30.588370
-18.400000 30.450622
-18.300000 30.313185
-18.200000 30.176058
-18.100000 30.039243
-18.000000 29.902739
-17.900000 29.766545
-17.800000 29.630662
-17.700000 29.495090
-17.600000 29.359829
-17.500000 29.224879
-17.400000 29.090240
-17.300000 28.955911
-17.200000 28.821893
-17.100000 28.688187
-17.000000 28.554791
-16.900000 28.421706
-16.800000 28.288932
-16.700000 28.156468
-16.600000 28.024316
-16.500000 27.892474
-16.400000 27.760943
-16.300000 27.629723
-16.200000 27.498814
-16.100000 27.368216
-16.000000 27.237929
-15.900000 27.107952
-15.800000 26.978287
-15.700000 26.848932
-15.600000 26.719888
-15.500000 26.591155
-15.400000 26.462733
-15.300000 26.334622
-15.200000 26.206821
-15.100000 26.079332
-15.000000 25.952153
-14.900000 25.825285
-14.800000 25.698728
-14.700000 25.572482
-14.600000 25.446547
-14.500000 25.320922
-14.400000 25.195609
-14.300000 25.070606
-14.200000 24.945914
-14.100000 24.821533
-14.000000 24.697463
-13.900000 24.573704
-13.800000 24.450255
-13.700000 24.327118
-13.600000 24.204291
-13.500000 24.081775
-13.400000 23.959570
-13.300000 23.837676
-13.200000 23.716093
-13.100000 23.594820
-13.000000 23.473859
-12.900000 23.353208
-12.800000 23.232868
-12.700000 23.112839
-12.600000 22.993121
-12.500000 22.873714
-12.400000 22.754617
-12.300000 22.635832
-12.200000 22.517357
-12.100000 22.399193
-12.000000 22.281340
-11.900000 22.163798
-11.800000 22.046567
-11.700000 21.929646
-11.600000 21.813037
-11.500000 21.696738
-11.400000 21.580750
-11.300000 21.465073
-11.200000 21.349707
-11.100000 21.234652
-11.000000 21.119908
-10.900000 21.005474
-10.800000 20.891352
-10.700000 20.777540
-10.600000 20.664039
-10.500000 20.550849
-10.400000 20.437969
-10.300000 20.325401
-10.200000 20.213144
-10.100000 20.101197
-10.000000 19.989561
-9.900000 19.878236
-9.800000 19.767222
-9.700000 19.656519
-9.600000 19.546126
-9.500000 19.436045
-9.400000 19.326274
-9.300000 19.216815
-9.200000 19.107666
-9.100000 18.998828
-9.000000 18.890300
-8.900000 18.782084
-8.800000 18.674178
-8.700000 18.566584
-8.600000 18.459300
-8.500000 18.352327
-8.400000 18.245665
-8.300000 18.139314
-8.200000 18.033274
-8.100000 17.927544
-8.000000 17.822125
-7.900000 17.717018
-7.800000 17.612221
-7.700000 17.507735
-7.600000 17.403560
-7.500000 17.299695
-7.400000 17.196142
-7.300000 17.092899
-7.200000 16.989967
-7.100000 16.887346
-7.000000 16.785036
-6.900000 16.683037
-6.800000 16.581349
-6.700000 16.479971
-6.600000 16.378905
-6.500000 16.278149
-6.400000 16.177704
-6.300000 16.077570
-6.200000 15.977747
-6.100000 15.878235
-6.000000 15.779033
-5.900000 15.680143
-5.800000 15.581563
-5.700000 15.483294
-5.600000 15.385336
-5.500000 15.287689
-5.400000 15.190353
-5.300000 15.093327
-5.200000 14.996613
-5.100000 14.900209
-5.000000 14.804116
-4.900000 14.708334
-4.800000 14.612863
-4.700000 14.517703
-4.600000 14.422853
-4.500000 14.328315
-4.400000 14.234087
-4.300000 14.140170
-4.200000 14.046564
-4.100000 13.953269
-4.000000 13.860285
-3.900000 13.767611
-3.800000 13.675249
-3.700000 13.583197
-3.600000 13.491456
-3.500000 13.400026
-3.400000 13.308907
-3.300000 13.218099
-3.200000 13.127601
-3.100000 13.037415
-3.000000 12.947539
-2.900000 12.857974
-2.800000 12.768720
-2.700000 12.679777
-2.600000 12.591145
-2.500000 12.502824
-2.400000 12.414813
-2.300000 12.327113
-2.200000 12.239725
-2.100000 12.152647
-2.000000 12.065879
-1.900000 11.979423
-1.800000 11.893278
-1.700000 11.807443
-1.600000 11.721920
-1.500000 11.636707
-1.400000 11.551805
-1.300000 11.467214
-1.200000 11.382934
-1.100000 11.298964
-1.000000 11.215306
-0.900000 11.131958
-0.800000 11.048921
-0.700000 10.966195
-0.600000 10.883780
-0.500000 10.801676
-0.400000 10.719883
-0.300000 10.638400
-0.200000 10.557228
-0.100000 10.476368
-0.000000 10.395818
0.100000 10.315579
0.200000 10.235650
0.300000 10.156033
0.400000 10.076727
0.500000 9.997731
0.600000 9.919046
0.700000 9.840672
0.800000 9.762609
0.900000 9.684857
1.000000 9.607416
1.100000 9.530285
1.200000 9.453466
1.300000 9.376957
1.400000 9.300759
1.500000 9.224872
1.600000 9.149296
1.700000 9.074030
1.800000 8.999076
1.900000 8.924432
2.000000 8.850100
2.100000 8.776078
2.200000 8.702367
2.300000 8.628966
2.400000 8.555877
2.500000 8.483099
2.600000 8.410631
2.700000 8.338474
2.800000 8.266628
2.900000 8.195093
3.000000 8.123869
3.100000 8.052956
3.200000 7.982354
3.300000 7.912062
3.400000 7.842081
3.500000 7.772411
3.600000 7.703052
3.700000 7.634004
3.800000 7.565267
3.900000 7.496840
4.000000 7.428725
4.100000 7.360920
4.200000 7.293426
4.300000 7.226243
4.400000 7.159371
4.500000 7.092810
4.600000 7.026559
4.700000 6.960620
4.800000 6.894991
4.900000 6.829673
5.000000 6.764666
5.100000 6.699970
5.200000 6.635585
5.300000 6.571511
5.400000 6.507747
5.500000 6.444294
5.600000 6.381152
5.700000 6.318321
5.800000 6.255801
5.900000 6.193592
6.000000 6.131694
6.100000 6.070106
6.200000 6.008829
6.300000 5.947864
6.400000 5.887209
6.500000 5.826865
6.600000 5.766831
6.700000 5.707109
6.800000 5.647697
6.900000 5.588597
7.000000 5.529807
7.100000 5.471328
7.200000 5.413160
7.300000 5.355303
7.400000 5.297756
7.500000 5.240521
7.600000 5.183596
7.700000 5.126982
7.800000 5.070679
7.900000 5.014687
8.000000 4.959006
8.100000 4.903636
8.200000 4.848576
8.300000 4.793827
8.400000 4.739390
8.500000 4.685263
8.600000 4.631447
8.700000 4.577941
8.800000 4.524747
8.900000 4.471864
9.000000 4.419291
9.100000 4.367029
9.200000 4.315078
9.300000 4.263438
9.400000 4.212109
9.500000 4.161091
9.600000 4.110383
9.700000 4.059986
9.800000 4.009901
9.900000 3.960126
10.000000 3.910662
10.100000 3.861508
10.200000 3.812666
10.300000 3.764135
10.400000 3.715914
10.500000 3.668004
10.600000 3.620405
10.700000 3.573117
10.800000 3.526140
10.900000 3.479474
11.000000 3.433118
11.100000 3.387074
11.200000 3.341340
11.300000 3.295917
11.400000 3.250805
11.500000 3.206004
11.600000 3.161514
11.700000 3.117334
11.800000 3.073466
11.900000 3.029908
12.000000 2.986661
12.100000 2.943725
12.200000 2.901100
12.300000 2.858785
12.400000 2.816782
12.500000 2.775089
12.600000 2.733708
12.700000 2.692637
12.800000 2.651877
12.900000 2.611428
13.000000 2.571289
13.100000 2.531462
13.200000 2.491945
13.300000 2.452740
13.400000 2.413845
13.500000 2.375261
13.600000 2.336988
13.700000 2.299025
13.800000 2.261374
13.900000 2.224033
14.000000 2.187004
14.100000 2.150285
14.200000 2.113877
14.300000 2.077780
14.400000 2.041993
14.500000 2.006518
14.600000 1.971353
14.700000 1.936500
14.800000 1.901957
14.900000 1.867725
15.000000 1.833804
15.100000 1.800194
15.200000 1.766894
15.300000 1.733906
15.400000 1.701228
15.500000 1.668861
15.600000 1.636805
15.700000 1.605060
15.800000 1.573626
15.900000 1.542502
16.000000 1.511690
16.100000 1.481188
16.200000 1.450997
16.300000 1.421117
16.400000 1.391548
16.500000 1.362290
16.600000 1.333343
16.700000 1.304706
16.800000 1.276381
16.900000 1.248366
17.000000 1.220662
17.100000 1.193269
17.200000 1.166186
17.300000 1.139415
17.400000 1.112955
17.500000 1.086805
17.600000 1.060966
17.700000 1.035438
17.800000 1.010221
17.900000 0.985315
18.000000 0.960720
18.100000 0.936435
18.200000 0.912461
18.300000 0.888799
18.400000 0.865447
18.500000 0.842406
18.600000 0.819675
18.700000 0.797256
18.800000 0.775148
18.900000 0.753350
19.000000 0.731863
19.100000 0.710687
19.200000 0.689822
19.300000 0.669268
19.400000 0.649025
19.500000 0.629092
19.600000 0.609471
19.700000 0.590160
19.800000 0.571160
19.900000 0.552471
20.000000 0.534093
20.100000 0.516025
20.200000 0.498269
20.300000 0.480823
20.400000 0.463689
20.500000 0.446865
20.600000 0.430352
20.700000 0.414150
20.800000 0.398258
20.900000 0.382678
21.000000 0.367408
21.100000 0.352449
21.200000 0.337802
21.300000 0.323465
21.400000 0.309438
21.500000 0.295723
21.600000 0.282319
21.700000 0.269225
21.800000 0.256442
21.900000 0.243971
22.000000 0.231809
22.100000 0.219959
22.200000 0.208420
22.300000 0.197192
22.400000 0.186274
22.500000 0.175667
22.600000 0.165371
22.700000 0.155386
22.800000 0.145712
22.900000 0.136349
23.000000 0.127297
23.100000 0.118555
23.200000 0.110124
23.300000 0.102005
23.400000 0.094196
23.500000 0.086697
23.600000 0.079510
23.700000 0.072634
23.800000 0.066068
23.900000 0.059814
24.000000 0.053870
24.100000 0.048237
24.200000 0.042915
24.300000 0.037903
24.400000 0.033203
24.500000 0.028813
24.600000 0.024735
24.700000 0.020967
24.800000 0.017510
24.900000 0.014364
25.000000 0.011529
25.100000 0.009004
25.200000 0.006791
25.300000 0.004888
25.400000 0.003296
25.500000 0.002015
25.600000 0.001045
25.700000 0.000386
25.800000 0.000038
25.900000 0.000000
26.000000 0.000273
26.100000 0.000858
26.200000 0.001753
26.300000 0.002959
26.400000 0.004475
26.500000 0.006303
26.600000 0.008441
26.700000 0.010891
26.800000 0.013651
26.900000 0.016722
27.000000 0.020104
27.100000 0.023797
27.200000 0.027800
27.300000 0.032115
27.400000 0.036740
27.500000 0.041677
27.600000 0.046924
27.700000 0.052482
27.800000 0.058350
27.900000 0.064530
28.000000 0.071020
28.100000 0.077822
28.200000 0.084934
28.300000 0.092357
28.400000 0.100091
28.500000 0.108136
28.600000 0.116492
28.700000 0.125158
28.800000 0.134136
28.900000 0.143424
29.000000 0.153023
29.100000 0.162933
29.200000 0.173154
29.300000 0.183685
29.400000 0.194528
29.500000 0.205681
29.600000 0.217146
29.700000 0.228921
29.800000 0.241007
29.900000 0.253403
30.000000 0.266111
30.100000 0.279130
30.200000 0.292459
30.300000 0.306099
30.400000 0.320050
30.500000 0.334312
30.600000 0.348885
30.700000 0.363769
30.800000 0.378964
30.900000 0.394469
31.000000 0.410285
31.100000 0.426412
31.200000 0.442850
31.300000 0.459599
31.400000 0.476659
31.500000 0.494030
31.600000 0.511711
31.700000 0.529703
31.800000 0.548006
31.900000 0.566620
32.000000 0.585545
32.100000 0.604781
32.200000 0.624328
32.300000 0.644185
32.400000 0.664353
32.500000 0.684832
32.600000 0.705623
32.700000 0.726723
32.800000 0.748135
32.900000 0.769858
33.000000 0.791891
33.100000 0.814235
33.200000 0.836891
33.300000 0.859857
33.400000 0.883134
33.500000 0.906721
33.600000 0.930620
33.700000 0.954829
33.800000 0.979350
33.900000 1.004181
34.000000 1.029323
34.100000 1.054776
34.200000 1.080540
34.300000 1.106614
34.400000 1.133000
34.500000 1.159696
34.600000 1.186703
34.700000 1.214021
34.800000 1.241650
34.900000 1.269590
35.000000 1.297841
35.100000 1.326402
35.200000 1.355274
35.300000 1.384458
35.400000 1.413952
35.500000 1.443757
35.600000 1.473872
35.700000 1.504299
35.800000 1.535036
35.900000 1.566085
36.000000 1.597444
36.100000 1.629114
36.200000 1.661095
36.300000 1.693387
36.400000 1.725989
36.500000 1.758903
36.600000 1.792127
36.700000 1.825663
36.800000 1.859509
36.900000 1.893666
37.000000 1.928133
37.100000 1.962912
37.200000 1.998002
37.300000 2.033402
37.400000 2.069113
37.500000 2.105135
37.600000 2.141468
37.700000 2.178112
37.800000 2.215067
37.900000 2.252332
38.000000 2.289909
38.100000 2.327796
38.200000 2.365994
38.300000 2.404503
38.400000 2.443323
38.500000 2.482453
38.600000 2.521895
38.700000 2.561647
38.800000 2.601711
38.900000 2.642085
39.000000 2.682770
39.100000 2.723766
39.200000 2.765072
39.300000 2.806690
39.400000 2.848618
39.500000 2.890857
39.600000 2.933408
39.700000 2.976269
39.800000 3.019440
39.900000 3.062923
40.000000 3.106717
40.100000 3.150821
40.200000 3.195236
40.300000 3.239963
40.400000 3.285000
40.500000 3.330347
40.600000 3.376006
40.700000 3.421976
40.800000 3.468256
40.900000 3.514847
41.000000 3.561750
41.100000 3.608963
41.200000 3.656486
41.300000 3.704321
41.400000 3.752467
41.500000 3.800923
41.600000 3.849690
41.700000 3.898769
41.800000 3.948158
41.900000 3.997858
42.000000 4.047868
42.100000 4.098190
42.200000 4.148822
42.300000 4.199766
42.400000 4.251020
42.500000 4.302585
42.600000 4.354461
42.700000 4.406647
42.800000 4.459145
42.900000 4.511954
43.000000 4.565073
43.100000 4.618503
43.200000 4.672244
43.300000 4.726296
43.400000 4.780659
43.500000 4.835332
43.600000 4.890317
43.700000 4.945612
43.800000 5.001218
43.900000 5.057135
44.000000 5.113363
44.100000 5.169902
44.200000 5.226752
44.300000 5.283912
44.400000 5.341384
44.500000 5.399166
44.600000 5.457259
44.700000 5.515663
44.800000 5.574378
44.900000 5.633403
45.000000 5.692740
45.100000 5.752387
45.200000 5.812345
45.300000 5.872614
45.400000 5.933194
45.500000 5.994085
45.600000 6.055287
45.700000 6.116799
45.800000 6.178623
45.900000 6.240757
46.000000 6.303202
46.100000 6.365958
46.200000 6.429025
46.300000 6.492402
46.400000 6.556091
46.500000 6.620090
46.600000 6.684400
46.700000 6.749022
46.800000 6.813954
46.900000 6.879196
47.000000 6.944750
47.100000 7.010615
47.200000 7.076790
47.300000 7.143276
47.400000 7.210073
47.500000 7.277181
47.600000 7.344600
47.700000 7.412330
47.800000 7.480370
47.900000 7.548722
48.000000 7.617384
48.100000 7.686357
48.200000 7.755641
48.300000 7.825236
48.400000 7.895142
48.500000 7.965358
48.600000 8.035886
48.700000 8.106724
48.800000 8.177873
48.900000 8.249333
49.000000 8.321104
49.100000 8.393185
49.200000 8.465578
49.300000 8.538281
49.400000 8.611296
49.500000 8.684621
49.600000 8.758257
49.700000 8.832204
49.800000 8.906461
49.900000 8.981030
50.000000 9.055909
50.100000 9.131100
50.200000 9.206601
50.300000 9.282413
50.400000 9.358536
50.500000 9.434970
50.600000 9.511714
50.700000 9.588770
50.800000 9.666136
50.900000 9.743813
51.000000 9.821801
51.100000 9.900100
51.200000 9.978710
51.300000 10.057630
51.400000 10.136862
51.500000 10.216404
51.600000 10.296257
51.700000 10.376421
51.800000 10.456896
51.900000 10.537682
52.000000 10.618779
52.100000 10.700186
52.200000 10.781904
52.300000 10.863933
52.400000 10.946274
52.500000 11.028924
52.600000 11.111886
52.700000 11.195159
52.800000 11.278742
52.900000 11.362637
53.000000 11.446842
53.100000 11.531358
53.200000 11.616185
53.300000 11.701323
53.400000 11.786771
53.500000 11.872531
53.600000 11.958601
53.700000 12.044982
53.800000 12.131674
53.900000 12.218677
54.000000 12.305991
54.100000 12.393616
54.200000 12.481551
54.300000 12.569798
54.400000 12.658355
54.500000 12.747223
54.600000 12.836402
54.700000 12.925892
54.800000 13.015692
54.900000 13.105804
55.000000 13.196226
55.100000 13.286959
55.200000 13.378003
55.300000 13.469358
55.400000 13.561024
55.500000 13.653001
55.600000 13.745288
55.700000 13.837887
55.800000 13.930796
55.900000 14.024016
56.000000 14.117547
56.100000 14.211389
56.200000 14.305542
56.300000 14.400005
56.400000 14.494779
56.500000 14.589865
56.600000 14.685261
56.700000 14.780968
56.800000 14.876986
56.900000 14.973314
57.000000 15.069954
57.100000 15.166904
57.200000 15.264165
57.300000 15.361738
57.400000 15.459621
57.500000 15.557814
57.600000 15.656319
57.700000 15.755135
57.800000 15.854261
57.900000 15.953698
58.000000 16.053447
58.100000 16.153505
58.200000 16.253875
58.300000 16.354556
58.400000 16.455548
58.500000 16.556850
58.600000 16.658463
58.700000 16.760387
58.800000 16.862622
58.900000 16.965168
59.000000 17.068025
59.100000 17.171193
59.200000 17.274671
59.300000 17.378460
59.400000 17.482561
59.500000 17.586972
59.600000 17.691693
59.700000 17.796726
59.800000 17.902070
59.900000 18.007724
60.000000 18.113689
60.100000 18.219966
60.200000 18.326553
60.300000 18.433451
60.400000 18.540659
60.500000 18.648179
60.600000 18.756009
60.700000 18.864151
60.800000 18.972603
60.900000 19.081366
61.000000 19.190440
61.100000 19.299825
61.200000 19.409520
61.300000 19.519527
61.400000 19.629844
61.500000 19.740472
61.600000 19.851411
61.700000 19.962661
61.800000 20.074222
61.900000 20.186093
62.000000 20.298276
62.100000 20.410769
62.200000 20.523573
62.300000 20.636689
62.400000 20.750114
62.500000 20.863851
62.600000 20.977899
62.700000 21.092257
62.800000 21.206927
62.900000 21.321907
63.000000 21.437198
63.100000 21.552800
63.200000 21.668713
63.300000 21.784936
63.400000 21.901471
63.500000 22.018316
63.600000 22.135472
63.700000 22.252940
63.800000 22.370717
63.900000 22.488806
64.000000 22.607206
64.100000 22.725916
64.200000 22.844938
64.300000 22.964270
64.400000 23.083913
64.500000 23.203867
64.600000 23.324132
64.700000 23.444708
64.800000 23.565594
64.900000 23.686791
65.000000 23.808300
65.100000 23.930119
65.200000 24.052249
65.300000 24.174690
65.400000 24.297441
65.500000 24.420504
65.600000 24.543877
65.700000 24.667561
65.800000 24.791557
65.900000 24.915863
66.000000 25.040479
66.100000 25.165407
66.200000 25.290646
66.300000 25.416195
66.400000 25.542055
66.500000 25.668226
66.600000 25.794708
66.700000 25.921501
66.800000 26.048605
66.900000 26.176019
67.000000 26.303745
67.100000 26.431781
67.200000 26.560128
67.300000 26.688786
67.400000 26.817755
67.500000 26.947035
67.600000 27.076625
67.700000 27.206527
67.800000 27.336739
67.900000 27.467262
68.000000 27.598096
68.100000 27.729241
68.200000 27.860697
68.300000 27.992463
68.400000 28.124541
68.500000 28.256929
68.600000 28.389628
68.700000 28.522638
68.800000 28.655959
68.900000 28.789591
69.000000 28.923534
69.100000 29.057787
69.200000 29.192351
69.300000 29.327226
69.400000 29.462413
69.500000 29.597909
69.600000 29.733717
69.700000 29.869836
69.800000 30.006265
69.900000 30.143006
70.000000 30.280057
70.100000 30.417419
70.200000 30.555092
70.300000 30.693075
70.400000 30.831370
70.500000 30.969975
70.600000 31.108892
70.700000 31.248119
70.800000 31.387657
70.900000 31.527506
71.000000 31.667666
71.100000 31.808136
71.200000 31.948918
71.300000 32.090010
71.400000 32.231413
71.500000 32.373127
71.600000 32.515152
71.700000 32.657488
71.800000 32.800135
71.900000 32.943092
72.000000 33.086361
72.100000 33.229940
72.200000 33.373830
72.300000 33.518031
72.400000 33.662543
72.500000 33.807365
72.600000 33.952499
72.700000 34.097943
72.800000 34.243698
72.900000 34.389764
73.000000 34.536141
73.100000 34.682829
73.200000 34.829828
73.300000 34.977137
73.400000 35.124758
73.500000 35.272689
73.600000 35.420931
73.700000 35.569484
73.800000 35.718348
73.900000 35.867522
74.000000 36.017008
74.100000 36.166804
74.200000 36.316912
74.300000 36.467330
74.400000 36.618059
74.500000 36.769099
74.600000 36.920449
74.700000 37.072111
74.800000 37.224083
74.900000 37.376366
75.000000 37.528961
75.100000 37.681865
75.200000 37.835081
75.300000 37.988608
75.400000 38.142446
75.500000 38.296594
75.600000 38.451053
75.700000 38.605823
75.800000 38.760904
75.900000 38.916296
76.000000 39.071999
76.100000 39.228012
76.200000 39.384337
76.300000 39.540972
76.400000 39.697918
76.500000 39.855175
76.600000 40.012743
76.700000 40.170622
76.800000 40.328811
76.900000 40.487312
77.000000 40.646123
77.100000 40.805245
77.200000 40.964678
77.300000 41.124422
77.400000 41.284477
77.500000 41.444842
77.600000 41.605519
77.700000 41.766506
77.800000 41.927804
77.900000 42.089413
78.000000 42.251333
78.100000 42.413564
78.200000 42.576106
78.300000 42.738958
78.400000 42.902121
78.500000 43.065596
78.600000 43.229381
78.700000 43.393476
78.800000 43.557883
78.900000 43.722601
79.000000 43.887629
79.100000 44.052969
79.200000 44.218619
79.300000 44.384580
79.400000 44.550852
79.500000 44.717434
79.600000 44.884328
79.700000 45.051533
79.800000 45.219048
79.900000 45.386874
80.000000 45.555011
80.100000 45.723459
80.200000 45.892218
80.300000 46.061287
80.400000 46.230668
80.500000 46.400359
80.600000 46.570361
80.700000 46.740675
80.800000 46.911298
80.900000 47.082233
81.000000 47.253479
81.100000 47.425035
81.200000 47.596903
81.300000 47.769081
81.400000 47.941570
81.500000 48.114370
81.600000 48.287481
81.700000 48.460902
81.800000 48.634635
81.900000 48.808678
82.000000 48.983032
82.100000 49.157698
82.200000 49.332674
82.300000 49.507960
82.400000 49.683558
82.500000 49.859466
82.600000 50.035686
82.700000 50.212216
82.800000 50.389057
82.900000 50.566209
83.000000 50.743672
83.100000 50.921446
83.200000 51.099530
83.300000 51.277926
83.400000 51.456632
83.500000 51.635649
83.600000 51.814977
83.700000 51.994616
83.800000 52.174565
83.900000 52.354826
84.000000 52.535397
84.100000 52.716280
84.200000 52.897473
84.300000 53.078977
84.400000 53.260792
84.500000 53.442917
84.600000 53.625354
84.700000 53.808101
84.800000 53.991159
84.900000 54.174529
85.000000 54.358209
85.100000 54.542199
85.200000 54.726501
85.300000 54.911114
85.400000 55.096037
85.500000 55.281271
85.600000 55.466817
85.700000 55.652672
85.800000 55.838839
85.900000 56.025317
86.000000 56.212106
86.100000 56.399205
86.200000 56.586615
86.300000 56.774337
86.400000 56.962369
86.500000 57.150711
86.600000 57.339365
86.700000 57.528330
86.800000 57.717605
86.900000 57.907191
87.000000 58.097089
87.100000 58.287297
87.200000 58.477816
87.300000 58.668645
87.400000 58.859786
87.500000 59.051237
87.600000 59.243000
87.700000 59.435073
87.800000 59.627457
87.900000 59.820152
88.000000 60.013157
88.100000 60.206474
88.200000 60.400102
88.300000 60.594040
88.400000 60.788289
88.500000 60.982849
88.600000 61.177720
88.700000 61.372902
88.800000 61.568394
88.900000 61.764198
89.000000 61.960312
89.100000 62.156737
89.200000 62.353473
89.300000 62.550520
89.400000 62.747878
89.500000 62.945547
89.600000 63.143526
89.700000 63.341817
89.800000 63.540418
89.900000 63.739330
90.000000 63.938553
90.100000 64.138087
90.200000 64.337931
90.300000 64.538087
90.400000 64.738553
90.500000 64.939330
90.600000 65.140418
90.700000 65.341817
90.800000 65.543527
90.900000 65.745548
91.000000 65.947879
91.100000 66.150522
91.200000 66.353475
91.300000 66.556739
91.400000 66.760314
91.500000 66.964200
91.600000 67.168396
91.700000 67.372904
91.800000 67.577722
91.900000 67.782851
92.000000 67.988292
92.100000 68.194043
92.200000 68.400104
92.300000 68.606477
92.400000 68.813161
92.500000 69.020155
92.600000 69.227460
92.700000 69.435076
92.800000 69.643003
92.900000 69.851241
93.000000 70.059790
93.100000 70.268649
93.200000 70.477820
93.300000 70.687301
93.400000 70.897093
93.500000 71.107196
93.600000 71.317610
93.700000 71.528335
93.800000 71.739370
93.900000 71.950717
94.000000 72.162374
94.100000 72.374342
94.200000 72.586621
94.300000 72.799211
94.400000 73.012112
94.500000 73.225323
94.600000 73.438846
94.700000 73.652679
94.800000 73.866823
94.900000 74.081278
95.000000 74.296044
95.100000 74.511121
95.200000 74.726508
95.300000 74.942207
95.400000 75.158216
95.500000 75.374536
95.600000 75.591167
95.700000 75.808109
95.800000 76.025362
95.900000 76.242925
96.000000 76.460800
96.100000 76.678985
96.200000 76.897481
96.300000 77.116288
96.400000 77.335406
96.500000 77.554835
96.600000 77.774574
96.700000 77.994625
96.800000 78.214986
96.900000 78.435658
97.000000 78.656641
97.100000 78.877935
97.200000 79.099540
97.300000 79.321456
97.400000 79.543682
97.500000 79.766219
97.600000 79.989068
97.700000 80.212227
97.800000 80.435697
97.900000 80.659477
98.000000 80.883569
98.100000 81.107971
98.200000 81.332685
98.300000 81.557709
98.400000 81.783044
98.500000 82.008690
98.600000 82.234647
98.700000 82.460914
98.800000 82.687493
98.900000 82.914382
99.000000 83.141582
99.100000 83.369093
99.200000 83.596915
99.300000 83.825048
99.400000 84.053492
99.500000 84.282246
99.600000 84.511312
99.700000 84.740688
99.800000 84.970375
99.900000 85.200373
100.000000 85.430682
100.100000 85.661301
100.200000 85.892232
100.300000 86.123473
100.400000 86.355025
100.500000 86.586888
100.600000 86.819062
100.700000 87.051547
100.800000 87.284343
100.900000 87.517449
101.000000 87.750867
101.100000 87.984595
101.200000 88.218634
101.300000 88.452984
101.400000 88.687645
101.500000 88.922617
101.600000 89.157899
101.700000 89.393493
101.800000 89.629397
101.900000 89.865612
102.000000 90.102138
102.100000 90.338975
102.200000 90.576122
102.300000 90.813581
102.400000 91.051350
102.500000 91.289431
102.600000 91.527822
102.700000 91.766524
102.800000 92.005537
102.900000 92.244860
103.000000 92.484495
103.100000 92.724440
103.200000 92.964696
103.300000 93.205264
103.400000 93.446142
103.500000 93.687330
103.600000 93.928830
103.700000 94.170641
103.800000 94.412762
103.900000 94.655194
104.000000 94.897938
104.100000 95.140992
104.200000 95.384356
104.300000 95.628032
104.400000 95.872019
104.500000 96.116316
104.600000 96.360925
104.700000 96.605844
104.800000 96.851074
104.900000 97.096615
105.000000 97.342466
105.100000 97.588629
105.200000 97.835102
105.300000 98.081887
105.400000 98.328982
105.500000 98.576388
105.600000 98.824105
105.700000 99.072132
105.800000 99.320471
105.900000 99.569121
106.000000 99.818081
106.100000 100.067352
106.200000 100.316934
106.300000 100.566827
106.400000 100.817031
106.500000 101.067545
106.600000 101.318371
106.700000 101.569507
106.800000 101.820954
106.900000 102.072712
107.000000 102.324781
107.100000 102.577161
107.200000 102.829852
107.300000 103.082853
107.400000 103.336165
107.500000 103.589789
107.600000 103.843723
107.700000 104.097968
107.800000 104.352523
107.900000 104.607390
108.000000 104.862568
108.100000 105.118056
108.200000 105.373855
108.300000 105.629965
108.400000 105.886386
108.500000 106.143118
108.600000 106.400161
108.700000 106.657514
108.800000 106.915178
108.900000 107.173154
109.000000 107.431440
109.100000 107.690037
109.200000 107.948944
109.300000 108.208163
109.400000 108.467693
109.500000 108.727533
109.600000 108.987684
109.700000 109.248146
109.800000 109.508919
109.900000 109.770003
110.000000 110.031398
110.100000 110.293103
110.200000 110.555120
110.300000 110.817447
110.400000 111.080085
110.500000 111.343034
110.600000 111.606294
110.700000 111.869864
110.800000 112.133746
110.900000 112.397938
111.000000 112.662442
111.100000 112.927256
111.200000 113.192381
111.300000 113.457817
111.400000 113.723563
111.500000 113.989621
111.600000 114.255989
111.700000 114.522668
111.800000 114.789659
111.900000 115.056960
112.000000 115.324571
112.100000 115.592494
112.200000 115.860728
112.300000 116.129272
112.400000 116.398127
112.500000 116.667293
112.600000 116.936770
112.700000 117.206558
112.800000 117.476657
112.900000 117.747067
113.000000 118.017787
113.100000 118.288818
113.200000 118.560160
113.300000 118.831813
113.400000 119.103777
113.500000 119.376052
113.600000 119.648638
113.700000 119.921534
113.800000 120.194741
113.900000 120.468260
114.000000 120.742089
114.100000 121.016228
114.200000 121.290679
114.300000 121.565441
114.400000 121.840513
114.500000 122.115897
114.600000 122.391591
114.700000 122.667596
114.800000 122.943912
114.900000 123.220538
115.000000 123.497476
115.100000 123.774724
115.200000 124.052284
115.300000 124.330154
115.400000 124.608335
115.500000 124.886827
115.600000 125.165630
115.700000 125.444743
115.800000 125.724168
115.900000 126.003903
116.000000 126.283949
116.100000 126.564306
116.200000 126.844974
116.300000 127.125953
116.400000 127.407243
116.500000 127.688843
116.600000 127.970754
116.700000 128.252977
116.800000 128.535510
116.900000 128.818354
117.000000 129.101508
117.100000 129.384974
117.200000 129.668751
117.300000 129.952838
117.400000 130.237236
117.500000 130.521945
117.600000 130.806965
117.700000 131.092296
117.800000 131.377938
117.900000 131.663890
118.000000 131.950153
118.100000 132.236728
118.200000 132.523613
118.300000 132.810809
118.400000 133.098315
118.500000 133.386133
118.600000 133.674262
118.700000 133.962701
118.800000 134.251451
118.900000 134.540512
119.000000 134.829884
119.100000 135.119567
119.200000 135.409561
119.300000 135.699865
119.400000 135.990481
119.500000 136.281407
119.600000 136.572644
119.700000 136.864192
119.800000 137.156051
119.900000 137.448220
120.000000 137.740701
120.100000 138.033492
120.200000 138.326595
120.300000 138.620008
120.400000 138.913732
120.500000 139.207767
120.600000 139.502112
120.700000 139.796769
120.800000 140.091736
120.900000 140.387015
121.000000 140.682604
121.100000 140.978504
121.200000 141.274714
121.300000 141.571236
121.400000 141.868069
121.500000 142.165212
121.600000 142.462666
121.700000 142.760432
121.800000 143.058508
121.900000 143.356894
122.000000 143.655592
122.100000 143.954601
122.200000 144.253920
122.300000 144.553550
122.400000 144.853492
122.500000 145.153744
122.600000 145.454306
122.700000 145.755180
122.800000 146.056365
122.900000 146.357860
123.000000 146.659667
123.100000 146.961784
123.200000 147.264212
123.300000 147.566951
123.400000 147.870000
123.500000 148.173361
123.600000 148.477032
123.700000 148.781015
123.800000 149.085308
123.900000 149.389912
124.000000 149.694827
124.100000 150.000053
124.200000 150.305589
124.300000 150.611437
124.400000 150.917595
124.500000 151.224064
124.600000 151.530844
124.700000 151.837935
124.800000 152.145337
124.900000 152.453049
125.000000 152.761073
125.100000 153.069407
125.200000 153.378052
125.300000 153.687008
125.400000 153.996275
125.500000 154.305853
125.600000 154.615742
125.700000 154.925941
125.800000 155.236452
125.900000 155.547273
126.000000 155.858405
126.100000 156.169848
126.200000 156.481602
126.300000 156.793666
126.400000 157.106042
126.500000 157.418728
126.600000 157.731725
126.700000 158.045033
126.800000 158.358652
126.900000 158.672582
127.000000 158.986823
127.100000 159.301374
127.200000 159.616237
127.300000 159.931410
127.400000 160.246894
127.500000 160.562689
127.600000 160.878795
127.700000 161.195211
127.800000 161.511939
127.900000 161.828977
128.000000 162.146326
128.100000 162.463987
128.200000 162.781958
128.300000 163.100239
128.400000 163.418832
128.500000 163.737736
128.600000 164.056950
128.700000 164.376475
128.800000 164.696311
128.900000 165.016458
129.000000 165.336916
129.100000 165.657685
129.200000 165.978764
129.300000 166.300155
129.400000 166.621856
129.500000 166.943868
129.600000 167.266191
129.700000 167.588825
129.800000 167.911770
129.900000 168.235025
130.000000 168.558592
130.100000 168.882469
130.200000 169.206657
130.300000 169.531156
130.400000 169.855966
130.500000 170.181086
130.600000 170.506518
130.700000 170.832260
130.800000 171.158314
130.900000 171.484678
131.000000 171.811353
131.100000 172.138339
131.200000 172.465635
131.300000 172.793243
131.400000 173.121161
131.500000 173.449391
131.600000 173.777931
131.700000 174.106782
131.800000 174.435944
131.900000 174.765417
132.000000 175.095200
132.100000 175.425295
132.200000 175.755700
132.300000 176.086416
132.400000 176.417443
132.500000 176.748781
132.600000 177.080430
132.700000 177.412389
132.800000 177.744660
132.900000 178.077241
133.000000 178.410133
133.100000 178.743336
133.200000 179.076850
133.300000 179.410675
133.400000 179.744810
133.500000 180.079257
133.600000 180.414014
133.700000 180.749082
133.800000 181.084462
133.900000 181.420151
134.000000 181.756152
134.100000 182.092464
134.200000 182.429086
134.300000 182.766020
134.400000 183.103264
134.500000 183.440819
134.600000 183.778685
134.700000 184.116862
134.800000 184.455349
134.900000 184.794148
135.000000 185.133257
135.100000 185.472677
135.200000 185.812408
135.300000 186.152450
135.400000 186.492803
135.500000 186.833467
135.600000 187.174441
135.700000 187.515726
135.800000 187.857323
135.900000 188.199230
136.000000 188.541448
136.100000 188.883977
136.200000 189.226816
136.300000 189.569967
136.400000 189.913428
136.500000 190.257200
136.600000 190.601283
136.700000 190.945677
136.800000 191.290382
136.900000 191.635398
137.000000 191.980724
137.100000 192.326362
137.200000 192.672310
137.300000 193.018569
137.400000 193.365139
137.500000 193.712020
137.600000 194.059211
137.700000 194.406714
137.800000 194.754527
137.900000 195.102652
138.000000 195.451087
138.100000 195.799833
138.200000 196.148890
138.300000 196.498257
138.400000 196.847936
138.500000 197.197925
138.600000 197.548225
138.700000 197.898837
138.800000 198.249759
138.900000 198.600991
139.000000 198.952535
139.100000 199.304390
139.200000 199.656555
139.300000 200.009031
139.400000 200.361818
139.500000 200.714916
139.600000 201.068325
139.700000 201.422045
139.800000 201.776076
139.900000 202.130417
140.000000 202.485069
140.100000 202.840032
140.200000 203.195306
140.300000 203.550891
140.400000 203.906787
140.500000 204.262994
140.600000 204.619511
140.700000 204.976339
140.800000 205.333478
140.900000 205.690928
141.000000 206.048689
141.100000 206.406761
141.200000 206.765144
141.300000 207.123837
141.400000 207.482841
141.500000 207.842157
141.600000 208.201783
141.700000 208.561719
141.800000 208.921967
141.900000 209.282526
142.000000 209.643395
142.100000 210.004576
142.200000 210.366067
142.300000 210.727869
142.400000 211.089982
142.500000 211.452405
142.600000 211.815140
142.700000 212.178186
142.800000 212.541542
142.900000 212.905209
143.000000 213.269187
143.100000 213.633476
143.200000 213.998076
143.300000 214.362986
143.400000 214.728208
143.500000 215.093740
143.600000 215.459583
143.700000 215.825737
143.800000 216.192202
143.900000 216.558978
144.000000 216.926065
144.100000 217.293462
144.200000 217.661171
144.300000 218.029190
144.400000 218.397520
144.500000 218.766161
144.600000 219.135113
144.700000 219.504375
144.800000 219.873949
144.900000 220.243833
145.000000 220.614028
145.100000 220.984534
145.200000 221.355351
145.300000 221.726479
145.400000 222.097918
145.500000 222.469667
145.600000 222.841728
145.700000 223.214099
145.800000 223.586781
145.900000 223.959774
146.000000 224.333078
146.100000 224.706692
146.200000 225.080618
146.300000 225.454854
146.400000 225.829402
146.500000 226.204260
146.600000 226.579429
146.700000 226.954908
146.800000 227.330699
146.900000 227.706801
147.000000 228.083213
147.100000 228.459936
147.200000 228.836970
147.300000 229.214315
147.400000 229.591971
147.500000 229.969938
147.600000 230.348215
147.700000 230.726804
147.800000 231.105703
147.900000 231.484913
148.000000 231.864434
148.100000 232.244266
148.200000 232.624409
148.300000 233.004862
148.400000 233.385627
148.500000 233.766702
148.600000 234.148088
148.700000 234.529785
148.800000 234.911793
148.900000 235.294112
149.000000 235.676741
149.100000 236.059682
149.200000 236.442933
149.300000 236.826495
149.400000 237.210368
149.500000 237.594552
149.600000 237.979047
149.700000 238.363852
149.800000 238.748969
149.900000 239.134396
150.000000 239.520134
150.100000 239.906183
150.200000 240.292543
150.300000 240.679214
150.400000 241.066195
150.500000 241.453488
150.600000 241.841091
150.700000 242.229005
150.800000 242.617230
150.900000 243.005766
151.000000 243.394613
151.100000 243.783771
151.200000 244.173239
151.300000 244.563018
151.400000 244.953109
151.500000 245.343510
151.600000 245.734222
151.700000 246.125244
151.800000 246.516578
151.900000 246.908222
152.000000 247.300178
152.100000 247.692444
152.200000 248.085021
152.300000 248.477909
152.400000 248.871108
152.500000 249.264617
152.600000 249.658438
152.700000 250.052569
152.800000 250.447011
152.900000 250.841764
153.000000 251.236828
153.100000 251.632203
153.200000 252.027889
153.300000 252.423885
153.400000 252.820192
153.500000 253.216811
153.600000 253.613740
153.700000 254.010980
153.800000 254.408530
153.900000 254.806392
154.000000 255.204565
154.100000 255.603048
154.200000 256.001842
154.300000 256.400947
154.400000 256.800363
154.500000 257.200090
154.600000 257.600128
154.700000 258.000476
154.800000 258.401136
154.900000 258.802106
155.000000 259.203387
155.100000 259.604979
155.200000 260.006882
155.300000 260.409095
155.400000 260.811620
155.500000 261.214455
155.600000 261.617601
155.700000 262.021059
155.800000 262.424827
155.900000 262.828905
156.000000 263.233295
156.100000 263.637996
156.200000 264.043007
156.300000 264.448329
156.400000 264.853962
156.500000 265.259906
156.600000 265.666161
156.700000 266.072727
156.800000 266.479603
156.900000 266.886791
157.000000 267.294289
157.100000 267.702098
157.200000 268.110218
157.300000 268.518649
157.400000 268.927391
157.500000 269.336443
157.600000 269.745807
157.700000 270.155481
157.800000 270.565466
157.900000 270.975762
158.000000 271.386369
158.100000 271.797287
158.200000 272.208515
158.300000 272.620055
158.400000 273.031905
158.500000 273.444066
158.600000 273.856538
158.700000 274.269321
158.800000 274.682415
158.900000 275.095819
159.000000 275.509535
159.100000 275.923561
159.200000 276.337898
159.300000 276.752546
159.400000 277.167505
159.500000 277.582775
159.600000 277.998355
159.700000 278.414247
159.800000 278.830449
159.900000 279.246962
160.000000 279.663786
160.100000 280.080921
160.200000 280.498367
160.300000 280.916124
160.400000 281.334191
160.500000 281.752569
160.600000 282.171259
160.700000 282.590259
160.800000 283.009570
160.900000 283.429191
161.000000 283.849124
161.100000 284.269367
161.200000 284.689922
161.300000 285.110787
161.400000 285.531963
161.500000 285.953450
161.600000 286.375248
161.700000 286.797356
161.800000 287.219776
161.900000 287.642506
162.000000 288.065547
162.100000 288.488899
162.200000 288.912562
162.300000 289.336536
162.400000 289.760821
162.500000 290.185416
162.600000 290.610323
162.700000 291.035540
162.800000 291.461068
162.900000 291.886907
163.000000 292.313057
163.100000 292.739517
163.200000 293.166289
163.300000 293.593371
163.400000 294.020764
163.500000 294.448468
163.600000 294.876483
163.700000 295.304809
163.800000 295.733446
163.900000 296.162393
164.000000 296.591652
164.100000 297.021221
164.200000 297.451101
164.300000 297.881292
164.400000 298.311794
164.500000 298.742606
164.600000 299.173730
164.700000 299.605164
164.800000 300.036910
164.900000 300.468966
165.000000 300.901333
165.100000 301.334011
165.200000 301.766999
165.300000 302.200299
165.400000 302.633909
165.500000 303.067830
165.600000 303.502063
165.700000 303.936605
165.800000 304.371459
165.900000 304.806624
166.000000 305.242100
166.100000 305.677886
166.200000 306.113983
166.300000 306.550391
166.400000 306.987110
166.500000 307.424140
166.600000 307.861481
166.700000 308.299132
166.800000 308.737095
166.900000 309.175368
167.000000 309.613952
167.100000 310.052847
167.200000 310.492053
167.300000 310.931570
167.400000 311.371397
167.500000 311.811536
167.600000 312.251985
167.700000 312.692745
167.800000 313.133816
167.900000 313.575198
168.000000 314.016891
168.100000 314.458895
168.200000 314.901209
168.300000 315.343834
168.400000 315.786770
168.500000 316.230017
168.600000 316.673575
168.700000 317.117444
168.800000 317.561624
168.900000 318.006114
169.000000 318.450915
169.100000 318.896028
169.200000 319.341451
169.300000 319.787185
169.400000 320.233229
169.500000 320.679585
169.600000 321.126251
169.700000 321.573229
169.800000 322.020517
169.900000 322.468116
170.000000 322.916026
170.100000 323.364247
170.200000 323.812778
170.300000 324.261621
170.400000 324.710774
170.500000 325.160238
170.600000 325.610013
170.700000 326.060099
170.800000 326.510496
170.900000 326.961204
171.000000 327.412222
171.100000 327.863551
171.200000 328.315192
171.300000 328.767143
171.400000 329.219405
171.500000 329.671977
171.600000 330.124861
171.700000 330.578055
171.800000 331.031561
171.900000 331.485377
172.000000 331.939504
172.100000 332.393942
172.200000 332.848691
172.300000 333.303751
172.400000 333.759121
172.500000 334.214802
172.600000 334.670795
172.700000 335.127098
172.800000 335.583712
172.900000 336.040636
173.000000 336.497872
173.100000 336.955419
173.200000 337.413276
173.300000 337.871444
173.400000 338.329923
173.500000 338.788713
173.600000 339.247814
173.700000 339.707226
173.800000 340.166948
173.900000 340.626982
174.000000 341.087326
174.100000 341.547981
174.200000 342.008947
174.300000 342.470224
174.400000 342.931812
174.500000 343.393710
174.600000 343.855919
174.700000 344.318440
174.800000 344.781271
174.900000 345.244413
175.000000 345.707866
175.100000 346.171629
175.200000 346.635704
175.300000 347.100089
175.400000 347.564786
175.500000 348.029793
175.600000 348.495111
175.700000 348.960740
175.800000 349.426679
175.900000 349.892930
176.000000 350.359491
176.100000 350.826364
176.200000 351.293547
176.300000 351.761041
176.400000 352.228846
176.500000 352.696961
176.600000 353.165388
176.700000 353.634125
176.800000 354.103174
176.900000 354.572533
177.000000 355.042203
177.100000 355.512184
177.200000 355.982475
177.300000 356.453078
177.400000 356.923991
177.500000 357.395216
177.600000 357.866751
177.700000 358.338597
177.800000 358.810754
177.900000 359.283221
178.000000 359.756000
178.100000 360.229090
178.200000 360.702490
178.300000 361.176201
178.400000 361.650223
178.500000 362.124556
178.600000 362.599200
178.700000 363.074154
178.800000 363.549420
178.900000 364.024996
179.000000 364.500883
179.100000 364.977081
179.200000 365.453590
179.300000 365.930410
179.400000 366.407541
179.500000 366.884982
179.600000 367.362734
179.700000 367.840798
179.800000 368.319172
179.900000 368.797857
180.000000 369.276852
