-180.000000 0.000000
-179.900000 0.000036
-179.800000 0.000145
-179.700000 0.000327
-179.600000 0.000581
-179.500000 0.000909
-179.400000 0.001308
-179.300000 0.001781
-179.200000 0.002326
-179.100000 0.002944
-179.000000 0.003634
-178.900000 0.004398
-178.800000 0.005233
-178.700000 0.006142
-178.600000 0.007123
-178.500000 0.008177
-178.400000 0.009304
-178.300000 0.010503
-178.200000 0.011775
-178.100000 0.013120
-178.000000 0.014537
-177.900000 0.016028
-177.800000 0.017590
-177.700000 0.019226
-177.600000 0.020934
-177.500000 0.022715
-177.400000 0.024568
-177.300000 0.026494
-177.200000 0.028493
-177.100000 0.030565
-177.000000 0.032709
-176.900000 0.034926
-176.800000 0.037216
-176.700000 0.039578
-176.600000 0.042013
-176.500000 0.044521
-176.400000 0.047101
-176.300000 0.049754
-176.200000 0.052480
-176.100000 0.055279
-176.000000 0.058150
-175.900000 0.061094
-175.800000 0.064110
-175.700000 0.067199
-175.600000 0.070361
-175.500000 0.073596
-175.400000 0.076903
-175.300000 0.080283
-175.200000 0.083736
-175.100000 0.087261
-175.000000 0.090859
-174.900000 0.094530
-174.800000 0.098273
-174.700000 0.102089
-174.600000 0.105978
-174.500000 0.109939
-174.400000 0.113974
-174.300000 0.118080
-174.200000 0.122260
-174.100000 0.126512
-174.000000 0.130837
-173.900000 0.135235
-173.800000 0.139705
-173.700000 0.144248
-173.600000 0.148863
-173.500000 0.153552
-173.400000 0.158313
-173.300000 0.163146
-173.200000 0.168053
-173.100000 0.173032
-173.000000 0.178084
-172.900000 0.183208
-172.800000 0.188405
-172.700000 0.193675
-172.600000 0.199018
-172.500000 0.204433
-172.400000 0.209921
-172.300000 0.215481
-172.200000 0.221115
-172.100000 0.226820
-172.000000 0.232599
-171.900000 0.238450
-171.800000 0.244374
-171.700000 0.250371
-171.600000 0.256441
-171.500000 0.262583
-171.400000 0.268797
-171.300000 0.275085
-171.200000 0.281445
-171.100000 0.287878
-171.000000 0.294383
-170.900000 0.300961
-170.800000 0.307612
-170.700000 0.314336
-170.600000 0.321132
-170.500000 0.328001
-170.400000 0.334943
-170.300000 0.341957
-170.200000 0.349044
-170.100000 0.356204
-170.000000 0.363436
-169.900000 0.370741
-169.800000 0.378119
-169.700000 0.385569
-169.600000 0.393093
-169.500000 0.400688
-169.400000 0.408357
-169.300000 0.416098
-169.200000 0.423912
-169.100000 0.431798
-169.000000 0.439758
-168.900000 0.447790
-168.800000 0.455894
-168.700000 0.464072
-168.600000 0.472322
-168.500000 0.480644
-168.400000 0.489040
-168.300000 0.497508
-168.200000 0.506048
-168.100000 0.514662
-168.000000 0.523348
-167.900000 0.532107
-167.800000 0.540938
-167.700000 0.549843
-167.600000 0.558819
-167.500000 0.567869
-167.400000 0.576991
-167.300000 0.586186
-167.200000 0.595454
-167.100000 0.604794
-167.000000 0.614207
-166.900000 0.623693
-166.800000 0.633251
-166.700000 0.642882
-166.600000 0.652586
-166.500000 0.662362
-166.400000 0.672211
-166.300000 0.682133
-166.200000 0.692128
-166.100000 0.702195
-166.000000 0.712335
-165.900000 0.722547
-165.800000 0.732833
-165.700000 0.743191
-165.600000 0.753621
-165.500000 0.764124
-165.400000 0.774700
-165.300000 0.785349
-165.200000 0.796071
-165.100000 0.806865
-165.000000 0.817731
-164.900000 0.828671
-164.800000 0.839683
-164.700000 0.850768
-164.600000 0.861925
-164.500000 0.873155
-164.400000 0.884458
-164.300000 0.895834
-164.200000 0.907282
-164.100000 0.918803
-164.000000 0.930397
-163.900000 0.942063
-163.800000 0.953802
-163.700000 0.965613
-163.600000 0.977498
-163.500000 0.989455
-163.400000 1.001485
-163.300000 1.013587
-163.200000 1.025762
-163.100000 1.038010
-163.000000 1.050330
-162.900000 1.062724
-162.800000 1.075189
-162.700000 1.087728
-162.600000 1.100339
-162.500000 1.113023
-162.400000 1.125780
-162.300000 1.138609
-162.200000 1.151511
-162.100000 1.164486
-162.000000 1.177533
-161.900000 1.190653
-161.800000 1.203846
-161.700000 1.217111
-161.600000 1.230449
-161.500000 1.243860
-161.400000 1.257344
-161.300000 1.270900
-161.200000 1.284529
-161.100000 1.298230
-161.000000 1.312004
-160.900000 1.325851
-160.800000 1.339771
-160.700000 1.353763
-160.600000 1.367828
-160.500000 1.381966
-160.400000 1.396176
-160.300000 1.410459
-160.200000 1.424815
-160.100000 1.439243
-160.000000 1.453745
-159.900000 1.468318
-159.800000 1.482965
-159.700000 1.497684
-159.600000 1.512476
-159.500000 1.527340
-159.400000 1.542278
-159.300000 1.557288
-159.200000 1.572370
-159.100000 1.587525
-159.000000 1.602753
-158.900000 1.618054
-158.800000 1.633427
-158.700000 1.648873
-158.600000 1.664392
-158.500000 1.679984
-158.400000 1.695648
-158.300000 1.711384
-158.200000 1.727194
-158.100000 1.743076
-158.000000 1.759031
-157.900000 1.775058
-157.800000 1.791159
-157.700000 1.807332
-157.600000 1.823577
-157.500000 1.839895
-157.400000 1.856286
-157.300000 1.872750
-157.200000 1.889286
-157.100000 1.905895
-157.000000 1.922577
-156.900000 1.939332
-156.800000 1.956159
-156.700000 1.973058
-156.600000 1.990031
-156.500000 2.007076
-156.400000 2.024194
-156.300000 2.041384
-156.200000 2.058648
-156.100000 2.075984
-156.000000 2.093392
-155.900000 2.110873
-155.800000 2.128427
-155.700000 2.146054
-155.600000 2.163753
-155.500000 2.181525
-155.400000 2.199370
-155.300000 2.217288
-155.200000 2.235278
-155.100000 2.253340
-155.000000 2.271476
-154.900000 2.289684
-154.800000 2.307965
-154.700000 2.326318
-154.600000 2.344745
-154.500000 2.363244
-154.400000 2.381815
-154.300000 2.400459
-154.200000 2.419176
-154.100000 2.437966
-154.000000 2.456828
-153.900000 2.475763
-153.800000 2.494771
-153.700000 2.513851
-153.600000 2.533005
-153.500000 2.552230
-153.400000 2.571529
-153.300000 2.590900
-153.200000 2.610344
-153.100000 2.629860
-153.000000 2.649449
-152.900000 2.669111
-152.800000 2.688846
-152.700000 2.708653
-152.600000 2.728533
-152.500000 2.748486
-152.400000 2.768511
-152.300000 2.788609
-152.200000 2.808780
-152.100000 2.829023
-152.000000 2.849339
-151.900000 2.869728
-151.800000 2.890190
-151.700000 2.910724
-151.600000 2.931331
-151.500000 2.952010
-151.400000 2.972762
-151.300000 2.993587
-151.200000 3.014485
-151.100000 3.035455
-151.000000 3.056498
-150.900000 3.077614
-150.800000 3.098802
-150.700000 3.120063
-150.600000 3.141397
-150.500000 3.162803
-150.400000 3.184282
-150.300000 3.205834
-150.200000 3.227458
-150.100000 3.249155
-150.000000 3.270925
-149.900000 3.292768
-149.800000 3.314683
-149.700000 3.336671
-149.600000 3.358731
-149.500000 3.380865
-149.400000 3.403071
-149.300000 3.425349
-149.200000 3.447701
-149.100000 3.470125
-149.000000 3.492621
-148.900000 3.515191
-148.800000 3.537833
-148.700000 3.560548
-148.600000 3.583335
-148.500000 3.606195
-148.400000 3.629128
-148.300000 3.652133
-148.200000 3.675212
-148.100000 3.698363
-148.000000 3.721586
-147.900000 3.744882
-147.800000 3.768251
-147.700000 3.791693
-147.600000 3.815207
-147.500000 3.838794
-147.400000 3.862454
-147.300000 3.886186
-147.200000 3.909991
-147.100000 3.933869
-147.000000 3.957820
-146.900000 3.981843
-146.800000 4.005939
-146.700000 4.030107
-146.600000 4.054348
-146.500000 4.078662
-146.400000 4.103049
-146.300000 4.127508
-146.200000 4.152040
-146.100000 4.176645
-146.000000 4.201322
-145.900000 4.226072
-145.800000 4.250895
-145.700000 4.275790
-145.600000 4.300758
-145.500000 4.325799
-145.400000 4.350912
-145.300000 4.376098
-145.200000 4.401357
-145.100000 4.426689
-145.000000 4.452093
-144.900000 4.477570
-144.800000 4.503119
-144.700000 4.528741
-144.600000 4.554436
-144.500000 4.580204
-144.400000 4.606044
-144.300000 4.631957
-144.200000 4.657943
-144.100000 4.684001
-144.000000 4.710132
-143.900000 4.736336
-143.800000 4.762613
-143.700000 4.788962
-143.600000 4.815384
-143.500000 4.841878
-143.400000 4.868445
-143.300000 4.895085
-143.200000 4.921798
-143.100000 4.948583
-143.000000 4.975441
-142.900000 5.002371
-142.800000 5.029375
-142.700000 5.056451
-142.600000 5.083599
-142.500000 5.110821
-142.400000 5.138115
-142.300000 5.165482
-142.200000 5.192921
-142.100000 5.220433
-142.000000 5.248018
-141.900000 5.275675
-141.800000 5.303406
-141.700000 5.331208
-141.600000 5.359084
-141.500000 5.387032
-141.400000 5.415053
-141.300000 5.443147
-141.200000 5.471313
-141.100000 5.499552
-141.000000 5.527864
-140.900000 5.556248
-140.800000 5.584705
-140.700000 5.613235
-140.600000 5.641837
-140.500000 5.670512
-140.400000 5.699260
-140.300000 5.728081
-140.200000 5.756974
-140.100000 5.785940
-140.000000 5.814978
-139.900000 5.844090
-139.800000 5.873273
-139.700000 5.902530
-139.600000 5.931859
-139.500000 5.961261
-139.400000 5.990736
-139.300000 6.020283
-139.200000 6.049903
-139.100000 6.079596
-139.000000 6.109362
-138.900000 6.139200
-138.800000 6.169110
-138.700000 6.199094
-138.600000 6.229150
-138.500000 6.259279
-138.400000 6.289481
-138.300000 6.319755
-138.200000 6.350102
-138.100000 6.380521
-138.000000 6.411014
-137.900000 6.441579
-137.800000 6.472216
-137.700000 6.502927
-137.600000 6.533710
-137.500000 6.564565
-137.400000 6.595494
-137.300000 6.626495
-137.200000 6.657569
-137.100000 6.688715
-137.000000 6.719934
-136.900000 6.751226
-136.800000 6.782591
-136.700000 6.814028
-136.600000 6.845538
-136.500000 6.877120
-136.400000 6.908776
-136.300000 6.940504
-136.200000 6.972304
-136.100000 7.004178
-136.000000 7.036124
-135.900000 7.068142
-135.800000 7.100234
-135.700000 7.132398
-135.600000 7.164635
-135.500000 7.196944
-135.400000 7.229326
-135.300000 7.261781
-135.200000 7.294309
-135.100000 7.326909
-135.000000 7.359582
-134.900000 7.392328
-134.800000 7.425146
-134.700000 7.458037
-134.600000 7.491000
-134.500000 7.524037
-134.400000 7.557146
-134.300000 7.590328
-134.200000 7.623582
-134.100000 7.656909
-134.000000 7.690309
-133.900000 7.723781
-133.800000 7.757326
-133.700000 7.790944
-133.600000 7.824635
-133.500000 7.858398
-133.400000 7.892234
-133.300000 7.926143
-133.200000 7.960124
-133.100000 7.994178
-133.000000 8.028304
-132.900000 8.062504
-132.800000 8.096776
-132.700000 8.131121
-132.600000 8.165538
-132.500000 8.200028
-132.400000 8.234591
-132.300000 8.269226
-132.200000 8.303934
-132.100000 8.338715
-132.000000 8.373569
-131.900000 8.408495
-131.800000 8.443494
-131.700000 8.478565
-131.600000 8.513710
-131.500000 8.548927
-131.400000 8.584216
-131.300000 8.619579
-131.200000 8.655014
-131.100000 8.690521
-131.000000 8.726102
-130.900000 8.761755
-130.800000 8.797481
-130.700000 8.833279
-130.600000 8.869150
-130.500000 8.905094
-130.400000 8.941111
-130.300000 8.977200
-130.200000 9.013362
-130.100000 9.049596
-130.000000 9.085904
-129.900000 9.122284
-129.800000 9.158736
-129.700000 9.195262
-129.600000 9.231860
-129.500000 9.268530
-129.400000 9.305274
-129.300000 9.342090
-129.200000 9.378979
-129.100000 9.415940
-129.000000 9.452974
-128.900000 9.490081
-128.800000 9.527260
-128.700000 9.564513
-128.600000 9.601838
-128.500000 9.639235
-128.400000 9.676705
-128.300000 9.714248
-128.200000 9.751864
-128.100000 9.789552
-128.000000 9.827313
-127.900000 9.865147
-127.800000 9.903053
-127.700000 9.941033
-127.600000 9.979084
-127.500000 10.017209
-127.400000 10.055406
-127.300000 10.093676
-127.200000 10.132018
-127.100000 10.170433
-127.000000 10.208921
-126.900000 10.247482
-126.800000 10.286115
-126.700000 10.324821
-126.600000 10.363600
-126.500000 10.402451
-126.400000 10.441375
-126.300000 10.480372
-126.200000 10.519441
-126.100000 10.558583
-126.000000 10.597798
-125.900000 10.637085
-125.800000 10.676446
-125.700000 10.715878
-125.600000 10.755384
-125.500000 10.794962
-125.400000 10.834613
-125.300000 10.874337
-125.200000 10.914133
-125.100000 10.954002
-125.000000 10.993943
-124.900000 11.033958
-124.800000 11.074045
-124.700000 11.114204
-124.600000 11.154437
-124.500000 11.194742
-124.400000 11.235120
-124.300000 11.275570
-124.200000 11.316093
-124.100000 11.356689
-124.000000 11.397357
-123.900000 11.438099
-123.800000 11.478913
-123.700000 11.519799
-123.600000 11.560758
-123.500000 11.601790
-123.400000 11.642895
-123.300000 11.684072
-123.200000 11.725322
-123.100000 11.766645
-123.000000 11.808040
-122.900000 11.849508
-122.800000 11.891049
-122.700000 11.932663
-122.600000 11.974349
-122.500000 12.016108
-122.400000 12.057939
-122.300000 12.099843
-122.200000 12.141820
-122.100000 12.183870
-122.000000 12.225992
-121.900000 12.268187
-121.800000 12.310454
-121.700000 12.352795
-121.600000 12.395208
-121.500000 12.437693
-121.400000 12.480252
-121.300000 12.522883
-121.200000 12.565587
-121.100000 12.608363
-121.000000 12.651212
-120.900000 12.694134
-120.800000 12.737128
-120.700000 12.780196
-120.600000 12.823336
-120.500000 12.866548
-120.400000 12.909833
-120.300000 12.953191
-120.200000 12.996622
-120.100000 13.040125
-120.000000 13.083701
-119.900000 13.127350
-119.800000 13.171071
-119.700000 13.214865
-119.600000 13.258732
-119.500000 13.302671
-119.400000 13.346684
-119.300000 13.390768
-119.200000 13.434926
-119.100000 13.479156
-119.000000 13.523459
-118.900000 13.567834
-118.800000 13.612283
-118.700000 13.656804
-118.600000 13.701397
-118.500000 13.746064
-118.400000 13.790803
-118.300000 13.835614
-118.200000 13.880499
-118.100000 13.925456
-118.000000 13.970485
-117.900000 14.015588
-117.800000 14.060763
-117.700000 14.106011
-117.600000 14.151331
-117.500000 14.196724
-117.400000 14.242190
-117.300000 14.287729
-117.200000 14.333340
-117.100000 14.379024
-117.000000 14.424781
-116.900000 14.470610
-116.800000 14.516512
-116.700000 14.562487
-116.600000 14.608534
-116.500000 14.654654
-116.400000 14.700847
-116.300000 14.747112
-116.200000 14.793450
-116.100000 14.839861
-116.000000 14.886344
-115.900000 14.932901
-115.800000 14.979529
-115.700000 15.026231
-115.600000 15.073005
-115.500000 15.119852
-115.400000 15.166772
-115.300000 15.213764
-115.200000 15.260829
-115.100000 15.307967
-115.000000 15.355177
-114.900000 15.402460
-114.800000 15.449816
-114.700000 15.497244
-114.600000 15.544745
-114.500000 15.592319
-114.400000 15.639966
-114.300000 15.687685
-114.200000 15.735477
-114.100000 15.783341
-114.000000 15.831278
-113.900000 15.879288
-113.800000 15.927371
-113.700000 15.975526
-113.600000 16.023754
-113.500000 16.072055
-113.400000 16.120428
-113.300000 16.168874
-113.200000 16.217393
-113.100000 16.265984
-113.000000 16.314649
-112.900000 16.363385
-112.800000 16.412195
-112.700000 16.461077
-112.600000 16.510032
-112.500000 16.559059
-112.400000 16.608160
-112.300000 16.657332
-112.200000 16.706578
-112.100000 16.755896
-112.000000 16.805287
-111.900000 16.854751
-111.800000 16.904287
-111.700000 16.953896
-111.600000 17.003578
-111.500000 17.053332
-111.400000 17.103160
-111.300000 17.153059
-111.200000 17.203032
-111.100000 17.253077
-111.000000 17.303195
-110.900000 17.353385
-110.800000 17.403649
-110.700000 17.453984
-110.600000 17.504393
-110.500000 17.554874
-110.400000 17.605428
-110.300000 17.656055
-110.200000 17.706754
-110.100000 17.757526
-110.000000 17.808371
-109.900000 17.859288
-109.800000 17.910279
-109.700000 17.961341
-109.600000 18.012477
-109.500000 18.063685
-109.400000 18.114966
-109.300000 18.166319
-109.200000 18.217746
-109.100000 18.269244
-109.000000 18.320816
-108.900000 18.372460
-108.800000 18.424177
-108.700000 18.475967
-108.600000 18.527829
-108.500000 18.579764
-108.400000 18.631772
-108.300000 18.683852
-108.200000 18.736005
-108.100000 18.788231
-108.000000 18.840530
-107.900000 18.892901
-107.800000 18.945345
-107.700000 18.997861
-107.600000 19.050450
-107.500000 19.103112
-107.400000 19.155847
-107.300000 19.208654
-107.200000 19.261534
-107.100000 19.314487
-107.000000 19.367512
-106.900000 19.420610
-106.800000 19.473781
-106.700000 19.527024
-106.600000 19.580340
-106.500000 19.633729
-106.400000 19.687191
-106.300000 19.740725
-106.200000 19.794332
-106.100000 19.848011
-106.000000 19.901763
-105.900000 19.955588
-105.800000 20.009486
-105.700000 20.063456
-105.600000 20.117499
-105.500000 20.171615
-105.400000 20.225803
-105.300000 20.280064
-105.200000 20.334398
-105.100000 20.388804
-105.000000 20.443283
-104.900000 20.497835
-104.800000 20.552459
-104.700000 20.607156
-104.600000 20.661926
-104.500000 20.716769
-104.400000 20.771684
-104.300000 20.826672
-104.200000 20.881732
-104.100000 20.936866
-104.000000 20.992072
-103.900000 21.047350
-103.800000 21.102702
-103.700000 21.158126
-103.600000 21.213622
-103.500000 21.269192
-103.400000 21.324834
-103.300000 21.380549
-103.200000 21.436336
-103.100000 21.492196
-103.000000 21.548129
-102.900000 21.604134
-102.800000 21.660213
-102.700000 21.716364
-102.600000 21.772587
-102.500000 21.828883
-102.400000 21.885252
-102.300000 21.941694
-102.200000 21.998208
-102.100000 22.054795
-102.000000 22.111455
-101.900000 22.168187
-101.800000 22.224992
-101.700000 22.281870
-101.600000 22.338821
-101.500000 22.395844
-101.400000 22.452940
-101.300000 22.510108
-101.200000 22.567349
-101.100000 22.624663
-101.000000 22.682050
-100.900000 22.739509
-100.800000 22.797041
-100.700000 22.854646
-100.600000 22.912323
-100.500000 22.970073
-100.400000 23.027896
-100.300000 23.085791
-100.200000 23.143759
-100.100000 23.201800
-100.000000 23.259913
-99.900000 23.318099
-99.800000 23.376358
-99.700000 23.434690
-99.600000 23.493094
-99.500000 23.551571
-99.400000 23.610120
-99.300000 23.668743
-99.200000 23.727437
-99.100000 23.786205
-99.000000 23.845045
-98.900000 23.903958
-98.800000 23.962944
-98.700000 24.022002
-98.600000 24.081134
-98.500000 24.140337
-98.400000 24.199614
-98.300000 24.258963
-98.200000 24.318385
-98.100000 24.377879
-98.000000 24.437446
-97.900000 24.497086
-97.800000 24.556799
-97.700000 24.616584
-97.600000 24.676442
-97.500000 24.736373
-97.400000 24.796376
-97.300000 24.856452
-97.200000 24.916601
-97.100000 24.976822
-97.000000 25.037116
-96.900000 25.097483
-96.800000 25.157922
-96.700000 25.218434
-96.600000 25.279019
-96.500000 25.339677
-96.400000 25.400407
-96.300000 25.461210
-96.200000 25.522085
-96.100000 25.583033
-96.000000 25.644054
-95.900000 25.705148
-95.800000 25.766314
-95.700000 25.827553
-95.600000 25.888865
-95.500000 25.950249
-95.400000 26.011706
-95.300000 26.073236
-95.200000 26.134839
-95.100000 26.196514
-95.000000 26.258261
-94.900000 26.320082
-94.800000 26.381975
-94.700000 26.443941
-94.600000 26.505979
-94.500000 26.568091
-94.400000 26.630275
-94.300000 26.692531
-94.200000 26.754861
-94.100000 26.817263
-94.000000 26.879737
-93.900000 26.942285
-93.800000 27.004905
-93.700000 27.067597
-93.600000 27.130363
-93.500000 27.193201
-93.400000 27.256112
-93.300000 27.319095
-93.200000 27.382151
-93.100000 27.445280
-93.000000 27.508482
-92.900000 27.571756
-92.800000 27.635103
-92.700000 27.698523
-92.600000 27.762015
-92.500000 27.825580
-92.400000 27.889217
-92.300000 27.952928
-92.200000 28.016711
-92.100000 28.080567
-92.000000 28.144495
-91.900000 28.208496
-91.800000 28.272570
-91.700000 28.336716
-91.600000 28.400936
-91.500000 28.465227
-91.400000 28.529592
-91.300000 28.594029
-91.200000 28.658539
-91.100000 28.723122
-91.000000 28.787777
-90.900000 28.852505
-90.800000 28.917306
-90.700000 28.982179
-90.600000 29.047125
-90.500000 29.112144
-90.400000 29.177235
-90.300000 29.242399
-90.200000 29.307636
-90.100000 29.372946
-90.000000 29.438328
-89.900000 29.503783
-89.800000 29.569310
-89.700000 29.634910
-89.600000 29.700583
-89.500000 29.766329
-89.400000 29.832147
-89.300000 29.898038
-89.200000 29.964002
-89.100000 30.030038
-89.000000 30.096147
-88.900000 30.162329
-88.800000 30.228583
-88.700000 30.294910
-88.600000 30.361310
-88.500000 30.427783
-88.400000 30.494328
-88.300000 30.560946
-88.200000 30.627636
-88.100000 30.694399
-88.000000 30.761235
-87.900000 30.828144
-87.800000 30.895125
-87.700000 30.962179
-87.600000 31.029306
-87.500000 31.096505
-87.400000 31.163777
-87.300000 31.231122
-87.200000 31.298539
-87.100000 31.366029
-87.000000 31.433592
-86.900000 31.501228
-86.800000 31.568936
-86.700000 31.636717
-86.600000 31.704570
-86.500000 31.772496
-86.400000 31.840495
-86.300000 31.908567
-86.200000 31.976711
-86.100000 32.044928
-86.000000 32.113218
-85.900000 32.181580
-85.800000 32.250015
-85.700000 32.318523
-85.600000 32.387103
-85.500000 32.455756
-85.400000 32.524482
-85.300000 32.593281
-85.200000 32.662152
-85.100000 32.731095
-85.000000 32.800112
-84.900000 32.869201
-84.800000 32.938363
-84.700000 33.007598
-84.600000 33.076905
-84.500000 33.146285
-84.400000 33.215738
-84.300000 33.285263
-84.200000 33.354861
-84.100000 33.424532
-84.000000 33.494275
-83.900000 33.564091
-83.800000 33.633980
-83.700000 33.703941
-83.600000 33.773976
-83.500000 33.844082
-83.400000 33.914262
-83.300000 33.984514
-83.200000 34.054839
-83.100000 34.125237
-83.000000 34.195707
-82.900000 34.266250
-82.800000 34.336865
-82.700000 34.407554
-82.600000 34.478315
-82.500000 34.549148
-82.400000 34.620055
-82.300000 34.691034
-82.200000 34.762086
-82.100000 34.833210
-82.000000 34.904407
-81.900000 34.975677
-81.800000 35.047020
-81.700000 35.118435
-81.600000 35.189923
-81.500000 35.261483
-81.400000 35.333117
-81.300000 35.404823
-81.200000 35.476601
-81.100000 35.548452
-81.000000 35.620376
-80.900000 35.692373
-80.800000 35.764443
-80.700000 35.836585
-80.600000 35.908799
-80.500000 35.981087
-80.400000 36.053447
-80.300000 36.125880
-80.200000 36.198385
-80.100000 36.270964
-80.000000 36.343614
-79.900000 36.416338
-79.800000 36.489134
-79.700000 36.562003
-79.600000 36.634945
-79.500000 36.707959
-79.400000 36.781046
-79.300000 36.854206
-79.200000 36.927438
-79.100000 37.000743
-79.000000 37.074121
-78.900000 37.147572
-78.800000 37.221095
-78.700000 37.294690
-78.600000 37.368359
-78.500000 37.442100
-78.400000 37.515914
-78.300000 37.589801
-78.200000 37.663760
-78.100000 37.737792
-78.000000 37.811896
-77.900000 37.886074
-77.800000 37.960324
-77.700000 38.034646
-77.600000 38.109042
-77.500000 38.183510
-77.400000 38.258051
-77.300000 38.332664
-77.200000 38.407350
-77.100000 38.482109
-77.000000 38.556941
-76.900000 38.631845
-76.800000 38.706822
-76.700000 38.781871
-76.600000 38.856993
-76.500000 38.932188
-76.400000 39.007456
-76.300000 39.082796
-76.200000 39.158209
-76.100000 39.233695
-76.000000 39.309253
-75.900000 39.384884
-75.800000 39.460588
-75.700000 39.536365
-75.600000 39.612214
-75.500000 39.688136
-75.400000 39.764130
-75.300000 39.840197
-75.200000 39.916337
-75.100000 39.992550
-75.000000 40.068835
-74.900000 40.145193
-74.800000 40.221623
-74.700000 40.298127
-74.600000 40.374703
-74.500000 40.451351
-74.400000 40.528073
-74.300000 40.604867
-74.200000 40.681734
-74.100000 40.758673
-74.000000 40.835685
-73.900000 40.912770
-73.800000 40.989927
-73.700000 41.067158
-73.600000 41.144461
-73.500000 41.221836
-73.400000 41.299284
-73.300000 41.376805
-73.200000 41.454399
-73.100000 41.532065
-73.000000 41.609804
-72.900000 41.687616
-72.800000 41.765500
-72.700000 41.843457
-72.600000 41.921487
-72.500000 41.999589
-72.400000 42.077765
-72.300000 42.156012
-72.200000 42.234333
-72.100000 42.312726
-72.000000 42.391192
-71.900000 42.469730
-71.800000 42.548342
-71.700000 42.627026
-71.600000 42.705782
-71.500000 42.784611
-71.400000 42.863513
-71.300000 42.942488
-71.200000 43.021536
-71.100000 43.100656
-71.000000 43.179848
-70.900000 43.259114
-70.800000 43.338452
-70.700000 43.417863
-70.600000 43.497346
-70.500000 43.576902
-70.400000 43.656531
-70.300000 43.736233
-70.200000 43.816007
-70.100000 43.895854
-70.000000 43.975773
-69.900000 44.055766
-69.800000 44.135831
-69.700000 44.215968
-69.600000 44.296179
-69.500000 44.376462
-69.400000 44.456818
-69.300000 44.537246
-69.200000 44.617747
-69.100000 44.698321
-69.000000 44.778967
-68.900000 44.859686
-68.800000 44.940478
-68.700000 45.021343
-68.600000 45.102280
-68.500000 45.183290
-68.400000 45.264373
-68.300000 45.345528
-68.200000 45.426756
-68.100000 45.508057
-68.000000 45.589430
-67.900000 45.670876
-67.800000 45.752395
-67.700000 45.833986
-67.600000 45.915650
-67.500000 45.997387
-67.400000 46.079196
-67.300000 46.161079
-67.200000 46.243033
-67.100000 46.325061
-67.000000 46.407161
-66.900000 46.489334
-66.800000 46.571580
-66.700000 46.653898
-66.600000 46.736289
-66.500000 46.818753
-66.400000 46.901289
-66.300000 46.983898
-66.200000 47.066580
-66.100000 47.149334
-66.000000 47.232161
-65.900000 47.315061
-65.800000 47.398034
-65.700000 47.481079
-65.600000 47.564197
-65.500000 47.647387
-65.400000 47.730650
-65.300000 47.813986
-65.200000 47.897395
-65.100000 47.980876
-65.000000 48.064430
-64.900000 48.148057
-64.800000 48.231756
-64.700000 48.315528
-64.600000 48.399373
-64.500000 48.483290
-64.400000 48.567280
-64.300000 48.651343
-64.200000 48.735479
-64.100000 48.819687
-64.000000 48.903968
-63.900000 48.988321
-63.800000 49.072747
-63.700000 49.157246
-63.600000 49.241818
-63.500000 49.326462
-63.400000 49.411179
-63.300000 49.495969
-63.200000 49.580831
-63.100000 49.665766
-63.000000 49.750774
-62.900000 49.835854
-62.800000 49.921007
-62.700000 50.006233
-62.600000 50.091532
-62.500000 50.176903
-62.400000 50.262346
-62.300000 50.347863
-62.200000 50.433452
-62.100000 50.519114
-62.000000 50.604849
-61.900000 50.690656
-61.800000 50.776536
-61.700000 50.862489
-61.600000 50.948514
-61.500000 51.034612
-61.400000 51.120783
-61.300000 51.207026
-61.200000 51.293342
-61.100000 51.379731
-61.000000 51.466192
-60.900000 51.552727
-60.800000 51.639333
-60.700000 51.726013
-60.600000 51.812765
-60.500000 51.899590
-60.400000 51.986488
-60.300000 52.073458
-60.200000 52.160501
-60.100000 52.247616
-60.000000 52.334805
-59.900000 52.422066
-59.800000 52.509399
-59.700000 52.596806
-59.600000 52.684285
-59.500000 52.771837
-59.400000 52.859461
-59.300000 52.947158
-59.200000 53.034928
-59.100000 53.122771
-59.000000 53.210686
-58.900000 53.298674
-58.800000 53.386734
-58.700000 53.474868
-58.600000 53.563074
-58.500000 53.651352
-58.400000 53.739704
-58.300000 53.828128
-58.200000 53.916624
-58.100000 54.005194
-58.000000 54.093836
-57.900000 54.182550
-57.800000 54.271338
-57.700000 54.360198
-57.600000 54.449131
-57.500000 54.538136
-57.400000 54.627215
-57.300000 54.716365
-57.200000 54.805589
-57.100000 54.894885
-57.000000 54.984254
-56.900000 55.073696
-56.800000 55.163210
-56.700000 55.252797
-56.600000 55.342457
-56.500000 55.432189
-56.400000 55.521994
-56.300000 55.611872
-56.200000 55.701823
-56.100000 55.791846
-56.000000 55.881942
-55.900000 55.972110
-55.800000 56.062351
-55.700000 56.152665
-55.600000 56.243052
-55.500000 56.333511
-55.400000 56.424043
-55.300000 56.514648
-55.200000 56.605325
-55.100000 56.696075
-55.000000 56.786898
-54.900000 56.877793
-54.800000 56.968761
-54.700000 57.059802
-54.600000 57.150915
-54.500000 57.242101
-54.400000 57.333360
-54.300000 57.424692
-54.200000 57.516096
-54.100000 57.607573
-54.000000 57.699122
-53.900000 57.790744
-53.800000 57.882439
-53.700000 57.974207
-53.600000 58.066047
-53.500000 58.157960
-53.400000 58.249946
-53.300000 58.342004
-53.200000 58.434136
-53.100000 58.526339
-53.000000 58.618616
-52.900000 58.710965
-52.800000 58.803387
-52.700000 58.895881
-52.600000 58.988448
-52.500000 59.081088
-52.400000 59.173801
-52.300000 59.266586
-52.200000 59.359444
-52.100000 59.452375
-52.000000 59.545378
-51.900000 59.638454
-51.800000 59.731603
-51.700000 59.824824
-51.600000 59.918118
-51.500000 60.011485
-51.400000 60.104924
-51.300000 60.198436
-51.200000 60.292021
-51.100000 60.385679
-51.000000 60.479409
-50.900000 60.573212
-50.800000 60.667087
-50.700000 60.761035
-50.600000 60.855056
-50.500000 60.949150
-50.400000 61.043316
-50.300000 61.137555
-50.200000 61.231867
-50.100000 61.326251
-50.000000 61.420708
-49.900000 61.515238
-49.800000 61.609841
-49.700000 61.704516
-49.600000 61.799263
-49.500000 61.894084
-49.400000 61.988977
-49.300000 62.083943
-49.200000 62.178982
-49.100000 62.274093
-49.000000 62.369277
-48.900000 62.464533
-48.800000 62.559863
-48.700000 62.655265
-48.600000 62.750739
-48.500000 62.846287
-48.400000 62.941907
-48.300000 63.037599
-48.200000 63.133365
-48.100000 63.229203
-48.000000 63.325114
-47.900000 63.421097
-47.800000 63.517153
-47.700000 63.613282
-47.600000 63.709484
-47.500000 63.805758
-47.400000 63.902105
-47.300000 63.998525
-47.200000 64.095017
-47.100000 64.191582
-47.000000 64.288220
-46.900000 64.384930
-46.800000 64.481713
-46.700000 64.578569
-46.600000 64.675497
-46.500000 64.772498
-46.400000 64.869572
-46.300000 64.966718
-46.200000 65.063938
-46.100000 65.161230
-46.000000 65.258594
-45.900000 65.356031
-45.800000 65.453541
-45.700000 65.551124
-45.600000 65.648779
-45.500000 65.746507
-45.400000 65.844308
-45.300000 65.942181
-45.200000 66.040127
-45.100000 66.138146
-45.000000 66.236237
-44.900000 66.334401
-44.800000 66.432638
-44.700000 66.530948
-44.600000 66.629330
-44.500000 66.727785
-44.400000 66.826312
-44.300000 66.924912
-44.200000 67.023585
-44.100000 67.122331
-44.000000 67.221149
-43.900000 67.320040
-43.800000 67.419004
-43.700000 67.518040
-43.600000 67.617149
-43.500000 67.716331
-43.400000 67.815585
-43.300000 67.914912
-43.200000 68.014312
-43.100000 68.113785
-43.000000 68.213330
-42.900000 68.312948
-42.800000 68.412638
-42.700000 68.512402
-42.600000 68.612237
-42.500000 68.712146
-42.400000 68.812127
-42.300000 68.912181
-42.200000 69.012308
-42.100000 69.112507
-42.000000 69.212779
-41.900000 69.313124
-41.800000 69.413541
-41.700000 69.514032
-41.600000 69.614594
-41.500000 69.715230
-41.400000 69.815938
-41.300000 69.916719
-41.200000 70.017572
-41.100000 70.118499
-41.000000 70.219497
-40.900000 70.320569
-40.800000 70.421713
-40.700000 70.522930
-40.600000 70.624220
-40.500000 70.725582
-40.400000 70.827017
-40.300000 70.928525
-40.200000 71.030105
-40.100000 71.131758
-40.000000 71.233484
-39.900000 71.335283
-39.800000 71.437154
-39.700000 71.539098
-39.600000 71.641114
-39.500000 71.743203
-39.400000 71.845365
-39.300000 71.947600
-39.200000 72.049907
-39.100000 72.152287
-39.000000 72.254740
-38.900000 72.357265
-38.800000 72.459863
-38.700000 72.562534
-38.600000 72.665277
-38.500000 72.768093
-38.400000 72.870982
-38.300000 72.973944
-38.200000 73.076978
-38.100000 73.180085
-38.000000 73.283264
-37.900000 73.386516
-37.800000 73.489841
-37.700000 73.593239
-37.600000 73.696709
-37.500000 73.800252
-37.400000 73.903868
-37.300000 74.007556
-37.200000 74.111317
-37.100000 74.215151
-37.000000 74.319057
-36.900000 74.423036
-36.800000 74.527088
-36.700000 74.631212
-36.600000 74.735410
-36.500000 74.839679
-36.400000 74.944022
-36.300000 75.048437
-36.200000 75.152925
-36.100000 75.257486
-36.000000 75.362119
-35.900000 75.466825
-35.800000 75.571603
-35.700000 75.676455
-35.600000 75.781379
-35.500000 75.886375
-35.400000 75.991445
-35.300000 76.096587
-35.200000 76.201802
-35.100000 76.307089
-35.000000 76.412449
-34.900000 76.517882
-34.800000 76.623388
-34.700000 76.728966
-34.600000 76.834617
-34.500000 76.940340
-34.400000 77.046137
-34.300000 77.152006
-34.200000 77.257947
-34.100000 77.363961
-34.000000 77.470048
-33.900000 77.576208
-33.800000 77.682441
-33.700000 77.788746
-33.600000 77.895123
-33.500000 78.001574
-33.400000 78.108097
-33.300000 78.214693
-33.200000 78.321361
-33.100000 78.428103
-33.000000 78.534916
-32.900000 78.641803
-32.800000 78.748762
-32.700000 78.855794
-32.600000 78.962899
-32.500000 79.070076
-32.400000 79.177326
-32.300000 79.284649
-32.200000 79.392044
-32.100000 79.499512
-32.000000 79.607053
-31.900000 79.714666
-31.800000 79.822353
-31.700000 79.930111
-31.600000 80.037943
-31.500000 80.145847
-31.400000 80.253824
-31.300000 80.361874
-31.200000 80.469996
-31.100000 80.578191
-31.000000 80.686458
-30.900000 80.794799
-30.800000 80.903212
-30.700000 81.011697
-30.600000 81.120256
-30.500000 81.228887
-30.400000 81.337591
-30.300000 81.446367
-30.200000 81.555216
-30.100000 81.664138
-30.000000 81.773132
-29.900000 81.882200
-29.800000 81.991339
-29.700000 82.100552
-29.600000 82.209837
-29.500000 82.319195
-29.400000 82.428626
-29.300000 82.538129
-29.200000 82.647705
-29.100000 82.757354
-29.000000 82.867075
-28.900000 82.976869
-28.800000 83.086736
-28.700000 83.196675
-28.600000 83.306688
-28.500000 83.416772
-28.400000 83.526930
-28.300000 83.637160
-28.200000 83.747463
-28.100000 83.857839
-28.000000 83.968287
-27.900000 84.078808
-27.800000 84.189401
-27.700000 84.300068
-27.600000 84.410807
-27.500000 84.521618
-27.400000 84.632503
-27.300000 84.743460
-27.200000 84.854489
-27.100000 84.965592
-27.000000 85.076767
-26.900000 85.188015
-26.800000 85.299335
-26.700000 85.410728
-26.600000 85.522194
-26.500000 85.633733
-26.400000 85.745344
-26.300000 85.857028
-26.200000 85.968785
-26.100000 86.080614
-26.000000 86.192516
-25.900000 86.304491
-25.800000 86.416538
-25.700000 86.528658
-25.600000 86.640851
-25.500000 86.753116
-25.400000 86.865454
-25.300000 86.977865
-25.200000 87.090349
-25.100000 87.202905
-25.000000 87.315534
-24.900000 87.428235
-24.800000 87.541009
-24.700000 87.653856
-24.600000 87.766776
-24.500000 87.879768
-24.400000 87.992833
-24.300000 88.105971
-24.200000 88.219181
-24.100000 88.332464
-24.000000 88.445820
-23.900000 88.559248
-23.800000 88.672750
-23.700000 88.786323
-23.600000 88.899970
-23.500000 89.013689
-23.400000 89.127481
-23.300000 89.241345
-23.200000 89.355283
-23.100000 89.469293
-23.000000 89.583375
-22.900000 89.697530
-22.800000 89.811758
-22.700000 89.926059
-22.600000 90.040432
-22.500000 90.154879
-22.400000 90.269397
-22.300000 90.383989
-22.200000 90.498653
-22.100000 90.613390
-22.000000 90.728199
-21.900000 90.843081
-21.800000 90.958036
-21.700000 91.073064
-21.600000 91.188164
-21.500000 91.303337
-21.400000 91.418582
-21.300000 91.533901
-21.200000 91.649292
-21.100000 91.764755
-21.000000 91.880292
-20.900000 91.995901
-20.800000 92.111582
-20.700000 92.227337
-20.600000 92.343164
-20.500000 92.459064
-20.400000 92.575036
-20.300000 92.691081
-20.200000 92.807199
-20.100000 92.923390
-20.000000 93.039653
-19.900000 93.155989
-19.800000 93.272397
-19.700000 93.388879
-19.600000 93.505433
-19.500000 93.622059
-19.400000 93.738759
-19.300000 93.855531
-19.200000 93.972375
-19.100000 94.089293
-19.000000 94.206283
-18.900000 94.323346
-18.800000 94.440481
-18.700000 94.557689
-18.600000 94.674970
-18.500000 94.792324
-18.400000 94.909750
-18.300000 95.027249
-18.200000 95.144820
-18.100000 95.262465
-18.000000 95.380182
-17.900000 95.497971
-17.800000 95.615834
-17.700000 95.733769
-17.600000 95.851776
-17.500000 95.969857
-17.400000 96.088010
-17.300000 96.206236
-17.200000 96.324534
-17.100000 96.442905
-17.000000 96.561349
-16.900000 96.679866
-16.800000 96.798455
-16.700000 96.917117
-16.600000 97.035851
-16.500000 97.154659
-16.400000 97.273539
-16.300000 97.392491
-16.200000 97.511517
-16.100000 97.630615
-16.000000 97.749785
-15.900000 97.869029
-15.800000 97.988345
-15.700000 98.107734
-15.600000 98.227195
-15.500000 98.346729
-15.400000 98.466336
-15.300000 98.586016
-15.200000 98.705768
-15.100000 98.825593
-15.000000 98.945490
-14.900000 99.065461
-14.800000 99.185503
-14.700000 99.305619
-14.600000 99.425807
-14.500000 99.546068
-14.400000 99.666402
-14.300000 99.786809
-14.200000 99.907288
-14.100000 100.027839
-14.000000 100.148464
-13.900000 100.269161
-13.800000 100.389931
-13.700000 100.510773
-13.600000 100.631689
-13.500000 100.752676
-13.400000 100.873737
-13.300000 100.994870
-13.200000 101.116076
-13.100000 101.237355
-13.000000 101.358706
-12.900000 101.480130
-12.800000 101.601627
-12.700000 101.723196
-12.600000 101.844838
-12.500000 101.966553
-12.400000 102.088341
-12.300000 102.210201
-12.200000 102.332134
-12.100000 102.454139
-12.000000 102.576217
-11.900000 102.698368
-11.800000 102.820592
-11.700000 102.942888
-11.600000 103.065257
-11.500000 103.187699
-11.400000 103.310213
-11.300000 103.432800
-11.200000 103.555460
-11.100000 103.678192
-11.000000 103.800997
-10.900000 103.923875
-10.800000 104.046825
-10.700000 104.169848
-10.600000 104.292944
-10.500000 104.416113
-10.400000 104.539354
-10.300000 104.662668
-10.200000 104.786054
-10.100000 104.909514
-10.000000 105.033046
-9.900000 105.156650
-9.800000 105.280328
-9.700000 105.404078
-9.600000 105.527900
-9.500000 105.651796
-9.400000 105.775764
-9.300000 105.899805
-9.200000 106.023918
-9.100000 106.148104
-9.000000 106.272363
-8.900000 106.396694
-8.800000 106.521099
-8.700000 106.645575
-8.600000 106.770125
-8.500000 106.894747
-8.400000 107.019442
-8.300000 107.144210
-8.200000 107.269050
-8.100000 107.393963
-8.000000 107.518949
-7.900000 107.644007
-7.800000 107.769138
-7.700000 107.894342
-7.600000 108.019619
-7.500000 108.144968
-7.400000 108.270389
-7.300000 108.395884
-7.200000 108.521451
-7.100000 108.647091
-7.000000 108.772804
-6.900000 108.898589
-6.800000 109.024447
-6.700000 109.150377
-6.600000 109.276381
-6.500000 109.402457
-6.400000 109.528605
-6.300000 109.654827
-6.200000 109.781121
-6.100000 109.907488
-6.000000 110.033927
-5.900000 110.160439
-5.800000 110.287024
-5.700000 110.413681
-5.600000 110.540412
-5.500000 110.667214
-5.400000 110.794090
-5.300000 110.921038
-5.200000 111.048059
-5.100000 111.175153
-5.000000 111.302319
-4.900000 111.429558
-4.800000 111.556870
-4.700000 111.684254
-4.600000 111.811711
-4.500000 111.939241
-4.400000 112.066843
-4.300000 112.194519
-4.200000 112.322266
-4.100000 112.450087
-4.000000 112.577980
-3.900000 112.705946
-3.800000 112.833984
-3.700000 112.962096
-3.600000 113.090280
-3.500000 113.218536
-3.400000 113.346866
-3.300000 113.475268
-3.200000 113.603742
-3.100000 113.732290
-3.000000 113.860910
-2.900000 113.989602
-2.800000 114.118368
-2.700000 114.247206
-2.600000 114.376117
-2.500000 114.505100
-2.400000 114.634156
-2.300000 114.763285
-2.200000 114.892487
-2.100000 115.021761
-2.000000 115.151108
-1.900000 115.280528
-1.800000 115.410020
-1.700000 115.539585
-1.600000 115.669222
-1.500000 115.798933
-1.400000 115.928716
-1.300000 116.058572
-1.200000 116.188500
-1.100000 116.318501
-1.000000 116.448575
-0.900000 116.578721
-0.800000 116.708941
-0.700000 116.839232
-0.600000 116.969597
-0.500000 117.100034
-0.400000 117.230544
-0.300000 117.361127
-0.200000 117.491782
-0.100000 117.622510
-0.000000 117.753311
0.100000 117.622510
0.200000 117.491782
0.300000 117.361127
0.400000 117.230544
0.500000 117.100034
0.600000 116.969597
0.700000 116.839232
0.800000 116.708941
0.900000 116.578721
1.000000 116.448575
1.100000 116.318501
1.200000 116.188500
1.300000 116.058572
1.400000 115.928716
1.500000 115.798933
1.600000 115.669222
1.700000 115.539585
1.800000 115.410020
1.900000 115.280528
2.000000 115.151108
2.100000 115.021761
2.200000 114.892487
2.300000 114.763285
2.400000 114.634156
2.500000 114.505100
2.600000 114.376117
2.700000 114.247206
2.800000 114.118368
2.900000 113.989602
3.000000 113.860910
3.100000 113.732290
3.200000 113.603742
3.300000 113.475268
3.400000 113.346866
3.500000 113.218536
3.600000 113.090280
3.700000 112.962096
3.800000 112.833984
3.900000 112.705946
4.000000 112.577980
4.100000 112.450087
4.200000 112.322266
4.300000 112.194519
4.400000 112.066843
4.500000 111.939241
4.600000 111.811711
4.700000 111.684254
4.800000 111.556870
4.900000 111.429558
5.000000 111.302319
5.100000 111.175153
5.200000 111.048059
5.300000 110.921038
5.400000 110.794090
5.500000 110.667214
5.600000 110.540412
5.700000 110.413681
5.800000 110.287024
5.900000 110.160439
6.000000 110.033927
6.100000 109.907488
6.200000 109.781121
6.300000 109.654827
6.400000 109.528605
6.500000 109.402457
6.600000 109.276381
6.700000 109.150377
6.800000 109.024447
6.900000 108.898589
7.000000 108.772804
7.100000 108.647091
7.200000 108.521451
7.300000 108.395884
7.400000 108.270389
7.500000 108.144968
7.600000 108.019619
7.700000 107.894342
7.800000 107.769138
7.900000 107.644007
8.000000 107.518949
8.100000 107.393963
8.200000 107.269050
8.300000 107.144210
8.400000 107.019442
8.500000 106.894747
8.600000 106.770125
8.700000 106.645575
8.800000 106.521099
8.900000 106.396694
9.000000 106.272363
9.100000 106.148104
9.200000 106.023918
9.300000 105.899805
9.400000 105.775764
9.500000 105.651796
9.600000 105.527900
9.700000 105.404078
9.800000 105.280328
9.900000 105.156650
10.000000 105.033046
10.100000 104.909514
10.200000 104.786054
10.300000 104.662668
10.400000 104.539354
10.500000 104.416113
10.600000 104.292944
10.700000 104.169848
10.800000 104.046825
10.900000 103.923875
11.000000 103.800997
11.100000 103.678192
11.200000 103.555460
11.300000 103.432800
11.400000 103.310213
11.500000 103.187699
11.600000 103.065257
11.700000 102.942888
11.800000 102.820592
11.900000 102.698368
12.000000 102.576217
12.100000 102.454139
12.200000 102.332134
12.300000 102.210201
12.400000 102.088341
12.500000 101.966553
12.600000 101.844838
12.700000 101.723196
12.800000 101.601627
12.900000 101.480130
13.000000 101.358706
13.100000 101.237355
13.200000 101.116076
13.300000 100.994870
13.400000 100.873737
13.500000 100.752676
13.600000 100.631689
13.700000 100.510773
13.800000 100.389931
13.900000 100.269161
14.000000 100.148464
14.100000 100.027839
14.200000 99.907288
14.300000 99.786809
14.400000 99.666402
14.500000 99.546068
14.600000 99.425807
14.700000 99.305619
14.800000 99.185503
14.900000 99.065461
15.000000 98.945490
15.100000 98.825593
15.200000 98.705768
15.300000 98.586016
15.400000 98.466336
15.500000 98.346729
15.600000 98.227195
15.700000 98.107734
15.800000 97.988345
15.900000 97.869029
16.000000 97.749785
16.100000 97.630615
16.200000 97.511517
16.300000 97.392491
16.400000 97.273539
16.500000 97.154659
16.600000 97.035851
16.700000 96.917117
16.800000 96.798455
16.900000 96.679866
17.000000 96.561349
17.100000 96.442905
17.200000 96.324534
17.300000 96.206236
17.400000 96.088010
17.500000 95.969857
17.600000 95.851776
17.700000 95.733769
17.800000 95.615834
17.900000 95.497971
18.000000 95.380182
18.100000 95.262465
18.200000 95.144820
18.300000 95.027249
18.400000 94.909750
18.500000 94.792324
18.600000 94.674970
18.700000 94.557689
18.800000 94.440481
18.900000 94.323346
19.000000 94.206283
19.100000 94.089293
19.200000 93.972375
19.300000 93.855531
19.400000 93.738759
19.500000 93.622059
19.600000 93.505433
19.700000 93.388879
19.800000 93.272397
19.900000 93.155989
20.000000 93.039653
20.100000 92.923390
20.200000 92.807199
20.300000 92.691081
20.400000 92.575036
20.500000 92.459064
20.600000 92.343164
20.700000 92.227337
20.800000 92.111582
20.900000 91.995901
21.000000 91.880292
21.100000 91.764755
21.200000 91.649292
21.300000 91.533901
21.400000 91.418582
21.500000 91.303337
21.600000 91.188164
21.700000 91.073064
21.800000 90.958036
21.900000 90.843081
22.000000 90.728199
22.100000 90.613390
22.200000 90.498653
22.300000 90.383989
22.400000 90.269397
22.500000 90.154879
22.600000 90.040432
22.700000 89.926059
22.800000 89.811758
22.900000 89.697530
23.000000 89.583375
23.100000 89.469293
23.200000 89.355283
23.300000 89.241345
23.400000 89.127481
23.500000 89.013689
23.600000 88.899970
23.700000 88.786323
23.800000 88.672750
23.900000 88.559248
24.000000 88.445820
24.100000 88.332464
24.200000 88.219181
24.300000 88.105971
24.400000 87.992833
24.500000 87.879768
24.600000 87.766776
24.700000 87.653856
24.800000 87.541009
24.900000 87.428235
25.000000 87.315534
25.100000 87.202905
25.200000 87.090349
25.300000 86.977865
25.400000 86.865454
25.500000 86.753116
25.600000 86.640851
25.700000 86.528658
25.800000 86.416538
25.900000 86.304491
26.000000 86.192516
26.100000 86.080614
26.200000 85.968785
26.300000 85.857028
26.400000 85.745344
26.500000 85.633733
26.600000 85.522194
26.700000 85.410728
26.800000 85.299335
26.900000 85.188015
27.000000 85.076767
27.100000 84.965592
27.200000 84.854489
27.300000 84.743460
27.400000 84.632503
27.500000 84.521618
27.600000 84.410807
27.700000 84.300068
27.800000 84.189401
27.900000 84.078808
28.000000 83.968287
28.100000 83.857839
28.200000 83.747463
28.300000 83.637160
28.400000 83.526930
28.500000 83.416772
28.600000 83.306688
28.700000 83.196675
28.800000 83.086736
28.900000 82.976869
29.000000 82.867075
29.100000 82.757354
29.200000 82.647705
29.300000 82.538129
29.400000 82.428626
29.500000 82.319195
29.600000 82.209837
29.700000 82.100552
29.800000 81.991339
29.900000 81.882200
30.000000 81.773132
30.100000 81.664138
30.200000 81.555216
30.300000 81.446367
30.400000 81.337591
30.500000 81.228887
30.600000 81.120256
30.700000 81.011697
30.800000 80.903212
30.900000 80.794799
31.000000 80.686458
31.100000 80.578191
31.200000 80.469996
31.300000 80.361874
31.400000 80.253824
31.500000 80.145847
31.600000 80.037943
31.700000 79.930111
31.800000 79.822353
31.900000 79.714666
32.000000 79.607053
32.100000 79.499512
32.200000 79.392044
32.300000 79.284649
32.400000 79.177326
32.500000 79.070076
32.600000 78.962899
32.700000 78.855794
32.800000 78.748762
32.900000 78.641803
33.000000 78.534916
33.100000 78.428103
33.200000 78.321361
33.300000 78.214693
33.400000 78.108097
33.500000 78.001574
33.600000 77.895123
33.700000 77.788746
33.800000 77.682441
33.900000 77.576208
34.000000 77.470048
34.100000 77.363961
34.200000 77.257947
34.300000 77.152006
34.400000 77.046137
34.500000 76.940340
34.600000 76.834617
34.700000 76.728966
34.800000 76.623388
34.900000 76.517882
35.000000 76.412449
35.100000 76.307089
35.200000 76.201802
35.300000 76.096587
35.400000 75.991445
35.500000 75.886375
35.600000 75.781379
35.700000 75.676455
35.800000 75.571603
35.900000 75.466825
36.000000 75.362119
36.100000 75.257486
36.200000 75.152925
36.300000 75.048437
36.400000 74.944022
36.500000 74.839679
36.600000 74.735410
36.700000 74.631212
36.800000 74.527088
36.900000 74.423036
37.000000 74.319057
37.100000 74.215151
37.200000 74.111317
37.300000 74.007556
37.400000 73.903868
37.500000 73.800252
37.600000 73.696709
37.700000 73.593239
37.800000 73.489841
37.900000 73.386516
38.000000 73.283264
38.100000 73.180085
38.200000 73.076978
38.300000 72.973944
38.400000 72.870982
38.500000 72.768093
38.600000 72.665277
38.700000 72.562534
38.800000 72.459863
38.900000 72.357265
39.000000 72.254740
39.100000 72.152287
39.200000 72.049907
39.300000 71.947600
39.400000 71.845365
39.500000 71.743203
39.600000 71.641114
39.700000 71.539098
39.800000 71.437154
39.900000 71.335283
40.000000 71.233484
40.100000 71.131758
40.200000 71.030105
40.300000 70.928525
40.400000 70.827017
40.500000 70.725582
40.600000 70.624220
40.700000 70.522930
40.800000 70.421713
40.900000 70.320569
41.000000 70.219497
41.100000 70.118499
41.200000 70.017572
41.300000 69.916719
41.400000 69.815938
41.500000 69.715230
41.600000 69.614594
41.700000 69.514032
41.800000 69.413541
41.900000 69.313124
42.000000 69.212779
42.100000 69.112507
42.200000 69.012308
42.300000 68.912181
42.400000 68.812127
42.500000 68.712146
42.600000 68.612237
42.700000 68.512402
42.800000 68.412638
42.900000 68.312948
43.000000 68.213330
43.100000 68.113785
43.200000 68.014312
43.300000 67.914912
43.400000 67.815585
43.500000 67.716331
43.600000 67.617149
43.700000 67.518040
43.800000 67.419004
43.900000 67.320040
44.000000 67.221149
44.100000 67.122331
44.200000 67.023585
44.300000 66.924912
44.400000 66.826312
44.500000 66.727785
44.600000 66.629330
44.700000 66.530948
44.800000 66.432638
44.900000 66.334401
45.000000 66.236237
45.100000 66.138146
45.200000 66.040127
45.300000 65.942181
45.400000 65.844308
45.500000 65.746507
45.600000 65.648779
45.700000 65.551124
45.800000 65.453541
45.900000 65.356031
46.000000 65.258594
46.100000 65.161230
46.200000 65.063938
46.300000 64.966718
46.400000 64.869572
46.500000 64.772498
46.600000 64.675497
46.700000 64.578569
46.800000 64.481713
46.900000 64.384930
47.000000 64.288220
47.100000 64.191582
47.200000 64.095017
47.300000 63.998525
47.400000 63.902105
47.500000 63.805758
47.600000 63.709484
47.700000 63.613282
47.800000 63.517153
47.900000 63.421097
48.000000 63.325114
48.100000 63.229203
48.200000 63.133365
48.300000 63.037599
48.400000 62.941907
48.500000 62.846287
48.600000 62.750739
48.700000 62.655265
48.800000 62.559863
48.900000 62.464533
49.000000 62.369277
49.100000 62.274093
49.200000 62.178982
49.300000 62.083943
49.400000 61.988977
49.500000 61.894084
49.600000 61.799263
49.700000 61.704516
49.800000 61.609841
49.900000 61.515238
50.000000 61.420708
50.100000 61.326251
50.200000 61.231867
50.300000 61.137555
50.400000 61.043316
50.500000 60.949150
50.600000 60.855056
50.700000 60.761035
50.800000 60.667087
50.900000 60.573212
51.000000 60.479409
51.100000 60.385679
51.200000 60.292021
51.300000 60.198436
51.400000 60.104924
51.500000 60.011485
51.600000 59.918118
51.700000 59.824824
51.800000 59.731603
51.900000 59.638454
52.000000 59.545378
52.100000 59.452375
52.200000 59.359444
52.300000 59.266586
52.400000 59.173801
52.500000 59.081088
52.600000 58.988448
52.700000 58.895881
52.800000 58.803387
52.900000 58.710965
53.000000 58.618616
53.100000 58.526339
53.200000 58.434136
53.300000 58.342004
53.400000 58.249946
53.500000 58.157960
53.600000 58.066047
53.700000 57.974207
53.800000 57.882439
53.900000 57.790744
54.000000 57.699122
54.100000 57.607573
54.200000 57.516096
54.300000 57.424692
54.400000 57.333360
54.500000 57.242101
54.600000 57.150915
54.700000 57.059802
54.800000 56.968761
54.900000 56.877793
55.000000 56.786898
55.100000 56.696075
55.200000 56.605325
55.300000 56.514648
55.400000 56.424043
55.500000 56.333511
55.600000 56.243052
55.700000 56.152665
55.800000 56.062351
55.900000 55.972110
56.000000 55.881942
56.100000 55.791846
56.200000 55.701823
56.300000 55.611872
56.400000 55.521994
56.500000 55.432189
56.600000 55.342457
56.700000 55.252797
56.800000 55.163210
56.900000 55.073696
57.000000 54.984254
57.100000 54.894885
57.200000 54.805589
57.300000 54.716365
57.400000 54.627215
57.500000 54.538136
57.600000 54.449131
57.700000 54.360198
57.800000 54.271338
57.900000 54.182550
58.000000 54.093836
58.100000 54.005194
58.200000 53.916624
58.300000 53.828128
58.400000 53.739704
58.500000 53.651352
58.600000 53.563074
58.700000 53.474868
58.800000 53.386734
58.900000 53.298674
59.000000 53.210686
59.100000 53.122771
59.200000 53.034928
59.300000 52.947158
59.400000 52.859461
59.500000 52.771837
59.600000 52.684285
59.700000 52.596806
59.800000 52.509399
59.900000 52.422066
60.000000 52.334805
60.100000 52.247616
60.200000 52.160501
60.300000 52.073458
60.400000 51.986488
60.500000 51.899590
60.600000 51.812765
60.700000 51.726013
60.800000 51.639333
60.900000 51.552727
61.000000 51.466192
61.100000 51.379731
61.200000 51.293342
61.300000 51.207026
61.400000 51.120783
61.500000 51.034612
61.600000 50.948514
61.700000 50.862489
61.800000 50.776536
61.900000 50.690656
62.000000 50.604849
62.100000 50.519114
62.200000 50.433452
62.300000 50.347863
62.400000 50.262346
62.500000 50.176903
62.600000 50.091532
62.700000 50.006233
62.800000 49.921007
62.900000 49.835854
63.000000 49.750774
63.100000 49.665766
63.200000 49.580831
63.300000 49.495969
63.400000 49.411179
63.500000 49.326462
63.600000 49.241818
63.700000 49.157246
63.800000 49.072747
63.900000 48.988321
64.000000 48.903968
64.100000 48.819687
64.200000 48.735479
64.300000 48.651343
64.400000 48.567280
64.500000 48.483290
64.600000 48.399373
64.700000 48.315528
64.800000 48.231756
64.900000 48.148057
65.000000 48.064430
65.100000 47.980876
65.200000 47.897395
65.300000 47.813986
65.400000 47.730650
65.500000 47.647387
65.600000 47.564197
65.700000 47.481079
65.800000 47.398034
65.900000 47.315061
66.000000 47.232161
66.100000 47.149334
66.200000 47.066580
66.300000 46.983898
66.400000 46.901289
66.500000 46.818753
66.600000 46.736289
66.700000 46.653898
66.800000 46.571580
66.900000 46.489334
67.000000 46.407161
67.100000 46.325061
67.200000 46.243033
67.300000 46.161079
67.400000 46.079196
67.500000 45.997387
67.600000 45.915650
67.700000 45.833986
67.800000 45.752395
67.900000 45.670876
68.000000 45.589430
68.100000 45.508057
68.200000 45.426756
68.300000 45.345528
68.400000 45.264373
68.500000 45.183290
68.600000 45.102280
68.700000 45.021343
68.800000 44.940478
68.900000 44.859686
69.000000 44.778967
69.100000 44.698321
69.200000 44.617747
69.300000 44.537246
69.400000 44.456818
69.500000 44.376462
69.600000 44.296179
69.700000 44.215968
69.800000 44.135831
69.900000 44.055766
70.000000 43.975773
70.100000 43.895854
70.200000 43.816007
70.300000 43.736233
70.400000 43.656531
70.500000 43.576902
70.600000 43.497346
70.700000 43.417863
70.800000 43.338452
70.900000 43.259114
71.000000 43.179848
71.100000 43.100656
71.200000 43.021536
71.300000 42.942488
71.400000 42.863513
71.500000 42.784611
71.600000 42.705782
71.700000 42.627026
71.800000 42.548342
71.900000 42.469730
72.000000 42.391192
72.100000 42.312726
72.200000 42.234333
72.300000 42.156012
72.400000 42.077765
72.500000 41.999589
72.600000 41.921487
72.700000 41.843457
72.800000 41.765500
72.900000 41.687616
73.000000 41.609804
73.100000 41.532065
73.200000 41.454399
73.300000 41.376805
73.400000 41.299284
73.500000 41.221836
73.600000 41.144461
73.700000 41.067158
73.800000 40.989927
73.900000 40.912770
74.000000 40.835685
74.100000 40.758673
74.200000 40.681734
74.300000 40.604867
74.400000 40.528073
74.500000 40.451351
74.600000 40.374703
74.700000 40.298127
74.800000 40.221623
74.900000 40.145193
75.000000 40.068835
75.100000 39.992550
75.200000 39.916337
75.300000 39.840197
75.400000 39.764130
75.500000 39.688136
75.600000 39.612214
75.700000 39.536365
75.800000 39.460588
75.900000 39.384884
76.000000 39.309253
76.100000 39.233695
76.200000 39.158209
76.300000 39.082796
76.400000 39.007456
76.500000 38.932188
76.600000 38.856993
76.700000 38.781871
76.800000 38.706822
76.900000 38.631845
77.000000 38.556941
77.100000 38.482109
77.200000 38.407350
77.300000 38.332664
77.400000 38.258051
77.500000 38.183510
77.600000 38.109042
77.700000 38.034646
77.800000 37.960324
77.900000 37.886074
78.000000 37.811896
78.100000 37.737792
78.200000 37.663760
78.300000 37.589801
78.400000 37.515914
78.500000 37.442100
78.600000 37.368359
78.700000 37.294690
78.800000 37.221095
78.900000 37.147572
79.000000 37.074121
79.100000 37.000743
79.200000 36.927438
79.300000 36.854206
79.400000 36.781046
79.500000 36.707959
79.600000 36.634945
79.700000 36.562003
79.800000 36.489134
79.900000 36.416338
80.000000 36.343614
80.100000 36.270964
80.200000 36.198385
80.300000 36.125880
80.400000 36.053447
80.500000 35.981087
80.600000 35.908799
80.700000 35.836585
80.800000 35.764443
80.900000 35.692373
81.000000 35.620376
81.100000 35.548452
81.200000 35.476601
81.300000 35.404823
81.400000 35.333117
81.500000 35.261483
81.600000 35.189923
81.700000 35.118435
81.800000 35.047020
81.900000 34.975677
82.000000 34.904407
82.100000 34.833210
82.200000 34.762086
82.300000 34.691034
82.400000 34.620055
82.500000 34.549148
82.600000 34.478315
82.700000 34.407554
82.800000 34.336865
82.900000 34.266250
83.000000 34.195707
83.100000 34.125237
83.200000 34.054839
83.300000 33.984514
83.400000 33.914262
83.500000 33.844082
83.600000 33.773976
83.700000 33.703941
83.800000 33.633980
83.900000 33.564091
84.000000 33.494275
84.100000 33.424532
84.200000 33.354861
84.300000 33.285263
84.400000 33.215738
84.500000 33.146285
84.600000 33.076905
84.700000 33.007598
84.800000 32.938363
84.900000 32.869201
85.000000 32.800112
85.100000 32.731095
85.200000 32.662152
85.300000 32.593281
85.400000 32.524482
85.500000 32.455756
85.600000 32.387103
85.700000 32.318523
85.800000 32.250015
85.900000 32.181580
86.000000 32.113218
86.100000 32.044928
86.200000 31.976711
86.300000 31.908567
86.400000 31.840495
86.500000 31.772496
86.600000 31.704570
86.700000 31.636717
86.800000 31.568936
86.900000 31.501228
87.000000 31.433592
87.100000 31.366029
87.200000 31.298539
87.300000 31.231122
87.400000 31.163777
87.500000 31.096505
87.600000 31.029306
87.700000 30.962179
87.800000 30.895125
87.900000 30.828144
88.000000 30.761235
88.100000 30.694399
88.200000 30.627636
88.300000 30.560946
88.400000 30.494328
88.500000 30.427783
88.600000 30.361310
88.700000 30.294910
88.800000 30.228583
88.900000 30.162329
89.000000 30.096147
89.100000 30.030038
89.200000 29.964002
89.300000 29.898038
89.400000 29.832147
89.500000 29.766329
89.600000 29.700583
89.700000 29.634910
89.800000 29.569310
89.900000 29.503783
90.000000 29.438328
90.100000 29.372946
90.200000 29.307636
90.300000 29.242399
90.400000 29.177235
90.500000 29.112144
90.600000 29.047125
90.700000 28.982179
90.800000 28.917306
90.900000 28.852505
91.000000 28.787777
91.100000 28.723122
91.200000 28.658539
91.300000 28.594029
91.400000 28.529592
91.500000 28.465227
91.600000 28.400936
91.700000 28.336716
91.800000 28.272570
91.900000 28.208496
92.000000 28.144495
92.100000 28.080567
92.200000 28.016711
92.300000 27.952928
92.400000 27.889217
92.500000 27.825580
92.600000 27.762015
92.700000 27.698523
92.800000 27.635103
92.900000 27.571756
93.000000 27.508482
93.100000 27.445280
93.200000 27.382151
93.300000 27.319095
93.400000 27.256112
93.500000 27.193201
93.600000 27.130363
93.700000 27.067597
93.800000 27.004905
93.900000 26.942285
94.000000 26.879737
94.100000 26.817263
94.200000 26.754861
94.300000 26.692531
94.400000 26.630275
94.500000 26.568091
94.600000 26.505979
94.700000 26.443941
94.800000 26.381975
94.900000 26.320082
95.000000 26.258261
95.100000 26.196514
95.200000 26.134839
95.300000 26.073236
95.400000 26.011706
95.500000 25.950249
95.600000 25.888865
95.700000 25.827553
95.800000 25.766314
95.900000 25.705148
96.000000 25.644054
96.100000 25.583033
96.200000 25.522085
96.300000 25.461210
96.400000 25.400407
96.500000 25.339677
96.600000 25.279019
96.700000 25.218434
96.800000 25.157922
96.900000 25.097483
97.000000 25.037116
97.100000 24.976822
97.200000 24.916601
97.300000 24.856452
97.400000 24.796376
97.500000 24.736373
97.600000 24.676442
97.700000 24.616584
97.800000 24.556799
97.900000 24.497086
98.000000 24.437446
98.100000 24.377879
98.200000 24.318385
98.300000 24.258963
98.400000 24.199614
98.500000 24.140337
98.600000 24.081134
98.700000 24.022002
98.800000 23.962944
98.900000 23.903958
99.000000 23.845045
99.100000 23.786205
99.200000 23.727437
99.300000 23.668743
99.400000 23.610120
99.500000 23.551571
99.600000 23.493094
99.700000 23.434690
99.800000 23.376358
99.900000 23.318099
100.000000 23.259913
100.100000 23.201800
100.200000 23.143759
100.300000 23.085791
100.400000 23.027896
100.500000 22.970073
100.600000 22.912323
100.700000 22.854646
100.800000 22.797041
100.900000 22.739509
101.000000 22.682050
101.100000 22.624663
101.200000 22.567349
101.300000 22.510108
101.400000 22.452940
101.500000 22.395844
101.600000 22.338821
101.700000 22.281870
101.800000 22.224992
101.900000 22.168187
102.000000 22.111455
102.100000 22.054795
102.200000 21.998208
102.300000 21.941694
102.400000 21.885252
102.500000 21.828883
102.600000 21.772587
102.700000 21.716364
102.800000 21.660213
102.900000 21.604134
103.000000 21.548129
103.100000 21.492196
103.200000 21.436336
103.300000 21.380549
103.400000 21.324834
103.500000 21.269192
103.600000 21.213622
103.700000 21.158126
103.800000 21.102702
103.900000 21.047350
104.000000 20.992072
104.100000 20.936866
104.200000 20.881732
104.300000 20.826672
104.400000 20.771684
104.500000 20.716769
104.600000 20.661926
104.700000 20.607156
104.800000 20.552459
104.900000 20.497835
105.000000 20.443283
105.100000 20.388804
105.200000 20.334398
105.300000 20.280064
105.400000 20.225803
105.500000 20.171615
105.600000 20.117499
105.700000 20.063456
105.800000 20.009486
105.900000 19.955588
106.000000 19.901763
106.100000 19.848011
106.200000 19.794332
106.300000 19.740725
106.400000 19.687191
106.500000 19.633729
106.600000 19.580340
106.700000 19.527024
106.800000 19.473781
106.900000 19.420610
107.000000 19.367512
107.100000 19.314487
107.200000 19.261534
107.300000 19.208654
107.400000 19.155847
107.500000 19.103112
107.600000 19.050450
107.700000 18.997861
107.800000 18.945345
107.900000 18.892901
108.000000 18.840530
108.100000 18.788231
108.200000 18.736005
108.300000 18.683852
108.400000 18.631772
108.500000 18.579764
108.600000 18.527829
108.700000 18.475967
108.800000 18.424177
108.900000 18.372460
109.000000 18.320816
109.100000 18.269244
109.200000 18.217746
109.300000 18.166319
109.400000 18.114966
109.500000 18.063685
109.600000 18.012477
109.700000 17.961341
109.800000 17.910279
109.900000 17.859288
110.000000 17.808371
110.100000 17.757526
110.200000 17.706754
110.300000 17.656055
110.400000 17.605428
110.500000 17.554874
110.600000 17.504393
110.700000 17.453984
110.800000 17.403649
110.900000 17.353385
111.000000 17.303195
111.100000 17.253077
111.200000 17.203032
111.300000 17.153059
111.400000 17.103160
111.500000 17.053332
111.600000 17.003578
111.700000 16.953896
111.800000 16.904287
111.900000 16.854751
112.000000 16.805287
112.100000 16.755896
112.200000 16.706578
112.300000 16.657332
112.400000 16.608160
112.500000 16.559059
112.600000 16.510032
112.700000 16.461077
112.800000 16.412195
112.900000 16.363385
113.000000 16.314649
113.100000 16.265984
113.200000 16.217393
113.300000 16.168874
113.400000 16.120428
113.500000 16.072055
113.600000 16.023754
113.700000 15.975526
113.800000 15.927371
113.900000 15.879288
114.000000 15.831278
114.100000 15.783341
114.200000 15.735477
114.300000 15.687685
114.400000 15.639966
114.500000 15.592319
114.600000 15.544745
114.700000 15.497244
114.800000 15.449816
114.900000 15.402460
115.000000 15.355177
115.100000 15.307967
115.200000 15.260829
115.300000 15.213764
115.400000 15.166772
115.500000 15.119852
115.600000 15.073005
115.700000 15.026231
115.800000 14.979529
115.900000 14.932901
116.000000 14.886344
116.100000 14.839861
116.200000 14.793450
116.300000 14.747112
116.400000 14.700847
116.500000 14.654654
116.600000 14.608534
116.700000 14.562487
116.800000 14.516512
116.900000 14.470610
117.000000 14.424781
117.100000 14.379024
117.200000 14.333340
117.300000 14.287729
117.400000 14.242190
117.500000 14.196724
117.600000 14.151331
117.700000 14.106011
117.800000 14.060763
117.900000 14.015588
118.000000 13.970485
118.100000 13.925456
118.200000 13.880499
118.300000 13.835614
118.400000 13.790803
118.500000 13.746064
118.600000 13.701397
118.700000 13.656804
118.800000 13.612283
118.900000 13.567834
119.000000 13.523459
119.100000 13.479156
119.200000 13.434926
119.300000 13.390768
119.400000 13.346684
119.500000 13.302671
119.600000 13.258732
119.700000 13.214865
119.800000 13.171071
119.900000 13.127350
120.000000 13.083701
120.100000 13.040125
120.200000 12.996622
120.300000 12.953191
120.400000 12.909833
120.500000 12.866548
120.600000 12.823336
120.700000 12.780196
120.800000 12.737128
120.900000 12.694134
121.000000 12.651212
121.100000 12.608363
121.200000 12.565587
121.300000 12.522883
121.400000 12.480252
121.500000 12.437693
121.600000 12.395208
121.700000 12.352795
121.800000 12.310454
121.900000 12.268187
122.000000 12.225992
122.100000 12.183870
122.200000 12.141820
122.300000 12.099843
122.400000 12.057939
122.500000 12.016108
122.600000 11.974349
122.700000 11.932663
122.800000 11.891049
122.900000 11.849508
123.000000 11.808040
123.100000 11.766645
123.200000 11.725322
123.300000 11.684072
123.400000 11.642895
123.500000 11.601790
123.600000 11.560758
123.700000 11.519799
123.800000 11.478913
123.900000 11.438099
124.000000 11.397357
124.100000 11.356689
124.200000 11.316093
124.300000 11.275570
124.400000 11.235120
124.500000 11.194742
124.600000 11.154437
124.700000 11.114204
124.800000 11.074045
124.900000 11.033958
125.000000 10.993943
125.100000 10.954002
125.200000 10.914133
125.300000 10.874337
125.400000 10.834613
125.500000 10.794962
125.600000 10.755384
125.700000 10.715878
125.800000 10.676446
125.900000 10.637085
126.000000 10.597798
126.100000 10.558583
126.200000 10.519441
126.300000 10.480372
126.400000 10.441375
126.500000 10.402451
126.600000 10.363600
126.700000 10.324821
126.800000 10.286115
126.900000 10.247482
127.000000 10.208921
127.100000 10.170433
127.200000 10.132018
127.300000 10.093676
127.400000 10.055406
127.500000 10.017209
127.600000 9.979084
127.700000 9.941033
127.800000 9.903053
127.900000 9.865147
128.000000 9.827313
128.100000 9.789552
128.200000 9.751864
128.300000 9.714248
128.400000 9.676705
128.500000 9.639235
128.600000 9.601838
128.700000 9.564513
128.800000 9.527260
128.900000 9.490081
129.000000 9.452974
129.100000 9.415940
129.200000 9.378979
129.300000 9.342090
129.400000 9.305274
129.500000 9.268530
129.600000 9.231860
129.700000 9.195262
129.800000 9.158736
129.900000 9.122284
130.000000 9.085904
130.100000 9.049596
130.200000 9.013362
130.300000 8.977200
130.400000 8.941111
130.500000 8.905094
130.600000 8.869150
130.700000 8.833279
130.800000 8.797481
130.900000 8.761755
131.000000 8.726102
131.100000 8.690521
131.200000 8.655014
131.300000 8.619579
131.400000 8.584216
131.500000 8.548927
131.600000 8.513710
131.700000 8.478565
131.800000 8.443494
131.900000 8.408495
132.000000 8.373569
132.100000 8.338715
132.200000 8.303934
132.300000 8.269226
132.400000 8.234591
132.500000 8.200028
132.600000 8.165538
132.700000 8.131121
132.800000 8.096776
132.900000 8.062504
133.000000 8.028304
133.100000 7.994178
133.200000 7.960124
133.300000 7.926143
133.400000 7.892234
133.500000 7.858398
133.600000 7.824635
133.700000 7.790944
133.800000 7.757326
133.900000 7.723781
134.000000 7.690309
134.100000 7.656909
134.200000 7.623582
134.300000 7.590328
134.400000 7.557146
134.500000 7.524037
134.600000 7.491000
134.700000 7.458037
134.800000 7.425146
134.900000 7.392328
135.000000 7.359582
135.100000 7.326909
135.200000 7.294309
135.300000 7.261781
135.400000 7.229326
135.500000 7.196944
135.600000 7.164635
135.700000 7.132398
135.800000 7.100234
135.900000 7.068142
136.000000 7.036124
136.100000 7.004178
136.200000 6.972304
136.300000 6.940504
136.400000 6.908776
136.500000 6.877120
136.600000 6.845538
136.700000 6.814028
136.800000 6.782591
136.900000 6.751226
137.000000 6.719934
137.100000 6.688715
137.200000 6.657569
137.300000 6.626495
137.400000 6.595494
137.500000 6.564565
137.600000 6.533710
137.700000 6.502927
137.800000 6.472216
137.900000 6.441579
138.000000 6.411014
138.100000 6.380521
138.200000 6.350102
138.300000 6.319755
138.400000 6.289481
138.500000 6.259279
138.600000 6.229150
138.700000 6.199094
138.800000 6.169110
138.900000 6.139200
139.000000 6.109362
139.100000 6.079596
139.200000 6.049903
139.300000 6.020283
139.400000 5.990736
139.500000 5.961261
139.600000 5.931859
139.700000 5.902530
139.800000 5.873273
139.900000 5.844090
140.000000 5.814978
140.100000 5.785940
140.200000 5.756974
140.300000 5.728081
140.400000 5.699260
140.500000 5.670512
140.600000 5.641837
140.700000 5.613235
140.800000 5.584705
140.900000 5.556248
141.000000 5.527864
141.100000 5.499552
141.200000 5.471313
141.300000 5.443147
141.400000 5.415053
141.500000 5.387032
141.600000 5.359084
141.700000 5.331208
141.800000 5.303406
141.900000 5.275675
142.000000 5.248018
142.100000 5.220433
142.200000 5.192921
142.300000 5.165482
142.400000 5.138115
142.500000 5.110821
142.600000 5.083599
142.700000 5.056451
142.800000 5.029375
142.900000 5.002371
143.000000 4.975441
143.100000 4.948583
143.200000 4.921798
143.300000 4.895085
143.400000 4.868445
143.500000 4.841878
143.600000 4.815384
143.700000 4.788962
143.800000 4.762613
143.900000 4.736336
144.000000 4.710132
144.100000 4.684001
144.200000 4.657943
144.300000 4.631957
144.400000 4.606044
144.500000 4.580204
144.600000 4.554436
144.700000 4.528741
144.800000 4.503119
144.900000 4.477570
145.000000 4.452093
145.100000 4.426689
145.200000 4.401357
145.300000 4.376098
145.400000 4.350912
145.500000 4.325799
145.600000 4.300758
145.700000 4.275790
145.800000 4.250895
145.900000 4.226072
146.000000 4.201322
146.100000 4.176645
146.200000 4.152040
146.300000 4.127508
146.400000 4.103049
146.500000 4.078662
146.600000 4.054348
146.700000 4.030107
146.800000 4.005939
146.900000 3.981843
147.000000 3.957820
147.100000 3.933869
147.200000 3.909991
147.300000 3.886186
147.400000 3.862454
147.500000 3.838794
147.600000 3.815207
147.700000 3.791693
147.800000 3.768251
147.900000 3.744882
148.000000 3.721586
148.100000 3.698363
148.200000 3.675212
148.300000 3.652133
148.400000 3.629128
148.500000 3.606195
148.600000 3.583335
148.700000 3.560548
148.800000 3.537833
148.900000 3.515191
149.000000 3.492621
149.100000 3.470125
149.200000 3.447701
149.300000 3.425349
149.400000 3.403071
149.500000 3.380865
149.600000 3.358731
149.700000 3.336671
149.800000 3.314683
149.900000 3.292768
150.000000 3.270925
150.100000 3.249155
150.200000 3.227458
150.300000 3.205834
150.400000 3.184282
150.500000 3.162803
150.600000 3.141397
150.700000 3.120063
150.800000 3.098802
150.900000 3.077614
151.000000 3.056498
151.100000 3.035455
151.200000 3.014485
151.300000 2.993587
151.400000 2.972762
151.500000 2.952010
151.600000 2.931331
151.700000 2.910724
151.800000 2.890190
151.900000 2.869728
152.000000 2.849339
152.100000 2.829023
152.200000 2.808780
152.300000 2.788609
152.400000 2.768511
152.500000 2.748486
152.600000 2.728533
152.700000 2.708653
152.800000 2.688846
152.900000 2.669111
153.000000 2.649449
153.100000 2.629860
153.200000 2.610344
153.300000 2.590900
153.400000 2.571529
153.500000 2.552230
153.600000 2.533005
153.700000 2.513851
153.800000 2.494771
153.900000 2.475763
154.000000 2.456828
154.100000 2.437966
154.200000 2.419176
154.300000 2.400459
154.400000 2.381815
154.500000 2.363244
154.600000 2.344745
154.700000 2.326318
154.800000 2.307965
154.900000 2.289684
155.000000 2.271476
155.100000 2.253340
155.200000 2.235278
155.300000 2.217288
155.400000 2.199370
155.500000 2.181525
155.600000 2.163753
155.700000 2.146054
155.800000 2.128427
155.900000 2.110873
156.000000 2.093392
156.100000 2.075984
156.200000 2.058648
156.300000 2.041384
156.400000 2.024194
156.500000 2.007076
156.600000 1.990031
156.700000 1.973058
156.800000 1.956159
156.900000 1.939332
157.000000 1.922577
157.100000 1.905895
157.200000 1.889286
157.300000 1.872750
157.400000 1.856286
157.500000 1.839895
157.600000 1.823577
157.700000 1.807332
157.800000 1.791159
157.900000 1.775058
158.000000 1.759031
158.100000 1.743076
158.200000 1.727194
158.300000 1.711384
158.400000 1.695648
158.500000 1.679984
158.600000 1.664392
158.700000 1.648873
158.800000 1.633427
158.900000 1.618054
159.000000 1.602753
159.100000 1.587525
159.200000 1.572370
159.300000 1.557288
159.400000 1.542278
159.500000 1.527340
159.600000 1.512476
159.700000 1.497684
159.800000 1.482965
159.900000 1.468318
160.000000 1.453745
160.100000 1.439243
160.200000 1.424815
160.300000 1.410459
160.400000 1.396176
160.500000 1.381966
160.600000 1.367828
160.700000 1.353763
160.800000 1.339771
160.900000 1.325851
161.000000 1.312004
161.100000 1.298230
161.200000 1.284529
161.300000 1.270900
161.400000 1.257344
161.500000 1.243860
161.600000 1.230449
161.700000 1.217111
161.800000 1.203846
161.900000 1.190653
162.000000 1.177533
162.100000 1.164486
162.200000 1.151511
162.300000 1.138609
162.400000 1.125780
162.500000 1.113023
162.600000 1.100339
162.700000 1.087728
162.800000 1.075189
162.900000 1.062724
163.000000 1.050330
163.100000 1.038010
163.200000 1.025762
163.300000 1.013587
163.400000 1.001485
163.500000 0.989455
163.600000 0.977498
163.700000 0.965613
163.800000 0.953802
163.900000 0.942063
164.000000 0.930397
164.100000 0.918803
164.200000 0.907282
164.300000 0.895834
164.400000 0.884458
164.500000 0.873155
164.600000 0.861925
164.700000 0.850768
164.800000 0.839683
164.900000 0.828671
165.000000 0.817731
165.100000 0.806865
165.200000 0.796071
165.300000 0.785349
165.400000 0.774700
165.500000 0.764124
165.600000 0.753621
165.700000 0.743191
165.800000 0.732833
165.900000 0.722547
166.000000 0.712335
166.100000 0.702195
166.200000 0.692128
166.300000 0.682133
166.400000 0.672211
166.500000 0.662362
166.600000 0.652586
166.700000 0.642882
166.800000 0.633251
166.900000 0.623693
167.000000 0.614207
167.100000 0.604794
167.200000 0.595454
167.300000 0.586186
167.400000 0.576991
167.500000 0.567869
167.600000 0.558819
167.700000 0.549843
167.800000 0.540938
167.900000 0.532107
168.000000 0.523348
168.100000 0.514662
168.200000 0.506048
168.300000 0.497508
168.400000 0.489040
168.500000 0.480644
168.600000 0.472322
168.700000 0.464072
168.800000 0.455894
168.900000 0.447790
169.000000 0.439758
169.100000 0.431798
169.200000 0.423912
169.300000 0.416098
169.400000 0.408357
169.500000 0.400688
169.600000 0.393093
169.700000 0.385569
169.800000 0.378119
169.900000 0.370741
170.000000 0.363436
170.100000 0.356204
170.200000 0.349044
170.300000 0.341957
170.400000 0.334943
170.500000 0.328001
170.600000 0.321132
170.700000 0.314336
170.800000 0.307612
170.900000 0.300961
171.000000 0.294383
171.100000 0.287878
171.200000 0.281445
171.300000 0.275085
171.400000 0.268797
171.500000 0.262583
171.600000 0.256441
171.700000 0.250371
171.800000 0.244374
171.900000 0.238450
172.000000 0.232599
172.100000 0.226820
172.200000 0.221115
172.300000 0.215481
172.400000 0.209921
172.500000 0.204433
172.600000 0.199018
172.700000 0.193675
172.800000 0.188405
172.900000 0.183208
173.000000 0.178084
173.100000 0.173032
173.200000 0.168053
173.300000 0.163146
173.400000 0.158313
173.500000 0.153552
173.600000 0.148863
173.700000 0.144248
173.800000 0.139705
173.900000 0.135235
174.000000 0.130837
174.100000 0.126512
174.200000 0.122260
174.300000 0.118080
174.400000 0.113974
174.500000 0.109939
174.600000 0.105978
174.700000 0.102089
174.800000 0.098273
174.900000 0.094530
175.000000 0.090859
175.100000 0.087261
175.200000 0.083736
175.300000 0.080283
175.400000 0.076903
175.500000 0.073596
175.600000 0.070361
175.700000 0.067199
175.800000 0.064110
175.900000 0.061094
176.000000 0.058150
176.100000 0.055279
176.200000 0.052480
176.300000 0.049754
176.400000 0.047101
176.500000 0.044521
176.600000 0.042013
176.700000 0.039578
176.800000 0.037216
176.900000 0.034926
177.000000 0.032709
177.100000 0.030565
177.200000 0.028493
177.300000 0.026494
177.400000 0.024568
177.500000 0.022715
177.600000 0.020934
177.700000 0.019226
177.800000 0.017590
177.900000 0.016028
178.000000 0.014537
178.100000 0.013120
178.200000 0.011775
178.300000 0.010503
178.400000 0.009304
178.500000 0.008177
178.600000 0.007123
178.700000 0.006142
178.800000 0.005233
178.900000 0.004398
179.000000 0.003634
179.100000 0.002944
179.200000 0.002326
179.300000 0.001781
179.400000 0.001308
179.500000 0.000909
179.600000 0.000581
179.700000 0.000327
179.800000 0.000145
179.900000 0.000036
180.000000 0.000000
