0.000000 88.233849
0.100000 88.135839
0.200000 88.037883
0.300000 87.939981
0.400000 87.842134
0.500000 87.744342
0.600000 87.646604
0.700000 87.548920
0.800000 87.451291
0.900000 87.353716
1.000000 87.256196
1.100000 87.158730
1.200000 87.061319
1.300000 86.963962
1.400000 86.866660
1.500000 86.769412
1.600000 86.672219
1.700000 86.575080
1.800000 86.477995
1.900000 86.380965
2.000000 86.283990
2.100000 86.187069
2.200000 86.090202
2.300000 85.993390
2.400000 85.896632
2.500000 85.799929
2.600000 85.703280
2.700000 85.606686
2.800000 85.510146
2.900000 85.413661
3.000000 85.317230
3.100000 85.220854
3.200000 85.124532
3.300000 85.028264
3.400000 84.932051
3.500000 84.835893
3.600000 84.739788
3.700000 84.643739
3.800000 84.547744
3.900000 84.451803
4.000000 84.355917
4.100000 84.260085
4.200000 84.164308
4.300000 84.068585
4.400000 83.972917
4.500000 83.877303
4.600000 83.781743
4.700000 83.686238
4.800000 83.590788
4.900000 83.495392
5.000000 83.400050
5.100000 83.304763
5.200000 83.209530
5.300000 83.114352
5.400000 83.019228
5.500000 82.924159
5.600000 82.829144
5.700000 82.734184
5.800000 82.639278
5.900000 82.544427
6.000000 82.449630
6.100000 82.354887
6.200000 82.260199
6.300000 82.165566
6.400000 82.070987
6.500000 81.976462
6.600000 81.881992
6.700000 81.787576
6.800000 81.693215
6.900000 81.598909
7.000000 81.504656
7.100000 81.410458
7.200000 81.316315
7.300000 81.222226
7.400000 81.128192
7.500000 81.034212
7.600000 80.940286
7.700000 80.846415
7.800000 80.752599
7.900000 80.658837
8.000000 80.565129
8.100000 80.471476
8.200000 80.377877
8.300000 80.284333
8.400000 80.190843
8.500000 80.097408
8.600000 80.004027
8.700000 79.910701
8.800000 79.817429
8.900000 79.724212
9.000000 79.631049
9.100000 79.537940
9.200000 79.444886
9.300000 79.351887
9.400000 79.258941
9.500000 79.166051
9.600000 79.073215
9.700000 78.980433
9.800000 78.887706
9.900000 78.795033
10.000000 78.702415
10.100000 78.609851
10.200000 78.517341
10.300000 78.424886
10.400000 78.332486
10.500000 78.240140
10.600000 78.147849
10.700000 78.055611
10.800000 77.963429
10.900000 77.871301
11.000000 77.779227
11.100000 77.687208
11.200000 77.595243
11.300000 77.503333
11.400000 77.411477
11.500000 77.319676
11.600000 77.227929
11.700000 77.136237
11.800000 77.044599
11.900000 76.953015
12.000000 76.861486
12.100000 76.770012
12.200000 76.678592
12.300000 76.587226
12.400000 76.495915
12.500000 76.404658
12.600000 76.313456
12.700000 76.222308
12.800000 76.131215
12.900000 76.040176
13.000000 75.949192
13.100000 75.858262
13.200000 75.767386
13.300000 75.676565
13.400000 75.585799
13.500000 75.495087
13.600000 75.404429
13.700000 75.313826
13.800000 75.223278
13.900000 75.132784
14.000000 75.042344
14.100000 74.951959
14.200000 74.861628
14.300000 74.771352
14.400000 74.681130
14.500000 74.590962
14.600000 74.500849
14.700000 74.410791
14.800000 74.320787
14.900000 74.230838
15.000000 74.140942
15.100000 74.051102
15.200000 73.961316
15.300000 73.871584
15.400000 73.781907
15.500000 73.692284
15.600000 73.602716
15.700000 73.513202
15.800000 73.423743
15.900000 73.334338
16.000000 73.244988
16.100000 73.155692
16.200000 73.066450
16.300000 72.977263
16.400000 72.888131
16.500000 72.799053
16.600000 72.710029
16.700000 72.621060
16.800000 72.532145
16.900000 72.443285
17.000000 72.354479
17.100000 72.265728
17.200000 72.177031
17.300000 72.088389
17.400000 71.999801
17.500000 71.911268
17.600000 71.822789
17.700000 71.734364
17.800000 71.645994
17.900000 71.557679
18.000000 71.469418
18.100000 71.381211
18.200000 71.293059
18.300000 71.204961
18.400000 71.116918
18.500000 71.028929
18.600000 70.940995
18.700000 70.853115
18.800000 70.765290
18.900000 70.677519
19.000000 70.589802
19.100000 70.502140
19.200000 70.414533
19.300000 70.326980
19.400000 70.239481
19.500000 70.152037
19.600000 70.064648
19.700000 69.977312
19.800000 69.890032
19.900000 69.802805
20.000000 69.715634
20.100000 69.628516
20.200000 69.541454
20.300000 69.454445
20.400000 69.367491
20.500000 69.280592
20.600000 69.193747
20.700000 69.106956
20.800000 69.020220
20.900000 68.933539
21.000000 68.846912
21.100000 68.760339
21.200000 68.673821
21.300000 68.587357
21.400000 68.500948
21.500000 68.414593
21.600000 68.328293
21.700000 68.242047
21.800000 68.155855
21.900000 68.069718
22.000000 67.983636
22.100000 67.897608
22.200000 67.811634
22.300000 67.725715
22.400000 67.639851
22.500000 67.554041
22.600000 67.468285
22.700000 67.382584
22.800000 67.296937
22.900000 67.211345
23.000000 67.125807
23.100000 67.040323
23.200000 66.954895
23.300000 66.869520
23.400000 66.784200
23.500000 66.698935
23.600000 66.613724
23.700000 66.528567
23.800000 66.443465
23.900000 66.358417
24.000000 66.273424
24.100000 66.188486
24.200000 66.103601
24.300000 66.018772
24.400000 65.933996
24.500000 65.849275
24.600000 65.764609
24.700000 65.679997
24.800000 65.595440
24.900000 65.510937
25.000000 65.426488
25.100000 65.342094
25.200000 65.257755
25.300000 65.173470
25.400000 65.089239
25.500000 65.005063
25.600000 64.920941
25.700000 64.836874
25.800000 64.752861
25.900000 64.668903
26.000000 64.584999
26.100000 64.501149
26.200000 64.417354
26.300000 64.333614
26.400000 64.249928
26.500000 64.166296
26.600000 64.082719
26.700000 63.999197
26.800000 63.915729
26.900000 63.832315
27.000000 63.748956
27.100000 63.665651
27.200000 63.582401
27.300000 63.499205
27.400000 63.416064
27.500000 63.332977
27.600000 63.249944
27.700000 63.166966
27.800000 63.084043
27.900000 63.001174
28.000000 62.918359
28.100000 62.835599
28.200000 62.752894
28.300000 62.670243
28.400000 62.587646
28.500000 62.505104
28.600000 62.422616
28.700000 62.340183
28.800000 62.257804
28.900000 62.175479
29.000000 62.093210
29.100000 62.010994
29.200000 61.928833
29.300000 61.846727
29.400000 61.764675
29.500000 61.682677
29.600000 61.600734
29.700000 61.518845
29.800000 61.437011
29.900000 61.355231
30.000000 61.273506
30.100000 61.191835
30.200000 61.110219
30.300000 61.028657
30.400000 60.947150
30.500000 60.865697
30.600000 60.784299
30.700000 60.702955
30.800000 60.621665
30.900000 60.540430
31.000000 60.459249
31.100000 60.378123
31.200000 60.297052
31.300000 60.216034
31.400000 60.135072
31.500000 60.054163
31.600000 59.973310
31.700000 59.892510
31.800000 59.811765
31.900000 59.731075
32.000000 59.650439
32.100000 59.569858
32.200000 59.489331
32.300000 59.408858
32.400000 59.328440
32.500000 59.248076
32.600000 59.167767
32.700000 59.087513
32.800000 59.007312
32.900000 58.927167
33.000000 58.847075
33.100000 58.767039
33.200000 58.687056
33.300000 58.607128
33.400000 58.527255
33.500000 58.447436
33.600000 58.367671
33.700000 58.287961
33.800000 58.208306
33.900000 58.128705
34.000000 58.049158
34.100000 57.969666
34.200000 57.890228
34.300000 57.810845
34.400000 57.731516
34.500000 57.652242
34.600000 57.573022
34.700000 57.493857
34.800000 57.414746
34.900000 57.335689
35.000000 57.256687
35.100000 57.177740
35.200000 57.098847
35.300000 57.020008
35.400000 56.941224
35.500000 56.862495
35.600000 56.783819
35.700000 56.705199
35.800000 56.626632
35.900000 56.548121
36.000000 56.469663
36.100000 56.391260
36.200000 56.312912
36.300000 56.234618
36.400000 56.156379
36.500000 56.078194
36.600000 56.000063
36.700000 55.921987
36.800000 55.843965
36.900000 55.765998
37.000000 55.688086
37.100000 55.610227
37.200000 55.532424
37.300000 55.454674
37.400000 55.376980
37.500000 55.299339
37.600000 55.221753
37.700000 55.144222
37.800000 55.066745
37.900000 54.989323
38.000000 54.911955
38.100000 54.834641
38.200000 54.757382
38.300000 54.680177
38.400000 54.603027
38.500000 54.525932
38.600000 54.448890
38.700000 54.371904
38.800000 54.294971
38.900000 54.218093
39.000000 54.141270
39.100000 54.064501
39.200000 53.987787
39.300000 53.911127
39.400000 53.834521
39.500000 53.757970
39.600000 53.681474
39.700000 53.605032
39.800000 53.528644
39.900000 53.452311
40.000000 53.376032
40.100000 53.299808
40.200000 53.223638
40.300000 53.147523
40.400000 53.071462
40.500000 52.995456
40.600000 52.919504
40.700000 52.843606
40.800000 52.767763
40.900000 52.691975
41.000000 52.616241
41.100000 52.540561
41.200000 52.464936
41.300000 52.389365
41.400000 52.313849
41.500000 52.238387
41.600000 52.162980
41.700000 52.087627
41.800000 52.012329
41.900000 51.937085
42.000000 51.861896
42.100000 51.786761
42.200000 51.711680
42.300000 51.636654
42.400000 51.561683
42.500000 51.486766
42.600000 51.411903
42.700000 51.337095
42.800000 51.262341
42.900000 51.187642
43.000000 51.112997
43.100000 51.038407
43.200000 50.963871
43.300000 50.889390
43.400000 50.814963
43.500000 50.740590
43.600000 50.666273
43.700000 50.592009
43.800000 50.517800
43.900000 50.443645
44.000000 50.369545
44.100000 50.295500
44.200000 50.221509
44.300000 50.147572
44.400000 50.073690
44.500000 49.999862
44.600000 49.926089
44.700000 49.852370
44.800000 49.778705
44.900000 49.705095
45.000000 49.631540
45.100000 49.558039
45.200000 49.484593
45.300000 49.411200
45.400000 49.337863
45.500000 49.264580
45.600000 49.191351
45.700000 49.118177
45.800000 49.045057
45.900000 48.971992
46.000000 48.898981
46.100000 48.826025
46.200000 48.753123
46.300000 48.680276
46.400000 48.607483
46.500000 48.534744
46.600000 48.462060
46.700000 48.389431
46.800000 48.316856
46.900000 48.244335
47.000000 48.171869
47.100000 48.099457
47.200000 48.027100
47.300000 47.954797
47.400000 47.882549
47.500000 47.810355
47.600000 47.738216
47.700000 47.666131
47.800000 47.594101
47.900000 47.522125
48.000000 47.450203
48.100000 47.378336
48.200000 47.306524
48.300000 47.234766
48.400000 47.163062
48.500000 47.091413
48.600000 47.019818
48.700000 46.948278
48.800000 46.876792
48.900000 46.805361
49.000000 46.733984
49.100000 46.662662
49.200000 46.591394
49.300000 46.520180
49.400000 46.449021
49.500000 46.377917
49.600000 46.306867
49.700000 46.235871
49.800000 46.164930
49.900000 46.094043
50.000000 46.023211
50.100000 45.952434
50.200000 45.881710
50.300000 45.811042
50.400000 45.740427
50.500000 45.669867
50.600000 45.599362
50.700000 45.528911
50.800000 45.458515
50.900000 45.388173
51.000000 45.317885
51.100000 45.247652
51.200000 45.177474
51.300000 45.107349
51.400000 45.037280
51.500000 44.967265
51.600000 44.897304
51.700000 44.827398
51.800000 44.757546
51.900000 44.687748
52.000000 44.618006
52.100000 44.548317
52.200000 44.478683
52.300000 44.409104
52.400000 44.339579
52.500000 44.270108
52.600000 44.200692
52.700000 44.131331
52.800000 44.062023
52.900000 43.992771
53.000000 43.923573
53.100000 43.854429
53.200000 43.785339
53.300000 43.716305
53.400000 43.647324
53.500000 43.578398
53.600000 43.509527
53.700000 43.440710
53.800000 43.371948
53.900000 43.303240
54.000000 43.234586
54.100000 43.165987
54.200000 43.097442
54.300000 43.028952
54.400000 42.960516
54.500000 42.892135
54.600000 42.823808
54.700000 42.755536
54.800000 42.687318
54.900000 42.619155
55.000000 42.551046
55.100000 42.482992
55.200000 42.414992
55.300000 42.347046
55.400000 42.279155
55.500000 42.211318
55.600000 42.143536
55.700000 42.075809
55.800000 42.008135
55.900000 41.940517
56.000000 41.872952
56.100000 41.805443
56.200000 41.737987
56.300000 41.670587
56.400000 41.603240
56.500000 41.535948
56.600000 41.468711
56.700000 41.401528
56.800000 41.334399
56.900000 41.267325
57.000000 41.200306
57.100000 41.133340
57.200000 41.066430
57.300000 40.999574
57.400000 40.932772
57.500000 40.866025
57.600000 40.799332
57.700000 40.732693
57.800000 40.666110
57.900000 40.599580
58.000000 40.533105
58.100000 40.466685
58.200000 40.400319
58.300000 40.334007
58.400000 40.267750
58.500000 40.201547
58.600000 40.135399
58.700000 40.069306
58.800000 40.003266
58.900000 39.937282
59.000000 39.871351
59.100000 39.805475
59.200000 39.739654
59.300000 39.673887
59.400000 39.608175
59.500000 39.542517
59.600000 39.476913
59.700000 39.411364
59.800000 39.345870
59.900000 39.280430
60.000000 39.215044
60.100000 39.149713
60.200000 39.084436
60.300000 39.019214
60.400000 38.954046
60.500000 38.888933
60.600000 38.823874
60.700000 38.758870
60.800000 38.693920
60.900000 38.629024
61.000000 38.564183
61.100000 38.499397
61.200000 38.434665
61.300000 38.369987
61.400000 38.305364
61.500000 38.240795
61.600000 38.176281
61.700000 38.111821
61.800000 38.047416
61.900000 37.983065
62.000000 37.918769
62.100000 37.854527
62.200000 37.790340
62.300000 37.726207
62.400000 37.662128
62.500000 37.598104
62.600000 37.534135
62.700000 37.470220
62.800000 37.406359
62.900000 37.342553
63.000000 37.278801
63.100000 37.215104
63.200000 37.151461
63.300000 37.087873
63.400000 37.024339
63.500000 36.960860
63.600000 36.897435
63.700000 36.834064
63.800000 36.770748
63.900000 36.707487
64.000000 36.644280
64.100000 36.581127
64.200000 36.518029
64.300000 36.454986
64.400000 36.391997
64.500000 36.329062
64.600000 36.266182
64.700000 36.203356
64.800000 36.140585
64.900000 36.077868
65.000000 36.015205
65.100000 35.952597
65.200000 35.890044
65.300000 35.827545
65.400000 35.765100
65.500000 35.702710
65.600000 35.640375
65.700000 35.578094
65.800000 35.515867
65.900000 35.453695
66.000000 35.391577
66.100000 35.329514
66.200000 35.267505
66.300000 35.205551
66.400000 35.143651
66.500000 35.081806
66.600000 35.020015
66.700000 34.958278
66.800000 34.896596
66.900000 34.834969
67.000000 34.773396
67.100000 34.711877
67.200000 34.650413
67.300000 34.589003
67.400000 34.527648
67.500000 34.466347
67.600000 34.405101
67.700000 34.343909
67.800000 34.282772
67.900000 34.221689
68.000000 34.160661
68.100000 34.099687
68.200000 34.038767
68.300000 33.977902
68.400000 33.917092
68.500000 33.856335
68.600000 33.795634
68.700000 33.734987
68.800000 33.674394
68.900000 33.613856
69.000000 33.553372
69.100000 33.492943
69.200000 33.432568
69.300000 33.372248
69.400000 33.311982
69.500000 33.251770
69.600000 33.191613
69.700000 33.131511
69.800000 33.071463
69.900000 33.011469
70.000000 32.951530
70.100000 32.891645
70.200000 32.831815
70.300000 32.772039
70.400000 32.712318
70.500000 32.652651
70.600000 32.593039
70.700000 32.533481
70.800000 32.473978
70.900000 32.414529
71.000000 32.355135
71.100000 32.295795
71.200000 32.236509
71.300000 32.177278
71.400000 32.118101
71.500000 32.058979
71.600000 31.999912
71.700000 31.940898
71.800000 31.881940
71.900000 31.823035
72.000000 31.764186
72.100000 31.705390
72.200000 31.646649
72.300000 31.587963
72.400000 31.529331
72.500000 31.470754
72.600000 31.412231
72.700000 31.353762
72.800000 31.295348
72.900000 31.236988
73.000000 31.178683
73.100000 31.120433
73.200000 31.062236
73.300000 31.004095
73.400000 30.946007
73.500000 30.887974
73.600000 30.829996
73.700000 30.772072
73.800000 30.714203
73.900000 30.656388
74.000000 30.598627
74.100000 30.540921
74.200000 30.483270
74.300000 30.425673
74.400000 30.368130
74.500000 30.310642
74.600000 30.253208
74.700000 30.195829
74.800000 30.138504
74.900000 30.081234
75.000000 30.024018
75.100000 29.966857
75.200000 29.909750
75.300000 29.852697
75.400000 29.795699
75.500000 29.738756
75.600000 29.681867
75.700000 29.625032
75.800000 29.568252
75.900000 29.511526
76.000000 29.454855
76.100000 29.398239
76.200000 29.341676
76.300000 29.285168
76.400000 29.228715
76.500000 29.172316
76.600000 29.115972
76.700000 29.059682
76.800000 29.003447
76.900000 28.947266
77.000000 28.891139
77.100000 28.835067
77.200000 28.779049
77.300000 28.723086
77.400000 28.667178
77.500000 28.611323
77.600000 28.555524
77.700000 28.499778
77.800000 28.444087
77.900000 28.388451
78.000000 28.332869
78.100000 28.277342
78.200000 28.221869
78.300000 28.166450
78.400000 28.111086
78.500000 28.055777
78.600000 28.000522
78.700000 27.945321
78.800000 27.890175
78.900000 27.835083
79.000000 27.780046
79.100000 27.725063
79.200000 27.670135
79.300000 27.615261
79.400000 27.560442
79.500000 27.505677
79.600000 27.450966
79.700000 27.396311
79.800000 27.341709
79.900000 27.287162
80.000000 27.232669
80.100000 27.178231
80.200000 27.123848
80.300000 27.069518
80.400000 27.015244
80.500000 26.961024
80.600000 26.906858
80.700000 26.852746
80.800000 26.798690
80.900000 26.744687
81.000000 26.690739
81.100000 26.636846
81.200000 26.583007
81.300000 26.529222
81.400000 26.475492
81.500000 26.421817
81.600000 26.368196
81.700000 26.314629
81.800000 26.261117
81.900000 26.207659
82.000000 26.154256
82.100000 26.100907
82.200000 26.047613
82.300000 25.994373
82.400000 25.941187
82.500000 25.888056
82.600000 25.834980
82.700000 25.781958
82.800000 25.728990
82.900000 25.676077
83.000000 25.623219
83.100000 25.570415
83.200000 25.517665
83.300000 25.464970
83.400000 25.412329
83.500000 25.359743
83.600000 25.307211
83.700000 25.254733
83.800000 25.202311
83.900000 25.149942
84.000000 25.097628
84.100000 25.045369
84.200000 24.993164
84.300000 24.941013
84.400000 24.888917
84.500000 24.836875
84.600000 24.784888
84.700000 24.732955
84.800000 24.681077
84.900000 24.629253
85.000000 24.577484
85.100000 24.525769
85.200000 24.474109
85.300000 24.422503
85.400000 24.370952
85.500000 24.319455
85.600000 24.268012
85.700000 24.216624
85.800000 24.165290
85.900000 24.114011
86.000000 24.062787
86.100000 24.011617
86.200000 23.960501
86.300000 23.909440
86.400000 23.858433
86.500000 23.807480
86.600000 23.756583
86.700000 23.705739
86.800000 23.654950
86.900000 23.604216
87.000000 23.553536
87.100000 23.502910
87.200000 23.452339
87.300000 23.401823
87.400000 23.351360
87.500000 23.300953
87.600000 23.250600
87.700000 23.200301
87.800000 23.150057
87.900000 23.099867
88.000000 23.049731
88.100000 22.999651
88.200000 22.949624
88.300000 22.899652
88.400000 22.849735
88.500000 22.799872
88.600000 22.750063
88.700000 22.700309
88.800000 22.650609
88.900000 22.600964
89.000000 22.551374
89.100000 22.501837
89.200000 22.452356
89.300000 22.402928
89.400000 22.353555
89.500000 22.304237
89.600000 22.254973
89.700000 22.205764
89.800000 22.156609
89.900000 22.107508
90.000000 22.058462
90.100000 22.009471
90.200000 21.960534
90.300000 21.911651
90.400000 21.862823
90.500000 21.814049
90.600000 21.765330
90.700000 21.716665
90.800000 21.668055
90.900000 21.619499
91.000000 21.570997
91.100000 21.522551
91.200000 21.474158
91.300000 21.425820
91.400000 21.377537
91.500000 21.329308
91.600000 21.281133
91.700000 21.233013
91.800000 21.184947
91.900000 21.136936
92.000000 21.088979
92.100000 21.041077
92.200000 20.993229
92.300000 20.945436
92.400000 20.897697
92.500000 20.850013
92.600000 20.802383
92.700000 20.754807
92.800000 20.707286
92.900000 20.659820
93.000000 20.612407
93.100000 20.565050
93.200000 20.517747
93.300000 20.470498
93.400000 20.423304
93.500000 20.376164
93.600000 20.329079
93.700000 20.282048
93.800000 20.235072
93.900000 20.188150
94.000000 20.141282
94.100000 20.094469
94.200000 20.047711
94.300000 20.001007
94.400000 19.954357
94.500000 19.907762
94.600000 19.861222
94.700000 19.814735
94.800000 19.768304
94.900000 19.721926
95.000000 19.675604
95.100000 19.629335
95.200000 19.583122
95.300000 19.536962
95.400000 19.490857
95.500000 19.444807
95.600000 19.398811
95.700000 19.352869
95.800000 19.306982
95.900000 19.261150
96.000000 19.215372
96.100000 19.169648
96.200000 19.123979
96.300000 19.078364
96.400000 19.032804
96.500000 18.987298
96.600000 18.941847
96.700000 18.896450
96.800000 18.851107
96.900000 18.805819
97.000000 18.760586
97.100000 18.715407
97.200000 18.670282
97.300000 18.625212
97.400000 18.580197
97.500000 18.535236
97.600000 18.490329
97.700000 18.445477
97.800000 18.400679
97.900000 18.355936
98.000000 18.311247
98.100000 18.266613
98.200000 18.222033
98.300000 18.177507
98.400000 18.133036
98.500000 18.088620
98.600000 18.044258
98.700000 17.999950
98.800000 17.955697
98.900000 17.911499
99.000000 17.867354
99.100000 17.823265
99.200000 17.779229
99.300000 17.735249
99.400000 17.691322
99.500000 17.647451
99.600000 17.603633
99.700000 17.559870
99.800000 17.516162
99.900000 17.472508
100.000000 17.428908
100.100000 17.385363
100.200000 17.341873
100.300000 17.298437
100.400000 17.255055
100.500000 17.211728
100.600000 17.168455
100.700000 17.125237
100.800000 17.082073
100.900000 17.038964
101.000000 16.995909
101.100000 16.952909
101.200000 16.909963
101.300000 16.867071
101.400000 16.824234
101.500000 16.781452
101.600000 16.738724
101.700000 16.696050
101.800000 16.653431
101.900000 16.610866
102.000000 16.568356
102.100000 16.525900
102.200000 16.483499
102.300000 16.441152
102.400000 16.398860
102.500000 16.356622
102.600000 16.314439
102.700000 16.272310
102.800000 16.230235
102.900000 16.188215
103.000000 16.146250
103.100000 16.104339
103.200000 16.062482
103.300000 16.020680
103.400000 15.978932
103.500000 15.937239
103.600000 15.895600
103.700000 15.854016
103.800000 15.812486
103.900000 15.771011
104.000000 15.729590
104.100000 15.688223
104.200000 15.646911
104.300000 15.605654
104.400000 15.564451
104.500000 15.523302
104.600000 15.482208
104.700000 15.441169
104.800000 15.400183
104.900000 15.359253
105.000000 15.318377
105.100000 15.277555
105.200000 15.236787
105.300000 15.196075
105.400000 15.155416
105.500000 15.114812
105.600000 15.074263
105.700000 15.033768
105.800000 14.993327
105.900000 14.952941
106.000000 14.912610
106.100000 14.872333
106.200000 14.832110
106.300000 14.791942
106.400000 14.751828
106.500000 14.711769
106.600000 14.671764
106.700000 14.631814
106.800000 14.591918
106.900000 14.552076
107.000000 14.512290
107.100000 14.472557
107.200000 14.432879
107.300000 14.393256
107.400000 14.353686
107.500000 14.314172
107.600000 14.274712
107.700000 14.235306
107.800000 14.195955
107.900000 14.156658
108.000000 14.117416
108.100000 14.078228
108.200000 14.039095
108.300000 14.000016
108.400000 13.960991
108.500000 13.922021
108.600000 13.883106
108.700000 13.844245
108.800000 13.805438
108.900000 13.766686
109.000000 13.727989
109.100000 13.689345
109.200000 13.650757
109.300000 13.612223
109.400000 13.573743
109.500000 13.535318
109.600000 13.496947
109.700000 13.458630
109.800000 13.420368
109.900000 13.382161
110.000000 13.344008
110.100000 13.305910
110.200000 13.267865
110.300000 13.229876
110.400000 13.191941
110.500000 13.154060
110.600000 13.116234
110.700000 13.078462
110.800000 13.040745
110.900000 13.003082
111.000000 12.965474
111.100000 12.927920
111.200000 12.890421
111.300000 12.852976
111.400000 12.815585
111.500000 12.778249
111.600000 12.740968
111.700000 12.703741
111.800000 12.666568
111.900000 12.629450
112.000000 12.592386
112.100000 12.555377
112.200000 12.518422
112.300000 12.481522
112.400000 12.444676
112.500000 12.407885
112.600000 12.371148
112.700000 12.334466
112.800000 12.297838
112.900000 12.261264
113.000000 12.224745
113.100000 12.188281
113.200000 12.151871
113.300000 12.115515
113.400000 12.079214
113.500000 12.042967
113.600000 12.006775
113.700000 11.970637
113.800000 11.934554
113.900000 11.898525
114.000000 11.862551
114.100000 11.826631
114.200000 11.790765
114.300000 11.754955
114.400000 11.719198
114.500000 11.683496
114.600000 11.647848
114.700000 11.612255
114.800000 11.576717
114.900000 11.541233
115.000000 11.505803
115.100000 11.470428
115.200000 11.435107
115.300000 11.399841
115.400000 11.364629
115.500000 11.329471
115.600000 11.294368
115.700000 11.259320
115.800000 11.224326
115.900000 11.189386
116.000000 11.154501
116.100000 11.119671
116.200000 11.084895
116.300000 11.050173
116.400000 11.015506
116.500000 10.980893
116.600000 10.946335
116.700000 10.911831
116.800000 10.877382
116.900000 10.842987
117.000000 10.808646
117.100000 10.774361
117.200000 10.740129
117.300000 10.705952
117.400000 10.671830
117.500000 10.637761
117.600000 10.603748
117.700000 10.569789
117.800000 10.535884
117.900000 10.502034
118.000000 10.468238
118.100000 10.434497
118.200000 10.400810
118.300000 10.367178
118.400000 10.333600
118.500000 10.300076
118.600000 10.266607
118.700000 10.233193
118.800000 10.199833
118.900000 10.166527
119.000000 10.133276
119.100000 10.100080
119.200000 10.066938
119.300000 10.033850
119.400000 10.000817
119.500000 9.967838
119.600000 9.934914
119.700000 9.902044
119.800000 9.869228
119.900000 9.836467
120.000000 9.803761
120.100000 9.771109
120.200000 9.738512
120.300000 9.705968
120.400000 9.673480
120.500000 9.641046
120.600000 9.608666
120.700000 9.576341
120.800000 9.544070
120.900000 9.511854
121.000000 9.479692
121.100000 9.447585
121.200000 9.415532
121.300000 9.383534
121.400000 9.351590
121.500000 9.319700
121.600000 9.287865
121.700000 9.256085
121.800000 9.224359
121.900000 9.192687
122.000000 9.161070
122.100000 9.129507
122.200000 9.097999
122.300000 9.066545
122.400000 9.035146
122.500000 9.003801
122.600000 8.972511
122.700000 8.941275
122.800000 8.910094
122.900000 8.878967
123.000000 8.847894
123.100000 8.816876
123.200000 8.785913
123.300000 8.755004
123.400000 8.724149
123.500000 8.693349
123.600000 8.662603
123.700000 8.631912
123.800000 8.601275
123.900000 8.570693
124.000000 8.540165
124.100000 8.509692
124.200000 8.479273
124.300000 8.448908
124.400000 8.418598
124.500000 8.388343
124.600000 8.358142
124.700000 8.327995
124.800000 8.297903
124.900000 8.267866
125.000000 8.237882
125.100000 8.207954
125.200000 8.178080
125.300000 8.148260
125.400000 8.118494
125.500000 8.088784
125.600000 8.059127
125.700000 8.029525
125.800000 7.999978
125.900000 7.970485
126.000000 7.941046
126.100000 7.911662
126.200000 7.882333
126.300000 7.853058
126.400000 7.823837
126.500000 7.794671
126.600000 7.765559
126.700000 7.736502
126.800000 7.707499
126.900000 7.678551
127.000000 7.649657
127.100000 7.620817
127.200000 7.592033
127.300000 7.563302
127.400000 7.534626
127.500000 7.506005
127.600000 7.477437
127.700000 7.448925
127.800000 7.420467
127.900000 7.392063
128.000000 7.363714
128.100000 7.335419
128.200000 7.307179
128.300000 7.278993
128.400000 7.250862
128.500000 7.222785
128.600000 7.194762
128.700000 7.166794
128.800000 7.138881
128.900000 7.111022
129.000000 7.083217
129.100000 7.055467
129.200000 7.027772
129.300000 7.000130
129.400000 6.972544
129.500000 6.945012
129.600000 6.917534
129.700000 6.890110
129.800000 6.862742
129.900000 6.835427
130.000000 6.808167
130.100000 6.780962
130.200000 6.753811
130.300000 6.726714
130.400000 6.699672
130.500000 6.672685
130.600000 6.645752
130.700000 6.618873
130.800000 6.592049
130.900000 6.565279
131.000000 6.538564
131.100000 6.511903
131.200000 6.485297
131.300000 6.458745
131.400000 6.432248
131.500000 6.405805
131.600000 6.379416
131.700000 6.353082
131.800000 6.326803
131.900000 6.300578
132.000000 6.274407
132.100000 6.248291
132.200000 6.222229
132.300000 6.196222
132.400000 6.170269
132.500000 6.144371
132.600000 6.118527
132.700000 6.092738
132.800000 6.067003
132.900000 6.041323
133.000000 6.015697
133.100000 5.990125
133.200000 5.964608
133.300000 5.939146
133.400000 5.913738
133.500000 5.888384
133.600000 5.863085
133.700000 5.837840
133.800000 5.812650
133.900000 5.787514
134.000000 5.762433
134.100000 5.737406
134.200000 5.712434
134.300000 5.687516
134.400000 5.662652
134.500000 5.637843
134.600000 5.613089
134.700000 5.588389
134.800000 5.563743
134.900000 5.539152
135.000000 5.514616
135.100000 5.490133
135.200000 5.465706
135.300000 5.441332
135.400000 5.417014
135.500000 5.392749
135.600000 5.368540
135.700000 5.344384
135.800000 5.320283
135.900000 5.296237
136.000000 5.272245
136.100000 5.248307
136.200000 5.224424
136.300000 5.200596
136.400000 5.176822
136.500000 5.153102
136.600000 5.129437
136.700000 5.105826
136.800000 5.082270
136.900000 5.058768
137.000000 5.035321
137.100000 5.011928
137.200000 4.988589
137.300000 4.965305
137.400000 4.942076
137.500000 4.918901
137.600000 4.895780
137.700000 4.872714
137.800000 4.849703
137.900000 4.826746
138.000000 4.803843
138.100000 4.780995
138.200000 4.758201
138.300000 4.735462
138.400000 4.712777
138.500000 4.690146
138.600000 4.667571
138.700000 4.645049
138.800000 4.622582
138.900000 4.600170
139.000000 4.577812
139.100000 4.555508
139.200000 4.533259
139.300000 4.511064
139.400000 4.488924
139.500000 4.466839
139.600000 4.444807
139.700000 4.422831
139.800000 4.400908
139.900000 4.379040
140.000000 4.357227
140.100000 4.335468
140.200000 4.313764
140.300000 4.292114
140.400000 4.270518
140.500000 4.248977
140.600000 4.227491
140.700000 4.206059
140.800000 4.184681
140.900000 4.163358
141.000000 4.142089
141.100000 4.120875
141.200000 4.099715
141.300000 4.078610
141.400000 4.057559
141.500000 4.036562
141.600000 4.015621
141.700000 3.994733
141.800000 3.973900
141.900000 3.953122
142.000000 3.932397
142.100000 3.911728
142.200000 3.891113
142.300000 3.870552
142.400000 3.850046
142.500000 3.829594
142.600000 3.809197
142.700000 3.788854
142.800000 3.768566
142.900000 3.748332
143.000000 3.728152
143.100000 3.708028
143.200000 3.687957
143.300000 3.667941
143.400000 3.647979
143.500000 3.628072
143.600000 3.608220
143.700000 3.588422
143.800000 3.568678
143.900000 3.548989
144.000000 3.529354
144.100000 3.509774
144.200000 3.490248
144.300000 3.470776
144.400000 3.451360
144.500000 3.431997
144.600000 3.412689
144.700000 3.393436
144.800000 3.374237
144.900000 3.355092
145.000000 3.336002
145.100000 3.316966
145.200000 3.297985
145.300000 3.279058
145.400000 3.260186
145.500000 3.241368
145.600000 3.222605
145.700000 3.203896
145.800000 3.185242
145.900000 3.166642
146.000000 3.148097
146.100000 3.129606
146.200000 3.111169
146.300000 3.092787
146.400000 3.074459
146.500000 3.056186
146.600000 3.037968
146.700000 3.019803
146.800000 3.001694
146.900000 2.983638
147.000000 2.965638
147.100000 2.947691
147.200000 2.929800
147.300000 2.911962
147.400000 2.894179
147.500000 2.876451
147.600000 2.858777
147.700000 2.841157
147.800000 2.823592
147.900000 2.806081
148.000000 2.788625
148.100000 2.771224
148.200000 2.753876
148.300000 2.736584
148.400000 2.719345
148.500000 2.702162
148.600000 2.685032
148.700000 2.667957
148.800000 2.650937
148.900000 2.633971
149.000000 2.617060
149.100000 2.600203
149.200000 2.583400
149.300000 2.566652
149.400000 2.549958
149.500000 2.533319
149.600000 2.516734
149.700000 2.500204
149.800000 2.483728
149.900000 2.467307
150.000000 2.450940
150.100000 2.434628
150.200000 2.418370
150.300000 2.402167
150.400000 2.386018
150.500000 2.369923
150.600000 2.353883
150.700000 2.337897
150.800000 2.321966
150.900000 2.306090
151.000000 2.290267
151.100000 2.274500
151.200000 2.258787
151.300000 2.243128
151.400000 2.227523
151.500000 2.211974
151.600000 2.196478
151.700000 2.181037
151.800000 2.165651
151.900000 2.150319
152.000000 2.135041
152.100000 2.119818
152.200000 2.104650
152.300000 2.089535
152.400000 2.074476
152.500000 2.059471
152.600000 2.044520
152.700000 2.029624
152.800000 2.014782
152.900000 1.999994
153.000000 1.985262
153.100000 1.970583
153.200000 1.955959
153.300000 1.941390
153.400000 1.926875
153.500000 1.912414
153.600000 1.898008
153.700000 1.883657
153.800000 1.869359
153.900000 1.855117
154.000000 1.840928
154.100000 1.826795
154.200000 1.812715
154.300000 1.798691
154.400000 1.784720
154.500000 1.770804
154.600000 1.756943
154.700000 1.743136
154.800000 1.729383
154.900000 1.715685
155.000000 1.702042
155.100000 1.688453
155.200000 1.674918
155.300000 1.661438
155.400000 1.648012
155.500000 1.634641
155.600000 1.621324
155.700000 1.608062
155.800000 1.594854
155.900000 1.581701
156.000000 1.568602
156.100000 1.555557
156.200000 1.542567
156.300000 1.529632
156.400000 1.516751
156.500000 1.503924
156.600000 1.491152
156.700000 1.478434
156.800000 1.465771
156.900000 1.453162
157.000000 1.440608
157.100000 1.428108
157.200000 1.415663
157.300000 1.403272
157.400000 1.390936
157.500000 1.378654
157.600000 1.366426
157.700000 1.354253
157.800000 1.342135
157.900000 1.330071
158.000000 1.318061
158.100000 1.306106
158.200000 1.294205
158.300000 1.282359
158.400000 1.270567
158.500000 1.258830
158.600000 1.247147
158.700000 1.235519
158.800000 1.223945
158.900000 1.212426
159.000000 1.200961
159.100000 1.189550
159.200000 1.178194
159.300000 1.166893
159.400000 1.155646
159.500000 1.144453
159.600000 1.133315
159.700000 1.122231
159.800000 1.111202
159.900000 1.100227
160.000000 1.089307
160.100000 1.078441
160.200000 1.067630
160.300000 1.056873
160.400000 1.046170
160.500000 1.035522
160.600000 1.024929
160.700000 1.014390
160.800000 1.003905
160.900000 0.993475
161.000000 0.983099
161.100000 0.972778
161.200000 0.962511
161.300000 0.952299
161.400000 0.942141
161.500000 0.932038
161.600000 0.921989
161.700000 0.911995
161.800000 0.902055
161.900000 0.892169
162.000000 0.882338
162.100000 0.872562
162.200000 0.862840
162.300000 0.853172
162.400000 0.843559
162.500000 0.834001
162.600000 0.824496
162.700000 0.815047
162.800000 0.805651
162.900000 0.796310
163.000000 0.787024
163.100000 0.777792
163.200000 0.768615
163.300000 0.759492
163.400000 0.750423
163.500000 0.741409
163.600000 0.732450
163.700000 0.723545
163.800000 0.714694
163.900000 0.705898
164.000000 0.697156
164.100000 0.688469
164.200000 0.679836
164.300000 0.671258
164.400000 0.662734
164.500000 0.654265
164.600000 0.645850
164.700000 0.637490
164.800000 0.629184
164.900000 0.620932
165.000000 0.612735
165.100000 0.604592
165.200000 0.596504
165.300000 0.588471
165.400000 0.580492
165.500000 0.572567
165.600000 0.564697
165.700000 0.556881
165.800000 0.549120
165.900000 0.541413
166.000000 0.533760
166.100000 0.526162
166.200000 0.518619
166.300000 0.511130
166.400000 0.503695
166.500000 0.496315
166.600000 0.488990
166.700000 0.481719
166.800000 0.474502
166.900000 0.467340
167.000000 0.460232
167.100000 0.453179
167.200000 0.446180
167.300000 0.439236
167.400000 0.432346
167.500000 0.425510
167.600000 0.418730
167.700000 0.412003
167.800000 0.405331
167.900000 0.398714
168.000000 0.392150
168.100000 0.385642
168.200000 0.379188
168.300000 0.372788
168.400000 0.366443
168.500000 0.360152
168.600000 0.353916
168.700000 0.347734
168.800000 0.341607
168.900000 0.335534
169.000000 0.329515
169.100000 0.323551
169.200000 0.317642
169.300000 0.311787
169.400000 0.305986
169.500000 0.300240
169.600000 0.294549
169.700000 0.288911
169.800000 0.283329
169.900000 0.277800
170.000000 0.272327
170.100000 0.266907
170.200000 0.261543
170.300000 0.256232
170.400000 0.250976
170.500000 0.245775
170.600000 0.240628
170.700000 0.235535
170.800000 0.230497
170.900000 0.225514
171.000000 0.220585
171.100000 0.215710
171.200000 0.210890
171.300000 0.206124
171.400000 0.201413
171.500000 0.196756
171.600000 0.192154
171.700000 0.187606
171.800000 0.183112
171.900000 0.178674
172.000000 0.174289
172.100000 0.169959
172.200000 0.165684
172.300000 0.161462
172.400000 0.157296
172.500000 0.153184
172.600000 0.149126
172.700000 0.145123
172.800000 0.141174
172.900000 0.137280
173.000000 0.133440
173.100000 0.129655
173.200000 0.125924
173.300000 0.122247
173.400000 0.118626
173.500000 0.115058
173.600000 0.111545
173.700000 0.108086
173.800000 0.104682
173.900000 0.101333
174.000000 0.098038
174.100000 0.094797
174.200000 0.091611
174.300000 0.088479
174.400000 0.085402
174.500000 0.082379
174.600000 0.079410
174.700000 0.076497
174.800000 0.073637
174.900000 0.070832
175.000000 0.068082
175.100000 0.065386
175.200000 0.062744
175.300000 0.060157
175.400000 0.057624
175.500000 0.055146
175.600000 0.052722
175.700000 0.050353
175.800000 0.048038
175.900000 0.045778
176.000000 0.043572
176.100000 0.041421
176.200000 0.039324
176.300000 0.037282
176.400000 0.035294
176.500000 0.033360
176.600000 0.031481
176.700000 0.029656
176.800000 0.027886
176.900000 0.026171
177.000000 0.024509
177.100000 0.022903
177.200000 0.021350
177.300000 0.019853
177.400000 0.018409
177.500000 0.017020
177.600000 0.015686
177.700000 0.014406
177.800000 0.013181
177.900000 0.012010
178.000000 0.010893
178.100000 0.009831
178.200000 0.008823
178.300000 0.007870
178.400000 0.006972
178.500000 0.006127
178.600000 0.005338
178.700000 0.004602
178.800000 0.003922
178.900000 0.003295
179.000000 0.002723
179.100000 0.002206
179.200000 0.001743
179.300000 0.001334
179.400000 0.000980
179.500000 0.000681
179.600000 0.000436
179.700000 0.000245
179.800000 0.000109
179.900000 0.000027
180.000000 0.000000
180.100000 0.000027
180.200000 0.000109
180.300000 0.000245
180.400000 0.000436
180.500000 0.000681
180.600000 0.000980
180.700000 0.001334
180.800000 0.001743
180.900000 0.002206
181.000000 0.002723
