0.000000000000000000e+00 1.447495547763348895e+03
1.000000000000000056e-01 1.425340360541360042e+03
2.000000000000000111e-01 1.403356173317225284e+03
3.000000000000000444e-01 1.381542986090944623e+03
4.000000000000000222e-01 1.359900798862518286e+03
5.000000000000000000e-01 1.338429611631946273e+03
6.000000000000000888e-01 1.317129424399228583e+03
7.000000000000000666e-01 1.296000237164364762e+03
8.000000000000000444e-01 1.275042049927355265e+03
9.000000000000000222e-01 1.254254862688200092e+03
1.000000000000000000e+00 1.233638675446899242e+03
1.100000000000000089e+00 1.213193488203452716e+03
1.200000000000000178e+00 1.192919300957860059e+03
1.300000000000000044e+00 1.172816113710121726e+03
1.400000000000000133e+00 1.152883926460237944e+03
1.500000000000000000e+00 1.133122739208208031e+03
1.600000000000000089e+00 1.113532551954032670e+03
1.700000000000000178e+00 1.094113364697711177e+03
1.800000000000000044e+00 1.074865177439244007e+03
1.900000000000000133e+00 1.055787990178631162e+03
2.000000000000000000e+00 1.036881802915872640e+03
2.100000000000000089e+00 1.018146615650968215e+03
2.200000000000000178e+00 9.995824283839181135e+02
2.300000000000000266e+00 9.811892411147221083e+02
2.400000000000000355e+00 9.629670538433805405e+02
2.500000000000000000e+00 9.449158665698930690e+02
2.600000000000000089e+00 9.270356792942599213e+02
2.700000000000000178e+00 9.093264920164808700e+02
2.800000000000000266e+00 8.917883047365560287e+02
2.900000000000000355e+00 8.744211174544855112e+02
3.000000000000000000e+00 8.572249301702692037e+02
3.100000000000000089e+00 8.401997428839072199e+02
3.200000000000000178e+00 8.233455555953996736e+02
3.300000000000000266e+00 8.066623683047457689e+02
3.400000000000000355e+00 7.901501810119465290e+02
3.500000000000000000e+00 7.738089937170012718e+02
3.600000000000000089e+00 7.576388064199105656e+02
3.700000000000000178e+00 7.416396191206738422e+02
3.800000000000000266e+00 7.258114318192913288e+02
3.900000000000000355e+00 7.101542445157631391e+02
4.000000000000000000e+00 6.946680572100891595e+02
4.100000000000000533e+00 6.793528699022692763e+02
4.200000000000000178e+00 6.642086825923040578e+02
4.299999999999999822e+00 6.492354952801927084e+02
4.400000000000000355e+00 6.344333079659356827e+02
4.500000000000000000e+00 6.198021206495328670e+02
4.600000000000000533e+00 6.053419333309841477e+02
4.700000000000000178e+00 5.910527460102900932e+02
4.800000000000000711e+00 5.769345586874500214e+02
4.900000000000000355e+00 5.629873713624641596e+02
5.000000000000000000e+00 5.492111840353325078e+02
5.100000000000000533e+00 5.356059967060549525e+02
5.200000000000000178e+00 5.221718093746318345e+02
5.300000000000000711e+00 5.089086220410629267e+02
5.400000000000000355e+00 4.958164347053482857e+02
5.500000000000000000e+00 4.828952473674877979e+02
5.600000000000000533e+00 4.701450600274815201e+02
5.700000000000000178e+00 4.575658726853295661e+02
5.800000000000000711e+00 4.451576853410317085e+02
5.900000000000000355e+00 4.329204979945882314e+02
6.000000000000000000e+00 4.208543106459990213e+02
6.100000000000000533e+00 4.089591232952638507e+02
6.200000000000000178e+00 3.972349359423830606e+02
6.300000000000000711e+00 3.856817485873564237e+02
6.400000000000000355e+00 3.742995612301840538e+02
6.500000000000000000e+00 3.630883738708660076e+02
6.600000000000000533e+00 3.520481865094020577e+02
6.700000000000000178e+00 3.411789991457923747e+02
6.800000000000000711e+00 3.304808117800368450e+02
6.900000000000000355e+00 3.199536244121356958e+02
7.000000000000000000e+00 3.095974370420888135e+02
7.100000000000000533e+00 2.994122496698960276e+02
7.200000000000000178e+00 2.893980622955575654e+02
7.300000000000000711e+00 2.795548749190732565e+02
7.400000000000000355e+00 2.698826875404432144e+02
7.500000000000000000e+00 2.603815001596673824e+02
7.600000000000000533e+00 2.510513127767457604e+02
7.700000000000000178e+00 2.418921253916784906e+02
7.800000000000000711e+00 2.329039380044652887e+02
7.900000000000000355e+00 2.240867506151064674e+02
8.000000000000000000e+00 2.154405632236018562e+02
8.099999999999999645e+00 2.069653758299514834e+02
8.200000000000001066e+00 1.986611884341551502e+02
8.300000000000000711e+00 1.905280010362132543e+02
8.400000000000000355e+00 1.825658136361255686e+02
8.500000000000000000e+00 1.747746262338921213e+02
8.599999999999999645e+00 1.671544388295128840e+02
8.700000000000001066e+00 1.597052514229877715e+02
8.800000000000000711e+00 1.524270640143169828e+02
8.900000000000000355e+00 1.453198766035004894e+02
9.000000000000000000e+00 1.383836891905382060e+02
9.099999999999999645e+00 1.316185017754301327e+02
9.200000000000001066e+00 1.250243143581761984e+02
9.300000000000000711e+00 1.186011269387765736e+02
9.400000000000000355e+00 1.123489395172312442e+02
9.500000000000000000e+00 1.062677520935400963e+02
9.600000000000001421e+00 1.003575646677030875e+02
9.700000000000001066e+00 9.461837723972044500e+01
9.800000000000000711e+00 8.905018980959198416e+01
9.900000000000000355e+00 8.365300237731780442e+01
1.000000000000000000e+01 7.842681494289782052e+01
1.010000000000000142e+01 7.337162750633200403e+01
1.020000000000000107e+01 6.848744006762048286e+01
1.030000000000000071e+01 6.377425262676322149e+01
1.040000000000000036e+01 5.923206518376018437e+01
1.050000000000000000e+01 5.486087773861136441e+01
1.060000000000000142e+01 5.066069029131671897e+01
1.070000000000000107e+01 4.663150284187637595e+01
1.080000000000000071e+01 4.277331539029025720e+01
1.090000000000000036e+01 3.908612793655838402e+01
1.100000000000000000e+01 3.556994048068072800e+01
1.110000000000000142e+01 3.222475302265725361e+01
1.120000000000000107e+01 2.905056556248807453e+01
1.130000000000000071e+01 2.604737810017311972e+01
1.140000000000000036e+01 2.321519063571239982e+01
1.150000000000000000e+01 2.055400316910591130e+01
1.160000000000000142e+01 1.806381570035361506e+01
1.170000000000000107e+01 1.574462822945559104e+01
1.180000000000000071e+01 1.359644075641180372e+01
1.190000000000000036e+01 1.161925328122224421e+01
1.200000000000000000e+01 9.813065803886914296e+00
1.210000000000000142e+01 8.177878324405792654e+00
1.220000000000000107e+01 6.713690842778931689e+00
1.230000000000000071e+01 5.420503359006301203e+00
1.240000000000000036e+01 4.298315873087904748e+00
1.250000000000000000e+01 3.347128385023738772e+00
1.260000000000000142e+01 2.566940894813791729e+00
1.270000000000000107e+01 1.957753402458091596e+00
1.280000000000000071e+01 1.519565907956623052e+00
1.290000000000000036e+01 1.252378411309386097e+00
1.300000000000000000e+01 1.156190912516380953e+00
1.310000000000000142e+01 1.145503412650491271e+00
1.320000000000000107e+01 1.134815912784601810e+00
1.330000000000000071e+01 1.124128412918712128e+00
1.340000000000000036e+01 1.113440913052822889e+00
1.350000000000000000e+01 1.102753413186933651e+00
1.360000000000000142e+01 1.092065913321043968e+00
1.370000000000000107e+01 1.081378413455154286e+00
1.380000000000000071e+01 1.070690913589264825e+00
1.390000000000000036e+01 1.060003413723375143e+00
1.400000000000000000e+01 1.049315913857485683e+00
1.410000000000000142e+01 1.038628413991596222e+00
1.420000000000000107e+01 1.027940914125706540e+00
1.430000000000000071e+01 1.017253414259817079e+00
1.440000000000000036e+01 1.006565914393927619e+00
1.450000000000000000e+01 9.958784145280380473e-01
1.460000000000000142e+01 9.851909146621483648e-01
1.470000000000000107e+01 9.745034147962589044e-01
1.480000000000000071e+01 9.638159149303693329e-01
1.490000000000000036e+01 9.531284150644796505e-01
1.500000000000000000e+01 9.424409151985901900e-01
1.510000000000000142e+01 9.317534153327005075e-01
1.520000000000000107e+01 9.210659154668109361e-01
1.530000000000000071e+01 9.103784156009215867e-01
1.540000000000000036e+01 8.996909157350321262e-01
1.550000000000000000e+01 8.890034158691424437e-01
1.560000000000000142e+01 8.783159160032528723e-01
1.570000000000000107e+01 8.676284161373634118e-01
1.580000000000000071e+01 8.569409162714738404e-01
1.590000000000000036e+01 8.462534164055843799e-01
1.600000000000000000e+01 8.355659165396946975e-01
1.610000000000000142e+01 8.248784166738049040e-01
1.619999999999999929e+01 8.141909168079156656e-01
1.630000000000000071e+01 8.035034169420260941e-01
1.640000000000000213e+01 7.928159170761363006e-01
1.650000000000000000e+01 7.821284172102470622e-01
1.660000000000000142e+01 7.714409173443573797e-01
1.669999999999999929e+01 7.607534174784680303e-01
1.680000000000000071e+01 7.500659176125783478e-01
1.690000000000000213e+01 7.393784177466886653e-01
1.700000000000000000e+01 7.286909178807992049e-01
1.710000000000000142e+01 7.180034180149094114e-01
1.719999999999999929e+01 7.073159181490202840e-01
1.730000000000000071e+01 6.966284182831306016e-01
1.740000000000000213e+01 6.859409184172408080e-01
1.750000000000000000e+01 6.752534185513516807e-01
1.760000000000000142e+01 6.645659186854618872e-01
1.769999999999999929e+01 6.538784188195724267e-01
1.780000000000000071e+01 6.431909189536828553e-01
1.790000000000000213e+01 6.325034190877930618e-01
1.800000000000000000e+01 6.218198466055540052e-01
1.810000000000000142e+01 6.111362741233146156e-01
1.819999999999999929e+01 6.005405497313757168e-01
1.830000000000000071e+01 5.899448253394363739e-01
1.840000000000000213e+01 5.793923583008590006e-01
1.850000000000000000e+01 5.688398912622817383e-01
1.860000000000000142e+01 5.582918823730763647e-01
1.869999999999999929e+01 5.477438734838713241e-01
1.880000000000000071e+01 5.371668673170628683e-01
1.890000000000000213e+01 5.265898611502546345e-01
1.900000000000000000e+01 5.159553864140057344e-01
1.910000000000000142e+01 5.053209116777566123e-01
1.920000000000000284e+01 4.946051997926473320e-01
1.930000000000000071e+01 4.838894879075385513e-01
1.940000000000000213e+01 4.730731903249952852e-01
1.950000000000000000e+01 4.622568927424524077e-01
1.960000000000000142e+01 4.513248789479386014e-01
1.970000000000000284e+01 4.403928651534248506e-01
1.980000000000000071e+01 4.293340178263477247e-01
1.990000000000000213e+01 4.182751704992702102e-01
2.000000000000000000e+01 4.070822202578089910e-01
2.010000000000000142e+01 3.958892700163472722e-01
2.020000000000000284e+01 3.845604202035163288e-01
2.030000000000000071e+01 3.732315703906856630e-01
2.040000000000000213e+01 3.619879882679883365e-01
2.050000000000000000e+01 3.507444061452913986e-01
2.060000000000000142e+01 3.399261018396548817e-01
2.070000000000000284e+01 3.291077975340183648e-01
2.080000000000000071e+01 3.188137887228837397e-01
2.090000000000000213e+01 3.085197799117486706e-01
2.100000000000000000e+01 2.987162945432779160e-01
2.110000000000000142e+01 2.889128091748067728e-01
2.120000000000000284e+01 2.795720616129711567e-01
2.130000000000000071e+01 2.702313140511358180e-01
2.140000000000000213e+01 2.613312103775405904e-01
2.150000000000000000e+01 2.524311067039457512e-01
2.160000000000000142e+01 2.439549660452586255e-01
2.170000000000000284e+01 2.354788253865714720e-01
2.180000000000000071e+01 2.274151160612595535e-01
2.190000000000000213e+01 2.193514067359473574e-01
2.200000000000000000e+01 2.116935030402770646e-01
2.210000000000000142e+01 2.040355993446065219e-01
2.220000000000000284e+01 1.967815533090718494e-01
2.230000000000000071e+01 1.895275072735374544e-01
2.240000000000000213e+01 1.826798331572684897e-01
2.250000000000000000e+01 1.758321590409997470e-01
2.260000000000000142e+01 1.693976309973313221e-01
2.270000000000000284e+01 1.629631029536628695e-01
2.280000000000000071e+01 1.569525636993959194e-01
2.290000000000000213e+01 1.509420244451288584e-01
2.300000000000000000e+01 1.453643378044709999e-01
2.310000000000000142e+01 1.397866511638129472e-01
2.320000000000000284e+01 1.345301209548077637e-01
2.330000000000000071e+01 1.292735907458028022e-01
2.340000000000000213e+01 1.243182254904697803e-01
2.350000000000000000e+01 1.193628602351369389e-01
2.360000000000000142e+01 1.146900278911929805e-01
2.370000000000000284e+01 1.100171955472490359e-01
2.380000000000000071e+01 1.056095484501334142e-01
2.390000000000000213e+01 1.012019013530176537e-01
2.400000000000000000e+01 9.704330210224483555e-02
2.410000000000000142e+01 9.288470285147187866e-02
2.420000000000000284e+01 8.896012774659965705e-02
2.430000000000000071e+01 8.503555264172753259e-02
2.440000000000000213e+01 8.133104721874041820e-02
2.450000000000000000e+01 7.762654179575341484e-02
2.460000000000000142e+01 7.412913701315658466e-02
2.470000000000000284e+01 7.063173223055976835e-02
2.480000000000000071e+01 6.732939195098326668e-02
2.490000000000000213e+01 6.402705167140664011e-02
2.500000000000000000e+01 6.090860064593621448e-02
2.510000000000000142e+01 5.779014962046566395e-02
2.520000000000000284e+01 5.484254058286591044e-02
2.530000000000000071e+01 5.189493154526625407e-02
2.540000000000000213e+01 4.910777420779870867e-02
2.550000000000000000e+01 4.632061687033126735e-02
2.560000000000000142e+01 4.368418400486710762e-02
2.570000000000000284e+01 4.104775113940295483e-02
2.580000000000000071e+01 3.855294865419792855e-02
2.590000000000000213e+01 3.605814616899282593e-02
2.600000000000000000e+01 3.369646835059354056e-02
2.610000000000000142e+01 3.133479053219416499e-02
2.620000000000000284e+01 2.909827766438224245e-02
2.630000000000000071e+01 2.686176479657040317e-02
2.640000000000000213e+01 2.474296497139731599e-02
2.650000000000000000e+01 2.262416514622430166e-02
2.660000000000000142e+01 2.061610534452831128e-02
2.670000000000000284e+01 1.860804554283231743e-02
2.680000000000000071e+01 1.670419887878627982e-02
2.690000000000000213e+01 1.480035221474018323e-02
2.700000000000000000e+01 1.299460575052501649e-02
2.710000000000000142e+01 1.118885928630979250e-02
2.720000000000000284e+01 9.475488213974056148e-03
2.730000000000000071e+01 7.762117141638381380e-03
2.740000000000000213e+01 6.133885511916650941e-03
2.750000000000000000e+01 4.505653882194978616e-03
2.760000000000000142e+01 2.958449964960827537e-03
2.770000000000000284e+01 1.411246047726676459e-03
2.780000000000000071e+01 -5.882455906792467696e-05
2.790000000000000213e+01 -1.528895165862574927e-03
2.800000000000000000e+01 -2.925520325252404033e-03
2.810000000000000142e+01 -4.322145484642283229e-03
2.820000000000000284e+01 -5.658875360366064956e-03
2.830000000000000071e+01 -6.995605236089801580e-03
2.840000000000000213e+01 -8.276262339670395485e-03
2.850000000000000000e+01 -9.556919443250939949e-03
2.860000000000000142e+01 -1.078283107517887321e-02
2.870000000000000284e+01 -1.200874270710680473e-02
2.880000000000000071e+01 -1.318238608844907178e-02
2.890000000000000213e+01 -1.435602946979137873e-02
2.900000000000000000e+01 -1.547665348458800855e-02
2.910000000000000142e+01 -1.659727749938467653e-02
2.920000000000000284e+01 -1.765942568897407167e-02
2.930000000000000071e+01 -1.872157387856342517e-02
2.940000000000000213e+01 -1.971322772421138514e-02
2.950000000000000000e+01 -2.070488156985930694e-02
2.960000000000000142e+01 -2.162337689663385715e-02
2.970000000000000284e+01 -2.254187222340841082e-02
2.980000000000000071e+01 -2.338046975984162459e-02
2.990000000000000213e+01 -2.421906729627486266e-02
3.000000000000000000e+01 -2.500157712641695035e-02
3.010000000000000142e+01 -2.578408695655906926e-02
3.020000000000000284e+01 -2.651739208715517965e-02
3.030000000000000071e+01 -2.725069721775126921e-02
3.040000000000000213e+01 -2.793531225367135162e-02
3.050000000000000000e+01 -2.861992728959140975e-02
3.060000000000000142e+01 -2.919187376973682996e-02
3.070000000000000284e+01 -2.976382024988225017e-02
3.080000000000000071e+01 -3.017742277241683771e-02
3.090000000000000213e+01 -3.059102529495143219e-02
3.100000000000000000e+01 -3.082407400690462609e-02
3.110000000000000142e+01 -3.105712271885782694e-02
3.120000000000000284e+01 -3.108557865027450004e-02
3.130000000000000071e+01 -3.111403458169117661e-02
3.140000000000000213e+01 -3.092527622061335899e-02
3.150000000000000000e+01 -3.073651785953554483e-02
3.160000000000000142e+01 -3.032787789901091047e-02
3.170000000000000284e+01 -2.991923793848626917e-02
3.180000000000000071e+01 -2.929677142043996679e-02
3.190000000000000213e+01 -2.867430490239363319e-02
3.200000000000000000e+01 -2.785176729793129025e-02
3.210000000000000142e+01 -2.702922969346891607e-02
3.220000000000000284e+01 -2.602720226181108598e-02
3.230000000000000426e+01 -2.502517483015324201e-02
3.239999999999999858e+01 -2.386753429255200620e-02
3.250000000000000000e+01 -2.270989375495069060e-02
3.260000000000000142e+01 -2.142816689157908683e-02
3.270000000000000284e+01 -2.014644002820748653e-02
3.280000000000000426e+01 -1.877676929324991958e-02
3.289999999999999858e+01 -1.740709855829244979e-02
3.300000000000000000e+01 -1.598924444750267349e-02
3.310000000000000142e+01 -1.457139033671289545e-02
3.320000000000000284e+01 -1.313326261780482264e-02
3.330000000000000426e+01 -1.169513489889675156e-02
3.339999999999999858e+01 -1.026949996981204108e-02
3.350000000000000000e+01 -8.843865040727226512e-03
3.360000000000000142e+01 -7.463452137627457801e-03
3.370000000000000284e+01 -6.083039234527688223e-03
3.380000000000000426e+01 -4.775463091538632333e-03
3.389999999999999858e+01 -3.467886948549669685e-03
3.400000000000000000e+01 -2.258669851109931705e-03
3.410000000000000142e+01 -1.049452753670201532e-03
3.420000000000000284e+01 3.520206711874044909e-05
3.430000000000000426e+01 1.119856887907671669e-03
3.439999999999999858e+01 2.047434682499071467e-03
3.450000000000000000e+01 2.975012477090536317e-03
3.460000000000000142e+01 3.723421715422428092e-03
3.470000000000000284e+01 4.471830953754319868e-03
3.480000000000000426e+01 5.018358549762577149e-03
3.489999999999999858e+01 5.564886145770794532e-03
3.500000000000000000e+01 5.934562312503650558e-03
3.510000000000000142e+01 6.304238479236492707e-03
3.520000000000000284e+01 6.535850618060649701e-03
3.530000000000000426e+01 6.767462756884801492e-03
3.539999999999999858e+01 6.924396732171096518e-03
3.550000000000000000e+01 7.081330707457402819e-03
3.560000000000000142e+01 7.169021484549944687e-03
3.570000000000000284e+01 7.256712261642485687e-03
3.580000000000000426e+01 7.280906019666788347e-03
3.589999999999999858e+01 7.305099777691090139e-03
3.600000000000000000e+01 7.284596031664832168e-03
3.610000000000000142e+01 7.264092285638571594e-03
3.620000000000000284e+01 7.207019635436649752e-03
3.630000000000000426e+01 7.149946985234726174e-03
3.639999999999999858e+01 7.063712470103815887e-03
3.650000000000000000e+01 6.977477954972898661e-03
3.660000000000000142e+01 6.868679427410762095e-03
3.670000000000000284e+01 6.759880899848625530e-03
3.680000000000000426e+01 6.634221644839500415e-03
3.689999999999999858e+01 6.508562389830383973e-03
3.700000000000000000e+01 6.370828472880226551e-03
3.710000000000000142e+01 6.233094555930068260e-03
3.720000000000000284e+01 6.087161202685180926e-03
3.730000000000000426e+01 5.941227849440293592e-03
3.739999999999999858e+01 5.790176256517569515e-03
3.750000000000000000e+01 5.639124663594832429e-03
3.760000000000000142e+01 5.485910659313885697e-03
3.770000000000000284e+01 5.332696655032938098e-03
3.780000000000000426e+01 5.180083283570545774e-03
3.789999999999999858e+01 5.027469912108162992e-03
3.800000000000000000e+01 4.877701210806448598e-03
3.810000000000000142e+01 4.727932509504734204e-03
3.820000000000000284e+01 4.582752067345741663e-03
3.830000000000000426e+01 4.437571625186750857e-03
3.840000000000000568e+01 4.298228389969748625e-03
3.850000000000000000e+01 4.158885154752758537e-03
3.860000000000000142e+01 4.026149192765182856e-03
3.870000000000000284e+01 3.893413230777606308e-03
3.880000000000000426e+01 3.767626021222041099e-03
3.890000000000000568e+01 3.641838811666476324e-03
3.900000000000000000e+01 3.523022965303326641e-03
3.910000000000000142e+01 3.404207118940168718e-03
3.920000000000000284e+01 3.292200597992287966e-03
3.930000000000000426e+01 3.180194077044406781e-03
3.940000000000000568e+01 3.074613305738186416e-03
3.950000000000000000e+01 2.969032534431973423e-03
3.960000000000000142e+01 2.869427507566023848e-03
3.970000000000000284e+01 2.769822480700075140e-03
3.980000000000000426e+01 2.675777136256701511e-03
3.990000000000000568e+01 2.581731791813328316e-03
4.000000000000000000e+01 2.492933183041904244e-03
4.010000000000000142e+01 2.404134574270474535e-03
4.020000000000000284e+01 2.320242038659678461e-03
4.030000000000000426e+01 2.236349503048882820e-03
4.040000000000000568e+01 2.156998786109219201e-03
4.050000000000000000e+01 2.077648069169561653e-03
4.060000000000000142e+01 2.002543532688434019e-03
4.070000000000000284e+01 1.927438996207306169e-03
4.080000000000000426e+01 1.856403946290369590e-03
4.090000000000000568e+01 1.785368896373432362e-03
4.100000000000000000e+01 1.718248206384323171e-03
4.110000000000000142e+01 1.651127516395209643e-03
4.120000000000000284e+01 1.587772321765962280e-03
4.130000000000000426e+01 1.524417127136714917e-03
4.140000000000000568e+01 1.464683786729002951e-03
4.150000000000000000e+01 1.404950446321295539e-03
4.160000000000000142e+01 1.348699865182221951e-03
4.170000000000000284e+01 1.292449284043148796e-03
4.180000000000000426e+01 1.239545009270323324e-03
4.190000000000000568e+01 1.186640734497497853e-03
4.200000000000000000e+01 1.136952055196770867e-03
4.210000000000000142e+01 1.087263375896040194e-03
4.220000000000000284e+01 1.040661768811726104e-03
4.230000000000000426e+01 9.940601617274122306e-04
4.240000000000000568e+01 9.504205742899091364e-04
4.250000000000000000e+01 9.067809868524088612e-04
4.260000000000000142e+01 8.659825234686880507e-04
4.270000000000000284e+01 8.251840600849672403e-04
4.280000000000000426e+01 7.871063373233422008e-04
4.290000000000000568e+01 7.490286145617172696e-04
4.300000000000000000e+01 7.135580681837505167e-04
4.310000000000000142e+01 6.780875218057814870e-04
4.320000000000000284e+01 6.451077437757174633e-04
4.330000000000000426e+01 6.121279657456536565e-04
4.340000000000000568e+01 5.815324308429429753e-04
4.350000000000000000e+01 5.509368959402345710e-04
4.360000000000000142e+01 5.226135679154891639e-04
4.370000000000000284e+01 4.942902398907438651e-04
4.380000000000000426e+01 4.681380533723087387e-04
4.390000000000000568e+01 4.419858668538736665e-04
4.400000000000000000e+01 4.178981629083983488e-04
4.410000000000000142e+01 3.938104589629214049e-04
4.420000000000000284e+01 3.716892132069078290e-04
4.430000000000000426e+01 3.495679674508943616e-04
4.440000000000000568e+01 3.293120505142513180e-04
4.450000000000000000e+01 3.090561335776096838e-04
4.460000000000000142e+01 2.905695671779717055e-04
4.470000000000000284e+01 2.720830007783337271e-04
4.480000000000000426e+01 2.552706191685031310e-04
4.490000000000000568e+01 2.384582375586725349e-04
4.500000000000000000e+01 2.232267967381867718e-04
4.510000000000000142e+01 2.079953559176998975e-04
4.520000000000000284e+01 1.942543087745074687e-04
4.530000000000000426e+01 1.805132616313150941e-04
4.540000000000000568e+01 1.681734347693578352e-04
4.550000000000000000e+01 1.558336079074014436e-04
4.560000000000000142e+01 1.448069025987378661e-04
4.570000000000000284e+01 1.337801972900742344e-04
4.580000000000000426e+01 1.239814704299236443e-04
4.590000000000000568e+01 1.141827435697730678e-04
4.600000000000000000e+01 1.055264462635445292e-04
4.610000000000000142e+01 9.687014895731538072e-05
4.620000000000000284e+01 8.927503782005366323e-05
4.630000000000000426e+01 8.167992668279194573e-05
4.640000000000000568e+01 7.506547406315689452e-05
4.650000000000000000e+01 6.845102144352230408e-05
4.660000000000000142e+01 6.273428716788288339e-05
4.670000000000000284e+01 5.701755289224343559e-05
4.680000000000000426e+01 5.212043905784481841e-05
4.690000000000000568e+01 4.722332522344620124e-05
4.700000000000000000e+01 4.306285524144702034e-05
4.710000000000000142e+01 3.890238525944754130e-05
4.720000000000000284e+01 3.540018385847540740e-05
4.730000000000000426e+01 3.189798245750326673e-05
4.740000000000000568e+01 2.897507104211974376e-05
4.750000000000000000e+01 2.605215962673642746e-05
4.760000000000000142e+01 2.367796403776823772e-05
4.770000000000000284e+01 2.130376844880004121e-05
4.780000000000000426e+01 1.939962263113939047e-05
4.790000000000000568e+01 1.749547681347873634e-05
4.800000000000000000e+01 1.599226715982825524e-05
4.810000000000000142e+01 1.448905750617766740e-05
4.820000000000000284e+01 1.331795629165870381e-05
4.830000000000000426e+01 1.214685507713974360e-05
4.840000000000000568e+01 1.123930162322697663e-05
4.850000000000000000e+01 1.033174816931427065e-05
4.860000000000000142e+01 9.619431248830049539e-06
4.870000000000000284e+01 8.907114328345828425e-06
4.880000000000000426e+01 8.321955729744995897e-06
4.890000000000000568e+01 7.736797131144163369e-06
4.900000000000000000e+01 7.210936305706364226e-06
4.910000000000000142e+01 6.685075480268527813e-06
4.920000000000000284e+01 6.150855200847813025e-06
4.930000000000000426e+01 5.616634921427098238e-06
4.940000000000000568e+01 5.006587886110420010e-06
4.950000000000000000e+01 4.396540850793785829e-06
4.960000000000000142e+01 3.643377169210046600e-06
4.970000000000000284e+01 2.890213487626306525e-06
4.980000000000000426e+01 1.926808991750848147e-06
4.990000000000000568e+01 9.634044958753897685e-07
5.000000000000000000e+01 0.000000000000000000e+00
