0.000000000000000000e+00 3.216656772807442053e+02
1.000000000000000056e-01 3.167423023425244537e+02
2.000000000000000111e-01 3.118569274038278536e+02
3.000000000000000444e-01 3.070095524646543481e+02
4.000000000000000222e-01 3.022001775250040509e+02
5.000000000000000000e-01 2.974288025848769621e+02
6.000000000000000888e-01 2.926954276442730247e+02
7.000000000000000666e-01 2.880000527031921820e+02
8.000000000000000444e-01 2.833426777616344907e+02
9.000000000000000222e-01 2.787233028196000078e+02
1.000000000000000000e+00 2.741419278770887331e+02
1.100000000000000089e+00 2.695985529341006099e+02
1.200000000000000178e+00 2.650931779906355814e+02
1.300000000000000044e+00 2.606258030466937043e+02
1.400000000000000133e+00 2.561964281022750924e+02
1.500000000000000000e+00 2.518050531573795752e+02
1.600000000000000089e+00 2.474516782120072378e+02
1.700000000000000178e+00 2.431363032661580519e+02
1.800000000000000044e+00 2.388589283198319890e+02
1.900000000000000133e+00 2.346195533730291345e+02
2.000000000000000000e+00 2.304181784257494598e+02
2.100000000000000089e+00 2.262548034779929367e+02
2.200000000000000178e+00 2.221294285297595934e+02
2.300000000000000266e+00 2.180420535810493448e+02
2.400000000000000355e+00 2.139926786318623328e+02
2.500000000000000000e+00 2.099813036821984724e+02
2.600000000000000089e+00 2.060079287320577635e+02
2.700000000000000178e+00 2.020725537814402060e+02
2.800000000000000266e+00 1.981751788303457715e+02
2.900000000000000355e+00 1.943158038787745454e+02
3.000000000000000000e+00 1.904944289267264992e+02
3.100000000000000089e+00 1.867110539742016044e+02
3.200000000000000178e+00 1.829656790211999180e+02
3.300000000000000266e+00 1.792583040677212693e+02
3.400000000000000355e+00 1.755889291137658859e+02
3.500000000000000000e+00 1.719575541593336254e+02
3.600000000000000089e+00 1.683641792044245733e+02
3.700000000000000178e+00 1.648088042490386442e+02
3.800000000000000266e+00 1.612914292931758382e+02
3.900000000000000355e+00 1.578120543368362405e+02
4.000000000000000000e+00 1.543706793800198227e+02
4.100000000000000533e+00 1.509673044227264995e+02
4.200000000000000178e+00 1.476019294649564699e+02
4.299999999999999822e+00 1.442745545067094781e+02
4.400000000000000355e+00 1.409851795479856946e+02
4.500000000000000000e+00 1.377338045887850910e+02
4.600000000000000533e+00 1.345204296291075821e+02
4.700000000000000178e+00 1.313450546689533667e+02
4.800000000000000711e+00 1.282076797083222175e+02
4.900000000000000355e+00 1.251083047472142482e+02
5.000000000000000000e+00 1.220469297856294446e+02
5.100000000000000533e+00 1.190235548235677783e+02
5.200000000000000178e+00 1.160381798610293060e+02
5.300000000000000711e+00 1.130908048980139853e+02
5.400000000000000355e+00 1.101814299345218444e+02
5.500000000000000000e+00 1.073100549705528408e+02
5.600000000000000533e+00 1.044766800061070029e+02
5.700000000000000178e+00 1.016813050411843449e+02
5.800000000000000711e+00 9.892393007578482411e+01
5.900000000000000355e+00 9.620455510990849746e+01
6.000000000000000000e+00 9.352318014355533649e+01
6.100000000000000533e+00 9.087980517672529857e+01
6.200000000000000178e+00 8.827443020941845475e+01
6.300000000000000711e+00 8.570705524163476241e+01
6.400000000000000355e+00 8.317768027337423575e+01
6.500000000000000000e+00 8.068630530463688899e+01
6.600000000000000533e+00 7.823293033542267949e+01
6.700000000000000178e+00 7.581755536573163567e+01
6.800000000000000711e+00 7.344018039556374333e+01
6.900000000000000355e+00 7.110080542491904509e+01
7.000000000000000000e+00 6.879943045379751254e+01
7.100000000000000533e+00 6.653605548219911725e+01
7.200000000000000178e+00 6.431068051012390185e+01
7.300000000000000711e+00 6.212330553757183083e+01
7.400000000000000355e+00 5.997393056454293259e+01
7.500000000000000000e+00 5.786255559103720003e+01
7.600000000000000533e+00 5.578918061705461184e+01
7.700000000000000178e+00 5.375380564259521776e+01
7.800000000000000711e+00 5.175643066765895384e+01
7.900000000000000355e+00 4.979705569224588402e+01
8.000000000000000000e+00 4.787568071635596567e+01
8.099999999999999645e+00 4.599230573998922011e+01
8.200000000000001066e+00 4.414693076314559050e+01
8.300000000000000711e+00 4.233955578582516921e+01
8.400000000000000355e+00 4.057018080802790649e+01
8.500000000000000000e+00 3.883880582975380236e+01
8.599999999999999645e+00 3.714543085100286390e+01
8.700000000000001066e+00 3.549005587177506271e+01
8.800000000000000711e+00 3.387268089207044142e+01
8.900000000000000355e+00 3.229330591188900001e+01
9.000000000000000000e+00 3.075193093123071364e+01
9.099999999999999645e+00 2.924855595009558584e+01
9.200000000000001066e+00 2.778318096848359886e+01
9.300000000000000711e+00 2.635580598639479533e+01
9.400000000000000355e+00 2.496643100382916458e+01
9.500000000000000000e+00 2.361505602078668886e+01
9.600000000000001421e+00 2.230168103726735396e+01
9.700000000000001066e+00 2.102630605327120961e+01
9.800000000000000711e+00 1.978893106879822028e+01
9.900000000000000355e+00 1.858955608384840019e+01
1.000000000000000000e+01 1.742818109842173868e+01
1.010000000000000142e+01 1.630480611251822154e+01
1.020000000000000107e+01 1.521943112613788607e+01
1.030000000000000071e+01 1.417205613928071628e+01
1.040000000000000036e+01 1.316268115194670685e+01
1.050000000000000000e+01 1.219130616413585955e+01
1.060000000000000142e+01 1.125793117584816017e+01
1.070000000000000107e+01 1.036255618708363890e+01
1.080000000000000071e+01 9.505181197842279772e+00
1.090000000000000036e+01 8.685806208124084549e+00
1.100000000000000000e+01 7.904431217929051456e+00
1.110000000000000142e+01 7.161056227257167173e+00
1.120000000000000107e+01 6.455681236108461007e+00
1.130000000000000071e+01 5.788306244482915197e+00
1.140000000000000036e+01 5.158931252380533294e+00
1.150000000000000000e+01 4.567556259801313523e+00
1.160000000000000142e+01 4.014181266745247889e+00
1.170000000000000107e+01 3.498806273212353712e+00
1.180000000000000071e+01 3.021431279202622999e+00
1.190000000000000036e+01 2.582056284716054417e+00
1.200000000000000000e+01 2.180681289752647523e+00
1.210000000000000142e+01 1.817306294312398318e+00
1.220000000000000107e+01 1.491931298395318128e+00
1.230000000000000071e+01 1.204556302001400292e+00
1.240000000000000036e+01 9.551813051306455860e-01
1.250000000000000000e+01 7.438063077830530112e-01
1.260000000000000142e+01 5.704313099586203473e-01
1.270000000000000107e+01 4.350563116573537004e-01
1.280000000000000071e+01 3.376813128792495733e-01
1.290000000000000036e+01 2.783063136243080216e-01
1.300000000000000000e+01 2.569313138925291007e-01
1.310000000000000142e+01 2.545563139223314120e-01
1.320000000000000107e+01 2.521813139521337233e-01
1.330000000000000071e+01 2.498063139819360345e-01
1.340000000000000036e+01 2.474313140117384291e-01
1.350000000000000000e+01 2.450563140415407959e-01
1.360000000000000142e+01 2.426813140713431072e-01
1.370000000000000107e+01 2.403063141011454185e-01
1.380000000000000071e+01 2.379313141309477575e-01
1.390000000000000036e+01 2.355563141607500410e-01
1.400000000000000000e+01 2.331813141905523801e-01
1.410000000000000142e+01 2.308063142203546914e-01
1.420000000000000107e+01 2.284313142501570026e-01
1.430000000000000071e+01 2.260563142799593417e-01
1.440000000000000036e+01 2.236813143097617085e-01
1.450000000000000000e+01 2.213063143395640198e-01
1.460000000000000142e+01 2.189313143693663033e-01
1.470000000000000107e+01 2.165563143991686423e-01
1.480000000000000071e+01 2.141813144289709536e-01
1.490000000000000036e+01 2.118063144587732649e-01
1.500000000000000000e+01 2.094313144885756039e-01
1.510000000000000142e+01 2.070563145183778875e-01
1.520000000000000107e+01 2.046813145481801988e-01
1.530000000000000071e+01 2.023063145779825656e-01
1.540000000000000036e+01 1.999313146077849046e-01
1.550000000000000000e+01 1.975563146375872159e-01
1.560000000000000142e+01 1.951813146673895272e-01
1.570000000000000107e+01 1.928063146971918662e-01
1.580000000000000071e+01 1.904313147269941775e-01
1.590000000000000036e+01 1.880563147567965165e-01
1.600000000000000000e+01 1.856813147865988278e-01
1.610000000000000142e+01 1.833063148164010836e-01
1.619999999999999929e+01 1.809313148462034782e-01
1.630000000000000071e+01 1.785563148760057894e-01
1.640000000000000213e+01 1.761813149058080730e-01
1.650000000000000000e+01 1.738063149356104675e-01
1.660000000000000142e+01 1.714313149654127511e-01
1.669999999999999929e+01 1.690563149952151178e-01
1.680000000000000071e+01 1.666813150250174014e-01
1.690000000000000213e+01 1.643063150548197127e-01
1.700000000000000000e+01 1.619313150846220517e-01
1.710000000000000142e+01 1.595563151144243075e-01
1.719999999999999929e+01 1.571813151442267298e-01
1.730000000000000071e+01 1.548063151740290133e-01
1.740000000000000213e+01 1.524313152038312968e-01
1.750000000000000000e+01 1.500563152336337192e-01
1.760000000000000142e+01 1.476813152634359749e-01
1.769999999999999929e+01 1.453063152932383140e-01
1.780000000000000071e+01 1.429313153230406253e-01
1.790000000000000213e+01 1.405563153528429088e-01
1.800000000000000000e+01 1.381821881345675629e-01
1.810000000000000142e+01 1.358080609162921337e-01
1.819999999999999929e+01 1.334534554958612673e-01
1.830000000000000071e+01 1.310988500754303177e-01
1.840000000000000213e+01 1.287538574001908798e-01
1.850000000000000000e+01 1.264088647249514974e-01
1.860000000000000142e+01 1.240648627495725270e-01
1.869999999999999929e+01 1.217208607741936399e-01
1.880000000000000071e+01 1.193704149593473041e-01
1.890000000000000213e+01 1.170199691445010237e-01
1.900000000000000000e+01 1.146567525364457218e-01
1.910000000000000142e+01 1.122935359283903506e-01
1.920000000000000284e+01 1.099122666205882975e-01
1.930000000000000071e+01 1.075309973127863417e-01
1.940000000000000213e+01 1.051273756277767285e-01
1.950000000000000000e+01 1.027237539427671986e-01
1.960000000000000142e+01 1.002944175439863528e-01
1.970000000000000284e+01 9.786508114520552082e-02
1.980000000000000071e+01 9.540755951696616721e-02
1.990000000000000213e+01 9.295003788872671646e-02
2.000000000000000000e+01 9.046271561284643936e-02
2.010000000000000142e+01 8.797539333696606512e-02
2.020000000000000284e+01 8.545787115633696196e-02
2.030000000000000071e+01 8.294034897570792819e-02
2.040000000000000213e+01 8.044177517066407324e-02
2.050000000000000000e+01 7.794320136562031542e-02
2.060000000000000142e+01 7.553913374214553389e-02
2.070000000000000284e+01 7.313506611867075236e-02
2.080000000000000071e+01 7.084750860508527703e-02
2.090000000000000213e+01 6.855995109149970457e-02
2.100000000000000000e+01 6.638139878739508781e-02
2.110000000000000142e+01 6.420284648329038779e-02
2.120000000000000284e+01 6.212712480288247463e-02
2.130000000000000071e+01 6.005140312247462392e-02
2.140000000000000213e+01 5.807360230612013119e-02
2.150000000000000000e+01 5.609580148976572866e-02
2.160000000000000142e+01 5.421221467672413669e-02
2.170000000000000284e+01 5.232862786368255165e-02
2.180000000000000071e+01 5.053669245805767624e-02
2.190000000000000213e+01 4.874475705243274531e-02
2.200000000000000000e+01 4.704300067561712623e-02
2.210000000000000142e+01 4.534124429880145163e-02
2.220000000000000284e+01 4.372923406868263474e-02
2.230000000000000071e+01 4.211722383856388030e-02
2.240000000000000213e+01 4.059551847939299463e-02
2.250000000000000000e+01 3.907381312022216446e-02
2.260000000000000142e+01 3.764391799940695893e-02
2.270000000000000284e+01 3.621402287859174646e-02
2.280000000000000071e+01 3.487834748875465185e-02
2.290000000000000213e+01 3.354267209891752255e-02
2.300000000000000000e+01 3.230318617877133563e-02
2.310000000000000142e+01 3.106370025862509668e-02
2.320000000000000284e+01 2.989558243440172680e-02
2.330000000000000071e+01 2.872746461017839856e-02
2.340000000000000213e+01 2.762627233121550674e-02
2.350000000000000000e+01 2.652508005225265308e-02
2.360000000000000142e+01 2.548667286470955237e-02
2.370000000000000284e+01 2.444826567716645166e-02
2.380000000000000071e+01 2.346878854447409166e-02
2.390000000000000213e+01 2.248931141178170043e-02
2.400000000000000000e+01 2.156517824494329563e-02
2.410000000000000142e+01 2.064104507810486308e-02
2.420000000000000284e+01 1.976891727702214524e-02
2.430000000000000071e+01 1.889678947593945169e-02
2.440000000000000213e+01 1.807356604860898067e-02
2.450000000000000000e+01 1.725034262127853740e-02
2.460000000000000142e+01 1.647314155847924219e-02
2.470000000000000284e+01 1.569594049567994698e-02
2.480000000000000071e+01 1.496208710021850428e-02
2.490000000000000213e+01 1.422823370475703210e-02
2.500000000000000000e+01 1.353524458798582505e-02
2.510000000000000142e+01 1.284225547121459199e-02
2.520000000000000284e+01 1.218723124063686956e-02
2.530000000000000071e+01 1.153220701005916796e-02
2.540000000000000213e+01 1.091283871284415806e-02
2.550000000000000000e+01 1.029347041562917071e-02
2.560000000000000142e+01 9.707596445526024687e-03
2.570000000000000284e+01 9.121722475422878659e-03
2.580000000000000071e+01 8.567321923155095040e-03
2.590000000000000213e+01 8.012921370887294073e-03
2.600000000000000000e+01 7.488104077909675006e-03
2.610000000000000142e+01 6.963286784932036858e-03
2.620000000000000284e+01 6.466283925418276485e-03
2.630000000000000071e+01 5.969281065904534327e-03
2.640000000000000213e+01 5.498436660310514375e-03
2.650000000000000000e+01 5.027592254716511770e-03
2.660000000000000142e+01 4.581356743228513426e-03
2.670000000000000284e+01 4.135121231740515081e-03
2.680000000000000071e+01 3.712044195285840297e-03
2.690000000000000213e+01 3.288967158831151635e-03
2.700000000000000000e+01 2.887690166783337190e-03
2.710000000000000142e+01 2.486413174735509300e-03
2.720000000000000284e+01 2.105664047549790207e-03
2.730000000000000071e+01 1.724914920364084775e-03
2.740000000000000213e+01 1.363085669314811248e-03
2.750000000000000000e+01 1.001256418265550731e-03
2.760000000000000142e+01 6.574333255468505638e-04
2.770000000000000284e+01 3.136102328281503422e-04
2.780000000000000071e+01 -1.307212423731659413e-05
2.790000000000000213e+01 -3.397544813027944402e-04
2.800000000000000000e+01 -6.501156278338675147e-04
2.810000000000000142e+01 -9.604767743649518649e-04
2.820000000000000284e+01 -1.257527857859125570e-03
2.830000000000000071e+01 -1.554578941353289192e-03
2.840000000000000213e+01 -1.839169408815643321e-03
2.850000000000000000e+01 -2.123759876277986607e-03
2.860000000000000142e+01 -2.396184683373082935e-03
2.870000000000000284e+01 -2.668609490468178830e-03
2.880000000000000071e+01 -2.929419130766460540e-03
2.890000000000000213e+01 -3.190228771064750925e-03
2.900000000000000000e+01 -3.439256329908446392e-03
2.910000000000000142e+01 -3.688283888752150099e-03
2.920000000000000284e+01 -3.924316819772015637e-03
2.930000000000000071e+01 -4.160349750791872067e-03
2.940000000000000213e+01 -4.380717272046974475e-03
2.950000000000000000e+01 -4.601084793302068210e-03
2.960000000000000142e+01 -4.805194865918635018e-03
2.970000000000000284e+01 -5.009304938535202693e-03
2.980000000000000071e+01 -5.195659946631472036e-03
2.990000000000000213e+01 -5.382014954727747449e-03
3.000000000000000000e+01 -5.555906028092656018e-03
3.010000000000000142e+01 -5.729797101457570659e-03
3.020000000000000284e+01 -5.892753797145595766e-03
3.030000000000000071e+01 -6.055710492833615670e-03
3.040000000000000213e+01 -6.207847167482522487e-03
3.050000000000000000e+01 -6.359983842131424099e-03
3.060000000000000142e+01 -6.487083059941518154e-03
3.070000000000000284e+01 -6.614182277751611341e-03
3.080000000000000071e+01 -6.706093949425963839e-03
3.090000000000000213e+01 -6.798005621100318072e-03
3.100000000000000000e+01 -6.849794223756583769e-03
3.110000000000000142e+01 -6.901582826412850334e-03
3.120000000000000284e+01 -6.907906366727666579e-03
3.130000000000000071e+01 -6.914229907042483692e-03
3.140000000000000213e+01 -6.872283604580746441e-03
3.150000000000000000e+01 -6.830337302119010058e-03
3.160000000000000142e+01 -6.739528422002424163e-03
3.170000000000000284e+01 -6.648719541885837400e-03
3.180000000000000071e+01 -6.510393648986659287e-03
3.190000000000000213e+01 -6.372067756087474236e-03
3.200000000000000000e+01 -6.189281621762509136e-03
3.210000000000000142e+01 -6.006495487437537098e-03
3.220000000000000284e+01 -5.783822724846908285e-03
3.230000000000000426e+01 -5.561149962256276003e-03
3.239999999999999858e+01 -5.303896509456001475e-03
3.250000000000000000e+01 -5.046643056655708733e-03
3.260000000000000142e+01 -4.761814864795353014e-03
3.270000000000000284e+01 -4.476986672934997295e-03
3.280000000000000426e+01 -4.172615398499982323e-03
3.289999999999999858e+01 -3.868244124064988600e-03
3.300000000000000000e+01 -3.553165432778371789e-03
3.310000000000000142e+01 -3.238086741491754544e-03
3.320000000000000284e+01 -2.918502803956627301e-03
3.330000000000000426e+01 -2.598918866421500492e-03
3.339999999999999858e+01 -2.282111104402675603e-03
3.350000000000000000e+01 -1.965303342383828162e-03
3.360000000000000142e+01 -1.658544919472768400e-03
3.370000000000000284e+01 -1.351786496561708422e-03
3.380000000000000426e+01 -1.061214020341918248e-03
3.389999999999999858e+01 -7.706415441221487828e-04
3.400000000000000000e+01 -5.019266335799847873e-04
3.410000000000000142e+01 -2.332117230378225536e-04
3.420000000000000284e+01 7.822681581942321266e-06
3.430000000000000426e+01 2.488570862017047973e-04
3.439999999999999858e+01 4.549854849997936172e-04
3.450000000000000000e+01 6.611138837978969111e-04
3.460000000000000142e+01 8.274270478716506992e-04
3.470000000000000284e+01 9.937402119454044874e-04
3.480000000000000426e+01 1.115190788836128207e-03
3.489999999999999858e+01 1.236641365726843253e-03
3.500000000000000000e+01 1.318791625000811235e-03
3.510000000000000142e+01 1.400941884274776181e-03
3.520000000000000284e+01 1.452411248457922228e-03
3.530000000000000426e+01 1.503880612641066974e-03
3.539999999999999858e+01 1.538754829371354830e-03
3.550000000000000000e+01 1.573629046101645071e-03
3.560000000000000142e+01 1.593115885455543288e-03
3.570000000000000284e+01 1.612602724809441288e-03
3.580000000000000426e+01 1.617979115481508546e-03
3.589999999999999858e+01 1.623355506153575586e-03
3.600000000000000000e+01 1.618799118147740482e-03
3.610000000000000142e+01 1.614242730141904726e-03
3.620000000000000284e+01 1.601559918985922095e-03
3.630000000000000426e+01 1.588877107829939246e-03
3.639999999999999858e+01 1.569713882245292371e-03
3.650000000000000000e+01 1.550550656660644195e-03
3.660000000000000142e+01 1.526373206091280466e-03
3.670000000000000284e+01 1.502195755521916736e-03
3.680000000000000426e+01 1.474271476631000164e-03
3.689999999999999858e+01 1.446347197740085327e-03
3.700000000000000000e+01 1.415739660640050320e-03
3.710000000000000142e+01 1.385132123540015097e-03
3.720000000000000284e+01 1.352702489485595834e-03
3.730000000000000426e+01 1.320272855431176354e-03
3.739999999999999858e+01 1.286705834781682115e-03
3.750000000000000000e+01 1.253138814132185056e-03
3.760000000000000142e+01 1.219091257625307860e-03
3.770000000000000284e+01 1.185043701118430664e-03
3.780000000000000426e+01 1.151129618571232298e-03
3.789999999999999858e+01 1.117215536024036317e-03
3.800000000000000000e+01 1.083933602401433022e-03
3.810000000000000142e+01 1.050651668778829727e-03
3.820000000000000284e+01 1.018389348299053631e-03
3.830000000000000426e+01 9.861270278192779681e-04
3.840000000000000568e+01 9.551618644377219769e-04
3.850000000000000000e+01 9.241967010561684794e-04
3.860000000000000142e+01 8.946998206144849948e-04
3.870000000000000284e+01 8.652029401728014019e-04
3.880000000000000426e+01 8.372502269382313313e-04
3.890000000000000568e+01 8.092975137036613692e-04
3.900000000000000000e+01 7.828939922896281786e-04
3.910000000000000142e+01 7.564904708755930364e-04
3.920000000000000284e+01 7.316001328871751157e-04
3.930000000000000426e+01 7.067097948987570866e-04
3.940000000000000568e+01 6.832474012751525369e-04
3.950000000000000000e+01 6.597850076515496135e-04
3.960000000000000142e+01 6.376505572368942366e-04
3.970000000000000284e+01 6.155161068222389682e-04
3.980000000000000426e+01 5.946171413903781136e-04
3.990000000000000568e+01 5.737181759585173674e-04
4.000000000000000000e+01 5.539851517870898441e-04
4.010000000000000142e+01 5.342521276156610198e-04
4.020000000000000284e+01 5.156093419243730274e-04
4.030000000000000426e+01 4.969665562330850351e-04
4.040000000000000568e+01 4.793330635798264891e-04
4.050000000000000000e+01 4.616995709265692984e-04
4.060000000000000142e+01 4.450096739307631455e-04
4.070000000000000284e+01 4.283197769349569384e-04
4.080000000000000426e+01 4.125342102867487798e-04
4.090000000000000568e+01 3.967486436385405128e-04
4.100000000000000000e+01 3.818329347520718338e-04
4.110000000000000142e+01 3.669172258656021248e-04
4.120000000000000284e+01 3.528382937257694136e-04
4.130000000000000426e+01 3.387593615859366483e-04
4.140000000000000568e+01 3.254852859397784517e-04
4.150000000000000000e+01 3.122112102936212309e-04
4.160000000000000142e+01 2.997110811516048899e-04
4.170000000000000284e+01 2.872109520095886032e-04
4.180000000000000426e+01 2.754544465045163123e-04
4.190000000000000568e+01 2.636979409994439673e-04
4.200000000000000000e+01 2.526560122659490815e-04
4.210000000000000142e+01 2.416140835324533825e-04
4.220000000000000284e+01 2.312581708470502664e-04
4.230000000000000426e+01 2.209022581616471774e-04
4.240000000000000568e+01 2.112045720644242525e-04
4.250000000000000000e+01 2.015068859672019782e-04
4.260000000000000142e+01 1.924405607708195578e-04
4.270000000000000284e+01 1.833742355744371645e-04
4.280000000000000426e+01 1.749125194051871497e-04
4.290000000000000568e+01 1.664508032359371620e-04
4.300000000000000000e+01 1.585684595963890128e-04
4.310000000000000142e+01 1.506861159568403214e-04
4.320000000000000284e+01 1.433572763946038898e-04
4.330000000000000426e+01 1.360284368323674852e-04
4.340000000000000568e+01 1.292294290762095591e-04
4.350000000000000000e+01 1.224304213200521209e-04
4.360000000000000142e+01 1.161363484256642571e-04
4.370000000000000284e+01 1.098422755312764069e-04
4.380000000000000426e+01 1.040306785271797197e-04
4.390000000000000568e+01 9.821908152308303247e-05
4.400000000000000000e+01 9.286625842408852648e-05
4.410000000000000142e+01 8.751343532509364101e-05
4.420000000000000284e+01 8.259760293486840947e-05
4.430000000000000426e+01 7.768177054464319147e-05
4.440000000000000568e+01 7.318045566983362622e-05
4.450000000000000000e+01 6.867914079502437268e-05
4.460000000000000142e+01 6.457101492843815376e-05
4.470000000000000284e+01 6.046288906185193484e-05
4.480000000000000426e+01 5.672680425966736696e-05
4.490000000000000568e+01 5.299071945748278552e-05
4.500000000000000000e+01 4.960595483070816925e-05
4.510000000000000142e+01 4.622119020393330904e-05
4.520000000000000284e+01 4.316762417211277383e-05
4.530000000000000426e+01 4.011405814029224539e-05
4.540000000000000568e+01 3.737187439319063003e-05
4.550000000000000000e+01 3.462969064608921118e-05
4.560000000000000142e+01 3.217931168860841318e-05
4.570000000000000284e+01 2.972893273112760501e-05
4.580000000000000426e+01 2.755143787331636239e-05
4.590000000000000568e+01 2.537394301550512655e-05
4.600000000000000000e+01 2.345032139189878577e-05
4.610000000000000142e+01 2.152669976829230607e-05
4.620000000000000284e+01 1.983889729334525925e-05
4.630000000000000426e+01 1.815109481839820903e-05
4.640000000000000568e+01 1.668121645847930952e-05
4.650000000000000000e+01 1.521133809856051334e-05
4.660000000000000142e+01 1.394095270397397446e-05
4.670000000000000284e+01 1.267056730938743051e-05
4.680000000000000426e+01 1.158231979063218225e-05
4.690000000000000568e+01 1.049407227187693398e-05
4.700000000000000000e+01 9.569523386988226931e-06
4.710000000000000142e+01 8.644974502099453810e-06
4.720000000000000284e+01 7.866707524105645525e-06
4.730000000000000426e+01 7.088440546111836393e-06
4.740000000000000568e+01 6.438904676026609442e-06
4.750000000000000000e+01 5.789368805941428230e-06
4.760000000000000142e+01 5.261769786170719117e-06
4.770000000000000284e+01 4.734170766400009158e-06
4.780000000000000426e+01 4.311027251364308617e-06
4.790000000000000568e+01 3.887883736328608076e-06
4.800000000000000000e+01 3.553837146628501446e-06
4.810000000000000142e+01 3.219790556928370676e-06
4.820000000000000284e+01 2.959545842590823116e-06
4.830000000000000426e+01 2.699301128253276403e-06
4.840000000000000568e+01 2.497622582939328188e-06
4.850000000000000000e+01 2.295944037625393525e-06
4.860000000000000142e+01 2.137651388628900086e-06
4.870000000000000284e+01 1.979358739632406222e-06
4.880000000000000426e+01 1.849323495498887812e-06
4.890000000000000568e+01 1.719288251365369614e-06
4.900000000000000000e+01 1.602430290156969899e-06
4.910000000000000142e+01 1.485572328948561713e-06
4.920000000000000284e+01 1.366856711299514006e-06
4.930000000000000426e+01 1.248141093650466299e-06
4.940000000000000568e+01 1.112575085802315628e-06
4.950000000000000000e+01 9.770090779541746992e-07
4.960000000000000142e+01 8.096393709355659230e-07
4.970000000000000284e+01 6.422696639169570408e-07
4.980000000000000426e+01 4.281797759446328921e-07
4.990000000000000568e+01 2.140898879723088492e-07
5.000000000000000000e+01 0.000000000000000000e+00
