0.000000 2.048792
0.500000 2.048753
1.000000 2.048636
1.500000 2.048441
2.000000 2.048168
2.500000 2.047817
3.000000 2.047388
3.500000 2.046881
4.000000 2.046297
4.500000 2.045634
5.000000 2.044894
5.500000 2.044076
6.000000 2.043180
6.500000 2.042207
7.000000 2.041156
7.500000 2.040028
8.000000 2.038823
8.500000 2.037540
9.000000 2.036180
9.500000 2.034743
10.000000 2.033229
10.500000 2.031639
11.000000 2.029971
11.500000 2.028227
12.000000 2.026407
12.500000 2.024510
13.000000 2.022537
13.500000 2.020488
14.000000 2.018363
14.500000 2.016163
15.000000 2.013887
15.500000 2.011535
16.000000 2.009109
16.500000 2.006607
17.000000 2.004031
17.500000 2.001380
18.000000 1.998655
18.500000 1.995855
19.000000 1.992982
19.500000 1.990034
20.000000 1.987014
20.500000 1.983919
21.000000 1.980752
21.500000 1.977512
22.000000 1.974200
22.500000 1.970815
23.000000 1.967358
23.500000 1.963829
24.000000 1.960228
24.500000 1.956557
25.000000 1.952814
25.500000 1.949001
26.000000 1.945117
26.500000 1.941163
27.000000 1.937140
27.500000 1.933046
28.000000 1.928884
28.500000 1.924653
29.000000 1.920353
29.500000 1.915985
30.000000 1.911549
30.500000 1.907046
31.000000 1.902475
31.500000 1.897837
32.000000 1.893133
32.500000 1.888363
33.000000 1.883527
33.500000 1.878625
34.000000 1.873659
34.500000 1.868628
35.000000 1.863532
35.500000 1.858373
36.000000 1.853150
36.500000 1.847864
37.000000 1.842515
37.500000 1.837104
38.000000 1.831631
38.500000 1.826097
39.000000 1.820501
39.500000 1.814845
40.000000 1.809129
40.500000 1.803353
41.000000 1.797518
41.500000 1.791623
42.000000 1.785671
42.500000 1.779660
43.000000 1.773592
43.500000 1.767467
44.000000 1.761285
44.500000 1.755047
45.000000 1.748753
45.500000 1.742405
46.000000 1.736001
46.500000 1.729544
47.000000 1.723033
47.500000 1.716468
48.000000 1.709851
48.500000 1.703181
49.000000 1.696460
49.500000 1.689688
50.000000 1.682865
50.500000 1.675992
51.000000 1.669069
51.500000 1.662098
52.000000 1.655077
52.500000 1.648009
53.000000 1.640893
53.500000 1.633730
54.000000 1.626521
54.500000 1.619266
55.000000 1.611966
55.500000 1.604620
56.000000 1.597231
56.500000 1.589798
57.000000 1.582322
57.500000 1.574804
58.000000 1.567243
58.500000 1.559642
59.000000 1.551999
59.500000 1.544316
60.000000 1.536594
60.500000 1.528833
61.000000 1.521033
61.500000 1.513196
62.000000 1.505321
62.500000 1.497410
63.000000 1.489462
63.500000 1.481479
64.000000 1.473462
64.500000 1.465410
65.000000 1.457325
65.500000 1.449206
66.000000 1.441055
66.500000 1.432873
67.000000 1.424660
67.500000 1.416415
68.000000 1.408142
68.500000 1.399838
69.000000 1.391507
69.500000 1.383147
70.000000 1.374760
70.500000 1.366347
71.000000 1.357907
71.500000 1.349442
72.000000 1.340952
72.500000 1.332438
73.000000 1.323901
73.500000 1.315340
74.000000 1.306758
74.500000 1.298154
75.000000 1.289529
75.500000 1.280884
76.000000 1.272220
76.500000 1.263537
77.000000 1.254835
77.500000 1.246116
78.000000 1.237380
78.500000 1.228628
79.000000 1.219860
79.500000 1.211077
80.000000 1.202281
80.500000 1.193470
81.000000 1.184647
81.500000 1.175811
82.000000 1.166964
82.500000 1.158107
83.000000 1.149239
83.500000 1.140361
84.000000 1.131475
84.500000 1.122580
85.000000 1.113678
85.500000 1.104769
86.000000 1.095854
86.500000 1.086934
87.000000 1.078009
87.500000 1.069080
88.000000 1.060147
88.500000 1.051212
89.000000 1.042274
89.500000 1.033336
90.000000 1.024396
90.500000 1.015457
91.000000 1.006518
91.500000 0.997581
92.000000 0.988645
92.500000 0.979713
93.000000 0.970783
93.500000 0.961858
94.000000 0.952938
94.500000 0.944023
95.000000 0.935114
95.500000 0.926212
96.000000 0.917318
96.500000 0.908431
97.000000 0.899554
97.500000 0.890686
98.000000 0.881828
98.500000 0.872981
99.000000 0.864145
99.500000 0.855322
100.000000 0.846512
100.500000 0.837715
101.000000 0.828932
101.500000 0.820164
102.000000 0.811412
102.500000 0.802676
103.000000 0.793957
103.500000 0.785256
104.000000 0.776572
104.500000 0.767908
105.000000 0.759263
105.500000 0.750638
106.000000 0.742034
106.500000 0.733452
107.000000 0.724892
107.500000 0.716354
108.000000 0.707840
108.500000 0.699350
109.000000 0.690885
109.500000 0.682446
110.000000 0.674032
110.500000 0.665645
111.000000 0.657285
111.500000 0.648954
112.000000 0.640651
112.500000 0.632377
113.000000 0.624133
113.500000 0.615919
114.000000 0.607737
114.500000 0.599586
115.000000 0.591468
115.500000 0.583382
116.000000 0.575330
116.500000 0.567313
117.000000 0.559330
117.500000 0.551383
118.000000 0.543471
118.500000 0.535597
119.000000 0.527759
119.500000 0.519959
120.000000 0.512198
120.500000 0.504476
121.000000 0.496793
121.500000 0.489151
122.000000 0.481549
122.500000 0.473988
123.000000 0.466470
123.500000 0.458994
124.000000 0.451561
124.500000 0.444172
125.000000 0.436827
125.500000 0.429526
126.000000 0.422271
126.500000 0.415062
127.000000 0.407899
127.500000 0.400783
128.000000 0.393715
128.500000 0.386695
129.000000 0.379723
129.500000 0.372800
130.000000 0.365927
130.500000 0.359104
131.000000 0.352332
131.500000 0.345611
132.000000 0.338941
132.500000 0.332324
133.000000 0.325760
133.500000 0.319248
134.000000 0.312791
134.500000 0.306387
135.000000 0.300039
135.500000 0.293745
136.000000 0.287507
136.500000 0.281325
137.000000 0.275200
137.500000 0.269132
138.000000 0.263121
138.500000 0.257169
139.000000 0.251275
139.500000 0.245439
140.000000 0.239663
140.500000 0.233947
141.000000 0.228291
141.500000 0.222695
142.000000 0.217161
142.500000 0.211688
143.000000 0.206277
143.500000 0.200928
144.000000 0.195642
144.500000 0.190419
145.000000 0.185260
145.500000 0.180164
146.000000 0.175133
146.500000 0.170167
147.000000 0.165265
147.500000 0.160429
148.000000 0.155659
148.500000 0.150955
149.000000 0.146317
149.500000 0.141747
150.000000 0.137243
150.500000 0.132807
151.000000 0.128439
151.500000 0.124139
152.000000 0.119908
152.500000 0.115746
153.000000 0.111652
153.500000 0.107629
154.000000 0.103675
154.500000 0.099791
155.000000 0.095978
155.500000 0.092235
156.000000 0.088564
156.500000 0.084963
157.000000 0.081435
157.500000 0.077978
158.000000 0.074593
158.500000 0.071280
159.000000 0.068040
159.500000 0.064873
160.000000 0.061779
160.500000 0.058758
161.000000 0.055811
161.500000 0.052937
162.000000 0.050138
162.500000 0.047412
163.000000 0.044761
163.500000 0.042185
164.000000 0.039683
164.500000 0.037257
165.000000 0.034905
165.500000 0.032629
166.000000 0.030429
166.500000 0.028304
167.000000 0.026255
167.500000 0.024282
168.000000 0.022386
168.500000 0.020565
169.000000 0.018821
169.500000 0.017154
170.000000 0.015563
170.500000 0.014049
171.000000 0.012612
171.500000 0.011252
172.000000 0.009969
172.500000 0.008764
173.000000 0.007636
173.500000 0.006585
174.000000 0.005612
174.500000 0.004716
175.000000 0.003898
175.500000 0.003158
176.000000 0.002495
176.500000 0.001911
177.000000 0.001404
177.500000 0.000975
178.000000 0.000624
178.500000 0.000351
179.000000 0.000156
179.500000 0.000039
180.000000 0.000000
180.500000 0.000039
181.000000 0.000156
