0.000000 2.302864
0.500000 2.302820
1.000000 2.302689
1.500000 2.302470
2.000000 2.302163
2.500000 2.301768
3.000000 2.301286
3.500000 2.300717
4.000000 2.300059
4.500000 2.299315
5.000000 2.298483
5.500000 2.297563
6.000000 2.296557
6.500000 2.295463
7.000000 2.294282
7.500000 2.293014
8.000000 2.291659
8.500000 2.290217
9.000000 2.288688
9.500000 2.287073
10.000000 2.285371
10.500000 2.283583
11.000000 2.281709
11.500000 2.279749
12.000000 2.277703
12.500000 2.275571
13.000000 2.273353
13.500000 2.271050
14.000000 2.268662
14.500000 2.266188
15.000000 2.263630
15.500000 2.260987
16.000000 2.258260
16.500000 2.255448
17.000000 2.252552
17.500000 2.249572
18.000000 2.246509
18.500000 2.243362
19.000000 2.240133
19.500000 2.236820
20.000000 2.233424
20.500000 2.229947
21.000000 2.226387
21.500000 2.222745
22.000000 2.219021
22.500000 2.215217
23.000000 2.211331
23.500000 2.207364
24.000000 2.203318
24.500000 2.199191
25.000000 2.194984
25.500000 2.190698
26.000000 2.186332
26.500000 2.181888
27.000000 2.177366
27.500000 2.172765
28.000000 2.168086
28.500000 2.163330
29.000000 2.158497
29.500000 2.153588
30.000000 2.148602
30.500000 2.143540
31.000000 2.138402
31.500000 2.133189
32.000000 2.127902
32.500000 2.122540
33.000000 2.117104
33.500000 2.111595
34.000000 2.106013
34.500000 2.100357
35.000000 2.094630
35.500000 2.088831
36.000000 2.082960
36.500000 2.077019
37.000000 2.071007
37.500000 2.064925
38.000000 2.058773
38.500000 2.052552
39.000000 2.046263
39.500000 2.039905
40.000000 2.033480
40.500000 2.026988
41.000000 2.020429
41.500000 2.013804
42.000000 2.007113
42.500000 2.000357
43.000000 1.993536
43.500000 1.986651
44.000000 1.979703
44.500000 1.972692
45.000000 1.965618
45.500000 1.958482
46.000000 1.951284
46.500000 1.944026
47.000000 1.936707
47.500000 1.929328
48.000000 1.921891
48.500000 1.914394
49.000000 1.906840
49.500000 1.899227
50.000000 1.891558
50.500000 1.883833
51.000000 1.876052
51.500000 1.868215
52.000000 1.860324
52.500000 1.852380
53.000000 1.844381
53.500000 1.836330
54.000000 1.828227
54.500000 1.820072
55.000000 1.811866
55.500000 1.803610
56.000000 1.795305
56.500000 1.786950
57.000000 1.778547
57.500000 1.770096
58.000000 1.761598
58.500000 1.753054
59.000000 1.744463
59.500000 1.735828
60.000000 1.727148
60.500000 1.718424
61.000000 1.709657
61.500000 1.700848
62.000000 1.691997
62.500000 1.683104
63.000000 1.674171
63.500000 1.665199
64.000000 1.656187
64.500000 1.647136
65.000000 1.638048
65.500000 1.628923
66.000000 1.619762
66.500000 1.610565
67.000000 1.601332
67.500000 1.592066
68.000000 1.582766
68.500000 1.573433
69.000000 1.564068
69.500000 1.554672
70.000000 1.545245
70.500000 1.535788
71.000000 1.526302
71.500000 1.516787
72.000000 1.507244
72.500000 1.497674
73.000000 1.488078
73.500000 1.478456
74.000000 1.468810
74.500000 1.459139
75.000000 1.449445
75.500000 1.439728
76.000000 1.429989
76.500000 1.420229
77.000000 1.410448
77.500000 1.400648
78.000000 1.390828
78.500000 1.380991
79.000000 1.371136
79.500000 1.361264
80.000000 1.351376
80.500000 1.341473
81.000000 1.331556
81.500000 1.321625
82.000000 1.311680
82.500000 1.301724
83.000000 1.291756
83.500000 1.281778
84.000000 1.271790
84.500000 1.261792
85.000000 1.251786
85.500000 1.241772
86.000000 1.231752
86.500000 1.221725
87.000000 1.211693
87.500000 1.201657
88.000000 1.191616
88.500000 1.181573
89.000000 1.171527
89.500000 1.161480
90.000000 1.151432
90.500000 1.141384
91.000000 1.131337
91.500000 1.121291
92.000000 1.111248
92.500000 1.101207
93.000000 1.091171
93.500000 1.081139
94.000000 1.071112
94.500000 1.061092
95.000000 1.051078
95.500000 1.041072
96.000000 1.031075
96.500000 1.021086
97.000000 1.011108
97.500000 1.001140
98.000000 0.991184
98.500000 0.981240
99.000000 0.971308
99.500000 0.961391
100.000000 0.951488
100.500000 0.941600
101.000000 0.931728
101.500000 0.921873
102.000000 0.912036
102.500000 0.902217
103.000000 0.892416
103.500000 0.882636
104.000000 0.872875
104.500000 0.863137
105.000000 0.853420
105.500000 0.843725
106.000000 0.834054
106.500000 0.824408
107.000000 0.814786
107.500000 0.805190
108.000000 0.795620
108.500000 0.786077
109.000000 0.776562
109.500000 0.767076
110.000000 0.757619
110.500000 0.748192
111.000000 0.738796
111.500000 0.729431
112.000000 0.720098
112.500000 0.710798
113.000000 0.701532
113.500000 0.692300
114.000000 0.683102
114.500000 0.673941
115.000000 0.664816
115.500000 0.655728
116.000000 0.646677
116.500000 0.637666
117.000000 0.628693
117.500000 0.619760
118.000000 0.610867
118.500000 0.602016
119.000000 0.593207
119.500000 0.584440
120.000000 0.575716
120.500000 0.567036
121.000000 0.558401
121.500000 0.549810
122.000000 0.541266
122.500000 0.532768
123.000000 0.524317
123.500000 0.515914
124.000000 0.507559
124.500000 0.499254
125.000000 0.490998
125.500000 0.482792
126.000000 0.474637
126.500000 0.466534
127.000000 0.458483
127.500000 0.450485
128.000000 0.442540
128.500000 0.434649
129.000000 0.426812
129.500000 0.419031
130.000000 0.411306
130.500000 0.403637
131.000000 0.396025
131.500000 0.388470
132.000000 0.380974
132.500000 0.373536
133.000000 0.366157
133.500000 0.358839
134.000000 0.351580
134.500000 0.344383
135.000000 0.337247
135.500000 0.330173
136.000000 0.323161
136.500000 0.316213
137.000000 0.309328
137.500000 0.302507
138.000000 0.295751
138.500000 0.289060
139.000000 0.282435
139.500000 0.275876
140.000000 0.269384
140.500000 0.262959
141.000000 0.256601
141.500000 0.250312
142.000000 0.244091
142.500000 0.237940
143.000000 0.231858
143.500000 0.225846
144.000000 0.219904
144.500000 0.214033
145.000000 0.208234
145.500000 0.202507
146.000000 0.196852
146.500000 0.191269
147.000000 0.185760
147.500000 0.180324
148.000000 0.174962
148.500000 0.169675
149.000000 0.164462
149.500000 0.159325
150.000000 0.154263
150.500000 0.149277
151.000000 0.144367
151.500000 0.139534
152.000000 0.134778
152.500000 0.130099
153.000000 0.125499
153.500000 0.120976
154.000000 0.116532
154.500000 0.112166
155.000000 0.107880
155.500000 0.103673
156.000000 0.099547
156.500000 0.095500
157.000000 0.091533
157.500000 0.087648
158.000000 0.083843
158.500000 0.080119
159.000000 0.076478
159.500000 0.072918
160.000000 0.069440
160.500000 0.066044
161.000000 0.062732
161.500000 0.059502
162.000000 0.056355
162.500000 0.053292
163.000000 0.050312
163.500000 0.047416
164.000000 0.044605
164.500000 0.041877
165.000000 0.039234
165.500000 0.036676
166.000000 0.034202
166.500000 0.031814
167.000000 0.029511
167.500000 0.027294
168.000000 0.025162
168.500000 0.023115
169.000000 0.021155
169.500000 0.019281
170.000000 0.017493
170.500000 0.015791
171.000000 0.014176
171.500000 0.012647
172.000000 0.011206
172.500000 0.009851
173.000000 0.008583
173.500000 0.007402
174.000000 0.006308
174.500000 0.005301
175.000000 0.004382
175.500000 0.003549
176.000000 0.002805
176.500000 0.002148
177.000000 0.001578
177.500000 0.001096
178.000000 0.000701
178.500000 0.000395
179.000000 0.000175
179.500000 0.000044
180.000000 0.000000
180.500000 0.000044
181.000000 0.000175
