0.000000000000000000e+00 1.122443867909594246e+03
1.000000000000000056e-01 1.105263881361009680e+03
2.000000000000000111e-01 1.088216494805081993e+03
3.000000000000000444e-01 1.071301708241810275e+03
4.000000000000000222e-01 1.054519521671195662e+03
5.000000000000000000e-01 1.037869935093237928e+03
6.000000000000000888e-01 1.021352948507936958e+03
7.000000000000000666e-01 1.004968561915292526e+03
8.000000000000000444e-01 9.887167753153044032e+02
9.000000000000000222e-01 9.725975887079735003e+02
1.000000000000000000e+00 9.566110020932992484e+02
1.100000000000000089e+00 9.407570154712816475e+02
1.200000000000000178e+00 9.250356288419206976e+02
1.300000000000000044e+00 9.094468422052162850e+02
1.400000000000000133e+00 8.939906555611689782e+02
1.500000000000000000e+00 8.786670689097780951e+02
1.600000000000000089e+00 8.634760822510440903e+02
1.700000000000000178e+00 8.484176955849666228e+02
1.800000000000000044e+00 8.334919089115459201e+02
1.900000000000000133e+00 8.186987222307818683e+02
2.000000000000000000e+00 8.040381355426746950e+02
2.100000000000000089e+00 7.895101488472241726e+02
2.200000000000000178e+00 7.751147621444305287e+02
2.300000000000000266e+00 7.608519754342930810e+02
2.400000000000000355e+00 7.467217887168128527e+02
2.500000000000000000e+00 7.327242019919890481e+02
2.600000000000000089e+00 7.188592152598221219e+02
2.700000000000000178e+00 7.051268285203117330e+02
2.800000000000000266e+00 6.915270417734579951e+02
2.900000000000000355e+00 6.780598550192611356e+02
3.000000000000000000e+00 6.647252682577210408e+02
3.100000000000000089e+00 6.515232814888375970e+02
3.200000000000000178e+00 6.384538947126109178e+02
3.300000000000000266e+00 6.255171079290406624e+02
3.400000000000000355e+00 6.127129211381273990e+02
3.500000000000000000e+00 6.000413343398707866e+02
3.600000000000000089e+00 5.875023475342709389e+02
3.700000000000000178e+00 5.750959607213276286e+02
3.800000000000000266e+00 5.628221739010409692e+02
3.900000000000000355e+00 5.506809870734110746e+02
4.000000000000000000e+00 5.386724002384380583e+02
4.100000000000000533e+00 5.267964133961215794e+02
4.200000000000000178e+00 5.150530265464620925e+02
4.299999999999999822e+00 5.034422396894589156e+02
4.400000000000000355e+00 4.919640528251126739e+02
4.500000000000000000e+00 4.806184659534232537e+02
4.600000000000000533e+00 4.694054790743902004e+02
4.700000000000000178e+00 4.583250921880143096e+02
4.800000000000000711e+00 4.473773052942947288e+02
4.900000000000000355e+00 4.365621183932320264e+02
5.000000000000000000e+00 4.258795314848260318e+02
5.100000000000000533e+00 4.153295445690765746e+02
5.200000000000000178e+00 4.049121576459840526e+02
5.300000000000000711e+00 3.946273707155481816e+02
5.400000000000000355e+00 3.844751837777689616e+02
5.500000000000000000e+00 3.744555968326464495e+02
5.600000000000000533e+00 3.645686098801805883e+02
5.700000000000000178e+00 3.548142229203716056e+02
5.800000000000000711e+00 3.451924359532192170e+02
5.900000000000000355e+00 3.357032489787235932e+02
6.000000000000000000e+00 3.263466619968846771e+02
6.100000000000000533e+00 3.171226750077023553e+02
6.200000000000000178e+00 3.080312880111768550e+02
6.300000000000000711e+00 2.990725010073080057e+02
6.400000000000000355e+00 2.902463139960959211e+02
6.500000000000000000e+00 2.815527269775405443e+02
6.600000000000000533e+00 2.729917399516418186e+02
6.700000000000000178e+00 2.645633529183998007e+02
6.800000000000000711e+00 2.562675658778144907e+02
6.900000000000000355e+00 2.481043788298859454e+02
7.000000000000000000e+00 2.400737917746141079e+02
7.100000000000000533e+00 2.321758047119989499e+02
7.200000000000000178e+00 2.244104176420405281e+02
7.300000000000000711e+00 2.167776305647387574e+02
7.400000000000000355e+00 2.092774434800937229e+02
7.500000000000000000e+00 2.019098563881053963e+02
7.600000000000000533e+00 1.946748692887737207e+02
7.700000000000000178e+00 1.875724821820988666e+02
7.800000000000000711e+00 1.806026950680805783e+02
7.900000000000000355e+00 1.737655079467191399e+02
8.000000000000000000e+00 1.670609208180143526e+02
8.099999999999999645e+00 1.604889336819663299e+02
8.200000000000001066e+00 1.540495465385748162e+02
8.300000000000000711e+00 1.477427593878401808e+02
8.400000000000000355e+00 1.415685722297622533e+02
8.500000000000000000e+00 1.355269850643410336e+02
8.599999999999999645e+00 1.296179978915764934e+02
8.700000000000001066e+00 1.238416107114685900e+02
8.800000000000000711e+00 1.181978235240174655e+02
8.900000000000000355e+00 1.126866363292230915e+02
9.000000000000000000e+00 1.073080491270853969e+02
9.099999999999999645e+00 1.020620619176043959e+02
9.200000000000001066e+00 9.694867470078003180e+01
9.300000000000000711e+00 9.196788747661244656e+01
9.400000000000000355e+00 8.711970024510159760e+01
9.500000000000000000e+00 8.240411300624744229e+01
9.600000000000001421e+00 7.782112576004990956e+01
9.700000000000001066e+00 7.337073850650918416e+01
9.800000000000000711e+00 6.905295124562512399e+01
9.900000000000000355e+00 6.486776397739781430e+01
1.000000000000000000e+01 6.081517670182719115e+01
1.010000000000000142e+01 5.689518941891320480e+01
1.020000000000000107e+01 5.310780212865599736e+01
1.030000000000000071e+01 4.945301483105551199e+01
1.040000000000000036e+01 4.593082752611172737e+01
1.050000000000000000e+01 4.254124021382463638e+01
1.060000000000000142e+01 3.928425289419421063e+01
1.070000000000000107e+01 3.615986556722054246e+01
1.080000000000000071e+01 3.316807823290358215e+01
1.090000000000000036e+01 3.030889089124332614e+01
1.100000000000000000e+01 2.758230354223978154e+01
1.110000000000000142e+01 2.498831618589289505e+01
1.120000000000000107e+01 2.252692882220276971e+01
1.130000000000000071e+01 2.019814145116934512e+01
1.140000000000000036e+01 1.800195407279263193e+01
1.150000000000000000e+01 1.593836668707262305e+01
1.160000000000000142e+01 1.400737929400929005e+01
1.170000000000000107e+01 1.220899189360269865e+01
1.180000000000000071e+01 1.054320448585281156e+01
1.190000000000000036e+01 9.010017070759634095e+00
1.200000000000000000e+01 7.609429648323160045e+00
1.210000000000000142e+01 6.341442218543375198e+00
1.220000000000000107e+01 5.206054781420320410e+00
1.230000000000000071e+01 4.203267336953970812e+00
1.240000000000000036e+01 3.333079885144330401e+00
1.250000000000000000e+01 2.595492425991396512e+00
1.260000000000000142e+01 1.990504959495158932e+00
1.270000000000000107e+01 1.518117485655640087e+00
1.280000000000000071e+01 1.178330004472828652e+00
1.290000000000000036e+01 9.711425159467240720e-01
1.300000000000000000e+01 8.965550200773264589e-01
1.310000000000000142e+01 8.882675205362822179e-01
1.320000000000000107e+01 8.799800209952379770e-01
1.330000000000000071e+01 8.716925214541937361e-01
1.340000000000000036e+01 8.634050219131497172e-01
1.350000000000000000e+01 8.551175223721055874e-01
1.360000000000000142e+01 8.468300228310613464e-01
1.370000000000000107e+01 8.385425232900169945e-01
1.380000000000000071e+01 8.302550237489727536e-01
1.390000000000000036e+01 8.219675242079285127e-01
1.400000000000000000e+01 8.136800246668843828e-01
1.410000000000000142e+01 8.053925251258399198e-01
1.420000000000000107e+01 7.971050255847956789e-01
1.430000000000000071e+01 7.888175260437515490e-01
1.440000000000000036e+01 7.805300265027074191e-01
1.450000000000000000e+01 7.722425269616631782e-01
1.460000000000000142e+01 7.639550274206189373e-01
1.470000000000000107e+01 7.556675278795745854e-01
1.480000000000000071e+01 7.473800283385303445e-01
1.490000000000000036e+01 7.390925287974861035e-01
1.500000000000000000e+01 7.308050292564418626e-01
1.510000000000000142e+01 7.225175297153975107e-01
1.520000000000000107e+01 7.142300301743532698e-01
1.530000000000000071e+01 7.059425306333091399e-01
1.540000000000000036e+01 6.976550310922650100e-01
1.550000000000000000e+01 6.893675315512207691e-01
1.560000000000000142e+01 6.810800320101763061e-01
1.570000000000000107e+01 6.727925324691321762e-01
1.580000000000000071e+01 6.645050329280879353e-01
1.590000000000000036e+01 6.562175333870436944e-01
1.600000000000000000e+01 6.479300338459994535e-01
1.610000000000000142e+01 6.396425343049549905e-01
1.619999999999999929e+01 6.313550347639110827e-01
1.630000000000000071e+01 6.230675352228667307e-01
1.640000000000000213e+01 6.147800356818223788e-01
1.650000000000000000e+01 6.064925361407783599e-01
1.660000000000000142e+01 5.982050365997340080e-01
1.669999999999999929e+01 5.899175370586898781e-01
1.680000000000000071e+01 5.816300375176455262e-01
1.690000000000000213e+01 5.733425379766011742e-01
1.700000000000000000e+01 5.650550384355570444e-01
1.710000000000000142e+01 5.567675388945126924e-01
1.719999999999999929e+01 5.484800393534686735e-01
1.730000000000000071e+01 5.401925398124243216e-01
1.740000000000000213e+01 5.319050402713799697e-01
1.750000000000000000e+01 5.236175407303359508e-01
1.760000000000000142e+01 5.153300411892915989e-01
1.769999999999999929e+01 5.070425416482473580e-01
1.780000000000000071e+01 4.987550421072030615e-01
1.790000000000000213e+01 4.904675425661587096e-01
1.800000000000000000e+01 4.821830884698499187e-01
1.810000000000000142e+01 4.738986343735407392e-01
1.819999999999999929e+01 4.656823010741609759e-01
1.830000000000000071e+01 4.574659677747809350e-01
1.840000000000000213e+01 4.492831778953430000e-01
1.850000000000000000e+01 4.411003880159053425e-01
1.860000000000000142e+01 4.329210551574113053e-01
1.869999999999999929e+01 4.247417222989176566e-01
1.880000000000000071e+01 4.165399038331401571e-01
1.890000000000000213e+01 4.083380853673628241e-01
1.900000000000000000e+01 4.000917035566648461e-01
1.910000000000000142e+01 3.918453217459665905e-01
1.920000000000000284e+01 3.835359455172714926e-01
1.930000000000000071e+01 3.752265692885765613e-01
1.940000000000000213e+01 3.668391950311769012e-01
1.950000000000000000e+01 3.584518207737774076e-01
1.960000000000000142e+01 3.499747157032191969e-01
1.970000000000000284e+01 3.414976106326610972e-01
1.980000000000000071e+01 3.329221539498364857e-01
1.990000000000000213e+01 3.243466972670114856e-01
2.000000000000000000e+01 3.156672520129253923e-01
2.010000000000000142e+01 3.069878067588389103e-01
2.020000000000000284e+01 2.982029797363796586e-01
2.030000000000000071e+01 2.894181527139207399e-01
2.040000000000000213e+01 2.806994455465927629e-01
2.050000000000000000e+01 2.719807383792651745e-01
2.060000000000000142e+01 2.635918080313930933e-01
2.070000000000000284e+01 2.552028776835210122e-01
2.080000000000000071e+01 2.472205062806388798e-01
2.090000000000000213e+01 2.392381348777563865e-01
2.100000000000000000e+01 2.316361342685079316e-01
2.110000000000000142e+01 2.240341336592591437e-01
2.120000000000000284e+01 2.167909577899624352e-01
2.130000000000000071e+01 2.095477819206659764e-01
2.140000000000000213e+01 2.026462983149838470e-01
2.150000000000000000e+01 1.957448147093020785e-01
2.160000000000000142e+01 1.891720883747834703e-01
2.170000000000000284e+01 1.825993620402648898e-01
2.180000000000000071e+01 1.763464508663497854e-01
2.190000000000000213e+01 1.700935396924344867e-01
2.200000000000000000e+01 1.641553058529389986e-01
2.210000000000000142e+01 1.582170720134433717e-01
2.220000000000000284e+01 1.525920049776924858e-01
2.230000000000000071e+01 1.469669379419417943e-01
2.240000000000000213e+01 1.416569873634229981e-01
2.250000000000000000e+01 1.363470367849044240e-01
2.260000000000000142e+01 1.313574556033471341e-01
2.270000000000000284e+01 1.263678744217898442e-01
2.280000000000000071e+01 1.217070704979322515e-01
2.290000000000000213e+01 1.170462665740745201e-01
2.300000000000000000e+01 1.127211132590252990e-01
2.310000000000000142e+01 1.083959599439758698e-01
2.320000000000000284e+01 1.043198437108750348e-01
2.330000000000000071e+01 1.002437274777743248e-01
2.340000000000000213e+01 9.640114616365884348e-02
2.350000000000000000e+01 9.255856484954348706e-02
2.360000000000000142e+01 8.893507045031442959e-02
2.370000000000000284e+01 8.531157605108535824e-02
2.380000000000000071e+01 8.189371651865949564e-02
2.390000000000000213e+01 7.847585698623352202e-02
2.400000000000000000e+01 7.525111875796333671e-02
2.410000000000000142e+01 7.202638052969304039e-02
2.420000000000000284e+01 6.898311364889245234e-02
2.430000000000000071e+01 6.593984676809196144e-02
2.440000000000000213e+01 6.306723040523352919e-02
2.450000000000000000e+01 6.019461404237519409e-02
2.460000000000000142e+01 5.748259150255505268e-02
2.470000000000000284e+01 5.477056896273491821e-02
2.480000000000000071e+01 5.220980696088350220e-02
2.490000000000000213e+01 4.964904495903197518e-02
2.500000000000000000e+01 4.723087777618691085e-02
2.510000000000000142e+01 4.481271059334175633e-02
2.520000000000000284e+01 4.252702087611876652e-02
2.530000000000000071e+01 4.024133115889585305e-02
2.540000000000000213e+01 3.808006187749897464e-02
2.550000000000000000e+01 3.591879259610217257e-02
2.560000000000000142e+01 3.387440088272650890e-02
2.570000000000000284e+01 3.183000916935083829e-02
2.580000000000000071e+01 2.989544311455989006e-02
2.590000000000000213e+01 2.796087705976888632e-02
2.600000000000000000e+01 2.612954100534271157e-02
2.610000000000000142e+01 2.429820495091647090e-02
2.620000000000000284e+01 2.256392662594658080e-02
2.630000000000000071e+01 2.082964830097675663e-02
2.640000000000000213e+01 1.918664920866986270e-02
2.650000000000000000e+01 1.754365011636302776e-02
2.660000000000000142e+01 1.598652310875863305e-02
2.670000000000000284e+01 1.442939610115424529e-02
2.680000000000000071e+01 1.295307997928387550e-02
2.690000000000000213e+01 1.147676385741346061e-02
2.700000000000000000e+01 1.007651841355727482e-02
2.710000000000000142e+01 8.676272969701040449e-03
2.720000000000000284e+01 7.347658967006124447e-03
2.730000000000000071e+01 6.019044964311257018e-03
2.740000000000000213e+01 4.756451368675274419e-03
2.750000000000000000e+01 3.493857773039338657e-03
2.760000000000000142e+01 2.294096190360466348e-03
2.770000000000000284e+01 1.094334607681594256e-03
2.780000000000000071e+01 -4.561483156912105155e-05
2.790000000000000213e+01 -1.185564270819874401e-03
2.800000000000000000e+01 -2.268561277855688212e-03
2.810000000000000142e+01 -3.351558284891541489e-03
2.820000000000000284e+01 -4.388110179214200525e-03
2.830000000000000071e+01 -5.424662073536821831e-03
2.840000000000000213e+01 -6.417732977989725439e-03
2.850000000000000000e+01 -7.410803882442591750e-03
2.860000000000000142e+01 -8.361423037011152595e-03
2.870000000000000284e+01 -9.312042191579713440e-03
2.880000000000000071e+01 -1.022213052900904952e-02
2.890000000000000213e+01 -1.113221886643841335e-02
2.900000000000000000e+01 -1.200119394244766186e-02
2.910000000000000142e+01 -1.287016901845694332e-02
2.920000000000000284e+01 -1.369379968458097133e-02
2.930000000000000071e+01 -1.451743035070496984e-02
2.940000000000000213e+01 -1.528639698404379334e-02
2.950000000000000000e+01 -1.605536361738258908e-02
2.960000000000000142e+01 -1.676760031395463715e-02
2.970000000000000284e+01 -1.747983701052668523e-02
2.980000000000000071e+01 -1.813011787934731833e-02
2.990000000000000213e+01 -1.878039874816797919e-02
3.000000000000000000e+01 -1.938718704660464046e-02
3.010000000000000142e+01 -1.999397534504132254e-02
3.020000000000000284e+01 -2.056260842195550137e-02
3.030000000000000071e+01 -2.113124149886966285e-02
3.040000000000000213e+01 -2.166211839872237213e-02
3.050000000000000000e+01 -2.219299529857505712e-02
3.060000000000000142e+01 -2.263650465541120621e-02
3.070000000000000284e+01 -2.308001401224734836e-02
3.080000000000000071e+01 -2.340073735808992014e-02
3.090000000000000213e+01 -2.372146070393249540e-02
3.100000000000000000e+01 -2.390217566230337654e-02
3.110000000000000142e+01 -2.408289062067426808e-02
3.120000000000000284e+01 -2.410495644724876263e-02
3.130000000000000071e+01 -2.412702227382326065e-02
3.140000000000000213e+01 -2.398065176150227656e-02
3.150000000000000000e+01 -2.383428124918129942e-02
3.160000000000000142e+01 -2.351740606529390334e-02
3.170000000000000284e+01 -2.320053088140650380e-02
3.180000000000000071e+01 -2.271784633896373196e-02
3.190000000000000213e+01 -2.223516179652092889e-02
3.200000000000000000e+01 -2.159733441827413683e-02
3.210000000000000142e+01 -2.095950704002731702e-02
3.220000000000000284e+01 -2.018249632805695082e-02
3.230000000000000426e+01 -1.940548561608658115e-02
3.239999999999999858e+01 -1.850780650081616102e-02
3.250000000000000000e+01 -1.761012738554567844e-02
3.260000000000000142e+01 -1.661622694809738315e-02
3.270000000000000284e+01 -1.562232651064908787e-02
3.280000000000000426e+01 -1.456023100376902489e-02
3.289999999999999858e+01 -1.349813549688903651e-02
3.300000000000000000e+01 -1.239867674227973851e-02
3.310000000000000142e+01 -1.129921798767043878e-02
3.320000000000000284e+01 -1.018403829550942018e-02
3.330000000000000426e+01 -9.068858603348399841e-03
3.339999999999999858e+01 -7.963366302179347017e-03
3.350000000000000000e+01 -6.857874001010214396e-03
3.360000000000000142e+01 -5.787448602699466448e-03
3.370000000000000284e+01 -4.717023204388719367e-03
3.380000000000000426e+01 -3.703078238692081563e-03
3.389999999999999858e+01 -2.689133272995515751e-03
3.400000000000000000e+01 -1.751459704265083015e-03
3.410000000000000142e+01 -8.137861355346559175e-04
3.420000000000000284e+01 2.729704035098839233e-05
3.430000000000000426e+01 8.683802162366243945e-04
3.439999999999999858e+01 1.587659808603591799e-03
3.450000000000000000e+01 2.306939400970609618e-03
3.460000000000000142e+01 2.887284785487026929e-03
3.470000000000000284e+01 3.467630170003443372e-03
3.480000000000000426e+01 3.891428743844122743e-03
3.489999999999999858e+01 4.315227317684772190e-03
3.500000000000000000e+01 4.601888473294389950e-03
3.510000000000000142e+01 4.888549628903997302e-03
3.520000000000000284e+01 5.068150613071655507e-03
3.530000000000000426e+01 5.247751597239310242e-03
3.539999999999999858e+01 5.369444253564893167e-03
3.550000000000000000e+01 5.491136909890485633e-03
3.560000000000000142e+01 5.559135720091898207e-03
3.570000000000000284e+01 5.627134530293310781e-03
3.580000000000000426e+01 5.645895303255983426e-03
3.589999999999999858e+01 5.664656076218655203e-03
3.600000000000000000e+01 5.648756680858227006e-03
3.610000000000000142e+01 5.632857285497795338e-03
3.620000000000000284e+01 5.588600951622724189e-03
3.630000000000000426e+01 5.544344617747650437e-03
3.639999999999999858e+01 5.477475049229520512e-03
3.650000000000000000e+01 5.410605480711387118e-03
3.660000000000000142e+01 5.326238906811791088e-03
3.670000000000000284e+01 5.241872332912195058e-03
3.680000000000000426e+01 5.144431300745275562e-03
3.689999999999999858e+01 5.046990268578363005e-03
3.700000000000000000e+01 4.940186077903816267e-03
3.710000000000000142e+01 4.833381887229269529e-03
3.720000000000000284e+01 4.720219537454645349e-03
3.730000000000000426e+01 4.607057187680020302e-03
3.739999999999999858e+01 4.489925957483097661e-03
3.750000000000000000e+01 4.372794727286167214e-03
3.760000000000000142e+01 4.253986679932407651e-03
3.770000000000000284e+01 4.135178632578648088e-03
3.780000000000000426e+01 4.016836339074766719e-03
3.789999999999999858e+01 3.898494045570894025e-03
3.800000000000000000e+01 3.782357619009409783e-03
3.810000000000000142e+01 3.666221192447925541e-03
3.820000000000000284e+01 3.553642678964023544e-03
3.830000000000000426e+01 3.441064165480122415e-03
3.840000000000000568e+01 3.333012047360876719e-03
3.850000000000000000e+01 3.224959929241639697e-03
3.860000000000000142e+01 3.122031345582607607e-03
3.870000000000000284e+01 3.019102761923575951e-03
3.880000000000000426e+01 2.921562508867000564e-03
3.890000000000000568e+01 2.824022255810425177e-03
3.900000000000000000e+01 2.731887866611869189e-03
3.910000000000000142e+01 2.639753477413306695e-03
3.920000000000000284e+01 2.552899301731662192e-03
3.930000000000000426e+01 2.466045126050017255e-03
3.940000000000000568e+01 2.384173724438488646e-03
3.950000000000000000e+01 2.302302322826965675e-03
3.960000000000000142e+01 2.225064743898721390e-03
3.970000000000000284e+01 2.147827164970476238e-03
3.980000000000000426e+01 2.074900778192277292e-03
3.990000000000000568e+01 2.001974391414079214e-03
4.000000000000000000e+01 1.933116525807239460e-03
4.010000000000000142e+01 1.864258660200394718e-03
4.020000000000000284e+01 1.799205152916571234e-03
4.030000000000000426e+01 1.734151645632747750e-03
4.040000000000000568e+01 1.672620039693938337e-03
4.050000000000000000e+01 1.611088433755133694e-03
4.060000000000000142e+01 1.552849479890512771e-03
4.070000000000000284e+01 1.494610526025891414e-03
4.080000000000000426e+01 1.439527208975887500e-03
4.090000000000000568e+01 1.384443891925883153e-03
4.100000000000000000e+01 1.332395920514469010e-03
4.110000000000000142e+01 1.280347949103050964e-03
4.120000000000000284e+01 1.231219888003519652e-03
4.130000000000000426e+01 1.182091826903988122e-03
4.140000000000000568e+01 1.135772291238408126e-03
4.150000000000000000e+01 1.089452755572831600e-03
4.160000000000000142e+01 1.045833885750769524e-03
4.170000000000000284e+01 1.002215015928707448e-03
4.180000000000000426e+01 9.611910011075782420e-04
4.190000000000000568e+01 9.201669862864489272e-04
4.200000000000000000e+01 8.816364681982885023e-04
4.210000000000000142e+01 8.431059501101253670e-04
4.220000000000000284e+01 8.069692668661971550e-04
4.230000000000000426e+01 7.708325836222689430e-04
4.240000000000000568e+01 7.369927646376661255e-04
4.250000000000000000e+01 7.031529456530658017e-04
4.260000000000000142e+01 6.715162438228239501e-04
4.270000000000000284e+01 6.398795419925823154e-04
4.280000000000000426e+01 6.103526073613918523e-04
4.290000000000000568e+01 5.808256727302013893e-04
4.300000000000000000e+01 5.533204432081685652e-04
4.310000000000000142e+01 5.258152136861337896e-04
4.320000000000000284e+01 5.002414219932582728e-04
4.330000000000000426e+01 4.746676303003826477e-04
4.340000000000000568e+01 4.509426726726883505e-04
4.350000000000000000e+01 4.272177150449957880e-04
4.360000000000000142e+01 4.052547142542224103e-04
4.370000000000000284e+01 3.832917134634490327e-04
4.380000000000000426e+01 3.630122995230031474e-04
4.390000000000000568e+01 3.427328855825572079e-04
4.400000000000000000e+01 3.240543510424007123e-04
4.410000000000000142e+01 3.053758165022429157e-04
4.420000000000000284e+01 2.882221494752698144e-04
4.430000000000000426e+01 2.710684824482967673e-04
4.440000000000000568e+01 2.553612633210582193e-04
4.450000000000000000e+01 2.396540441938207555e-04
4.460000000000000142e+01 2.253188477049334433e-04
4.470000000000000284e+01 2.109836512160461310e-04
4.480000000000000426e+01 1.979466821752297486e-04
4.490000000000000568e+01 1.849097131344133119e-04
4.500000000000000000e+01 1.730986665479147379e-04
4.510000000000000142e+01 1.612876199614153507e-04
4.520000000000000284e+01 1.506322821067565109e-04
4.530000000000000426e+01 1.399769442520976711e-04
4.540000000000000568e+01 1.304081666391564555e-04
4.550000000000000000e+01 1.208393890262159174e-04
4.560000000000000142e+01 1.122888565039707271e-04
4.570000000000000284e+01 1.037383239817255232e-04
4.580000000000000426e+01 9.614001330333218844e-05
4.590000000000000568e+01 8.854170262493888082e-05
4.600000000000000000e+01 8.182927587848572441e-05
4.610000000000000142e+01 7.511684913203209367e-05
4.620000000000000284e+01 6.922730706381355088e-05
4.630000000000000426e+01 6.333776499559500808e-05
4.640000000000000568e+01 5.820866335935169093e-05
4.650000000000000000e+01 5.307956172310873292e-05
4.660000000000000142e+01 4.864658550976210189e-05
4.670000000000000284e+01 4.421360929641547085e-05
4.680000000000000426e+01 4.041619838045827434e-05
4.690000000000000568e+01 3.661878746450109137e-05
4.700000000000000000e+01 3.339259859909644650e-05
4.710000000000000142e+01 3.016640973369155769e-05
4.720000000000000284e+01 2.745066771100987545e-05
4.730000000000000426e+01 2.473492568832819322e-05
4.740000000000000568e+01 2.246838745979295776e-05
4.750000000000000000e+01 2.020184923125787477e-05
4.760000000000000142e+01 1.836080641480630020e-05
4.770000000000000284e+01 1.651976359835472224e-05
4.780000000000000426e+01 1.504321550123523421e-05
4.790000000000000568e+01 1.356666740411574788e-05
4.800000000000000000e+01 1.240102066998269359e-05
4.810000000000000142e+01 1.123537393584955290e-05
4.820000000000000284e+01 1.032725689260929632e-05
4.830000000000000426e+01 9.419139849369041433e-06
4.840000000000000568e+01 8.715387902968510148e-06
4.850000000000000000e+01 8.011635956568027991e-06
4.860000000000000142e+01 7.459277947148800434e-06
4.870000000000000284e+01 6.906919937729570336e-06
4.880000000000000426e+01 6.453165394740496466e-06
4.890000000000000568e+01 5.999410851751424291e-06
4.900000000000000000e+01 5.591638088789506765e-06
4.910000000000000142e+01 5.183865325827559592e-06
4.920000000000000284e+01 4.769610319879337822e-06
4.930000000000000426e+01 4.355355313931115204e-06
4.940000000000000568e+01 3.882301317332860750e-06
4.950000000000000000e+01 3.409247320734639329e-06
4.960000000000000142e+01 2.825215157573820244e-06
4.970000000000000284e+01 2.241182994413001158e-06
4.980000000000000426e+01 1.494121996275316389e-06
4.990000000000000568e+01 7.470609981376317245e-07
5.000000000000000000e+01 0.000000000000000000e+00
