0.000000000000000000e+00 2.158545979001137596e+02
1.000000000000000056e-01 2.125507542118939739e+02
2.000000000000000111e-01 2.092724105231974079e+02
3.000000000000000444e-01 2.060195668340238910e+02
4.000000000000000222e-01 2.027922231443735939e+02
5.000000000000000000e-01 1.995903794542464880e+02
6.000000000000000888e-01 1.964140357636425449e+02
7.000000000000000666e-01 1.932631920725617363e+02
8.000000000000000444e-01 1.901378483810040336e+02
9.000000000000000222e-01 1.870380046889695791e+02
1.000000000000000000e+00 1.839636609964582590e+02
1.100000000000000089e+00 1.809148173034701301e+02
1.200000000000000178e+00 1.778914736100051073e+02
1.300000000000000044e+00 1.748936299160632473e+02
1.400000000000000133e+00 1.719212862216446069e+02
1.500000000000000000e+00 1.689744425267491010e+02
1.600000000000000089e+00 1.660530988313767864e+02
1.700000000000000178e+00 1.631572551355275777e+02
1.800000000000000044e+00 1.602869114392015319e+02
1.900000000000000133e+00 1.574420677423986774e+02
2.000000000000000000e+00 1.546227240451190141e+02
2.100000000000000089e+00 1.518288803473624853e+02
2.200000000000000178e+00 1.490605366491291477e+02
2.300000000000000266e+00 1.463176929504188877e+02
2.400000000000000355e+00 1.436003492512318758e+02
2.500000000000000000e+00 1.409085055515679983e+02
2.600000000000000089e+00 1.382421618514273121e+02
2.700000000000000178e+00 1.356013181508097318e+02
2.800000000000000266e+00 1.329859744497153144e+02
2.900000000000000355e+00 1.303961307481440883e+02
3.000000000000000000e+00 1.278317870460960393e+02
3.100000000000000089e+00 1.252929433435711530e+02
3.200000000000000178e+00 1.227795996405694297e+02
3.300000000000000266e+00 1.202917559370908265e+02
3.400000000000000355e+00 1.178294122331354146e+02
3.500000000000000000e+00 1.153925685287031797e+02
3.600000000000000089e+00 1.129812248237941077e+02
3.700000000000000178e+00 1.105953811184081843e+02
3.800000000000000266e+00 1.082350374125453953e+02
3.900000000000000355e+00 1.059001937062057834e+02
4.000000000000000000e+00 1.035908499993893628e+02
4.100000000000000533e+00 1.013070062920960623e+02
4.200000000000000178e+00 9.904866258432599579e+01
4.299999999999999822e+00 9.681581887607902104e+01
4.400000000000000355e+00 9.460847516735525176e+01
4.500000000000000000e+00 9.242663145815464532e+01
4.600000000000000533e+00 9.027028774847714487e+01
4.700000000000000178e+00 8.813944403832290675e+01
4.800000000000000711e+00 8.603410032769174620e+01
4.900000000000000355e+00 8.395425661658379113e+01
5.000000000000000000e+00 8.189991290499898469e+01
5.100000000000000533e+00 7.987106919293732687e+01
5.200000000000000178e+00 7.786772548039884612e+01
5.300000000000000711e+00 7.588988176738352820e+01
5.400000000000000355e+00 7.393753805389138734e+01
5.500000000000000000e+00 7.201069433992238089e+01
5.600000000000000533e+00 7.010935062547655150e+01
5.700000000000000178e+00 6.823350691055389916e+01
5.800000000000000711e+00 6.638316319515438124e+01
5.900000000000000355e+00 6.455831947927804038e+01
6.000000000000000000e+00 6.275897576292487656e+01
6.100000000000000533e+00 6.098513204609484006e+01
6.200000000000000178e+00 5.923678832878799483e+01
6.300000000000000711e+00 5.751394461100430533e+01
6.400000000000000355e+00 5.581660089274377867e+01
6.500000000000000000e+00 5.414475717400642907e+01
6.600000000000000533e+00 5.249841345479222099e+01
6.700000000000000178e+00 5.087756973510117575e+01
6.800000000000000711e+00 4.928222601493329336e+01
6.900000000000000355e+00 4.771238229428858801e+01
7.000000000000000000e+00 4.616803857316704551e+01
7.100000000000000533e+00 4.464919485156865875e+01
7.200000000000000178e+00 4.315585112949344193e+01
7.300000000000000711e+00 4.168800740694137374e+01
7.400000000000000355e+00 4.024566368391247551e+01
7.500000000000000000e+00 3.882881996040674011e+01
7.600000000000000533e+00 3.743747623642416045e+01
7.700000000000000178e+00 3.607163251196475784e+01
7.800000000000000711e+00 3.473128878702850386e+01
7.900000000000000355e+00 3.341644506161542694e+01
8.000000000000000000e+00 3.212710133572550575e+01
8.099999999999999645e+00 3.086325760935875806e+01
8.200000000000001066e+00 2.962491388251513769e+01
8.300000000000000711e+00 2.841207015519471213e+01
8.400000000000000355e+00 2.722472642739744941e+01
8.500000000000000000e+00 2.606288269912334243e+01
8.599999999999999645e+00 2.492653897037240540e+01
8.700000000000001066e+00 2.381569524114460989e+01
8.800000000000000711e+00 2.273035151143999144e+01
8.900000000000000355e+00 2.167050778125854293e+01
9.000000000000000000e+00 2.063616405060025372e+01
9.099999999999999645e+00 1.962732031946512734e+01
9.200000000000001066e+00 1.864397658785314604e+01
9.300000000000000711e+00 1.768613285576434180e+01
9.400000000000000355e+00 1.675378912319870750e+01
9.500000000000000000e+00 1.584694539015623072e+01
9.600000000000001421e+00 1.496560165663690078e+01
9.700000000000001066e+00 1.410975792264075501e+01
9.800000000000000711e+00 1.327941418816776498e+01
9.900000000000000355e+00 1.247457045321794311e+01
1.000000000000000000e+01 1.169522671779128054e+01
1.010000000000000142e+01 1.094138298188776837e+01
1.020000000000000107e+01 1.021303924550743147e+01
1.030000000000000071e+01 9.510195508650260976e+00
1.040000000000000036e+01 8.832851771316249767e+00
1.050000000000000000e+01 8.181008033505401400e+00
1.060000000000000142e+01 7.554664295217706105e+00
1.070000000000000107e+01 6.953820556453183421e+00
1.080000000000000071e+01 6.378476817211824468e+00
1.090000000000000036e+01 5.828633077493627468e+00
1.100000000000000000e+01 5.304289337298593310e+00
1.110000000000000142e+01 4.805445596626713112e+00
1.120000000000000107e+01 4.332101855478004637e+00
1.130000000000000071e+01 3.884258113852459005e+00
1.140000000000000036e+01 3.461914371750076214e+00
1.150000000000000000e+01 3.065070629170855820e+00
1.160000000000000142e+01 2.693726886114792052e+00
1.170000000000000107e+01 2.347883142581897786e+00
1.180000000000000071e+01 2.027539398572165918e+00
1.190000000000000036e+01 1.732695654085596670e+00
1.200000000000000000e+01 1.463351909122189820e+00
1.210000000000000142e+01 1.219508163681942037e+00
1.220000000000000107e+01 1.001164417764861314e+00
1.230000000000000071e+01 8.083206713709431002e-01
1.240000000000000036e+01 6.409769245001878391e-01
1.250000000000000000e+01 4.991331771525950867e-01
1.260000000000000142e+01 3.827894293281631222e-01
1.270000000000000107e+01 2.919456810268961089e-01
1.280000000000000071e+01 2.266019322487917709e-01
1.290000000000000036e+01 1.867581829938501081e-01
1.300000000000000000e+01 1.724144332620711206e-01
1.310000000000000142e+01 1.708206832918734430e-01
1.320000000000000107e+01 1.692269333216757654e-01
1.330000000000000071e+01 1.676331833514780878e-01
1.340000000000000036e+01 1.660394333812804379e-01
1.350000000000000000e+01 1.644456834110827881e-01
1.360000000000000142e+01 1.628519334408851105e-01
1.370000000000000107e+01 1.612581834706874329e-01
1.380000000000000071e+01 1.596644335004897552e-01
1.390000000000000036e+01 1.580706835302920499e-01
1.400000000000000000e+01 1.564769335600944000e-01
1.410000000000000142e+01 1.548831835898966947e-01
1.420000000000000107e+01 1.532894336196990170e-01
1.430000000000000071e+01 1.516956836495013672e-01
1.440000000000000036e+01 1.501019336793036896e-01
1.450000000000000000e+01 1.485081837091060120e-01
1.460000000000000142e+01 1.469144337389083343e-01
1.470000000000000107e+01 1.453206837687106567e-01
1.480000000000000071e+01 1.437269337985129514e-01
1.490000000000000036e+01 1.421331838283152738e-01
1.500000000000000000e+01 1.405394338581175961e-01
1.510000000000000142e+01 1.389456838879199185e-01
1.520000000000000107e+01 1.373519339177222409e-01
1.530000000000000071e+01 1.357581839475245633e-01
1.540000000000000036e+01 1.341644339773269134e-01
1.550000000000000000e+01 1.325706840071292358e-01
1.560000000000000142e+01 1.309769340369315305e-01
1.570000000000000107e+01 1.293831840667338806e-01
1.580000000000000071e+01 1.277894340965362030e-01
1.590000000000000036e+01 1.261956841263385254e-01
1.600000000000000000e+01 1.246019341561408339e-01
1.610000000000000142e+01 1.230081841859431147e-01
1.619999999999999929e+01 1.214144342157454926e-01
1.630000000000000071e+01 1.198206842455478011e-01
1.640000000000000213e+01 1.182269342753500957e-01
1.650000000000000000e+01 1.166331843051524736e-01
1.660000000000000142e+01 1.150394343349547543e-01
1.669999999999999929e+01 1.134456843647571184e-01
1.680000000000000071e+01 1.118519343945594130e-01
1.690000000000000213e+01 1.102581844243617215e-01
1.700000000000000000e+01 1.086644344541640578e-01
1.710000000000000142e+01 1.070706844839663524e-01
1.719999999999999929e+01 1.054769345137687164e-01
1.730000000000000071e+01 1.038831845435710249e-01
1.740000000000000213e+01 1.022894345733733334e-01
1.750000000000000000e+01 1.006956846031756975e-01
1.760000000000000142e+01 9.910193463297799210e-02
1.769999999999999929e+01 9.750818466278032837e-02
1.780000000000000071e+01 9.591443469258262300e-02
1.790000000000000213e+01 9.432068472238493151e-02
1.800000000000000000e+01 9.272752041465785744e-02
1.810000000000000142e+01 9.113435610693071398e-02
1.819999999999999929e+01 8.955429195293973521e-02
1.830000000000000071e+01 8.797422779894870093e-02
1.840000000000000213e+01 8.640061430287544753e-02
1.850000000000000000e+01 8.482700080680224963e-02
1.860000000000000142e+01 8.325405212247338760e-02
1.869999999999999929e+01 8.168110343814456720e-02
1.880000000000000071e+01 8.010383059841026665e-02
1.890000000000000213e+01 7.852655775867597998e-02
1.900000000000000000e+01 7.694071504460416044e-02
1.910000000000000142e+01 7.535487233053227152e-02
1.920000000000000284e+01 7.375691530486280789e-02
1.930000000000000071e+01 7.215895827919339978e-02
1.940000000000000213e+01 7.054600163206900532e-02
1.950000000000000000e+01 6.893304498494468024e-02
1.960000000000000142e+01 6.730283241157995755e-02
1.970000000000000284e+01 6.567261983821523486e-02
1.980000000000000071e+01 6.402349349256705735e-02
1.990000000000000213e+01 6.237436714691882433e-02
2.000000000000000000e+01 6.070524299837146143e-02
2.010000000000000142e+01 5.903611884982402913e-02
2.020000000000000284e+01 5.734672897584618817e-02
2.030000000000000071e+01 5.565733910186840272e-02
2.040000000000000213e+01 5.398066458511297655e-02
2.050000000000000000e+01 5.230399006835761283e-02
2.060000000000000142e+01 5.069073417305449553e-02
2.070000000000000284e+01 4.907747827775137128e-02
2.080000000000000071e+01 4.754240679781410184e-02
2.090000000000000213e+01 4.600733531787676994e-02
2.100000000000000000e+01 4.454541207016749632e-02
2.110000000000000142e+01 4.308348882245817413e-02
2.120000000000000284e+01 4.169057033496301190e-02
2.130000000000000071e+01 4.029765184746789825e-02
2.140000000000000213e+01 3.897044341307808607e-02
2.150000000000000000e+01 3.764323497868833635e-02
2.160000000000000142e+01 3.637924909876433938e-02
2.170000000000000284e+01 3.511526321884034935e-02
2.180000000000000071e+01 3.391278025667293639e-02
2.190000000000000213e+01 3.271029729450549567e-02
2.200000000000000000e+01 3.156832920656153091e-02
2.210000000000000142e+01 3.042636111861753839e-02
2.220000000000000284e+01 2.934461741821809203e-02
2.230000000000000071e+01 2.826287371781868382e-02
2.240000000000000213e+01 2.724172933834048682e-02
2.250000000000000000e+01 2.622058495886232798e-02
2.260000000000000142e+01 2.526105008105962793e-02
2.270000000000000284e+01 2.430151520325692788e-02
2.280000000000000071e+01 2.340520672348483586e-02
2.290000000000000213e+01 2.250889824371271955e-02
2.300000000000000000e+01 2.167713796030985157e-02
2.310000000000000142e+01 2.084537767690694890e-02
2.320000000000000284e+01 2.006150914178927644e-02
2.330000000000000071e+01 1.927764060667163173e-02
2.340000000000000213e+01 1.853868263454460513e-02
2.350000000000000000e+01 1.779972466241760282e-02
2.360000000000000142e+01 1.710289879085259354e-02
2.370000000000000284e+01 1.640607291928758427e-02
2.380000000000000071e+01 1.574879221586600667e-02
2.390000000000000213e+01 1.509151151244440651e-02
2.400000000000000000e+01 1.447136952272269628e-02
2.410000000000000142e+01 1.385122753300096696e-02
2.420000000000000284e+01 1.326598388061116934e-02
2.430000000000000071e+01 1.268074022822138908e-02
2.440000000000000213e+01 1.212831398433189198e-02
2.450000000000000000e+01 1.157588774044241396e-02
2.460000000000000142e+01 1.105434492519308080e-02
2.470000000000000284e+01 1.053280210994374765e-02
2.480000000000000071e+01 1.004034786075536090e-02
2.490000000000000213e+01 9.547893611566953334e-03
2.500000000000000000e+01 9.082861443962546646e-03
2.510000000000000142e+01 8.617829276358124346e-03
2.520000000000000284e+01 8.178273545384740634e-03
2.530000000000000071e+01 7.738717814411373401e-03
2.540000000000000213e+01 7.323089091205263468e-03
2.550000000000000000e+01 6.907460367999170014e-03
2.560000000000000142e+01 6.514308101006186826e-03
2.570000000000000284e+01 6.121155834013203637e-03
2.580000000000000071e+01 5.749123886753509244e-03
2.590000000000000213e+01 5.377091939493804443e-03
2.600000000000000000e+01 5.024911916109346330e-03
2.610000000000000142e+01 4.672731892724875206e-03
2.620000000000000284e+01 4.339216817997405828e-03
2.630000000000000071e+01 4.005701743269948593e-03
2.640000000000000213e+01 3.689740367775382144e-03
2.650000000000000000e+01 3.373778992280827404e-03
2.660000000000000142e+01 3.074331479834774804e-03
2.670000000000000284e+01 2.774883967388723071e-03
2.680000000000000071e+01 2.490977010461545380e-03
2.690000000000000213e+01 2.207070053534358582e-03
2.700000000000000000e+01 1.937792073684957688e-03
2.710000000000000142e+01 1.668514093835547687e-03
2.720000000000000284e+01 1.413011391637819221e-03
2.730000000000000071e+01 1.157508689440099646e-03
2.740000000000000213e+01 9.147022198347841502e-04
2.750000000000000000e+01 6.718957502294773277e-04
2.760000000000000142e+01 4.411723604821954554e-04
2.770000000000000284e+01 2.104489707349134475e-04
2.780000000000000071e+01 -8.772083315819838086e-06
2.790000000000000213e+01 -2.279931373665604658e-04
2.800000000000000000e+01 -4.362618002050044886e-04
2.810000000000000142e+01 -6.445304630434560466e-04
2.820000000000000284e+01 -8.438673731094477326e-04
2.830000000000000071e+01 -1.043204283175432371e-03
2.840000000000000213e+01 -1.234179464113611003e-03
2.850000000000000000e+01 -1.425154645051782479e-03
2.860000000000000142e+01 -1.607966027635833245e-03
2.870000000000000284e+01 -1.790777410219884227e-03
2.880000000000000071e+01 -1.965794404606649275e-03
2.890000000000000213e+01 -2.140811398993419743e-03
2.900000000000000000e+01 -2.307921996663240324e-03
2.910000000000000142e+01 -2.475032594333066542e-03
2.920000000000000284e+01 -2.633423112858955441e-03
2.930000000000000071e+01 -2.791813631384838703e-03
2.940000000000000213e+01 -2.939691835527983525e-03
2.950000000000000000e+01 -3.087570039671122708e-03
2.960000000000000142e+01 -3.224538640189725767e-03
2.970000000000000284e+01 -3.361507240708328827e-03
2.980000000000000071e+01 -3.486561258530020309e-03
2.990000000000000213e+01 -3.611615276351716128e-03
3.000000000000000000e+01 -3.728305338023547855e-03
3.010000000000000142e+01 -3.844995399695383485e-03
3.020000000000000284e+01 -3.954347918497598709e-03
3.030000000000000071e+01 -4.063700437299810030e-03
3.040000000000000213e+01 -4.165792152554647493e-03
3.050000000000000000e+01 -4.267883867809481487e-03
3.060000000000000142e+01 -4.353174131867938029e-03
3.070000000000000284e+01 -4.438464395926393705e-03
3.080000000000000071e+01 -4.500141964696899657e-03
3.090000000000000213e+01 -4.561819533467408212e-03
3.100000000000000000e+01 -4.596572411351920566e-03
3.110000000000000142e+01 -4.631325289236434654e-03
3.120000000000000284e+01 -4.635568717579485916e-03
3.130000000000000071e+01 -4.639812145922538045e-03
3.140000000000000213e+01 -4.611663969443726037e-03
3.150000000000000000e+01 -4.583515792964915764e-03
3.160000000000000142e+01 -4.522578255366779126e-03
3.170000000000000284e+01 -4.461640717768642489e-03
3.180000000000000071e+01 -4.368816763894114823e-03
3.190000000000000213e+01 -4.275992810019583687e-03
3.200000000000000000e+01 -4.153333694319167636e-03
3.210000000000000142e+01 -4.030674578618746381e-03
3.220000000000000284e+01 -3.881249436220487060e-03
3.230000000000000426e+01 -3.731824293822226003e-03
3.239999999999999858e+01 -3.559193688399707890e-03
3.250000000000000000e+01 -3.386563082977178066e-03
3.260000000000000142e+01 -3.195428376457110867e-03
3.270000000000000284e+01 -3.004293669937044102e-03
3.280000000000000426e+01 -2.800044526506756393e-03
3.289999999999999858e+01 -2.595795383076483429e-03
3.300000000000000000e+01 -2.384360999434713239e-03
3.310000000000000142e+01 -2.172926615792942617e-03
3.320000000000000284e+01 -1.958468974818794797e-03
3.330000000000000426e+01 -1.744011333844646761e-03
3.339999999999999858e+01 -1.531416652744979449e-03
3.350000000000000000e+01 -1.318821971645296742e-03
3.360000000000000142e+01 -1.112970925958043115e-03
3.370000000000000284e+01 -9.071198802707894880e-04
3.380000000000000426e+01 -7.121304566384974687e-04
3.389999999999999858e+01 -5.171410330062192187e-04
3.400000000000000000e+01 -3.368191862515854725e-04
3.410000000000000142e+01 -1.564973394969528106e-04
3.420000000000000284e+01 5.249431029276518872e-06
3.430000000000000426e+01 1.669962015555042322e-04
3.439999999999999858e+01 3.053192051612708610e-04
3.450000000000000000e+01 4.436422087670472748e-04
3.460000000000000142e+01 5.552470944984625812e-04
3.470000000000000284e+01 6.668519802298778333e-04
3.480000000000000426e+01 7.483517089578622158e-04
3.489999999999999858e+01 8.298514376858408519e-04
3.500000000000000000e+01 8.849785850174343672e-04
3.510000000000000142e+01 9.401057323490260393e-04
3.520000000000000284e+01 9.746443844173690186e-04
3.530000000000000426e+01 1.009183036485711239e-03
3.539999999999999858e+01 1.032585471252873456e-03
3.550000000000000000e+01 1.055987906020037408e-03
3.560000000000000142e+01 1.069064600769190250e-03
3.570000000000000284e+01 1.082141295518342875e-03
3.580000000000000426e+01 1.085749136605037831e-03
3.589999999999999858e+01 1.089356977691732569e-03
3.600000000000000000e+01 1.086299401548729802e-03
3.610000000000000142e+01 1.083241825405726385e-03
3.620000000000000284e+01 1.074730991656037103e-03
3.630000000000000426e+01 1.066220157906347171e-03
3.639999999999999858e+01 1.053360625027329953e-03
3.650000000000000000e+01 1.040501092148311650e-03
3.660000000000000142e+01 1.024276750418668573e-03
3.670000000000000284e+01 1.008052408689025497e-03
3.680000000000000426e+01 9.893137479695956766e-04
3.689999999999999858e+01 9.705750872501672658e-04
3.700000000000000000e+01 9.500358190593785959e-04
3.710000000000000142e+01 9.294965508685899261e-04
3.720000000000000284e+01 9.077345597290908692e-04
3.730000000000000426e+01 8.859725685895917038e-04
3.739999999999999858e+01 8.634473311870397494e-04
3.750000000000000000e+01 8.409220937844860602e-04
3.760000000000000142e+01 8.180743915322528145e-04
3.770000000000000284e+01 7.952266892800196772e-04
3.780000000000000426e+01 7.724685550791252466e-04
3.789999999999999858e+01 7.497104208782324423e-04
3.800000000000000000e+01 7.273764918741279723e-04
3.810000000000000142e+01 7.050425628700235023e-04
3.820000000000000284e+01 6.833928479443971034e-04
3.830000000000000426e+01 6.617431330187708129e-04
3.840000000000000568e+01 6.409638787721219470e-04
3.850000000000000000e+01 6.201846245254748159e-04
3.860000000000000142e+01 6.003906654034691032e-04
3.870000000000000284e+01 5.805967062814633905e-04
3.880000000000000426e+01 5.618389646210151687e-04
3.890000000000000568e+01 5.430812229605669469e-04
3.900000000000000000e+01 5.253630705417159600e-04
3.910000000000000142e+01 5.076449181228635636e-04
3.920000000000000284e+01 4.909421914175872556e-04
3.930000000000000426e+01 4.742394647123108933e-04
3.940000000000000568e+01 4.584949638248967296e-04
3.950000000000000000e+01 4.427504629374836502e-04
3.960000000000000142e+01 4.278970818295408643e-04
3.970000000000000284e+01 4.130437007215980783e-04
3.980000000000000426e+01 3.990193950575360239e-04
3.990000000000000568e+01 3.849950893934740237e-04
4.000000000000000000e+01 3.717531916756795091e-04
4.010000000000000142e+01 3.585112939578841270e-04
4.020000000000000284e+01 3.460010036367356301e-04
4.030000000000000426e+01 3.334907133155871331e-04
4.040000000000000568e+01 3.216577117394765328e-04
4.050000000000000000e+01 3.098247101633668540e-04
4.060000000000000142e+01 2.986249109324412327e-04
4.070000000000000284e+01 2.874251117015155571e-04
4.080000000000000426e+01 2.768321657264294008e-04
4.090000000000000568e+01 2.662392197513431904e-04
4.100000000000000000e+01 2.562299941127811512e-04
4.110000000000000142e+01 2.462207684742184072e-04
4.120000000000000284e+01 2.367730640700764651e-04
4.130000000000000426e+01 2.273253596659345231e-04
4.140000000000000568e+01 2.184177563265940383e-04
4.150000000000000000e+01 2.095101529872542311e-04
4.160000000000000142e+01 2.011219084830248528e-04
4.170000000000000284e+01 1.927336639787954745e-04
4.180000000000000426e+01 1.848444300699721827e-04
4.190000000000000568e+01 1.769551961611488637e-04
4.200000000000000000e+01 1.695454808724081944e-04
4.210000000000000142e+01 1.621357655836670102e-04
4.220000000000000284e+01 1.551864031664720238e-04
4.230000000000000426e+01 1.482370407492770374e-04
4.240000000000000568e+01 1.417293830135385804e-04
4.250000000000000000e+01 1.352217252778005843e-04
4.260000000000000142e+01 1.291377439334411427e-04
4.270000000000000284e+01 1.230537625890817011e-04
4.280000000000000426e+01 1.173755057209601653e-04
4.290000000000000568e+01 1.116972488528386430e-04
4.300000000000000000e+01 1.064077814430465827e-04
4.310000000000000142e+01 1.011183140332541565e-04
4.320000000000000284e+01 9.620027698884709507e-05
4.330000000000000426e+01 9.128223994444004715e-05
4.340000000000000568e+01 8.671974792560916247e-05
4.350000000000000000e+01 8.215725590677860305e-05
4.360000000000000142e+01 7.793360175363024276e-05
4.370000000000000284e+01 7.370994760048188248e-05
4.380000000000000426e+01 6.981006016119527746e-05
4.390000000000000568e+01 6.591017272190865888e-05
4.400000000000000000e+01 6.231814671704691343e-05
4.410000000000000142e+01 5.872612071218490370e-05
4.420000000000000284e+01 5.542733847061454228e-05
4.430000000000000426e+01 5.212855622904419441e-05
4.440000000000000568e+01 4.910793705531805390e-05
4.450000000000000000e+01 4.608731788159212345e-05
4.460000000000000142e+01 4.333054922491919958e-05
4.470000000000000284e+01 4.057378056824627571e-05
4.480000000000000426e+01 3.806667104535981367e-05
4.490000000000000568e+01 3.555956152247335164e-05
4.500000000000000000e+01 3.328820632637235263e-05
4.510000000000000142e+01 3.101685113027119776e-05
4.520000000000000284e+01 2.896774762152228594e-05
4.530000000000000426e+01 2.691864411277338089e-05
4.540000000000000568e+01 2.507849450432685993e-05
4.550000000000000000e+01 2.323834489588047110e-05
4.560000000000000142e+01 2.159401165821184463e-05
4.570000000000000284e+01 1.994967842054321138e-05
4.580000000000000426e+01 1.848846477494749826e-05
4.590000000000000568e+01 1.702725112935178853e-05
4.600000000000000000e+01 1.573639978460880564e-05
4.610000000000000142e+01 1.444554843986573127e-05
4.620000000000000284e+01 1.331294415443387222e-05
4.630000000000000426e+01 1.218033986900201316e-05
4.640000000000000568e+01 1.119397413354477345e-05
4.650000000000000000e+01 1.020760839808760150e-05
4.660000000000000142e+01 9.355112941174671586e-06
4.670000000000000284e+01 8.502617484261739981e-06
4.680000000000000426e+01 7.772346127483780576e-06
4.690000000000000568e+01 7.042074770705819477e-06
4.700000000000000000e+01 6.421653812294174143e-06
4.710000000000000142e+01 5.801232853882483917e-06
4.720000000000000284e+01 5.278974753441232152e-06
4.730000000000000426e+01 4.756716652999979541e-06
4.740000000000000568e+01 4.320843900755485411e-06
4.750000000000000000e+01 3.884971148511021774e-06
4.760000000000000142e+01 3.530924440053209420e-06
4.770000000000000284e+01 3.176877731595396218e-06
4.780000000000000426e+01 2.892926164041752278e-06
4.790000000000000568e+01 2.608974596488107915e-06
4.800000000000000000e+01 2.384811754778737622e-06
4.810000000000000142e+01 2.160648913069351659e-06
4.820000000000000284e+01 1.986011013732852644e-06
4.830000000000000426e+01 1.811373114396354688e-06
4.840000000000000568e+01 1.676036196662893421e-06
4.850000000000000000e+01 1.540699278929441259e-06
4.860000000000000142e+01 1.434476580914133573e-06
4.870000000000000284e+01 1.328253882898825464e-06
4.880000000000000426e+01 1.240993390661769490e-06
4.890000000000000568e+01 1.153732898424713727e-06
4.900000000000000000e+01 1.075315056517226358e-06
4.910000000000000142e+01 9.968972146097334825e-07
4.920000000000000284e+01 9.172327874668477279e-07
4.930000000000000426e+01 8.375683603239619733e-07
4.940000000000000568e+01 7.465964345643902917e-07
4.950000000000000000e+01 6.556245088048250686e-07
4.960000000000000142e+01 5.433106271542497395e-07
4.970000000000000284e+01 4.309967455036743574e-07
4.980000000000000426e+01 2.873311636691128325e-07
4.990000000000000568e+01 1.436655818345513076e-07
5.000000000000000000e+01 0.000000000000000000e+00
