0.000000 309.024819
0.100000 308.681553
0.200000 308.338478
0.300000 307.995594
0.400000 307.652901
0.500000 307.310398
0.600000 306.968087
0.700000 306.625966
0.800000 306.284035
0.900000 305.942296
1.000000 305.600747
1.100000 305.259389
1.200000 304.918222
1.300000 304.577246
1.400000 304.236460
1.500000 303.895865
1.600000 303.555461
1.700000 303.215247
1.800000 302.875225
1.900000 302.535393
2.000000 302.195752
2.100000 301.856301
2.200000 301.517041
2.300000 301.177973
2.400000 300.839094
2.500000 300.500407
2.600000 300.161910
2.700000 299.823605
2.800000 299.485489
2.900000 299.147565
3.000000 298.809831
3.100000 298.472289
3.200000 298.134937
3.300000 297.797775
3.400000 297.460805
3.500000 297.124025
3.600000 296.787436
3.700000 296.451037
3.800000 296.114830
3.900000 295.778813
4.000000 295.442987
4.100000 295.107352
4.200000 294.771907
4.300000 294.436653
4.400000 294.101590
4.500000 293.766718
4.600000 293.432037
4.700000 293.097546
4.800000 292.763246
4.900000 292.429137
5.000000 292.095218
5.100000 291.761490
5.200000 291.427953
5.300000 291.094607
5.400000 290.761452
5.500000 290.428487
5.600000 290.095713
5.700000 289.763130
5.800000 289.430737
5.900000 289.098536
6.000000 288.766525
6.100000 288.434705
6.200000 288.103075
6.300000 287.771637
6.400000 287.440389
6.500000 287.109332
6.600000 286.778465
6.700000 286.447790
6.800000 286.117305
6.900000 285.787011
7.000000 285.456907
7.100000 285.126995
7.200000 284.797273
7.300000 284.467742
7.400000 284.138401
7.500000 283.809252
7.600000 283.480293
7.700000 283.151525
7.800000 282.822948
7.900000 282.494561
8.000000 282.166365
8.100000 281.838360
8.200000 281.510546
8.300000 281.182922
8.400000 280.855489
8.500000 280.528247
8.600000 280.201196
8.700000 279.874336
8.800000 279.547666
8.900000 279.221187
9.000000 278.894899
9.100000 278.568801
9.200000 278.242894
9.300000 277.917179
9.400000 277.591653
9.500000 277.266319
9.600000 276.941175
9.700000 276.616222
9.800000 276.291460
9.900000 275.966889
10.000000 275.642508
10.100000 275.318318
10.200000 274.994319
10.300000 274.670510
10.400000 274.346893
10.500000 274.023466
10.600000 273.700230
10.700000 273.377184
10.800000 273.054330
10.900000 272.731666
11.000000 272.409193
11.100000 272.086910
11.200000 271.764819
11.300000 271.442918
11.400000 271.121208
11.500000 270.799688
11.600000 270.478360
11.700000 270.157222
11.800000 269.836275
11.900000 269.515519
12.000000 269.194953
12.100000 268.874578
12.200000 268.554394
12.300000 268.234401
12.400000 267.914598
12.500000 267.594987
12.600000 267.275566
12.700000 266.956335
12.800000 266.637296
12.900000 266.318447
13.000000 265.999789
13.100000 265.681322
13.200000 265.363045
13.300000 265.044960
13.400000 264.727065
13.500000 264.409360
13.600000 264.091847
13.700000 263.774524
13.800000 263.457392
13.900000 263.140451
14.000000 262.823701
14.100000 262.507141
14.200000 262.190772
14.300000 261.874594
14.400000 261.558606
14.500000 261.242810
14.600000 260.927204
14.700000 260.611789
14.800000 260.296564
14.900000 259.981531
15.000000 259.666688
15.100000 259.352036
15.200000 259.037574
15.300000 258.723304
15.400000 258.409224
15.500000 258.095335
15.600000 257.781636
15.700000 257.468129
15.800000 257.154812
15.900000 256.841686
16.000000 256.528751
16.100000 256.216006
16.200000 255.903452
16.300000 255.591089
16.400000 255.278917
16.500000 254.966935
16.600000 254.655145
16.700000 254.343545
16.800000 254.032135
16.900000 253.720917
17.000000 253.409889
17.100000 253.099052
17.200000 252.788406
17.300000 252.477950
17.400000 252.167686
17.500000 251.857612
17.600000 251.547728
17.700000 251.238036
17.800000 250.928534
17.900000 250.619223
18.000000 250.310103
18.100000 250.001174
18.200000 249.692435
18.300000 249.383887
18.400000 249.075530
18.500000 248.767363
18.600000 248.459388
18.700000 248.151603
18.800000 247.844009
18.900000 247.536605
19.000000 247.229393
19.100000 246.922371
19.200000 246.615540
19.300000 246.308899
19.400000 246.002450
19.500000 245.696191
19.600000 245.390123
19.700000 245.084245
19.800000 244.778559
19.900000 244.473063
20.000000 244.167758
20.100000 243.862644
20.200000 243.557720
20.300000 243.252987
20.400000 242.948445
20.500000 242.644094
20.600000 242.339933
20.700000 242.035963
20.800000 241.732184
20.900000 241.428596
21.000000 241.125199
21.100000 240.821992
21.200000 240.518976
21.300000 240.216151
21.400000 239.913516
21.500000 239.611072
21.600000 239.308819
21.700000 239.006757
21.800000 238.704886
21.900000 238.403205
22.000000 238.101715
22.100000 237.800416
22.200000 237.499307
22.300000 237.198390
22.400000 236.897663
22.500000 236.597127
22.600000 236.296781
22.700000 235.996627
22.800000 235.696663
22.900000 235.396890
23.000000 235.097307
23.100000 234.797916
23.200000 234.498715
23.300000 234.199705
23.400000 233.900885
23.500000 233.602257
23.600000 233.303819
23.700000 233.005572
23.800000 232.707515
23.900000 232.409650
24.000000 232.111975
24.100000 231.814491
24.200000 231.517197
24.300000 231.220095
24.400000 230.923183
24.500000 230.626462
24.600000 230.329932
24.700000 230.033592
24.800000 229.737443
24.900000 229.441485
25.000000 229.145718
25.100000 228.850142
25.200000 228.554756
25.300000 228.259561
25.400000 227.964557
25.500000 227.669743
25.600000 227.375120
25.700000 227.080688
25.800000 226.786447
25.900000 226.492397
26.000000 226.198537
26.100000 225.904868
26.200000 225.611390
26.300000 225.318102
26.400000 225.025006
26.500000 224.732100
26.600000 224.439385
26.700000 224.146860
26.800000 223.854526
26.900000 223.562384
27.000000 223.270431
27.100000 222.978670
27.200000 222.687099
27.300000 222.395719
27.400000 222.104530
27.500000 221.813532
27.600000 221.522724
27.700000 221.232107
27.800000 220.941681
27.900000 220.651446
28.000000 220.361401
28.100000 220.071548
28.200000 219.781885
28.300000 219.492412
28.400000 219.203131
28.500000 218.914040
28.600000 218.625140
28.700000 218.336430
28.800000 218.047912
28.900000 217.759584
29.000000 217.471447
29.100000 217.183501
29.200000 216.895745
29.300000 216.608181
29.400000 216.320807
29.500000 216.033623
29.600000 215.746631
29.700000 215.459829
29.800000 215.173218
29.900000 214.886798
30.000000 214.600568
30.100000 214.314530
30.200000 214.028682
30.300000 213.743025
30.400000 213.457558
30.500000 213.172282
30.600000 212.887197
30.700000 212.602303
30.800000 212.317600
30.900000 212.033087
31.000000 211.748765
31.100000 211.464634
31.200000 211.180694
31.300000 210.896944
31.400000 210.613385
31.500000 210.330017
31.600000 210.046840
31.700000 209.763853
31.800000 209.481057
31.900000 209.198452
32.000000 208.916038
32.100000 208.633814
32.200000 208.351781
32.300000 208.069939
32.400000 207.788288
32.500000 207.506827
32.600000 207.225558
32.700000 206.944479
32.800000 206.663590
32.900000 206.382893
33.000000 206.102386
33.100000 205.822070
33.200000 205.541945
33.300000 205.262010
33.400000 204.982266
33.500000 204.702713
33.600000 204.423351
33.700000 204.144180
33.800000 203.865199
33.900000 203.586409
34.000000 203.307810
34.100000 203.029401
34.200000 202.751183
34.300000 202.473156
34.400000 202.195320
34.500000 201.917675
34.600000 201.640220
34.700000 201.362956
34.800000 201.085883
34.900000 200.809001
35.000000 200.532309
35.100000 200.255808
35.200000 199.979498
35.300000 199.703378
35.400000 199.427450
35.500000 199.151712
35.600000 198.876165
35.700000 198.600808
35.800000 198.325643
35.900000 198.050668
36.000000 197.775884
36.100000 197.501290
36.200000 197.226888
36.300000 196.952676
36.400000 196.678655
36.500000 196.404825
36.600000 196.131185
36.700000 195.857736
36.800000 195.584478
36.900000 195.311411
37.000000 195.038534
37.100000 194.765849
37.200000 194.493354
37.300000 194.221049
37.400000 193.948936
37.500000 193.677013
37.600000 193.405281
37.700000 193.133740
37.800000 192.862389
37.900000 192.591229
38.000000 192.320261
38.100000 192.049482
38.200000 191.778895
38.300000 191.508498
38.400000 191.238292
38.500000 190.968277
38.600000 190.698452
38.700000 190.428819
38.800000 190.159376
38.900000 189.890124
39.000000 189.621062
39.100000 189.352192
39.200000 189.083512
39.300000 188.815023
39.400000 188.546724
39.500000 188.278616
39.600000 188.010700
39.700000 187.742973
39.800000 187.475438
39.900000 187.208093
40.000000 186.940940
40.100000 186.673976
40.200000 186.407204
40.300000 186.140623
40.400000 185.874232
40.500000 185.608032
40.600000 185.342022
40.700000 185.076204
40.800000 184.810576
40.900000 184.545139
41.000000 184.279893
41.100000 184.014837
41.200000 183.749972
41.300000 183.485298
41.400000 183.220815
41.500000 182.956522
41.600000 182.692421
41.700000 182.428510
41.800000 182.164789
41.900000 181.901260
42.000000 181.637921
42.100000 181.374773
42.200000 181.111816
42.300000 180.849049
42.400000 180.586474
42.500000 180.324089
42.600000 180.061895
42.700000 179.799891
42.800000 179.538078
42.900000 179.276456
43.000000 179.015025
43.100000 178.753785
43.200000 178.492735
43.300000 178.231876
43.400000 177.971208
43.500000 177.710731
43.600000 177.450444
43.700000 177.190348
43.800000 176.930443
43.900000 176.670729
44.000000 176.411205
44.100000 176.151872
44.200000 175.892730
44.300000 175.633779
44.400000 175.375018
44.500000 175.116448
44.600000 174.858069
44.700000 174.599881
44.800000 174.341883
44.900000 174.084076
45.000000 173.826460
45.100000 173.569035
45.200000 173.311801
45.300000 173.054757
45.400000 172.797904
45.500000 172.541241
45.600000 172.284770
45.700000 172.028489
45.800000 171.772399
45.900000 171.516500
46.000000 171.260791
46.100000 171.005274
46.200000 170.749947
46.300000 170.494810
46.400000 170.239865
46.500000 169.985110
46.600000 169.730546
46.700000 169.476173
46.800000 169.221991
46.900000 168.967999
47.000000 168.714198
47.100000 168.460588
47.200000 168.207168
47.300000 167.953940
47.400000 167.700902
47.500000 167.448055
47.600000 167.195398
47.700000 166.942933
47.800000 166.690658
47.900000 166.438574
48.000000 166.186680
48.100000 165.934978
48.200000 165.683466
48.300000 165.432145
48.400000 165.181014
48.500000 164.930075
48.600000 164.679326
48.700000 164.428768
48.800000 164.178400
48.900000 163.928224
49.000000 163.678238
49.100000 163.428443
49.200000 163.178839
49.300000 162.929425
49.400000 162.680202
49.500000 162.431170
49.600000 162.182329
49.700000 161.933678
49.800000 161.685219
49.900000 161.436950
50.000000 161.188871
50.100000 160.940984
50.200000 160.693287
50.300000 160.445781
50.400000 160.198466
50.500000 159.951341
50.600000 159.704408
50.700000 159.457665
50.800000 159.211113
50.900000 158.964751
51.000000 158.718580
51.100000 158.472600
51.200000 158.226811
51.300000 157.981213
51.400000 157.735805
51.500000 157.490588
51.600000 157.245562
51.700000 157.000727
51.800000 156.756082
51.900000 156.511628
52.000000 156.267365
52.100000 156.023293
52.200000 155.779411
52.300000 155.535720
52.400000 155.292220
52.500000 155.048911
52.600000 154.805792
52.700000 154.562864
52.800000 154.320127
52.900000 154.077581
53.000000 153.835225
53.100000 153.593060
53.200000 153.351086
53.300000 153.109303
53.400000 152.867710
53.500000 152.626309
53.600000 152.385098
53.700000 152.144077
53.800000 151.903248
53.900000 151.662609
54.000000 151.422161
54.100000 151.181904
54.200000 150.941837
54.300000 150.701962
54.400000 150.462277
54.500000 150.222782
54.600000 149.983479
54.700000 149.744366
54.800000 149.505444
54.900000 149.266713
55.000000 149.028173
55.100000 148.789823
55.200000 148.551664
55.300000 148.313696
55.400000 148.075918
55.500000 147.838332
55.600000 147.600936
55.700000 147.363730
55.800000 147.126716
55.900000 146.889892
56.000000 146.653260
56.100000 146.416817
56.200000 146.180566
56.300000 145.944505
56.400000 145.708636
56.500000 145.472956
56.600000 145.237468
56.700000 145.002170
56.800000 144.767064
56.900000 144.532148
57.000000 144.297422
57.100000 144.062888
57.200000 143.828544
57.300000 143.594391
57.400000 143.360428
57.500000 143.126657
57.600000 142.893076
57.700000 142.659686
57.800000 142.426487
57.900000 142.193478
58.000000 141.960660
58.100000 141.728033
58.200000 141.495597
58.300000 141.263352
58.400000 141.031297
58.500000 140.799433
58.600000 140.567760
58.700000 140.336277
58.800000 140.104985
58.900000 139.873885
59.000000 139.642974
59.100000 139.412255
59.200000 139.181726
59.300000 138.951388
59.400000 138.721241
59.500000 138.491285
59.600000 138.261519
59.700000 138.031944
59.800000 137.802560
59.900000 137.573366
60.000000 137.344364
60.100000 137.115552
60.200000 136.886931
60.300000 136.658500
60.400000 136.430261
60.500000 136.202212
60.600000 135.974354
60.700000 135.746686
60.800000 135.519210
60.900000 135.291924
61.000000 135.064829
61.100000 134.837925
61.200000 134.611211
61.300000 134.384688
61.400000 134.158356
61.500000 133.932215
61.600000 133.706264
61.700000 133.480504
61.800000 133.254935
61.900000 133.029557
62.000000 132.804370
62.100000 132.579373
62.200000 132.354567
62.300000 132.129951
62.400000 131.905527
62.500000 131.681293
62.600000 131.457250
62.700000 131.233398
62.800000 131.009737
62.900000 130.786266
63.000000 130.562986
63.100000 130.339897
63.200000 130.116998
63.300000 129.894290
63.400000 129.671774
63.500000 129.449447
63.600000 129.227312
63.700000 129.005367
63.800000 128.783613
63.900000 128.562050
64.000000 128.340678
64.100000 128.119496
64.200000 127.898505
64.300000 127.677705
64.400000 127.457096
64.500000 127.236677
64.600000 127.016449
64.700000 126.796412
64.800000 126.576566
64.900000 126.356910
65.000000 126.137445
65.100000 125.918171
65.200000 125.699088
65.300000 125.480195
65.400000 125.261493
65.500000 125.042982
65.600000 124.824662
65.700000 124.606532
65.800000 124.388594
65.900000 124.170846
66.000000 123.953288
66.100000 123.735922
66.200000 123.518746
66.300000 123.301761
66.400000 123.084967
66.500000 122.868363
66.600000 122.651950
66.700000 122.435728
66.800000 122.219697
66.900000 122.003857
67.000000 121.788207
67.100000 121.572748
67.200000 121.357480
67.300000 121.142402
67.400000 120.927516
67.500000 120.712820
67.600000 120.498315
67.700000 120.284000
67.800000 120.069876
67.900000 119.855944
68.000000 119.642201
68.100000 119.428650
68.200000 119.215289
68.300000 119.002119
68.400000 118.789140
68.500000 118.576352
68.600000 118.363754
68.700000 118.151347
68.800000 117.939131
68.900000 117.727106
69.000000 117.515271
69.100000 117.303627
69.200000 117.092174
69.300000 116.880912
69.400000 116.669840
69.500000 116.458960
69.600000 116.248270
69.700000 116.037770
69.800000 115.827462
69.900000 115.617344
70.000000 115.407417
70.100000 115.197681
70.200000 114.988135
70.300000 114.778780
70.400000 114.569616
70.500000 114.360643
70.600000 114.151860
70.700000 113.943269
70.800000 113.734868
70.900000 113.526657
71.000000 113.318638
71.100000 113.110809
71.200000 112.903171
71.300000 112.695724
71.400000 112.488468
71.500000 112.281402
71.600000 112.074527
71.700000 111.867843
71.800000 111.661349
71.900000 111.455047
72.000000 111.248935
72.100000 111.043013
72.200000 110.837283
72.300000 110.631743
72.400000 110.426395
72.500000 110.221236
72.600000 110.016269
72.700000 109.811492
72.800000 109.606906
72.900000 109.402511
73.000000 109.198307
73.100000 108.994293
73.200000 108.790471
73.300000 108.586838
73.400000 108.383397
73.500000 108.180147
73.600000 107.977087
73.700000 107.774218
73.800000 107.571539
73.900000 107.369052
74.000000 107.166755
74.100000 106.964649
74.200000 106.762734
74.300000 106.561009
74.400000 106.359475
74.500000 106.158132
74.600000 105.956980
74.700000 105.756019
74.800000 105.555248
74.900000 105.354668
75.000000 105.154279
75.100000 104.954080
75.200000 104.754072
75.300000 104.554255
75.400000 104.354629
75.500000 104.155194
75.600000 103.955949
75.700000 103.756895
75.800000 103.558032
75.900000 103.359359
76.000000 103.160878
76.100000 102.962587
76.200000 102.764487
76.300000 102.566577
76.400000 102.368859
76.500000 102.171331
76.600000 101.973993
76.700000 101.776847
76.800000 101.579891
76.900000 101.383127
77.000000 101.186552
77.100000 100.990169
77.200000 100.793976
77.300000 100.597975
77.400000 100.402164
77.500000 100.206543
77.600000 100.011114
77.700000 99.815875
77.800000 99.620827
77.900000 99.425969
78.000000 99.231303
78.100000 99.036827
78.200000 98.842542
78.300000 98.648448
78.400000 98.454544
78.500000 98.260831
78.600000 98.067309
78.700000 97.873978
78.800000 97.680838
78.900000 97.487888
79.000000 97.295129
79.100000 97.102561
79.200000 96.910183
79.300000 96.717996
79.400000 96.526000
79.500000 96.334195
79.600000 96.142581
79.700000 95.951157
79.800000 95.759924
79.900000 95.568882
80.000000 95.378030
80.100000 95.187370
80.200000 94.996900
80.300000 94.806621
80.400000 94.616532
80.500000 94.426635
80.600000 94.236928
80.700000 94.047412
80.800000 93.858086
80.900000 93.668951
81.000000 93.480008
81.100000 93.291254
81.200000 93.102692
81.300000 92.914321
81.400000 92.726140
81.500000 92.538150
81.600000 92.350350
81.700000 92.162742
81.800000 91.975324
81.900000 91.788097
82.000000 91.601060
82.100000 91.414215
82.200000 91.227560
82.300000 91.041096
82.400000 90.854823
82.500000 90.668740
82.600000 90.482848
82.700000 90.297147
82.800000 90.111637
82.900000 89.926318
83.000000 89.741189
83.100000 89.556251
83.200000 89.371504
83.300000 89.186947
83.400000 89.002581
83.500000 88.818406
83.600000 88.634422
83.700000 88.450629
83.800000 88.267026
83.900000 88.083614
84.000000 87.900393
84.100000 87.717362
84.200000 87.534523
84.300000 87.351874
84.400000 87.169416
84.500000 86.987148
84.600000 86.805072
84.700000 86.623186
84.800000 86.441490
84.900000 86.259986
85.000000 86.078672
85.100000 85.897550
85.200000 85.716617
85.300000 85.535876
85.400000 85.355325
85.500000 85.174966
85.600000 84.994797
85.700000 84.814818
85.800000 84.635031
85.900000 84.455434
86.000000 84.276028
86.100000 84.096812
86.200000 83.917788
86.300000 83.738954
86.400000 83.560311
86.500000 83.381859
86.600000 83.203597
86.700000 83.025526
86.800000 82.847646
86.900000 82.669957
87.000000 82.492458
87.100000 82.315151
87.200000 82.138034
87.300000 81.961107
87.400000 81.784372
87.500000 81.607827
87.600000 81.431473
87.700000 81.255310
87.800000 81.079338
87.900000 80.903556
88.000000 80.727965
88.100000 80.552565
88.200000 80.377355
88.300000 80.202337
88.400000 80.027509
88.500000 79.852872
88.600000 79.678425
88.700000 79.504169
88.800000 79.330105
88.900000 79.156230
89.000000 78.982547
89.100000 78.809054
89.200000 78.635752
89.300000 78.462641
89.400000 78.289721
89.500000 78.116991
89.600000 77.944452
89.700000 77.772104
89.800000 77.599947
89.900000 77.427980
90.000000 77.256205
90.100000 77.084620
90.200000 76.913225
90.300000 76.742022
90.400000 76.571009
90.500000 76.400187
90.600000 76.229556
90.700000 76.059115
90.800000 75.888865
90.900000 75.718806
91.000000 75.548938
91.100000 75.379260
91.200000 75.209774
91.300000 75.040478
91.400000 74.871372
91.500000 74.702458
91.600000 74.533734
91.700000 74.365201
91.800000 74.196859
91.900000 74.028707
92.000000 73.860747
92.100000 73.692977
92.200000 73.525398
92.300000 73.358009
92.400000 73.190811
92.500000 73.023805
92.600000 72.856988
92.700000 72.690363
92.800000 72.523928
92.900000 72.357684
93.000000 72.191631
93.100000 72.025769
93.200000 71.860097
93.300000 71.694616
93.400000 71.529326
93.500000 71.364227
93.600000 71.199318
93.700000 71.034600
93.800000 70.870073
93.900000 70.705737
94.000000 70.541591
94.100000 70.377636
94.200000 70.213872
94.300000 70.050299
94.400000 69.886916
94.500000 69.723725
94.600000 69.560724
94.700000 69.397913
94.800000 69.235294
94.900000 69.072865
95.000000 68.910627
95.100000 68.748580
95.200000 68.586723
95.300000 68.425057
95.400000 68.263582
95.500000 68.102298
95.600000 67.941205
95.700000 67.780302
95.800000 67.619590
95.900000 67.459069
96.000000 67.298738
96.100000 67.138599
96.200000 66.978650
96.300000 66.818891
96.400000 66.659324
96.500000 66.499947
96.600000 66.340761
96.700000 66.181766
96.800000 66.022962
96.900000 65.864348
97.000000 65.705925
97.100000 65.547693
97.200000 65.389652
97.300000 65.231801
97.400000 65.074141
97.500000 64.916672
97.600000 64.759394
97.700000 64.602306
97.800000 64.445409
97.900000 64.288703
98.000000 64.132188
98.100000 63.975863
98.200000 63.819729
98.300000 63.663786
98.400000 63.508034
98.500000 63.352472
98.600000 63.197101
98.700000 63.041921
98.800000 62.886932
98.900000 62.732134
99.000000 62.577526
99.100000 62.423109
99.200000 62.268882
99.300000 62.114847
99.400000 61.961002
99.500000 61.807348
99.600000 61.653885
99.700000 61.500612
99.800000 61.347531
99.900000 61.194640
100.000000 61.041939
100.100000 60.889430
100.200000 60.737111
100.300000 60.584983
100.400000 60.433046
100.500000 60.281300
100.600000 60.129744
100.700000 59.978379
100.800000 59.827205
100.900000 59.676221
101.000000 59.525429
101.100000 59.374827
101.200000 59.224416
101.300000 59.074195
101.400000 58.924166
101.500000 58.774327
101.600000 58.624679
101.700000 58.475221
101.800000 58.325955
101.900000 58.176879
102.000000 58.027994
102.100000 57.879299
102.200000 57.730796
102.300000 57.582483
102.400000 57.434361
102.500000 57.286430
102.600000 57.138689
102.700000 56.991139
102.800000 56.843780
102.900000 56.696612
103.000000 56.549634
103.100000 56.402847
103.200000 56.256251
103.300000 56.109846
103.400000 55.963632
103.500000 55.817608
103.600000 55.671775
103.700000 55.526133
103.800000 55.380681
103.900000 55.235420
104.000000 55.090350
104.100000 54.945471
104.200000 54.800783
104.300000 54.656285
104.400000 54.511978
104.500000 54.367862
104.600000 54.223936
104.700000 54.080202
104.800000 53.936658
104.900000 53.793305
105.000000 53.650142
105.100000 53.507170
105.200000 53.364390
105.300000 53.221799
105.400000 53.079400
105.500000 52.937191
105.600000 52.795173
105.700000 52.653346
105.800000 52.511710
105.900000 52.370264
106.000000 52.229009
106.100000 52.087945
106.200000 51.947072
106.300000 51.806389
106.400000 51.665898
106.500000 51.525596
106.600000 51.385486
106.700000 51.245567
106.800000 51.105838
106.900000 50.966300
107.000000 50.826952
107.100000 50.687796
107.200000 50.548830
107.300000 50.410055
107.400000 50.271471
107.500000 50.133077
107.600000 49.994874
107.700000 49.856862
107.800000 49.719041
107.900000 49.581411
108.000000 49.443971
108.100000 49.306722
108.200000 49.169664
108.300000 49.032796
108.400000 48.896120
108.500000 48.759634
108.600000 48.623338
108.700000 48.487234
108.800000 48.351320
108.900000 48.215597
109.000000 48.080065
109.100000 47.944724
109.200000 47.809573
109.300000 47.674613
109.400000 47.539844
109.500000 47.405266
109.600000 47.270878
109.700000 47.136681
109.800000 47.002675
109.900000 46.868860
110.000000 46.735235
110.100000 46.601801
110.200000 46.468558
110.300000 46.335506
110.400000 46.202644
110.500000 46.069973
110.600000 45.937493
110.700000 45.805204
110.800000 45.673105
110.900000 45.541197
111.000000 45.409480
111.100000 45.277954
111.200000 45.146618
111.300000 45.015474
111.400000 44.884520
111.500000 44.753756
111.600000 44.623184
111.700000 44.492802
111.800000 44.362611
111.900000 44.232611
112.000000 44.102801
112.100000 43.973183
112.200000 43.843755
112.300000 43.714517
112.400000 43.585471
112.500000 43.456615
112.600000 43.327950
112.700000 43.199476
112.800000 43.071192
112.900000 42.943100
113.000000 42.815198
113.100000 42.687487
113.200000 42.559966
113.300000 42.432637
113.400000 42.305498
113.500000 42.178549
113.600000 42.051792
113.700000 41.925225
113.800000 41.798850
113.900000 41.672664
114.000000 41.546670
114.100000 41.420866
114.200000 41.295254
114.300000 41.169831
114.400000 41.044600
114.500000 40.919559
114.600000 40.794710
114.700000 40.670051
114.800000 40.545582
114.900000 40.421305
115.000000 40.297218
115.100000 40.173322
115.200000 40.049616
115.300000 39.926102
115.400000 39.802778
115.500000 39.679645
115.600000 39.556703
115.700000 39.433951
115.800000 39.311391
115.900000 39.189021
116.000000 39.066841
116.100000 38.944853
116.200000 38.823055
116.300000 38.701448
116.400000 38.580032
116.500000 38.458806
116.600000 38.337772
116.700000 38.216928
116.800000 38.096274
116.900000 37.975812
117.000000 37.855540
117.100000 37.735459
117.200000 37.615569
117.300000 37.495870
117.400000 37.376361
117.500000 37.257043
117.600000 37.137916
117.700000 37.018980
117.800000 36.900234
117.900000 36.781679
118.000000 36.663315
118.100000 36.545142
118.200000 36.427159
118.300000 36.309367
118.400000 36.191766
118.500000 36.074356
118.600000 35.957136
118.700000 35.840107
118.800000 35.723269
118.900000 35.606622
119.000000 35.490165
119.100000 35.373899
119.200000 35.257824
119.300000 35.141940
119.400000 35.026246
119.500000 34.910744
119.600000 34.795432
119.700000 34.680310
119.800000 34.565380
119.900000 34.450640
120.000000 34.336091
120.100000 34.221733
120.200000 34.107565
120.300000 33.993588
120.400000 33.879802
120.500000 33.766207
120.600000 33.652803
120.700000 33.539589
120.800000 33.426566
120.900000 33.313734
121.000000 33.201092
121.100000 33.088642
121.200000 32.976382
121.300000 32.864313
121.400000 32.752434
121.500000 32.640746
121.600000 32.529250
121.700000 32.417943
121.800000 32.306828
121.900000 32.195903
122.000000 32.085169
122.100000 31.974626
122.200000 31.864274
122.300000 31.754112
122.400000 31.644141
122.500000 31.534361
122.600000 31.424772
122.700000 31.315373
122.800000 31.206165
122.900000 31.097148
123.000000 30.988322
123.100000 30.879687
123.200000 30.771242
123.300000 30.662988
123.400000 30.554924
123.500000 30.447052
123.600000 30.339370
123.700000 30.231879
123.800000 30.124579
123.900000 30.017469
124.000000 29.910550
124.100000 29.803822
124.200000 29.697285
124.300000 29.590939
124.400000 29.484783
124.500000 29.378818
124.600000 29.273044
124.700000 29.167460
124.800000 29.062067
124.900000 28.956865
125.000000 28.851854
125.100000 28.747034
125.200000 28.642404
125.300000 28.537965
125.400000 28.433717
125.500000 28.329659
125.600000 28.225793
125.700000 28.122117
125.800000 28.018632
125.900000 27.915337
126.000000 27.812234
126.100000 27.709321
126.200000 27.606599
126.300000 27.504067
126.400000 27.401727
126.500000 27.299577
126.600000 27.197618
126.700000 27.095849
126.800000 26.994272
126.900000 26.892885
127.000000 26.791689
127.100000 26.690683
127.200000 26.589869
127.300000 26.489245
127.400000 26.388812
127.500000 26.288570
127.600000 26.188518
127.700000 26.088657
127.800000 25.988987
127.900000 25.889508
128.000000 25.790219
128.100000 25.691122
128.200000 25.592215
128.300000 25.493498
128.400000 25.394973
128.500000 25.296638
128.600000 25.198494
128.700000 25.100541
128.800000 25.002778
128.900000 24.905207
129.000000 24.807826
129.100000 24.710635
129.200000 24.613636
129.300000 24.516827
129.400000 24.420209
129.500000 24.323782
129.600000 24.227546
129.700000 24.131500
129.800000 24.035645
129.900000 23.939981
130.000000 23.844508
130.100000 23.749225
130.200000 23.654133
130.300000 23.559232
130.400000 23.464522
130.500000 23.370002
130.600000 23.275673
130.700000 23.181535
130.800000 23.087588
130.900000 22.993831
131.000000 22.900265
131.100000 22.806890
131.200000 22.713706
131.300000 22.620712
131.400000 22.527909
131.500000 22.435297
131.600000 22.342876
131.700000 22.250645
131.800000 22.158606
131.900000 22.066756
132.000000 21.975098
132.100000 21.883631
132.200000 21.792354
132.300000 21.701268
132.400000 21.610373
132.500000 21.519668
132.600000 21.429154
132.700000 21.338831
132.800000 21.248699
132.900000 21.158758
133.000000 21.069007
133.100000 20.979447
133.200000 20.890078
133.300000 20.800899
133.400000 20.711912
133.500000 20.623115
133.600000 20.534508
133.700000 20.446093
133.800000 20.357868
133.900000 20.269834
134.000000 20.181991
134.100000 20.094339
134.200000 20.006877
134.300000 19.919606
134.400000 19.832526
134.500000 19.745637
134.600000 19.658938
134.700000 19.572430
134.800000 19.486113
134.900000 19.399987
135.000000 19.314051
135.100000 19.228306
135.200000 19.142752
135.300000 19.057389
135.400000 18.972216
135.500000 18.887234
135.600000 18.802443
135.700000 18.717843
135.800000 18.633434
135.900000 18.549215
136.000000 18.465187
136.100000 18.381349
136.200000 18.297703
136.300000 18.214247
136.400000 18.130982
136.500000 18.047908
136.600000 17.965024
136.700000 17.882332
136.800000 17.799830
136.900000 17.717518
137.000000 17.635398
137.100000 17.553468
137.200000 17.471729
137.300000 17.390181
137.400000 17.308823
137.500000 17.227657
137.600000 17.146681
137.700000 17.065896
137.800000 16.985301
137.900000 16.904897
138.000000 16.824685
138.100000 16.744662
138.200000 16.664831
138.300000 16.585190
138.400000 16.505740
138.500000 16.426481
138.600000 16.347413
138.700000 16.268535
138.800000 16.189848
138.900000 16.111352
139.000000 16.033047
139.100000 15.954932
139.200000 15.877008
139.300000 15.799275
139.400000 15.721733
139.500000 15.644381
139.600000 15.567221
139.700000 15.490251
139.800000 15.413471
139.900000 15.336883
140.000000 15.260485
140.100000 15.184278
140.200000 15.108262
140.300000 15.032436
140.400000 14.956801
140.500000 14.881357
140.600000 14.806104
140.700000 14.731041
140.800000 14.656170
140.900000 14.581489
141.000000 14.506998
141.100000 14.432699
141.200000 14.358590
141.300000 14.284672
141.400000 14.210945
141.500000 14.137409
141.600000 14.064063
141.700000 13.990908
141.800000 13.917944
141.900000 13.845170
142.000000 13.772588
142.100000 13.700196
142.200000 13.627994
142.300000 13.555984
142.400000 13.484164
142.500000 13.412536
142.600000 13.341097
142.700000 13.269850
142.800000 13.198793
142.900000 13.127927
143.000000 13.057252
143.100000 12.986768
143.200000 12.916474
143.300000 12.846372
143.400000 12.776459
143.500000 12.706738
143.600000 12.637208
143.700000 12.567868
143.800000 12.498719
143.900000 12.429760
144.000000 12.360993
144.100000 12.292416
144.200000 12.224030
144.300000 12.155835
144.400000 12.087830
144.500000 12.020016
144.600000 11.952393
144.700000 11.884961
144.800000 11.817719
144.900000 11.750669
145.000000 11.683809
145.100000 11.617139
145.200000 11.550661
145.300000 11.484373
145.400000 11.418276
145.500000 11.352370
145.600000 11.286655
145.700000 11.221130
145.800000 11.155796
145.900000 11.090653
146.000000 11.025700
146.100000 10.960939
146.200000 10.896368
146.300000 10.831988
146.400000 10.767798
146.500000 10.703799
146.600000 10.639992
146.700000 10.576374
146.800000 10.512948
146.900000 10.449712
147.000000 10.386668
147.100000 10.323813
147.200000 10.261150
147.300000 10.198677
147.400000 10.136396
147.500000 10.074304
147.600000 10.012404
147.700000 9.950695
147.800000 9.889176
147.900000 9.827848
148.000000 9.766710
148.100000 9.705764
148.200000 9.645008
148.300000 9.584443
148.400000 9.524069
148.500000 9.463885
148.600000 9.403892
148.700000 9.344090
148.800000 9.284479
148.900000 9.225058
149.000000 9.165829
149.100000 9.106790
149.200000 9.047941
149.300000 8.989284
149.400000 8.930817
149.500000 8.872541
149.600000 8.814456
149.700000 8.756562
149.800000 8.698858
149.900000 8.641345
150.000000 8.584023
150.100000 8.526891
150.200000 8.469951
150.300000 8.413201
150.400000 8.356642
150.500000 8.300273
150.600000 8.244095
150.700000 8.188109
150.800000 8.132312
150.900000 8.076707
151.000000 8.021292
151.100000 7.966068
151.200000 7.911035
151.300000 7.856193
151.400000 7.801541
151.500000 7.747081
151.600000 7.692810
151.700000 7.638731
151.800000 7.584842
151.900000 7.531145
152.000000 7.477638
152.100000 7.424321
152.200000 7.371196
152.300000 7.318261
152.400000 7.265517
152.500000 7.212964
152.600000 7.160601
152.700000 7.108429
152.800000 7.056448
152.900000 7.004658
153.000000 6.953058
153.100000 6.901650
153.200000 6.850432
153.300000 6.799404
153.400000 6.748568
153.500000 6.697922
153.600000 6.647467
153.700000 6.597203
153.800000 6.547130
153.900000 6.497247
154.000000 6.447555
154.100000 6.398054
154.200000 6.348743
154.300000 6.299624
154.400000 6.250695
154.500000 6.201956
154.600000 6.153409
154.700000 6.105052
154.800000 6.056886
154.900000 6.008911
155.000000 5.961127
155.100000 5.913533
155.200000 5.866130
155.300000 5.818918
155.400000 5.771897
155.500000 5.725066
155.600000 5.678426
155.700000 5.631977
155.800000 5.585719
155.900000 5.539651
156.000000 5.493775
156.100000 5.448088
156.200000 5.402593
156.300000 5.357289
156.400000 5.312175
156.500000 5.267252
156.600000 5.222519
156.700000 5.177978
156.800000 5.133627
156.900000 5.089467
157.000000 5.045498
157.100000 5.001719
157.200000 4.958132
157.300000 4.914735
157.400000 4.871528
157.500000 4.828513
157.600000 4.785688
157.700000 4.743054
157.800000 4.700611
157.900000 4.658358
158.000000 4.616297
158.100000 4.574426
158.200000 4.532746
158.300000 4.491256
158.400000 4.449957
158.500000 4.408849
158.600000 4.367932
158.700000 4.327206
158.800000 4.286670
158.900000 4.246325
159.000000 4.206171
159.100000 4.166208
159.200000 4.126435
159.300000 4.086853
159.400000 4.047462
159.500000 4.008262
159.600000 3.969252
159.700000 3.930433
159.800000 3.891805
159.900000 3.853368
160.000000 3.815121
160.100000 3.777065
160.200000 3.739200
160.300000 3.701526
160.400000 3.664042
160.500000 3.626750
160.600000 3.589648
160.700000 3.552736
160.800000 3.516016
160.900000 3.479486
161.000000 3.443147
161.100000 3.406999
161.200000 3.371041
161.300000 3.335274
161.400000 3.299698
161.500000 3.264313
161.600000 3.229119
161.700000 3.194115
161.800000 3.159302
161.900000 3.124680
162.000000 3.090248
162.100000 3.056007
162.200000 3.021958
162.300000 2.988098
162.400000 2.954430
162.500000 2.920952
162.600000 2.887665
162.700000 2.854569
162.800000 2.821664
162.900000 2.788949
163.000000 2.756425
163.100000 2.724092
163.200000 2.691950
163.300000 2.659998
163.400000 2.628237
163.500000 2.596667
163.600000 2.565288
163.700000 2.534099
163.800000 2.503101
163.900000 2.472294
164.000000 2.441678
164.100000 2.411252
164.200000 2.381017
164.300000 2.350973
164.400000 2.321120
164.500000 2.291457
164.600000 2.261985
164.700000 2.232704
164.800000 2.203614
164.900000 2.174714
165.000000 2.146006
165.100000 2.117488
165.200000 2.089160
165.300000 2.061024
165.400000 2.033078
165.500000 2.005323
165.600000 1.977759
165.700000 1.950385
165.800000 1.923203
165.900000 1.896211
166.000000 1.869409
166.100000 1.842799
166.200000 1.816379
166.300000 1.790150
166.400000 1.764112
166.500000 1.738265
166.600000 1.712608
166.700000 1.687142
166.800000 1.661867
166.900000 1.636782
167.000000 1.611889
167.100000 1.587186
167.200000 1.562674
167.300000 1.538352
167.400000 1.514222
167.500000 1.490282
167.600000 1.466533
167.700000 1.442974
167.800000 1.419607
167.900000 1.396430
168.000000 1.373444
168.100000 1.350648
168.200000 1.328044
168.300000 1.305630
168.400000 1.283407
168.500000 1.261374
168.600000 1.239533
168.700000 1.217882
168.800000 1.196422
168.900000 1.175153
169.000000 1.154074
169.100000 1.133186
169.200000 1.112489
169.300000 1.091983
169.400000 1.071668
169.500000 1.051543
169.600000 1.031609
169.700000 1.011866
169.800000 0.992313
169.900000 0.972951
170.000000 0.953780
170.100000 0.934800
170.200000 0.916011
170.300000 0.897412
170.400000 0.879004
170.500000 0.860787
170.600000 0.842760
170.700000 0.824925
170.800000 0.807280
170.900000 0.789825
171.000000 0.772562
171.100000 0.755489
171.200000 0.738607
171.300000 0.721916
171.400000 0.705416
171.500000 0.689106
171.600000 0.672987
171.700000 0.657059
171.800000 0.641322
171.900000 0.625775
172.000000 0.610419
172.100000 0.595254
172.200000 0.580280
172.300000 0.565496
172.400000 0.550904
172.500000 0.536501
172.600000 0.522290
172.700000 0.508270
172.800000 0.494440
172.900000 0.480801
173.000000 0.467352
173.100000 0.454095
173.200000 0.441028
173.300000 0.428152
173.400000 0.415467
173.500000 0.402972
173.600000 0.390668
173.700000 0.378555
173.800000 0.366633
173.900000 0.354902
174.000000 0.343361
174.100000 0.332011
174.200000 0.320852
174.300000 0.309883
174.400000 0.299106
174.500000 0.288519
174.600000 0.278122
174.700000 0.267917
174.800000 0.257902
174.900000 0.248078
175.000000 0.238445
175.100000 0.229003
175.200000 0.219751
175.300000 0.210690
175.400000 0.201820
175.500000 0.193141
175.600000 0.184652
175.700000 0.176354
175.800000 0.168247
175.900000 0.160330
176.000000 0.152605
176.100000 0.145070
176.200000 0.137726
176.300000 0.130573
176.400000 0.123610
176.500000 0.116838
176.600000 0.110257
176.700000 0.103867
176.800000 0.097667
176.900000 0.091658
177.000000 0.085840
177.100000 0.080213
177.200000 0.074776
177.300000 0.069531
177.400000 0.064476
177.500000 0.059611
177.600000 0.054938
177.700000 0.050455
177.800000 0.046163
177.900000 0.042062
178.000000 0.038151
178.100000 0.034431
178.200000 0.030902
178.300000 0.027564
178.400000 0.024417
178.500000 0.021460
178.600000 0.018694
178.700000 0.016119
178.800000 0.013734
178.900000 0.011541
179.000000 0.009538
179.100000 0.007726
179.200000 0.006104
179.300000 0.004674
179.400000 0.003434
179.500000 0.002384
179.600000 0.001526
179.700000 0.000858
179.800000 0.000382
179.900000 0.000095
180.000000 0.000000
180.100000 0.000095
180.200000 0.000382
180.300000 0.000858
180.400000 0.001526
180.500000 0.002384
180.600000 0.003434
180.700000 0.004674
180.800000 0.006104
180.900000 0.007726
181.000000 0.009538
