0.000000 68.700410
0.100000 68.547828
0.200000 68.395414
0.300000 68.243171
0.400000 68.091097
0.500000 67.939193
0.600000 67.787458
0.700000 67.635893
0.800000 67.484498
0.900000 67.333272
1.000000 67.182216
1.100000 67.031330
1.200000 66.880613
1.300000 66.730066
1.400000 66.579688
1.500000 66.429480
1.600000 66.279442
1.700000 66.129573
1.800000 65.979874
1.900000 65.830345
2.000000 65.680985
2.100000 65.531795
2.200000 65.382774
2.300000 65.233923
2.400000 65.085242
2.500000 64.936730
2.600000 64.788388
2.700000 64.640216
2.800000 64.492213
2.900000 64.344380
3.000000 64.196717
3.100000 64.049223
3.200000 63.901899
3.300000 63.754744
3.400000 63.607759
3.500000 63.460944
3.600000 63.314298
3.700000 63.167822
3.800000 63.021516
3.900000 62.875379
4.000000 62.729412
4.100000 62.583614
4.200000 62.437986
4.300000 62.292528
4.400000 62.147239
4.500000 62.002120
4.600000 61.857171
4.700000 61.712391
4.800000 61.567781
4.900000 61.423341
5.000000 61.279070
5.100000 61.134968
5.200000 60.991037
5.300000 60.847275
5.400000 60.703683
5.500000 60.560260
5.600000 60.417007
5.700000 60.273923
5.800000 60.131009
5.900000 59.988265
6.000000 59.845691
6.100000 59.703286
6.200000 59.561051
6.300000 59.418985
6.400000 59.277089
6.500000 59.135362
6.600000 58.993806
6.700000 58.852419
6.800000 58.711201
6.900000 58.570153
7.000000 58.429275
7.100000 58.288566
7.200000 58.148027
7.300000 58.007658
7.400000 57.867458
7.500000 57.727428
7.600000 57.587568
7.700000 57.447877
7.800000 57.308356
7.900000 57.169004
8.000000 57.029822
8.100000 56.890810
8.200000 56.751967
8.300000 56.613294
8.400000 56.474791
8.500000 56.336457
8.600000 56.198293
8.700000 56.060298
8.800000 55.922473
8.900000 55.784818
9.000000 55.647332
9.100000 55.510016
9.200000 55.372870
9.300000 55.235893
9.400000 55.099086
9.500000 54.962449
9.600000 54.825981
9.700000 54.689683
9.800000 54.553554
9.900000 54.417595
10.000000 54.281806
10.100000 54.146186
10.200000 54.010736
10.300000 53.875455
10.400000 53.740345
10.500000 53.605403
10.600000 53.470632
10.700000 53.336030
10.800000 53.201598
10.900000 53.067335
11.000000 52.933242
11.100000 52.799319
11.200000 52.665565
11.300000 52.531981
11.400000 52.398566
11.500000 52.265321
11.600000 52.132246
11.700000 51.999341
11.800000 51.866605
11.900000 51.734038
12.000000 51.601642
12.100000 51.469414
12.200000 51.337357
12.300000 51.205469
12.400000 51.073751
12.500000 50.942202
12.600000 50.810823
12.700000 50.679614
12.800000 50.548574
12.900000 50.417704
13.000000 50.287004
13.100000 50.156473
13.200000 50.026112
13.300000 49.895921
13.400000 49.765899
13.500000 49.636046
13.600000 49.506364
13.700000 49.376851
13.800000 49.247507
13.900000 49.118334
14.000000 48.989330
14.100000 48.860495
14.200000 48.731830
14.300000 48.603335
14.400000 48.475010
14.500000 48.346854
14.600000 48.218867
14.700000 48.091051
14.800000 47.963403
14.900000 47.835926
15.000000 47.708618
15.100000 47.581480
15.200000 47.454512
15.300000 47.327713
15.400000 47.201083
15.500000 47.074624
15.600000 46.948334
15.700000 46.822213
15.800000 46.696263
15.900000 46.570481
16.000000 46.444870
16.100000 46.319428
16.200000 46.194156
16.300000 46.069053
16.400000 45.944120
16.500000 45.819357
16.600000 45.694763
16.700000 45.570339
16.800000 45.446085
16.900000 45.322000
17.000000 45.198085
17.100000 45.074339
17.200000 44.950763
17.300000 44.827357
17.400000 44.704120
17.500000 44.581053
17.600000 44.458156
17.700000 44.335428
17.800000 44.212870
17.900000 44.090481
18.000000 43.968263
18.100000 43.846213
18.200000 43.724334
18.300000 43.602624
18.400000 43.481083
18.500000 43.359713
18.600000 43.238512
18.700000 43.117480
18.800000 42.996618
18.900000 42.875926
19.000000 42.755404
19.100000 42.635051
19.200000 42.514867
19.300000 42.394854
19.400000 42.275010
19.500000 42.155335
19.600000 42.035830
19.700000 41.916495
19.800000 41.797330
19.900000 41.678334
20.000000 41.559507
20.100000 41.440851
20.200000 41.322364
20.300000 41.204046
20.400000 41.085899
20.500000 40.967921
20.600000 40.850112
20.700000 40.732473
20.800000 40.615004
20.900000 40.497704
21.000000 40.380575
21.100000 40.263614
21.200000 40.146823
21.300000 40.030202
21.400000 39.913751
21.500000 39.797469
21.600000 39.681357
21.700000 39.565414
21.800000 39.449642
21.900000 39.334038
22.000000 39.218605
22.100000 39.103341
22.200000 38.988246
22.300000 38.873321
22.400000 38.758566
22.500000 38.643981
22.600000 38.529565
22.700000 38.415319
22.800000 38.301242
22.900000 38.187335
23.000000 38.073598
23.100000 37.960030
23.200000 37.846632
23.300000 37.733404
23.400000 37.620345
23.500000 37.507455
23.600000 37.394736
23.700000 37.282186
23.800000 37.169806
23.900000 37.057595
24.000000 36.945554
24.100000 36.833683
24.200000 36.721981
24.300000 36.610449
24.400000 36.499086
24.500000 36.387893
24.600000 36.276870
24.700000 36.166016
24.800000 36.055332
24.900000 35.944818
25.000000 35.834473
25.100000 35.724298
25.200000 35.614293
25.300000 35.504457
25.400000 35.394791
25.500000 35.285294
25.600000 35.175967
25.700000 35.066810
25.800000 34.957822
25.900000 34.849004
26.000000 34.740356
26.100000 34.631877
26.200000 34.523568
26.300000 34.415428
26.400000 34.307458
26.500000 34.199658
26.600000 34.092027
26.700000 33.984566
26.800000 33.877275
26.900000 33.770153
27.000000 33.663201
27.100000 33.556419
27.200000 33.449806
27.300000 33.343362
27.400000 33.237089
27.500000 33.130985
27.600000 33.025051
27.700000 32.919286
27.800000 32.813691
27.900000 32.708265
28.000000 32.603010
28.100000 32.497923
28.200000 32.393007
28.300000 32.288260
28.400000 32.183683
28.500000 32.079275
28.600000 31.975037
28.700000 31.870968
28.800000 31.767070
28.900000 31.663341
29.000000 31.559781
29.100000 31.456391
29.200000 31.353171
29.300000 31.250120
29.400000 31.147239
29.500000 31.044528
29.600000 30.941986
29.700000 30.839614
29.800000 30.737412
29.900000 30.635379
30.000000 30.533516
30.100000 30.431822
30.200000 30.330298
30.300000 30.228944
30.400000 30.127759
30.500000 30.026744
30.600000 29.925899
30.700000 29.825223
30.800000 29.724717
30.900000 29.624380
31.000000 29.524213
31.100000 29.424216
31.200000 29.324388
31.300000 29.224730
31.400000 29.125242
31.500000 29.025923
31.600000 28.926774
31.700000 28.827795
31.800000 28.728985
31.900000 28.630345
32.000000 28.531874
32.100000 28.433573
32.200000 28.335442
32.300000 28.237480
32.400000 28.139688
32.500000 28.042066
32.600000 27.944613
32.700000 27.847330
32.800000 27.750216
32.900000 27.653272
33.000000 27.556498
33.100000 27.459893
33.200000 27.363458
33.300000 27.267193
33.400000 27.171097
33.500000 27.075171
33.600000 26.979414
33.700000 26.883828
33.800000 26.788410
33.900000 26.693163
34.000000 26.598085
34.100000 26.503176
34.200000 26.408438
34.300000 26.313869
34.400000 26.219469
34.500000 26.125239
34.600000 26.031179
34.700000 25.937289
34.800000 25.843568
34.900000 25.750016
35.000000 25.656635
35.100000 25.563423
35.200000 25.470380
35.300000 25.377507
35.400000 25.284804
35.500000 25.192271
35.600000 25.099907
35.700000 25.007713
35.800000 24.915688
35.900000 24.823833
36.000000 24.732148
36.100000 24.640632
36.200000 24.549286
36.300000 24.458109
36.400000 24.367103
36.500000 24.276265
36.600000 24.185598
36.700000 24.095100
36.800000 24.004772
36.900000 23.914613
37.000000 23.824624
37.100000 23.734804
37.200000 23.645155
37.300000 23.555674
37.400000 23.466364
37.500000 23.377223
37.600000 23.288252
37.700000 23.199450
37.800000 23.110818
37.900000 23.022356
38.000000 22.934063
38.100000 22.845940
38.200000 22.757986
38.300000 22.670202
38.400000 22.582588
38.500000 22.495144
38.600000 22.407869
38.700000 22.320763
38.800000 22.233828
38.900000 22.147062
39.000000 22.060465
39.100000 21.974038
39.200000 21.887781
39.300000 21.801694
39.400000 21.715776
39.500000 21.630027
39.600000 21.544449
39.700000 21.459040
39.800000 21.373800
39.900000 21.288730
40.000000 21.203830
40.100000 21.119100
40.200000 21.034539
40.300000 20.950148
40.400000 20.865926
40.500000 20.781874
40.600000 20.697992
40.700000 20.614279
40.800000 20.530736
40.900000 20.447362
41.000000 20.364159
41.100000 20.281124
41.200000 20.198260
41.300000 20.115565
41.400000 20.033040
41.500000 19.950684
41.600000 19.868498
41.700000 19.786482
41.800000 19.704635
41.900000 19.622958
42.000000 19.541450
42.100000 19.460112
42.200000 19.378944
42.300000 19.297945
42.400000 19.217116
42.500000 19.136457
42.600000 19.055967
42.700000 18.975647
42.800000 18.895497
42.900000 18.815516
43.000000 18.735704
43.100000 18.656063
43.200000 18.576591
43.300000 18.497289
43.400000 18.418156
43.500000 18.339193
43.600000 18.260399
43.700000 18.181776
43.800000 18.103321
43.900000 18.025037
44.000000 17.946922
44.100000 17.868977
44.200000 17.791201
44.300000 17.713595
44.400000 17.636159
44.500000 17.558892
44.600000 17.481795
44.700000 17.404867
44.800000 17.328109
44.900000 17.251521
45.000000 17.175103
45.100000 17.098854
45.200000 17.022774
45.300000 16.946865
45.400000 16.871124
45.500000 16.795554
45.600000 16.720153
45.700000 16.644922
45.800000 16.569860
45.900000 16.494969
46.000000 16.420246
46.100000 16.345694
46.200000 16.271311
46.300000 16.197097
46.400000 16.123053
46.500000 16.049179
46.600000 15.975475
46.700000 15.901940
46.800000 15.828575
46.900000 15.755379
47.000000 15.682353
47.100000 15.609497
47.200000 15.536810
47.300000 15.464293
47.400000 15.391945
47.500000 15.319767
47.600000 15.247759
47.700000 15.175921
47.800000 15.104252
47.900000 15.032752
48.000000 14.961423
48.100000 14.890263
48.200000 14.819272
48.300000 14.748451
48.400000 14.677800
48.500000 14.607319
48.600000 14.537007
48.700000 14.466865
48.800000 14.396892
48.900000 14.327089
49.000000 14.257456
49.100000 14.187992
49.200000 14.118698
49.300000 14.049573
49.400000 13.980618
49.500000 13.911833
49.600000 13.843217
49.700000 13.774772
49.800000 13.706495
49.900000 13.638388
50.000000 13.570451
50.100000 13.502684
50.200000 13.435086
50.300000 13.367658
50.400000 13.300399
50.500000 13.233311
50.600000 13.166391
50.700000 13.099642
50.800000 13.033062
50.900000 12.966651
51.000000 12.900410
51.100000 12.834339
51.200000 12.768438
51.300000 12.702706
51.400000 12.637144
51.500000 12.571751
51.600000 12.506528
51.700000 12.441475
51.800000 12.376591
51.900000 12.311877
52.000000 12.247332
52.100000 12.182958
52.200000 12.118752
52.300000 12.054717
52.400000 11.990851
52.500000 11.927155
52.600000 11.863628
52.700000 11.800271
52.800000 11.737083
52.900000 11.674066
53.000000 11.611217
53.100000 11.548539
53.200000 11.486030
53.300000 11.423691
53.400000 11.361521
53.500000 11.299521
53.600000 11.237691
53.700000 11.176030
53.800000 11.114539
53.900000 11.053217
54.000000 10.992066
54.100000 10.931083
54.200000 10.870271
54.300000 10.809628
54.400000 10.749155
54.500000 10.688851
54.600000 10.628717
54.700000 10.568752
54.800000 10.508958
54.900000 10.449332
55.000000 10.389877
55.100000 10.330591
55.200000 10.271475
55.300000 10.212528
55.400000 10.153751
55.500000 10.095144
55.600000 10.036706
55.700000 9.978438
55.800000 9.920339
55.900000 9.862410
56.000000 9.804651
56.100000 9.747062
56.200000 9.689642
56.300000 9.632391
56.400000 9.575311
56.500000 9.518399
56.600000 9.461658
56.700000 9.405086
56.800000 9.348684
56.900000 9.292451
57.000000 9.236388
57.100000 9.180495
57.200000 9.124772
57.300000 9.069217
57.400000 9.013833
57.500000 8.958618
57.600000 8.903573
57.700000 8.848698
57.800000 8.793992
57.900000 8.739456
58.000000 8.685089
58.100000 8.630892
58.200000 8.576865
58.300000 8.523007
58.400000 8.469319
58.500000 8.415800
58.600000 8.362451
58.700000 8.309272
58.800000 8.256263
58.900000 8.203423
59.000000 8.150752
59.100000 8.098252
59.200000 8.045921
59.300000 7.993759
59.400000 7.941767
59.500000 7.889945
59.600000 7.838293
59.700000 7.786810
59.800000 7.735497
59.900000 7.684353
60.000000 7.633379
60.100000 7.582575
60.200000 7.531940
60.300000 7.481475
60.400000 7.431179
60.500000 7.381053
60.600000 7.331097
60.700000 7.281311
60.800000 7.231694
60.900000 7.182246
61.000000 7.132969
61.100000 7.083860
61.200000 7.034922
61.300000 6.986153
61.400000 6.937554
61.500000 6.889124
61.600000 6.840865
61.700000 6.792774
61.800000 6.744854
61.900000 6.697103
62.000000 6.649521
62.100000 6.602109
62.200000 6.554867
62.300000 6.507795
62.400000 6.460892
62.500000 6.414159
62.600000 6.367595
62.700000 6.321201
62.800000 6.274977
62.900000 6.228922
63.000000 6.183037
63.100000 6.137321
63.200000 6.091776
63.300000 6.046399
63.400000 6.001193
63.500000 5.956156
63.600000 5.911289
63.700000 5.866591
63.800000 5.822063
63.900000 5.777705
64.000000 5.733516
64.100000 5.689497
64.200000 5.645647
64.300000 5.601967
64.400000 5.558457
64.500000 5.515116
64.600000 5.471945
64.700000 5.428944
64.800000 5.386112
64.900000 5.343450
65.000000 5.300958
65.100000 5.258635
65.200000 5.216482
65.300000 5.174498
65.400000 5.132684
65.500000 5.091040
65.600000 5.049565
65.700000 5.008260
65.800000 4.967124
65.900000 4.926159
66.000000 4.885363
66.100000 4.844736
66.200000 4.804279
66.300000 4.763992
66.400000 4.723874
66.500000 4.683926
66.600000 4.644148
66.700000 4.604539
66.800000 4.565100
66.900000 4.525830
67.000000 4.486731
67.100000 4.447800
67.200000 4.409040
67.300000 4.370449
67.400000 4.332027
67.500000 4.293776
67.600000 4.255694
67.700000 4.217781
67.800000 4.180038
67.900000 4.142465
68.000000 4.105062
68.100000 4.067828
68.200000 4.030763
68.300000 3.993869
68.400000 3.957144
68.500000 3.920588
68.600000 3.884202
68.700000 3.847986
68.800000 3.811940
68.900000 3.776063
69.000000 3.740356
69.100000 3.704818
69.200000 3.669450
69.300000 3.634252
69.400000 3.599223
69.500000 3.564364
69.600000 3.529674
69.700000 3.495155
69.800000 3.460804
69.900000 3.426624
70.000000 3.392613
70.100000 3.358772
70.200000 3.325100
70.300000 3.291598
70.400000 3.258265
70.500000 3.225103
70.600000 3.192109
70.700000 3.159286
70.800000 3.126632
70.900000 3.094148
71.000000 3.061833
71.100000 3.029688
71.200000 2.997713
71.300000 2.965907
71.400000 2.934271
71.500000 2.902804
71.600000 2.871508
71.700000 2.840380
71.800000 2.809423
71.900000 2.778635
72.000000 2.748016
72.100000 2.717568
72.200000 2.687289
72.300000 2.657179
72.400000 2.627239
72.500000 2.597469
72.600000 2.567869
72.700000 2.538438
72.800000 2.509176
72.900000 2.480085
73.000000 2.451163
73.100000 2.422410
73.200000 2.393828
73.300000 2.365414
73.400000 2.337171
73.500000 2.309097
73.600000 2.281193
73.700000 2.253458
73.800000 2.225893
73.900000 2.198498
74.000000 2.171272
74.100000 2.144216
74.200000 2.117330
74.300000 2.090613
74.400000 2.064066
74.500000 2.037688
74.600000 2.011480
74.700000 1.985442
74.800000 1.959573
74.900000 1.933874
75.000000 1.908345
75.100000 1.882985
75.200000 1.857795
75.300000 1.832774
75.400000 1.807923
75.500000 1.783242
75.600000 1.758731
75.700000 1.734389
75.800000 1.710216
75.900000 1.686213
76.000000 1.662380
76.100000 1.638717
76.200000 1.615223
76.300000 1.591899
76.400000 1.568744
76.500000 1.545759
76.600000 1.522944
76.700000 1.500298
76.800000 1.477822
76.900000 1.455516
77.000000 1.433379
77.100000 1.411412
77.200000 1.389614
77.300000 1.367986
77.400000 1.346528
77.500000 1.325239
77.600000 1.304120
77.700000 1.283171
77.800000 1.262391
77.900000 1.241781
78.000000 1.221341
78.100000 1.201070
78.200000 1.180969
78.300000 1.161037
78.400000 1.141275
78.500000 1.121683
78.600000 1.102260
78.700000 1.083007
78.800000 1.063923
78.900000 1.045010
79.000000 1.026265
79.100000 1.007691
79.200000 0.989286
79.300000 0.971051
79.400000 0.952985
79.500000 0.935089
79.600000 0.917363
79.700000 0.899806
79.800000 0.882419
79.900000 0.865201
80.000000 0.848153
80.100000 0.831275
80.200000 0.814566
80.300000 0.798027
80.400000 0.781658
80.500000 0.765458
80.600000 0.749428
80.700000 0.733568
80.800000 0.717877
80.900000 0.702356
81.000000 0.687004
81.100000 0.671822
81.200000 0.656810
81.300000 0.641967
81.400000 0.627294
81.500000 0.612791
81.600000 0.598457
81.700000 0.584293
81.800000 0.570298
81.900000 0.556473
82.000000 0.542818
82.100000 0.529332
82.200000 0.516016
82.300000 0.502870
82.400000 0.489893
82.500000 0.477086
82.600000 0.464449
82.700000 0.451981
82.800000 0.439683
82.900000 0.427554
83.000000 0.415595
83.100000 0.403806
83.200000 0.392186
83.300000 0.380736
83.400000 0.369456
83.500000 0.358345
83.600000 0.347404
83.700000 0.336632
83.800000 0.326030
83.900000 0.315598
84.000000 0.305335
84.100000 0.295242
84.200000 0.285319
84.300000 0.275565
84.400000 0.265981
84.500000 0.256566
84.600000 0.247321
84.700000 0.238246
84.800000 0.229341
84.900000 0.220605
85.000000 0.212038
85.100000 0.203642
85.200000 0.195415
85.300000 0.187357
85.400000 0.179469
85.500000 0.171751
85.600000 0.164202
85.700000 0.156824
85.800000 0.149614
85.900000 0.142575
86.000000 0.135705
86.100000 0.129004
86.200000 0.122473
86.300000 0.116112
86.400000 0.109921
86.500000 0.103899
86.600000 0.098047
86.700000 0.092364
86.800000 0.086851
86.900000 0.081508
87.000000 0.076334
87.100000 0.071330
87.200000 0.066495
87.300000 0.061830
87.400000 0.057335
87.500000 0.053010
87.600000 0.048854
87.700000 0.044867
87.800000 0.041051
87.900000 0.037404
88.000000 0.033926
88.100000 0.030618
88.200000 0.027480
88.300000 0.024512
88.400000 0.021713
88.500000 0.019083
88.600000 0.016624
88.700000 0.014334
88.800000 0.012213
88.900000 0.010263
89.000000 0.008482
89.100000 0.006870
89.200000 0.005428
89.300000 0.004156
89.400000 0.003053
89.500000 0.002120
89.600000 0.001357
89.700000 0.000763
89.800000 0.000339
89.900000 0.000085
90.000000 0.000000
90.100000 0.000085
90.200000 0.000339
90.300000 0.000763
90.400000 0.001357
90.500000 0.002120
90.600000 0.003053
90.700000 0.004156
90.800000 0.005428
90.900000 0.006870
91.000000 0.008482
91.100000 0.010263
91.200000 0.012213
91.300000 0.014334
91.400000 0.016624
91.500000 0.019083
91.600000 0.021713
91.700000 0.024512
91.800000 0.027480
91.900000 0.030618
92.000000 0.033926
92.100000 0.037404
92.200000 0.041051
92.300000 0.044867
92.400000 0.048854
92.500000 0.053010
92.600000 0.057335
92.700000 0.061830
92.800000 0.066495
92.900000 0.071330
93.000000 0.076334
93.100000 0.081508
93.200000 0.086851
93.300000 0.092364
93.400000 0.098047
93.500000 0.103899
93.600000 0.109921
93.700000 0.116112
93.800000 0.122473
93.900000 0.129004
94.000000 0.135705
94.100000 0.142575
94.200000 0.149614
94.300000 0.156824
94.400000 0.164202
94.500000 0.171751
94.600000 0.179469
94.700000 0.187357
94.800000 0.195415
94.900000 0.203642
95.000000 0.212038
95.100000 0.220605
95.200000 0.229341
95.300000 0.238246
95.400000 0.247321
95.500000 0.256566
95.600000 0.265981
95.700000 0.275565
95.800000 0.285319
95.900000 0.295242
96.000000 0.305335
96.100000 0.315598
96.200000 0.326030
96.300000 0.336632
96.400000 0.347404
96.500000 0.358345
96.600000 0.369456
96.700000 0.380736
96.800000 0.392186
96.900000 0.403806
97.000000 0.415595
97.100000 0.427554
97.200000 0.439683
97.300000 0.451981
97.400000 0.464449
97.500000 0.477086
97.600000 0.489893
97.700000 0.502870
97.800000 0.516016
97.900000 0.529332
98.000000 0.542818
98.100000 0.556473
98.200000 0.570298
98.300000 0.584293
98.400000 0.598457
98.500000 0.612791
98.600000 0.627294
98.700000 0.641967
98.800000 0.656810
98.900000 0.671822
99.000000 0.687004
99.100000 0.702356
99.200000 0.717877
99.300000 0.733568
99.400000 0.749428
99.500000 0.765458
99.600000 0.781658
99.700000 0.798027
99.800000 0.814566
99.900000 0.831275
100.000000 0.848153
100.100000 0.865201
100.200000 0.882419
100.300000 0.899806
100.400000 0.917363
100.500000 0.935089
100.600000 0.952985
100.700000 0.971051
100.800000 0.989286
100.900000 1.007691
101.000000 1.026265
101.100000 1.045010
101.200000 1.063923
101.300000 1.083007
101.400000 1.102260
101.500000 1.121683
101.600000 1.141275
101.700000 1.161037
101.800000 1.180969
101.900000 1.201070
102.000000 1.221341
102.100000 1.241781
102.200000 1.262391
102.300000 1.283171
102.400000 1.304120
102.500000 1.325239
102.600000 1.346528
102.700000 1.367986
102.800000 1.389614
102.900000 1.411412
103.000000 1.433379
103.100000 1.455516
103.200000 1.477822
103.300000 1.500298
103.400000 1.522944
103.500000 1.545759
103.600000 1.568744
103.700000 1.591899
103.800000 1.615223
103.900000 1.638717
104.000000 1.662380
104.100000 1.686213
104.200000 1.710216
104.300000 1.734389
104.400000 1.758731
104.500000 1.783242
104.600000 1.807923
104.700000 1.832774
104.800000 1.857795
104.900000 1.882985
105.000000 1.908345
105.100000 1.933874
105.200000 1.959573
105.300000 1.985442
105.400000 2.011480
105.500000 2.037688
105.600000 2.064066
105.700000 2.090613
105.800000 2.117330
105.900000 2.144216
106.000000 2.171272
106.100000 2.198498
106.200000 2.225893
106.300000 2.253458
106.400000 2.281193
106.500000 2.309097
106.600000 2.337171
106.700000 2.365414
106.800000 2.393828
106.900000 2.422410
107.000000 2.451163
107.100000 2.480085
107.200000 2.509176
107.300000 2.538438
107.400000 2.567869
107.500000 2.597469
107.600000 2.627239
107.700000 2.657179
107.800000 2.687289
107.900000 2.717568
108.000000 2.748016
108.100000 2.778635
108.200000 2.809423
108.300000 2.840380
108.400000 2.871508
108.500000 2.902804
108.600000 2.934271
108.700000 2.965907
108.800000 2.997713
108.900000 3.029688
109.000000 3.061833
109.100000 3.094148
109.200000 3.126632
109.300000 3.159286
109.400000 3.192109
109.500000 3.225103
109.600000 3.258265
109.700000 3.291598
109.800000 3.325100
109.900000 3.358772
110.000000 3.392613
110.100000 3.426624
110.200000 3.460804
110.300000 3.495155
110.400000 3.529674
110.500000 3.564364
110.600000 3.599223
110.700000 3.634252
110.800000 3.669450
110.900000 3.704818
111.000000 3.740356
111.100000 3.776063
111.200000 3.811940
111.300000 3.847986
111.400000 3.884202
111.500000 3.920588
111.600000 3.957144
111.700000 3.993869
111.800000 4.030763
111.900000 4.067828
112.000000 4.105062
112.100000 4.142465
112.200000 4.180038
112.300000 4.217781
112.400000 4.255694
112.500000 4.293776
112.600000 4.332027
112.700000 4.370449
112.800000 4.409040
112.900000 4.447800
113.000000 4.486731
113.100000 4.525830
113.200000 4.565100
113.300000 4.604539
113.400000 4.644148
113.500000 4.683926
113.600000 4.723874
113.700000 4.763992
113.800000 4.804279
113.900000 4.844736
114.000000 4.885363
114.100000 4.926159
114.200000 4.967124
114.300000 5.008260
114.400000 5.049565
114.500000 5.091040
114.600000 5.132684
114.700000 5.174498
114.800000 5.216482
114.900000 5.258635
115.000000 5.300958
115.100000 5.343450
115.200000 5.386112
115.300000 5.428944
115.400000 5.471945
115.500000 5.515116
115.600000 5.558457
115.700000 5.601967
115.800000 5.645647
115.900000 5.689497
116.000000 5.733516
116.100000 5.777705
116.200000 5.822063
116.300000 5.866591
116.400000 5.911289
116.500000 5.956156
116.600000 6.001193
116.700000 6.046399
116.800000 6.091776
116.900000 6.137321
117.000000 6.183037
117.100000 6.228922
117.200000 6.274977
117.300000 6.321201
117.400000 6.367595
117.500000 6.414159
117.600000 6.460892
117.700000 6.507795
117.800000 6.554867
117.900000 6.602109
118.000000 6.649521
118.100000 6.697103
118.200000 6.744854
118.300000 6.792774
118.400000 6.840865
118.500000 6.889124
118.600000 6.937554
118.700000 6.986153
118.800000 7.034922
118.900000 7.083860
119.000000 7.132969
119.100000 7.182246
119.200000 7.231694
119.300000 7.281311
119.400000 7.331097
119.500000 7.381053
119.600000 7.431179
119.700000 7.481475
119.800000 7.531940
119.900000 7.582575
120.000000 7.633379
120.100000 7.684353
120.200000 7.735497
120.300000 7.786810
120.400000 7.838293
120.500000 7.889945
120.600000 7.941767
120.700000 7.993759
120.800000 8.045921
120.900000 8.098252
121.000000 8.150752
121.100000 8.203423
121.200000 8.256263
121.300000 8.309272
121.400000 8.362451
121.500000 8.415800
121.600000 8.469319
121.700000 8.523007
121.800000 8.576865
121.900000 8.630892
122.000000 8.685089
122.100000 8.739456
122.200000 8.793992
122.300000 8.848698
122.400000 8.903573
122.500000 8.958618
122.600000 9.013833
122.700000 9.069217
122.800000 9.124772
122.900000 9.180495
123.000000 9.236388
123.100000 9.292451
123.200000 9.348684
123.300000 9.405086
123.400000 9.461658
123.500000 9.518399
123.600000 9.575311
123.700000 9.632391
123.800000 9.689642
123.900000 9.747062
124.000000 9.804651
124.100000 9.862410
124.200000 9.920339
124.300000 9.978438
124.400000 10.036706
124.500000 10.095144
124.600000 10.153751
124.700000 10.212528
124.800000 10.271475
124.900000 10.330591
125.000000 10.389877
125.100000 10.449332
125.200000 10.508958
125.300000 10.568752
125.400000 10.628717
125.500000 10.688851
125.600000 10.749155
125.700000 10.809628
125.800000 10.870271
125.900000 10.931083
126.000000 10.992066
126.100000 11.053217
126.200000 11.114539
126.300000 11.176030
126.400000 11.237691
126.500000 11.299521
126.600000 11.361521
126.700000 11.423691
126.800000 11.486030
126.900000 11.548539
127.000000 11.611217
127.100000 11.674066
127.200000 11.737083
127.300000 11.800271
127.400000 11.863628
127.500000 11.927155
127.600000 11.990851
127.700000 12.054717
127.800000 12.118752
127.900000 12.182958
128.000000 12.247332
128.100000 12.311877
128.200000 12.376591
128.300000 12.441475
128.400000 12.506528
128.500000 12.571751
128.600000 12.637144
128.700000 12.702706
128.800000 12.768438
128.900000 12.834339
129.000000 12.900410
129.100000 12.966651
129.200000 13.033062
129.300000 13.099642
129.400000 13.166391
129.500000 13.233311
129.600000 13.300399
129.700000 13.367658
129.800000 13.435086
129.900000 13.502684
130.000000 13.570451
130.100000 13.638388
130.200000 13.706495
130.300000 13.774772
130.400000 13.843217
130.500000 13.911833
130.600000 13.980618
130.700000 14.049573
130.800000 14.118698
130.900000 14.187992
131.000000 14.257456
131.100000 14.327089
131.200000 14.396892
131.300000 14.466865
131.400000 14.537007
131.500000 14.607319
131.600000 14.677800
131.700000 14.748451
131.800000 14.819272
131.900000 14.890263
132.000000 14.961423
132.100000 15.032752
132.200000 15.104252
132.300000 15.175921
132.400000 15.247759
132.500000 15.319767
132.600000 15.391945
132.700000 15.464293
132.800000 15.536810
132.900000 15.609497
133.000000 15.682353
133.100000 15.755379
133.200000 15.828575
133.300000 15.901940
133.400000 15.975475
133.500000 16.049179
133.600000 16.123053
133.700000 16.197097
133.800000 16.271311
133.900000 16.345694
134.000000 16.420246
134.100000 16.494969
134.200000 16.569860
134.300000 16.644922
134.400000 16.720153
134.500000 16.795554
134.600000 16.871124
134.700000 16.946865
134.800000 17.022774
134.900000 17.098854
135.000000 17.175103
135.100000 17.251521
135.200000 17.328109
135.300000 17.404867
135.400000 17.481795
135.500000 17.558892
135.600000 17.636159
135.700000 17.713595
135.800000 17.791201
135.900000 17.868977
136.000000 17.946922
136.100000 18.025037
136.200000 18.103321
136.300000 18.181776
136.400000 18.260399
136.500000 18.339193
136.600000 18.418156
136.700000 18.497289
136.800000 18.576591
136.900000 18.656063
137.000000 18.735704
137.100000 18.815516
137.200000 18.895497
137.300000 18.975647
137.400000 19.055967
137.500000 19.136457
137.600000 19.217116
137.700000 19.297945
137.800000 19.378944
137.900000 19.460112
138.000000 19.541450
138.100000 19.622958
138.200000 19.704635
138.300000 19.786482
138.400000 19.868498
138.500000 19.950684
138.600000 20.033040
138.700000 20.115565
138.800000 20.198260
138.900000 20.281124
139.000000 20.364159
139.100000 20.447362
139.200000 20.530736
139.300000 20.614279
139.400000 20.697992
139.500000 20.781874
139.600000 20.865926
139.700000 20.950148
139.800000 21.034539
139.900000 21.119100
140.000000 21.203830
140.100000 21.288730
140.200000 21.373800
140.300000 21.459040
140.400000 21.544449
140.500000 21.630027
140.600000 21.715776
140.700000 21.801694
140.800000 21.887781
140.900000 21.974038
141.000000 22.060465
141.100000 22.147062
141.200000 22.233828
141.300000 22.320763
141.400000 22.407869
141.500000 22.495144
141.600000 22.582588
141.700000 22.670202
141.800000 22.757986
141.900000 22.845940
142.000000 22.934063
142.100000 23.022356
142.200000 23.110818
142.300000 23.199450
142.400000 23.288252
142.500000 23.377223
142.600000 23.466364
142.700000 23.555674
142.800000 23.645155
142.900000 23.734804
143.000000 23.824624
143.100000 23.914613
143.200000 24.004772
143.300000 24.095100
143.400000 24.185598
143.500000 24.276265
143.600000 24.367103
143.700000 24.458109
143.800000 24.549286
143.900000 24.640632
144.000000 24.732148
144.100000 24.823833
144.200000 24.915688
144.300000 25.007713
144.400000 25.099907
144.500000 25.192271
144.600000 25.284804
144.700000 25.377507
144.800000 25.470380
144.900000 25.563423
145.000000 25.656635
145.100000 25.750016
145.200000 25.843568
145.300000 25.937289
145.400000 26.031179
145.500000 26.125239
145.600000 26.219469
145.700000 26.313869
145.800000 26.408438
145.900000 26.503176
146.000000 26.598085
146.100000 26.693163
146.200000 26.788410
146.300000 26.883828
146.400000 26.979414
146.500000 27.075171
146.600000 27.171097
146.700000 27.267193
146.800000 27.363458
146.900000 27.459893
147.000000 27.556498
147.100000 27.653272
147.200000 27.750216
147.300000 27.847330
147.400000 27.944613
147.500000 28.042066
147.600000 28.139688
147.700000 28.237480
147.800000 28.335442
147.900000 28.433573
148.000000 28.531874
148.100000 28.630345
148.200000 28.728985
148.300000 28.827795
148.400000 28.926774
148.500000 29.025923
148.600000 29.125242
148.700000 29.224730
148.800000 29.324388
148.900000 29.424216
149.000000 29.524213
149.100000 29.624380
149.200000 29.724717
149.300000 29.825223
149.400000 29.925899
149.500000 30.026744
149.600000 30.127759
149.700000 30.228944
149.800000 30.330298
149.900000 30.431822
150.000000 30.533516
150.100000 30.635379
150.200000 30.737412
150.300000 30.839614
150.400000 30.941986
150.500000 31.044528
150.600000 31.147239
150.700000 31.250120
150.800000 31.353171
150.900000 31.456391
151.000000 31.559781
151.100000 31.663341
151.200000 31.767070
151.300000 31.870968
151.400000 31.975037
151.500000 32.079275
151.600000 32.183683
151.700000 32.288260
151.800000 32.393007
151.900000 32.497923
152.000000 32.603010
152.100000 32.708265
152.200000 32.813691
152.300000 32.919286
152.400000 33.025051
152.500000 33.130985
152.600000 33.237089
152.700000 33.343362
152.800000 33.449806
152.900000 33.556419
153.000000 33.663201
153.100000 33.770153
153.200000 33.877275
153.300000 33.984566
153.400000 34.092027
153.500000 34.199658
153.600000 34.307458
153.700000 34.415428
153.800000 34.523568
153.900000 34.631877
154.000000 34.740356
154.100000 34.849004
154.200000 34.957822
154.300000 35.066810
154.400000 35.175967
154.500000 35.285294
154.600000 35.394791
154.700000 35.504457
154.800000 35.614293
154.900000 35.724298
155.000000 35.834473
155.100000 35.944818
155.200000 36.055332
155.300000 36.166016
155.400000 36.276870
155.500000 36.387893
155.600000 36.499086
155.700000 36.610449
155.800000 36.721981
155.900000 36.833683
156.000000 36.945554
156.100000 37.057595
156.200000 37.169806
156.300000 37.282186
156.400000 37.394736
156.500000 37.507455
156.600000 37.620345
156.700000 37.733404
156.800000 37.846632
156.900000 37.960030
157.000000 38.073598
157.100000 38.187335
157.200000 38.301242
157.300000 38.415319
157.400000 38.529565
157.500000 38.643981
157.600000 38.758566
157.700000 38.873321
157.800000 38.988246
157.900000 39.103341
158.000000 39.218605
158.100000 39.334038
158.200000 39.449642
158.300000 39.565414
158.400000 39.681357
158.500000 39.797469
158.600000 39.913751
158.700000 40.030202
158.800000 40.146823
158.900000 40.263614
159.000000 40.380575
159.100000 40.497704
159.200000 40.615004
159.300000 40.732473
159.400000 40.850112
159.500000 40.967921
159.600000 41.085899
159.700000 41.204046
159.800000 41.322364
159.900000 41.440851
160.000000 41.559507
160.100000 41.678334
160.200000 41.797330
160.300000 41.916495
160.400000 42.035830
160.500000 42.155335
160.600000 42.275010
160.700000 42.394854
160.800000 42.514867
160.900000 42.635051
161.000000 42.755404
161.100000 42.875926
161.200000 42.996618
161.300000 43.117480
161.400000 43.238512
161.500000 43.359713
161.600000 43.481083
161.700000 43.602624
161.800000 43.724334
161.900000 43.846213
162.000000 43.968263
162.100000 44.090481
162.200000 44.212870
162.300000 44.335428
162.400000 44.458156
162.500000 44.581053
162.600000 44.704120
162.700000 44.827357
162.800000 44.950763
162.900000 45.074339
163.000000 45.198085
163.100000 45.322000
163.200000 45.446085
163.300000 45.570339
163.400000 45.694763
163.500000 45.819357
163.600000 45.944120
163.700000 46.069053
163.800000 46.194156
163.900000 46.319428
164.000000 46.444870
164.100000 46.570481
164.200000 46.696263
164.300000 46.822213
164.400000 46.948334
164.500000 47.074624
164.600000 47.201083
164.700000 47.327713
164.800000 47.454512
164.900000 47.581480
165.000000 47.708618
165.100000 47.835926
165.200000 47.963403
165.300000 48.091051
165.400000 48.218867
165.500000 48.346854
165.600000 48.475010
165.700000 48.603335
165.800000 48.731830
165.900000 48.860495
166.000000 48.989330
166.100000 49.118334
166.200000 49.247507
166.300000 49.376851
166.400000 49.506364
166.500000 49.636046
166.600000 49.765899
166.700000 49.895921
166.800000 50.026112
166.900000 50.156473
167.000000 50.287004
167.100000 50.417704
167.200000 50.548574
167.300000 50.679614
167.400000 50.810823
167.500000 50.942202
167.600000 51.073751
167.700000 51.205469
167.800000 51.337357
167.900000 51.469414
168.000000 51.601642
168.100000 51.734038
168.200000 51.866605
168.300000 51.999341
168.400000 52.132246
168.500000 52.265321
168.600000 52.398566
168.700000 52.531981
168.800000 52.665565
168.900000 52.799319
169.000000 52.933242
169.100000 53.067335
169.200000 53.201598
169.300000 53.336030
169.400000 53.470632
169.500000 53.605403
169.600000 53.740345
169.700000 53.875455
169.800000 54.010736
169.900000 54.146186
170.000000 54.281806
170.100000 54.417595
170.200000 54.553554
170.300000 54.689683
170.400000 54.825981
170.500000 54.962449
170.600000 55.099086
170.700000 55.235893
170.800000 55.372870
170.900000 55.510016
171.000000 55.647332
171.100000 55.784818
171.200000 55.922473
171.300000 56.060298
171.400000 56.198293
171.500000 56.336457
171.600000 56.474791
171.700000 56.613294
171.800000 56.751967
171.900000 56.890810
172.000000 57.029822
172.100000 57.169004
172.200000 57.308356
172.300000 57.447877
172.400000 57.587568
172.500000 57.727428
172.600000 57.867458
172.700000 58.007658
172.800000 58.148027
172.900000 58.288566
173.000000 58.429275
173.100000 58.570153
173.200000 58.711201
173.300000 58.852419
173.400000 58.993806
173.500000 59.135362
173.600000 59.277089
173.700000 59.418985
173.800000 59.561051
173.900000 59.703286
174.000000 59.845691
174.100000 59.988265
174.200000 60.131009
174.300000 60.273923
174.400000 60.417007
174.500000 60.560260
174.600000 60.703683
174.700000 60.847275
174.800000 60.991037
174.900000 61.134968
175.000000 61.279070
175.100000 61.423341
175.200000 61.567781
175.300000 61.712391
175.400000 61.857171
175.500000 62.002120
175.600000 62.147239
175.700000 62.292528
175.800000 62.437986
175.900000 62.583614
176.000000 62.729412
176.100000 62.875379
176.200000 63.021516
176.300000 63.167822
176.400000 63.314298
176.500000 63.460944
176.600000 63.607759
176.700000 63.754744
176.800000 63.901899
176.900000 64.049223
177.000000 64.196717
177.100000 64.344380
177.200000 64.492213
177.300000 64.640216
177.400000 64.788388
177.500000 64.936730
177.600000 65.085242
177.700000 65.233923
177.800000 65.382774
177.900000 65.531795
178.000000 65.680985
178.100000 65.830345
178.200000 65.979874
178.300000 66.129573
178.400000 66.279442
178.500000 66.429480
178.600000 66.579688
178.700000 66.730066
178.800000 66.880613
178.900000 67.031330
179.000000 67.182216
179.100000 67.333272
179.200000 67.484498
179.300000 67.635893
179.400000 67.787458
179.500000 67.939193
179.600000 68.091097
179.700000 68.243171
179.800000 68.395414
179.900000 68.547828
180.000000 68.700410
180.100000 68.853163
180.200000 69.006085
180.300000 69.159176
180.400000 69.312438
180.500000 69.465869
180.600000 69.619469
180.700000 69.773239
180.800000 69.927179
180.900000 70.081289
181.000000 70.235568
