0.000000 93.277866
0.100000 93.174252
0.200000 93.070697
0.300000 92.967198
0.400000 92.863758
0.500000 92.760375
0.600000 92.657050
0.700000 92.553782
0.800000 92.450571
0.900000 92.347419
1.000000 92.244324
1.100000 92.141286
1.200000 92.038306
1.300000 91.935384
1.400000 91.832519
1.500000 91.729712
1.600000 91.626962
1.700000 91.524270
1.800000 91.421636
1.900000 91.319059
2.000000 91.216540
2.100000 91.114078
2.200000 91.011674
2.300000 90.909327
2.400000 90.807039
2.500000 90.704807
2.600000 90.602633
2.700000 90.500517
2.800000 90.398458
2.900000 90.296457
3.000000 90.194514
3.100000 90.092628
3.200000 89.990800
3.300000 89.889029
3.400000 89.787316
3.500000 89.685660
3.600000 89.584062
3.700000 89.482522
3.800000 89.381039
3.900000 89.279613
4.000000 89.178246
4.100000 89.076936
4.200000 88.975683
4.300000 88.874488
4.400000 88.773351
4.500000 88.672271
4.600000 88.571249
4.700000 88.470284
4.800000 88.369377
4.900000 88.268527
5.000000 88.167736
5.100000 88.067001
5.200000 87.966324
5.300000 87.865705
5.400000 87.765144
5.500000 87.664640
5.600000 87.564193
5.700000 87.463804
5.800000 87.363473
5.900000 87.263199
6.000000 87.162983
6.100000 87.062825
6.200000 86.962724
6.300000 86.862680
6.400000 86.762695
6.500000 86.662766
6.600000 86.562896
6.700000 86.463083
6.800000 86.363327
6.900000 86.263629
7.000000 86.163989
7.100000 86.064406
7.200000 85.964881
7.300000 85.865413
7.400000 85.766003
7.500000 85.666651
7.600000 85.567356
7.700000 85.468119
7.800000 85.368939
7.900000 85.269817
8.000000 85.170752
8.100000 85.071745
8.200000 84.972796
8.300000 84.873904
8.400000 84.775070
8.500000 84.676293
8.600000 84.577574
8.700000 84.478913
8.800000 84.380309
8.900000 84.281762
9.000000 84.183274
9.100000 84.084842
9.200000 83.986469
9.300000 83.888153
9.400000 83.789894
9.500000 83.691694
9.600000 83.593550
9.700000 83.495465
9.800000 83.397436
9.900000 83.299466
10.000000 83.201553
10.100000 83.103698
10.200000 83.005900
10.300000 82.908159
10.400000 82.810477
10.500000 82.712852
10.600000 82.615284
10.700000 82.517774
10.800000 82.420322
10.900000 82.322927
11.000000 82.225590
11.100000 82.128310
11.200000 82.031088
11.300000 81.933924
11.400000 81.836817
11.500000 81.739768
11.600000 81.642776
11.700000 81.545842
11.800000 81.448965
11.900000 81.352146
12.000000 81.255385
12.100000 81.158681
12.200000 81.062035
12.300000 80.965446
12.400000 80.868915
12.500000 80.772442
12.600000 80.676026
12.700000 80.579668
12.800000 80.483367
12.900000 80.387124
13.000000 80.290938
13.100000 80.194810
13.200000 80.098740
13.300000 80.002727
13.400000 79.906771
13.500000 79.810874
13.600000 79.715034
13.700000 79.619251
13.800000 79.523526
13.900000 79.427859
14.000000 79.332249
14.100000 79.236697
14.200000 79.141202
14.300000 79.045765
14.400000 78.950385
14.500000 78.855063
14.600000 78.759799
14.700000 78.664592
14.800000 78.569443
14.900000 78.474352
15.000000 78.379318
15.100000 78.284341
15.200000 78.189422
15.300000 78.094561
15.400000 77.999757
15.500000 77.905011
15.600000 77.810323
15.700000 77.715692
15.800000 77.621118
15.900000 77.526602
16.000000 77.432144
16.100000 77.337744
16.200000 77.243400
16.300000 77.149115
16.400000 77.054887
16.500000 76.960717
16.600000 76.866604
16.700000 76.772549
16.800000 76.678551
16.900000 76.584611
17.000000 76.490729
17.100000 76.396904
17.200000 76.303137
17.300000 76.209427
17.400000 76.115775
17.500000 76.022180
17.600000 75.928643
17.700000 75.835164
17.800000 75.741742
17.900000 75.648378
18.000000 75.555071
18.100000 75.461822
18.200000 75.368631
18.300000 75.275497
18.400000 75.182420
18.500000 75.089401
18.600000 74.996440
18.700000 74.903537
18.800000 74.810691
18.900000 74.717902
19.000000 74.625171
19.100000 74.532498
19.200000 74.439882
19.300000 74.347324
19.400000 74.254824
19.500000 74.162381
19.600000 74.069995
19.700000 73.977668
19.800000 73.885397
19.900000 73.793185
20.000000 73.701030
20.100000 73.608932
20.200000 73.516892
20.300000 73.424910
20.400000 73.332985
20.500000 73.241118
20.600000 73.149308
20.700000 73.057556
20.800000 72.965862
20.900000 72.874225
21.000000 72.782646
21.100000 72.691124
21.200000 72.599660
21.300000 72.508253
21.400000 72.416904
21.500000 72.325613
21.600000 72.234379
21.700000 72.143203
21.800000 72.052084
21.900000 71.961023
22.000000 71.870020
22.100000 71.779074
22.200000 71.688185
22.300000 71.597355
22.400000 71.506581
22.500000 71.415866
22.600000 71.325208
22.700000 71.234607
22.800000 71.144064
22.900000 71.053579
23.000000 70.963151
23.100000 70.872781
23.200000 70.782469
23.300000 70.692214
23.400000 70.602016
23.500000 70.511877
23.600000 70.421794
23.700000 70.331770
23.800000 70.241803
23.900000 70.151893
24.000000 70.062041
24.100000 69.972247
24.200000 69.882510
24.300000 69.792831
24.400000 69.703209
24.500000 69.613645
24.600000 69.524139
24.700000 69.434690
24.800000 69.345299
24.900000 69.255965
25.000000 69.166689
25.100000 69.077470
25.200000 68.988309
25.300000 68.899206
25.400000 68.810160
25.500000 68.721172
25.600000 68.632241
25.700000 68.543368
25.800000 68.454553
25.900000 68.365795
26.000000 68.277094
26.100000 68.188452
26.200000 68.099866
26.300000 68.011339
26.400000 67.922869
26.500000 67.834456
26.600000 67.746102
26.700000 67.657804
26.800000 67.569565
26.900000 67.481382
27.000000 67.393258
27.100000 67.305191
27.200000 67.217181
27.300000 67.129230
27.400000 67.041335
27.500000 66.953499
27.600000 66.865720
27.700000 66.777998
27.800000 66.690334
27.900000 66.602728
28.000000 66.515179
28.100000 66.427688
28.200000 66.340254
28.300000 66.252878
28.400000 66.165560
28.500000 66.078299
28.600000 65.991096
28.700000 65.903950
28.800000 65.816862
28.900000 65.729831
29.000000 65.642858
29.100000 65.555943
29.200000 65.469085
29.300000 65.382285
29.400000 65.295542
29.500000 65.208857
29.600000 65.122230
29.700000 65.035660
29.800000 64.949147
29.900000 64.862693
30.000000 64.776296
30.100000 64.689956
30.200000 64.603674
30.300000 64.517449
30.400000 64.431283
30.500000 64.345173
30.600000 64.259122
30.700000 64.173127
30.800000 64.087191
30.900000 64.001312
31.000000 63.915491
31.100000 63.829727
31.200000 63.744020
31.300000 63.658372
31.400000 63.572781
31.500000 63.487247
31.600000 63.401771
31.700000 63.316353
31.800000 63.230992
31.900000 63.145689
32.000000 63.060443
32.100000 62.975255
32.200000 62.890125
32.300000 62.805052
32.400000 62.720037
32.500000 62.635079
32.600000 62.550179
32.700000 62.465336
32.800000 62.380551
32.900000 62.295824
33.000000 62.211154
33.100000 62.126542
33.200000 62.041987
33.300000 61.957490
33.400000 61.873051
33.500000 61.788669
33.600000 61.704344
33.700000 61.620078
33.800000 61.535869
33.900000 61.451717
34.000000 61.367623
34.100000 61.283586
34.200000 61.199608
34.300000 61.115686
34.400000 61.031823
34.500000 60.948016
34.600000 60.864268
34.700000 60.780577
34.800000 60.696944
34.900000 60.613368
35.000000 60.529849
35.100000 60.446389
35.200000 60.362986
35.300000 60.279640
35.400000 60.196352
35.500000 60.113122
35.600000 60.029949
35.700000 59.946834
35.800000 59.863776
35.900000 59.780776
36.000000 59.697834
36.100000 59.614949
36.200000 59.532122
36.300000 59.449352
36.400000 59.366640
36.500000 59.283985
36.600000 59.201388
36.700000 59.118849
36.800000 59.036367
36.900000 58.953943
37.000000 58.871576
37.100000 58.789267
37.200000 58.707016
37.300000 58.624822
37.400000 58.542685
37.500000 58.460607
37.600000 58.378586
37.700000 58.296622
37.800000 58.214716
37.900000 58.132867
38.000000 58.051077
38.100000 57.969343
38.200000 57.887668
38.300000 57.806049
38.400000 57.724489
38.500000 57.642986
38.600000 57.561541
38.700000 57.480153
38.800000 57.398822
38.900000 57.317550
39.000000 57.236335
39.100000 57.155177
39.200000 57.074077
39.300000 56.993035
39.400000 56.912050
39.500000 56.831123
39.600000 56.750253
39.700000 56.669441
39.800000 56.588687
39.900000 56.507990
40.000000 56.427351
40.100000 56.346769
40.200000 56.266245
40.300000 56.185778
40.400000 56.105369
40.500000 56.025018
40.600000 55.944724
40.700000 55.864488
40.800000 55.784309
40.900000 55.704188
41.000000 55.624125
41.100000 55.544119
41.200000 55.464170
41.300000 55.384280
41.400000 55.304446
41.500000 55.224671
41.600000 55.144953
41.700000 55.065292
41.800000 54.985690
41.900000 54.906144
42.000000 54.826657
42.100000 54.747226
42.200000 54.667854
42.300000 54.588539
42.400000 54.509281
42.500000 54.430082
42.600000 54.350939
42.700000 54.271855
42.800000 54.192828
42.900000 54.113858
43.000000 54.034946
43.100000 53.956092
43.200000 53.877295
43.300000 53.798556
43.400000 53.719874
43.500000 53.641250
43.600000 53.562684
43.700000 53.484175
43.800000 53.405724
43.900000 53.327330
44.000000 53.248994
44.100000 53.170715
44.200000 53.092494
44.300000 53.014331
44.400000 52.936225
44.500000 52.858177
44.600000 52.780186
44.700000 52.702253
44.800000 52.624378
44.900000 52.546560
45.000000 52.468799
45.100000 52.391097
45.200000 52.313451
45.300000 52.235864
45.400000 52.158334
45.500000 52.080861
45.600000 52.003446
45.700000 51.926089
45.800000 51.848789
45.900000 51.771547
46.000000 51.694363
46.100000 51.617236
46.200000 51.540166
46.300000 51.463155
46.400000 51.386200
46.500000 51.309304
46.600000 51.232465
46.700000 51.155683
46.800000 51.078959
46.900000 51.002293
47.000000 50.925684
47.100000 50.849133
47.200000 50.772639
47.300000 50.696203
47.400000 50.619825
47.500000 50.543504
47.600000 50.467241
47.700000 50.391035
47.800000 50.314887
47.900000 50.238796
48.000000 50.162763
48.100000 50.086788
48.200000 50.010870
48.300000 49.935010
48.400000 49.859207
48.500000 49.783462
48.600000 49.707775
48.700000 49.632145
48.800000 49.556572
48.900000 49.481058
49.000000 49.405600
49.100000 49.330201
49.200000 49.254859
49.300000 49.179574
49.400000 49.104347
49.500000 49.029178
49.600000 48.954066
49.700000 48.879012
49.800000 48.804016
49.900000 48.729077
50.000000 48.654195
50.100000 48.579371
50.200000 48.504605
50.300000 48.429897
50.400000 48.355245
50.500000 48.280652
50.600000 48.206116
50.700000 48.131638
50.800000 48.057217
50.900000 47.982854
51.000000 47.908548
51.100000 47.834300
51.200000 47.760110
51.300000 47.685977
51.400000 47.611902
51.500000 47.537884
51.600000 47.463924
51.700000 47.390021
51.800000 47.316176
51.900000 47.242389
52.000000 47.168659
52.100000 47.094987
52.200000 47.021372
52.300000 46.947815
52.400000 46.874315
52.500000 46.800874
52.600000 46.727489
52.700000 46.654162
52.800000 46.580893
52.900000 46.507682
53.000000 46.434528
53.100000 46.361431
53.200000 46.288392
53.300000 46.215411
53.400000 46.142487
53.500000 46.069621
53.600000 45.996813
53.700000 45.924062
53.800000 45.851368
53.900000 45.778732
54.000000 45.706154
54.100000 45.633633
54.200000 45.561170
54.300000 45.488765
54.400000 45.416417
54.500000 45.344127
54.600000 45.271894
54.700000 45.199719
54.800000 45.127601
54.900000 45.055541
55.000000 44.983539
55.100000 44.911594
55.200000 44.839706
55.300000 44.767877
55.400000 44.696105
55.500000 44.624390
55.600000 44.552733
55.700000 44.481134
55.800000 44.409592
55.900000 44.338108
56.000000 44.266681
56.100000 44.195312
56.200000 44.124000
56.300000 44.052746
56.400000 43.981550
56.500000 43.910411
56.600000 43.839330
56.700000 43.768306
56.800000 43.697340
56.900000 43.626432
57.000000 43.555581
57.100000 43.484788
57.200000 43.414052
57.300000 43.343374
57.400000 43.272753
57.500000 43.202190
57.600000 43.131685
57.700000 43.061237
57.800000 42.990847
57.900000 42.920514
58.000000 42.850239
58.100000 42.780022
58.200000 42.709862
58.300000 42.639759
58.400000 42.569715
58.500000 42.499727
58.600000 42.429798
58.700000 42.359926
58.800000 42.290111
58.900000 42.220355
59.000000 42.150655
59.100000 42.081014
59.200000 42.011429
59.300000 41.941903
59.400000 41.872434
59.500000 41.803022
59.600000 41.733669
59.700000 41.664372
59.800000 41.595134
59.900000 41.525953
60.000000 41.456829
60.100000 41.387763
60.200000 41.318755
60.300000 41.249804
60.400000 41.180911
60.500000 41.112075
60.600000 41.043297
60.700000 40.974577
60.800000 40.905914
60.900000 40.837309
61.000000 40.768761
61.100000 40.700271
61.200000 40.631838
61.300000 40.563463
61.400000 40.495146
61.500000 40.426886
61.600000 40.358684
61.700000 40.290539
61.800000 40.222452
61.900000 40.154423
62.000000 40.086451
62.100000 40.018536
62.200000 39.950679
62.300000 39.882880
62.400000 39.815139
62.500000 39.747455
62.600000 39.679828
62.700000 39.612259
62.800000 39.544748
62.900000 39.477294
63.000000 39.409898
63.100000 39.342560
63.200000 39.275279
63.300000 39.208055
63.400000 39.140889
63.500000 39.073781
63.600000 39.006731
63.700000 38.939737
63.800000 38.872802
63.900000 38.805924
64.000000 38.739104
64.100000 38.672341
64.200000 38.605636
64.300000 38.538988
64.400000 38.472398
64.500000 38.405866
64.600000 38.339391
64.700000 38.272973
64.800000 38.206614
64.900000 38.140312
65.000000 38.074067
65.100000 38.007880
65.200000 37.941751
65.300000 37.875679
65.400000 37.809665
65.500000 37.743708
65.600000 37.677809
65.700000 37.611967
65.800000 37.546183
65.900000 37.480457
66.000000 37.414788
66.100000 37.349177
66.200000 37.283623
66.300000 37.218127
66.400000 37.152689
66.500000 37.087308
66.600000 37.021985
66.700000 36.956719
66.800000 36.891511
66.900000 36.826360
67.000000 36.761267
67.100000 36.696232
67.200000 36.631254
67.300000 36.566334
67.400000 36.501471
67.500000 36.436666
67.600000 36.371919
67.700000 36.307229
67.800000 36.242596
67.900000 36.178022
68.000000 36.113504
68.100000 36.049045
68.200000 35.984643
68.300000 35.920298
68.400000 35.856012
68.500000 35.791782
68.600000 35.727611
68.700000 35.663496
68.800000 35.599440
68.900000 35.535441
69.000000 35.471499
69.100000 35.407616
69.200000 35.343789
69.300000 35.280021
69.400000 35.216310
69.500000 35.152656
69.600000 35.089060
69.700000 35.025522
69.800000 34.962041
69.900000 34.898618
70.000000 34.835252
70.100000 34.771944
70.200000 34.708694
70.300000 34.645501
70.400000 34.582366
70.500000 34.519288
70.600000 34.456268
70.700000 34.393305
70.800000 34.330400
70.900000 34.267553
71.000000 34.204763
71.100000 34.142031
71.200000 34.079356
71.300000 34.016739
71.400000 33.954179
71.500000 33.891678
71.600000 33.829233
71.700000 33.766846
71.800000 33.704517
71.900000 33.642246
72.000000 33.580032
72.100000 33.517875
72.200000 33.455776
72.300000 33.393735
72.400000 33.331751
72.500000 33.269825
72.600000 33.207957
72.700000 33.146146
72.800000 33.084392
72.900000 33.022696
73.000000 32.961058
73.100000 32.899477
73.200000 32.837954
73.300000 32.776489
73.400000 32.715081
73.500000 32.653731
73.600000 32.592438
73.700000 32.531203
73.800000 32.470025
73.900000 32.408905
74.000000 32.347843
74.100000 32.286838
74.200000 32.225890
74.300000 32.165001
74.400000 32.104168
74.500000 32.043394
74.600000 31.982677
74.700000 31.922018
74.800000 31.861416
74.900000 31.800871
75.000000 31.740385
75.100000 31.679956
75.200000 31.619584
75.300000 31.559270
75.400000 31.499014
75.500000 31.438815
75.600000 31.378674
75.700000 31.318590
75.800000 31.258564
75.900000 31.198596
76.000000 31.138685
76.100000 31.078832
76.200000 31.019036
76.300000 30.959298
76.400000 30.899617
76.500000 30.839994
76.600000 30.780429
76.700000 30.720921
76.800000 30.661471
76.900000 30.602078
77.000000 30.542743
77.100000 30.483466
77.200000 30.424246
77.300000 30.365083
77.400000 30.305979
77.500000 30.246931
77.600000 30.187942
77.700000 30.129010
77.800000 30.070135
77.900000 30.011318
78.000000 29.952559
78.100000 29.893857
78.200000 29.835213
78.300000 29.776627
78.400000 29.718098
78.500000 29.659626
78.600000 29.601212
78.700000 29.542856
78.800000 29.484558
78.900000 29.426316
79.000000 29.368133
79.100000 29.310007
79.200000 29.251939
79.300000 29.193928
79.400000 29.135975
79.500000 29.078079
79.600000 29.020241
79.700000 28.962461
79.800000 28.904738
79.900000 28.847072
80.000000 28.789465
80.100000 28.731915
80.200000 28.674422
80.300000 28.616987
80.400000 28.559610
80.500000 28.502290
80.600000 28.445028
80.700000 28.387823
80.800000 28.330676
80.900000 28.273586
81.000000 28.216554
81.100000 28.159580
81.200000 28.102663
81.300000 28.045804
81.400000 27.989002
81.500000 27.932258
81.600000 27.875572
81.700000 27.818943
81.800000 27.762372
81.900000 27.705858
82.000000 27.649402
82.100000 27.593003
82.200000 27.536662
82.300000 27.480379
82.400000 27.424153
82.500000 27.367985
82.600000 27.311874
82.700000 27.255821
82.800000 27.199826
82.900000 27.143888
83.000000 27.088007
83.100000 27.032185
83.200000 26.976419
83.300000 26.920712
83.400000 26.865062
83.500000 26.809469
83.600000 26.753934
83.700000 26.698457
83.800000 26.643037
83.900000 26.587675
84.000000 26.532371
84.100000 26.477124
84.200000 26.421934
84.300000 26.366802
84.400000 26.311728
84.500000 26.256712
84.600000 26.201752
84.700000 26.146851
84.800000 26.092007
84.900000 26.037221
85.000000 25.982492
85.100000 25.927821
85.200000 25.873207
85.300000 25.818651
85.400000 25.764153
85.500000 25.709712
85.600000 25.655328
85.700000 25.601003
85.800000 25.546735
85.900000 25.492524
86.000000 25.438371
86.100000 25.384276
86.200000 25.330238
86.300000 25.276258
86.400000 25.222335
86.500000 25.168470
86.600000 25.114662
86.700000 25.060912
86.800000 25.007220
86.900000 24.953585
87.000000 24.900008
87.100000 24.846488
87.200000 24.793026
87.300000 24.739622
87.400000 24.686275
87.500000 24.632986
87.600000 24.579754
87.700000 24.526580
87.800000 24.473463
87.900000 24.420404
88.000000 24.367403
88.100000 24.314459
88.200000 24.261573
88.300000 24.208744
88.400000 24.155973
88.500000 24.103260
88.600000 24.050604
88.700000 23.998005
88.800000 23.945465
88.900000 23.892981
89.000000 23.840556
89.100000 23.788188
89.200000 23.735877
89.300000 23.683624
89.400000 23.631429
89.500000 23.579291
89.600000 23.527211
89.700000 23.475189
89.800000 23.423224
89.900000 23.371316
90.000000 23.319466
90.100000 23.267674
90.200000 23.215939
90.300000 23.164262
90.400000 23.112643
90.500000 23.061081
90.600000 23.009577
90.700000 22.958130
90.800000 22.906741
90.900000 22.855409
91.000000 22.804135
91.100000 22.752919
91.200000 22.701760
91.300000 22.650658
91.400000 22.599615
91.500000 22.548628
91.600000 22.497700
91.700000 22.446829
91.800000 22.396016
91.900000 22.345260
92.000000 22.294561
92.100000 22.243921
92.200000 22.193338
92.300000 22.142812
92.400000 22.092344
92.500000 22.041934
92.600000 21.991581
92.700000 21.941286
92.800000 21.891048
92.900000 21.840868
93.000000 21.790746
93.100000 21.740681
93.200000 21.690674
93.300000 21.640724
93.400000 21.590832
93.500000 21.540997
93.600000 21.491220
93.700000 21.441501
93.800000 21.391839
93.900000 21.342235
94.000000 21.292688
94.100000 21.243199
94.200000 21.193767
94.300000 21.144394
94.400000 21.095077
94.500000 21.045818
94.600000 20.996617
94.700000 20.947474
94.800000 20.898388
94.900000 20.849359
95.000000 20.800388
95.100000 20.751475
95.200000 20.702619
95.300000 20.653821
95.400000 20.605080
95.500000 20.556398
95.600000 20.507772
95.700000 20.459204
95.800000 20.410694
95.900000 20.362241
96.000000 20.313846
96.100000 20.265509
96.200000 20.217229
96.300000 20.169006
96.400000 20.120842
96.500000 20.072735
96.600000 20.024685
96.700000 19.976693
96.800000 19.928758
96.900000 19.880882
97.000000 19.833062
97.100000 19.785300
97.200000 19.737596
97.300000 19.689950
97.400000 19.642361
97.500000 19.594829
97.600000 19.547356
97.700000 19.499939
97.800000 19.452581
97.900000 19.405280
98.000000 19.358036
98.100000 19.310850
98.200000 19.263722
98.300000 19.216651
98.400000 19.169638
98.500000 19.122682
98.600000 19.075784
98.700000 19.028944
98.800000 18.982161
98.900000 18.935435
99.000000 18.888768
99.100000 18.842158
99.200000 18.795605
99.300000 18.749110
99.400000 18.702673
99.500000 18.656293
99.600000 18.609971
99.700000 18.563706
99.800000 18.517499
99.900000 18.471349
100.000000 18.425257
100.100000 18.379223
100.200000 18.333246
100.300000 18.287327
100.400000 18.241465
100.500000 18.195661
100.600000 18.149915
100.700000 18.104226
100.800000 18.058595
100.900000 18.013021
101.000000 17.967505
101.100000 17.922046
101.200000 17.876645
101.300000 17.831302
101.400000 17.786016
101.500000 17.740788
101.600000 17.695617
101.700000 17.650504
101.800000 17.605449
101.900000 17.560451
102.000000 17.515510
102.100000 17.470628
102.200000 17.425802
102.300000 17.381035
102.400000 17.336325
102.500000 17.291672
102.600000 17.247077
102.700000 17.202540
102.800000 17.158060
102.900000 17.113638
103.000000 17.069274
103.100000 17.024967
103.200000 16.980717
103.300000 16.936525
103.400000 16.892391
103.500000 16.848314
103.600000 16.804295
103.700000 16.760334
103.800000 16.716430
103.900000 16.672584
104.000000 16.628795
104.100000 16.585064
104.200000 16.541390
104.300000 16.497774
104.400000 16.454215
104.500000 16.410715
104.600000 16.367271
104.700000 16.323886
104.800000 16.280557
104.900000 16.237287
105.000000 16.194074
105.100000 16.150918
105.200000 16.107821
105.300000 16.064780
105.400000 16.021798
105.500000 15.978873
105.600000 15.936005
105.700000 15.893195
105.800000 15.850443
105.900000 15.807748
106.000000 15.765111
106.100000 15.722531
106.200000 15.680009
106.300000 15.637545
106.400000 15.595138
106.500000 15.552789
106.600000 15.510497
106.700000 15.468263
106.800000 15.426086
106.900000 15.383967
107.000000 15.341906
107.100000 15.299902
107.200000 15.257956
107.300000 15.216067
107.400000 15.174236
107.500000 15.132462
107.600000 15.090746
107.700000 15.049088
107.800000 15.007487
107.900000 14.965944
108.000000 14.924458
108.100000 14.883030
108.200000 14.841660
108.300000 14.800347
108.400000 14.759092
108.500000 14.717894
108.600000 14.676754
108.700000 14.635671
108.800000 14.594646
108.900000 14.553679
109.000000 14.512769
109.100000 14.471917
109.200000 14.431122
109.300000 14.390385
109.400000 14.349706
109.500000 14.309084
109.600000 14.268519
109.700000 14.228013
109.800000 14.187563
109.900000 14.147172
110.000000 14.106838
110.100000 14.066561
110.200000 14.026342
110.300000 13.986181
110.400000 13.946077
110.500000 13.906031
110.600000 13.866043
110.700000 13.826112
110.800000 13.786238
110.900000 13.746422
111.000000 13.706664
111.100000 13.666963
111.200000 13.627320
111.300000 13.587735
111.400000 13.548207
111.500000 13.508737
111.600000 13.469324
111.700000 13.429969
111.800000 13.390671
111.900000 13.351431
112.000000 13.312248
112.100000 13.273124
112.200000 13.234056
112.300000 13.195047
112.400000 13.156094
112.500000 13.117200
112.600000 13.078363
112.700000 13.039583
112.800000 13.000862
112.900000 12.962197
113.000000 12.923591
113.100000 12.885042
113.200000 12.846550
113.300000 12.808116
113.400000 12.769740
113.500000 12.731421
113.600000 12.693160
113.700000 12.654956
113.800000 12.616810
113.900000 12.578722
114.000000 12.540691
114.100000 12.502718
114.200000 12.464802
114.300000 12.426944
114.400000 12.389143
114.500000 12.351400
114.600000 12.313715
114.700000 12.276087
114.800000 12.238517
114.900000 12.201004
115.000000 12.163549
115.100000 12.126151
115.200000 12.088811
115.300000 12.051529
115.400000 12.014304
115.500000 11.977137
115.600000 11.940027
115.700000 11.902975
115.800000 11.865981
115.900000 11.829044
116.000000 11.792165
116.100000 11.755343
116.200000 11.718579
116.300000 11.681872
116.400000 11.645223
116.500000 11.608632
116.600000 11.572098
116.700000 11.535622
116.800000 11.499203
116.900000 11.462842
117.000000 11.426539
117.100000 11.390293
117.200000 11.354104
117.300000 11.317973
117.400000 11.281900
117.500000 11.245885
117.600000 11.209927
117.700000 11.174026
117.800000 11.138183
117.900000 11.102398
118.000000 11.066670
118.100000 11.031000
118.200000 10.995388
118.300000 10.959833
118.400000 10.924335
118.500000 10.888895
118.600000 10.853513
118.700000 10.818188
118.800000 10.782921
118.900000 10.747712
119.000000 10.712560
119.100000 10.677465
119.200000 10.642429
119.300000 10.607449
119.400000 10.572528
119.500000 10.537664
119.600000 10.502857
119.700000 10.468108
119.800000 10.433417
119.900000 10.398783
120.000000 10.364207
120.100000 10.329689
120.200000 10.295228
120.300000 10.260824
120.400000 10.226478
120.500000 10.192190
120.600000 10.157960
120.700000 10.123786
120.800000 10.089671
120.900000 10.055613
121.000000 10.021613
121.100000 9.987670
121.200000 9.953785
121.300000 9.919957
121.400000 9.886187
121.500000 9.852475
121.600000 9.818820
121.700000 9.785222
121.800000 9.751683
121.900000 9.718200
122.000000 9.684776
122.100000 9.651409
122.200000 9.618100
122.300000 9.584848
122.400000 9.551653
122.500000 9.518517
122.600000 9.485438
122.700000 9.452416
122.800000 9.419452
122.900000 9.386546
123.000000 9.353697
123.100000 9.320906
123.200000 9.288172
123.300000 9.255496
123.400000 9.222878
123.500000 9.190317
123.600000 9.157814
123.700000 9.125368
123.800000 9.092980
123.900000 9.060649
124.000000 9.028376
124.100000 8.996161
124.200000 8.964003
124.300000 8.931903
124.400000 8.899860
124.500000 8.867875
124.600000 8.835947
124.700000 8.804077
124.800000 8.772265
124.900000 8.740510
125.000000 8.708813
125.100000 8.677173
125.200000 8.645591
125.300000 8.614067
125.400000 8.582600
125.500000 8.551191
125.600000 8.519839
125.700000 8.488545
125.800000 8.457308
125.900000 8.426129
126.000000 8.395008
126.100000 8.363944
126.200000 8.332938
126.300000 8.301989
126.400000 8.271098
126.500000 8.240265
126.600000 8.209489
126.700000 8.178770
126.800000 8.148109
126.900000 8.117506
127.000000 8.086961
127.100000 8.056473
127.200000 8.026042
127.300000 7.995669
127.400000 7.965354
127.500000 7.935096
127.600000 7.904896
127.700000 7.874753
127.800000 7.844668
127.900000 7.814641
128.000000 7.784671
128.100000 7.754759
128.200000 7.724904
128.300000 7.695107
128.400000 7.665368
128.500000 7.635686
128.600000 7.606061
128.700000 7.576495
128.800000 7.546985
128.900000 7.517534
129.000000 7.488140
129.100000 7.458803
129.200000 7.429524
129.300000 7.400303
129.400000 7.371139
129.500000 7.342033
129.600000 7.312985
129.700000 7.283994
129.800000 7.255060
129.900000 7.226184
130.000000 7.197366
130.100000 7.168605
130.200000 7.139902
130.300000 7.111257
130.400000 7.082669
130.500000 7.054139
130.600000 7.025666
130.700000 6.997251
130.800000 6.968893
130.900000 6.940593
131.000000 6.912350
131.100000 6.884166
131.200000 6.856038
131.300000 6.827969
131.400000 6.799956
131.500000 6.772002
131.600000 6.744105
131.700000 6.716265
131.800000 6.688484
131.900000 6.660759
132.000000 6.633093
132.100000 6.605484
132.200000 6.577932
132.300000 6.550438
132.400000 6.523002
132.500000 6.495623
132.600000 6.468302
132.700000 6.441038
132.800000 6.413832
132.900000 6.386684
133.000000 6.359593
133.100000 6.332559
133.200000 6.305584
133.300000 6.278666
133.400000 6.251805
133.500000 6.225002
133.600000 6.198257
133.700000 6.171569
133.800000 6.144938
133.900000 6.118366
134.000000 6.091851
134.100000 6.065393
134.200000 6.038993
134.300000 6.012651
134.400000 5.986366
134.500000 5.960139
134.600000 5.933969
134.700000 5.907857
134.800000 5.881803
134.900000 5.855806
135.000000 5.829867
135.100000 5.803985
135.200000 5.778161
135.300000 5.752394
135.400000 5.726685
135.500000 5.701034
135.600000 5.675440
135.700000 5.649904
135.800000 5.624425
135.900000 5.599004
136.000000 5.573640
136.100000 5.548334
136.200000 5.523086
136.300000 5.497895
136.400000 5.472762
136.500000 5.447686
136.600000 5.422668
136.700000 5.397708
136.800000 5.372805
136.900000 5.347960
137.000000 5.323172
137.100000 5.298442
137.200000 5.273769
137.300000 5.249154
137.400000 5.224597
137.500000 5.200097
137.600000 5.175655
137.700000 5.151270
137.800000 5.126943
137.900000 5.102674
138.000000 5.078462
138.100000 5.054307
138.200000 5.030210
138.300000 5.006171
138.400000 4.982190
138.500000 4.958266
138.600000 4.934399
138.700000 4.910590
138.800000 4.886839
138.900000 4.863145
139.000000 4.839509
139.100000 4.815930
139.200000 4.792409
139.300000 4.768946
139.400000 4.745540
139.500000 4.722192
139.600000 4.698901
139.700000 4.675668
139.800000 4.652493
139.900000 4.629375
140.000000 4.606314
140.100000 4.583312
140.200000 4.560366
140.300000 4.537479
140.400000 4.514649
140.500000 4.491876
140.600000 4.469161
140.700000 4.446504
140.800000 4.423904
140.900000 4.401362
141.000000 4.378878
141.100000 4.356451
141.200000 4.334081
141.300000 4.311769
141.400000 4.289515
141.500000 4.267318
141.600000 4.245179
141.700000 4.223098
141.800000 4.201074
141.900000 4.179107
142.000000 4.157199
142.100000 4.135347
142.200000 4.113554
142.300000 4.091818
142.400000 4.070139
142.500000 4.048518
142.600000 4.026955
142.700000 4.005449
142.800000 3.984001
142.900000 3.962611
143.000000 3.941278
143.100000 3.920002
143.200000 3.898784
143.300000 3.877624
143.400000 3.856522
143.500000 3.835476
143.600000 3.814489
143.700000 3.793559
143.800000 3.772687
143.900000 3.751872
144.000000 3.731115
144.100000 3.710415
144.200000 3.689773
144.300000 3.669188
144.400000 3.648662
144.500000 3.628192
144.600000 3.607781
144.700000 3.587426
144.800000 3.567130
144.900000 3.546891
145.000000 3.526709
145.100000 3.506586
145.200000 3.486519
145.300000 3.466511
145.400000 3.446560
145.500000 3.426666
145.600000 3.406830
145.700000 3.387052
145.800000 3.367331
145.900000 3.347668
146.000000 3.328062
146.100000 3.308514
146.200000 3.289024
146.300000 3.269591
146.400000 3.250215
146.500000 3.230898
146.600000 3.211638
146.700000 3.192435
146.800000 3.173290
146.900000 3.154203
147.000000 3.135173
147.100000 3.116200
147.200000 3.097286
147.300000 3.078429
147.400000 3.059629
147.500000 3.040887
147.600000 3.022203
147.700000 3.003576
147.800000 2.985007
147.900000 2.966495
148.000000 2.948041
148.100000 2.929645
148.200000 2.911306
148.300000 2.893025
148.400000 2.874801
148.500000 2.856635
148.600000 2.838526
148.700000 2.820475
148.800000 2.802482
148.900000 2.784546
149.000000 2.766668
149.100000 2.748847
149.200000 2.731084
149.300000 2.713378
149.400000 2.695730
149.500000 2.678140
149.600000 2.660607
149.700000 2.643132
149.800000 2.625714
149.900000 2.608354
150.000000 2.591052
150.100000 2.573807
150.200000 2.556620
150.300000 2.539490
150.400000 2.522418
150.500000 2.505403
150.600000 2.488446
150.700000 2.471547
150.800000 2.454705
150.900000 2.437921
151.000000 2.421194
151.100000 2.404525
151.200000 2.387913
151.300000 2.371359
151.400000 2.354863
151.500000 2.338424
151.600000 2.322043
151.700000 2.305719
151.800000 2.289453
151.900000 2.273245
152.000000 2.257094
152.100000 2.241001
152.200000 2.224965
152.300000 2.208987
152.400000 2.193066
152.500000 2.177203
152.600000 2.161398
152.700000 2.145650
152.800000 2.129960
152.900000 2.114327
153.000000 2.098752
153.100000 2.083234
153.200000 2.067775
153.300000 2.052372
153.400000 2.037027
153.500000 2.021740
153.600000 2.006511
153.700000 1.991338
153.800000 1.976224
153.900000 1.961167
154.000000 1.946168
154.100000 1.931226
154.200000 1.916342
154.300000 1.901515
154.400000 1.886746
154.500000 1.872035
154.600000 1.857381
154.700000 1.842785
154.800000 1.828246
154.900000 1.813765
155.000000 1.799342
155.100000 1.784976
155.200000 1.770667
155.300000 1.756416
155.400000 1.742223
155.500000 1.728088
155.600000 1.714010
155.700000 1.699989
155.800000 1.686026
155.900000 1.672121
156.000000 1.658273
156.100000 1.644483
156.200000 1.630750
156.300000 1.617075
156.400000 1.603458
156.500000 1.589898
156.600000 1.576396
156.700000 1.562951
156.800000 1.549564
156.900000 1.536235
157.000000 1.522963
157.100000 1.509748
157.200000 1.496592
157.300000 1.483492
157.400000 1.470451
157.500000 1.457467
157.600000 1.444540
157.700000 1.431671
157.800000 1.418860
157.900000 1.406106
158.000000 1.393410
158.100000 1.380772
158.200000 1.368191
158.300000 1.355667
158.400000 1.343201
158.500000 1.330793
158.600000 1.318442
158.700000 1.306149
158.800000 1.293914
158.900000 1.281736
159.000000 1.269615
159.100000 1.257553
159.200000 1.245547
159.300000 1.233600
159.400000 1.221710
159.500000 1.209877
159.600000 1.198102
159.700000 1.186385
159.800000 1.174725
159.900000 1.163123
160.000000 1.151579
160.100000 1.140092
160.200000 1.128662
160.300000 1.117290
160.400000 1.105976
160.500000 1.094719
160.600000 1.083520
160.700000 1.072379
160.800000 1.061295
160.900000 1.050268
161.000000 1.039300
161.100000 1.028388
161.200000 1.017535
161.300000 1.006739
161.400000 0.996000
161.500000 0.985319
161.600000 0.974696
161.700000 0.964130
161.800000 0.953622
161.900000 0.943172
162.000000 0.932779
162.100000 0.922443
162.200000 0.912165
162.300000 0.901945
162.400000 0.891782
162.500000 0.881677
162.600000 0.871630
162.700000 0.861640
162.800000 0.851708
162.900000 0.841833
163.000000 0.832016
163.100000 0.822256
163.200000 0.812554
163.300000 0.802909
163.400000 0.793322
163.500000 0.783793
163.600000 0.774321
163.700000 0.764907
163.800000 0.755551
163.900000 0.746252
164.000000 0.737010
164.100000 0.727826
164.200000 0.718700
164.300000 0.709632
164.400000 0.700620
164.500000 0.691667
164.600000 0.682771
164.700000 0.673933
164.800000 0.665152
164.900000 0.656429
165.000000 0.647763
165.100000 0.639155
165.200000 0.630604
165.300000 0.622112
165.400000 0.613676
165.500000 0.605298
165.600000 0.596978
165.700000 0.588716
165.800000 0.580511
165.900000 0.572363
166.000000 0.564274
166.100000 0.556241
166.200000 0.548267
166.300000 0.540349
166.400000 0.532490
166.500000 0.524688
166.600000 0.516944
166.700000 0.509257
166.800000 0.501628
166.900000 0.494056
167.000000 0.486542
167.100000 0.479085
167.200000 0.471687
167.300000 0.464345
167.400000 0.457062
167.500000 0.449835
167.600000 0.442667
167.700000 0.435556
167.800000 0.428502
167.900000 0.421507
168.000000 0.414568
168.100000 0.407688
168.200000 0.400865
168.300000 0.394099
168.400000 0.387391
168.500000 0.380741
168.600000 0.374148
168.700000 0.367613
168.800000 0.361135
168.900000 0.354715
169.000000 0.348353
169.100000 0.342048
169.200000 0.335800
169.300000 0.329611
169.400000 0.323478
169.500000 0.317404
169.600000 0.311387
169.700000 0.305427
169.800000 0.299526
169.900000 0.293681
170.000000 0.287895
170.100000 0.282166
170.200000 0.276494
170.300000 0.270880
170.400000 0.265324
170.500000 0.259825
170.600000 0.254384
170.700000 0.249000
170.800000 0.243674
170.900000 0.238406
171.000000 0.233195
171.100000 0.228041
171.200000 0.222946
171.300000 0.217907
171.400000 0.212927
171.500000 0.208004
171.600000 0.203138
171.700000 0.198331
171.800000 0.193580
171.900000 0.188888
172.000000 0.184253
172.100000 0.179675
172.200000 0.175155
172.300000 0.170693
172.400000 0.166288
172.500000 0.161941
172.600000 0.157651
172.700000 0.153419
172.800000 0.149245
172.900000 0.145128
173.000000 0.141068
173.100000 0.137067
173.200000 0.133122
173.300000 0.129236
173.400000 0.125407
173.500000 0.121635
173.600000 0.117922
173.700000 0.114265
173.800000 0.110667
173.900000 0.107126
174.000000 0.103642
174.100000 0.100216
174.200000 0.096848
174.300000 0.093537
174.400000 0.090284
174.500000 0.087088
174.600000 0.083950
174.700000 0.080870
174.800000 0.077847
174.900000 0.074881
175.000000 0.071974
175.100000 0.069124
175.200000 0.066331
175.300000 0.063596
175.400000 0.060919
175.500000 0.058299
175.600000 0.055736
175.700000 0.053232
175.800000 0.050785
175.900000 0.048395
176.000000 0.046063
176.100000 0.043789
176.200000 0.041572
176.300000 0.039413
176.400000 0.037311
176.500000 0.035267
176.600000 0.033281
176.700000 0.031352
176.800000 0.029480
176.900000 0.027667
177.000000 0.025911
177.100000 0.024212
177.200000 0.022571
177.300000 0.020988
177.400000 0.019462
177.500000 0.017993
177.600000 0.016583
177.700000 0.015230
177.800000 0.013934
177.900000 0.012696
178.000000 0.011516
178.100000 0.010393
178.200000 0.009328
178.300000 0.008320
178.400000 0.007370
178.500000 0.006478
178.600000 0.005643
178.700000 0.004865
178.800000 0.004146
178.900000 0.003484
179.000000 0.002879
179.100000 0.002332
179.200000 0.001843
179.300000 0.001411
179.400000 0.001036
179.500000 0.000720
179.600000 0.000461
179.700000 0.000259
179.800000 0.000115
179.900000 0.000029
180.000000 0.000000
180.100000 0.000029
180.200000 0.000115
180.300000 0.000259
180.400000 0.000461
180.500000 0.000720
180.600000 0.001036
180.700000 0.001411
180.800000 0.001843
180.900000 0.002332
181.000000 0.002879
