0.000000000000000000e+00 2.910862666615414582e+02
1.000000000000000056e-01 2.866309363873991174e+02
2.000000000000000111e-01 2.822099936117548395e+02
3.000000000000000444e-01 2.778234383346083973e+02
4.000000000000000222e-01 2.734712705559599613e+02
5.000000000000000000e-01 2.691534902758094745e+02
6.000000000000000888e-01 2.648700974941569939e+02
7.000000000000000666e-01 2.606210922110024626e+02
8.000000000000000444e-01 2.564064744263458238e+02
9.000000000000000222e-01 2.522262441401872195e+02
1.000000000000000000e+00 2.480804013525265646e+02
1.100000000000000089e+00 2.439689460633638873e+02
1.200000000000000178e+00 2.398918782726991594e+02
1.300000000000000044e+00 2.358491979805323808e+02
1.400000000000000133e+00 2.318409051868635800e+02
1.500000000000000000e+00 2.278669998916927284e+02
1.600000000000000089e+00 2.239274820950198546e+02
1.700000000000000178e+00 2.200223517968449300e+02
1.800000000000000044e+00 2.161516089971679548e+02
1.900000000000000133e+00 2.123152536959889858e+02
2.000000000000000000e+00 2.085132858933079376e+02
2.100000000000000089e+00 2.047457055891248956e+02
2.200000000000000178e+00 2.010125127834398029e+02
2.300000000000000266e+00 1.973137074762526311e+02
2.400000000000000355e+00 1.936492896675634654e+02
2.500000000000000000e+00 1.900192593573722490e+02
2.600000000000000089e+00 1.864236165456790104e+02
2.700000000000000178e+00 1.828623612324837211e+02
2.800000000000000266e+00 1.793354934177863811e+02
2.900000000000000355e+00 1.758430131015870188e+02
3.000000000000000000e+00 1.723849202838856058e+02
3.100000000000000089e+00 1.689612149646821990e+02
3.200000000000000178e+00 1.655718971439767415e+02
3.300000000000000266e+00 1.622169668217691765e+02
3.400000000000000355e+00 1.588964239980596460e+02
3.500000000000000000e+00 1.556102686728480649e+02
3.600000000000000089e+00 1.523585008461344898e+02
3.700000000000000178e+00 1.491411205179188073e+02
3.800000000000000266e+00 1.459581276882010741e+02
3.900000000000000355e+00 1.428095223569813470e+02
4.000000000000000000e+00 1.396953045242595977e+02
4.100000000000000533e+00 1.366154741900357408e+02
4.200000000000000178e+00 1.335700313543099469e+02
4.299999999999999822e+00 1.305589760170820455e+02
4.400000000000000355e+00 1.275823081783521218e+02
4.500000000000000000e+00 1.246400278381201758e+02
4.600000000000000533e+00 1.217321349963861508e+02
4.700000000000000178e+00 1.188586296531501887e+02
4.800000000000000711e+00 1.160195118084120907e+02
4.900000000000000355e+00 1.132147814621719846e+02
5.000000000000000000e+00 1.104444386144298562e+02
5.100000000000000533e+00 1.077084832651856630e+02
5.200000000000000178e+00 1.050069154144394474e+02
5.300000000000000711e+00 1.023397350621911954e+02
5.400000000000000355e+00 9.970694220844093536e+01
5.500000000000000000e+00 9.710853685318858197e+01
5.600000000000000533e+00 9.454451899643422053e+01
5.700000000000000178e+00 9.201488863817782260e+01
5.800000000000000711e+00 8.951964577841937398e+01
5.900000000000000355e+00 8.705879041715891731e+01
6.000000000000000000e+00 8.463232255439640994e+01
6.100000000000000533e+00 8.224024219013185188e+01
6.200000000000000178e+00 7.988254932436525735e+01
6.300000000000000711e+00 7.755924395709664054e+01
6.400000000000000355e+00 7.527032608832598726e+01
6.500000000000000000e+00 7.301579571805329749e+01
6.600000000000000533e+00 7.079565284627855704e+01
6.700000000000000178e+00 6.860989747300179431e+01
6.800000000000000711e+00 6.645852959822296668e+01
6.900000000000000355e+00 6.434154922194213100e+01
7.000000000000000000e+00 6.225895634415927304e+01
7.100000000000000533e+00 6.021075096487433598e+01
7.200000000000000178e+00 5.819693308408739085e+01
7.300000000000000711e+00 5.621750270179839504e+01
7.400000000000000355e+00 5.427245981800736985e+01
7.500000000000000000e+00 5.236180443271430107e+01
7.600000000000000533e+00 5.048553654591918871e+01
7.700000000000000178e+00 4.864365615762205408e+01
7.800000000000000711e+00 4.683616326782286166e+01
7.900000000000000355e+00 4.506305787652166828e+01
8.000000000000000000e+00 4.332433998371841000e+01
8.099999999999999645e+00 4.162000958941314366e+01
8.200000000000001066e+00 3.995006669360577689e+01
8.300000000000000711e+00 3.831451129629642338e+01
8.400000000000000355e+00 3.671334339748503339e+01
8.500000000000000000e+00 3.514656299717159982e+01
8.599999999999999645e+00 3.361417009535612976e+01
8.700000000000001066e+00 3.211616469203860191e+01
8.800000000000000711e+00 3.065254678721905535e+01
8.900000000000000355e+00 2.922331638089748296e+01
9.000000000000000000e+00 2.782847347307386343e+01
9.099999999999999645e+00 2.646801806374820742e+01
9.200000000000001066e+00 2.514195015292049362e+01
9.300000000000000711e+00 2.385026974059076110e+01
9.400000000000000355e+00 2.259297682675899566e+01
9.500000000000000000e+00 2.137007141142519373e+01
9.600000000000001421e+00 2.018155349458933046e+01
9.700000000000001066e+00 1.902742307625145557e+01
9.800000000000000711e+00 1.790768015641153710e+01
9.900000000000000355e+00 1.682232473506959280e+01
1.000000000000000000e+01 1.577135681222560137e+01
1.010000000000000142e+01 1.475477638787955392e+01
1.020000000000000107e+01 1.377258346203149308e+01
1.030000000000000071e+01 1.282477803468139577e+01
1.040000000000000036e+01 1.191136010582925664e+01
1.050000000000000000e+01 1.103232967547508103e+01
1.060000000000000142e+01 1.018768674361885473e+01
1.070000000000000107e+01 9.377431310260604391e+00
1.080000000000000071e+01 8.601563375400319345e+00
1.090000000000000036e+01 7.860082939037996042e+00
1.100000000000000000e+01 7.152990001173635370e+00
1.110000000000000142e+01 6.480284561807224897e+00
1.120000000000000107e+01 5.841966620938790378e+00
1.130000000000000071e+01 5.238036178568318491e+00
1.140000000000000036e+01 4.668493234695810123e+00
1.150000000000000000e+01 4.133337789321263500e+00
1.160000000000000142e+01 3.632569842444671071e+00
1.170000000000000107e+01 3.166189394066050600e+00
1.180000000000000071e+01 2.734196444185392760e+00
1.190000000000000036e+01 2.336590992802697997e+00
1.200000000000000000e+01 1.973373039917964977e+00
1.210000000000000142e+01 1.644542585531190149e+00
1.220000000000000107e+01 1.350099629642383725e+00
1.230000000000000071e+01 1.090044172251540378e+00
1.240000000000000036e+01 8.643762133586595509e-01
1.250000000000000000e+01 6.730957529637413561e-01
1.260000000000000142e+01 5.162027910667834618e-01
1.270000000000000107e+01 3.936973276677911970e-01
1.280000000000000071e+01 3.055793627667617862e-01
1.290000000000000036e+01 2.518488963636950073e-01
1.300000000000000000e+01 2.325059284585909991e-01
1.310000000000000142e+01 2.303567098024682791e-01
1.320000000000000107e+01 2.282074911463456146e-01
1.330000000000000071e+01 2.260582724902229224e-01
1.340000000000000036e+01 2.239090538341002856e-01
1.350000000000000000e+01 2.217598351779776489e-01
1.360000000000000142e+01 2.196106165218549566e-01
1.370000000000000107e+01 2.174613978657322921e-01
1.380000000000000071e+01 2.153121792096095999e-01
1.390000000000000036e+01 2.131629605534868799e-01
1.400000000000000000e+01 2.110137418973642431e-01
1.410000000000000142e+01 2.088645232412415231e-01
1.420000000000000107e+01 2.067153045851188309e-01
1.430000000000000071e+01 2.045660859289961664e-01
1.440000000000000036e+01 2.024168672728735296e-01
1.450000000000000000e+01 2.002676486167508096e-01
1.460000000000000142e+01 1.981184299606281174e-01
1.470000000000000107e+01 1.959692113045053974e-01
1.480000000000000071e+01 1.938199926483827329e-01
1.490000000000000036e+01 1.916707739922600406e-01
1.500000000000000000e+01 1.895215553361373761e-01
1.510000000000000142e+01 1.873723366800146561e-01
1.520000000000000107e+01 1.852231180238919639e-01
1.530000000000000071e+01 1.830738993677692994e-01
1.540000000000000036e+01 1.809246807116466349e-01
1.550000000000000000e+01 1.787754620555239704e-01
1.560000000000000142e+01 1.766262433994012504e-01
1.570000000000000107e+01 1.744770247432785581e-01
1.580000000000000071e+01 1.723278060871558937e-01
1.590000000000000036e+01 1.701785874310332014e-01
1.600000000000000000e+01 1.680293687749105369e-01
1.610000000000000142e+01 1.658801501187877614e-01
1.619999999999999929e+01 1.637309314626651802e-01
1.630000000000000071e+01 1.615817128065424602e-01
1.640000000000000213e+01 1.594324941504197402e-01
1.650000000000000000e+01 1.572832754942971312e-01
1.660000000000000142e+01 1.551340568381743834e-01
1.669999999999999929e+01 1.529848381820517744e-01
1.680000000000000071e+01 1.508356195259290544e-01
1.690000000000000213e+01 1.486864008698063344e-01
1.700000000000000000e+01 1.465371822136836699e-01
1.710000000000000142e+01 1.443879635575609499e-01
1.719999999999999929e+01 1.422387449014383409e-01
1.730000000000000071e+01 1.400895262453156209e-01
1.740000000000000213e+01 1.379403075891929287e-01
1.750000000000000000e+01 1.357910889330702919e-01
1.760000000000000142e+01 1.336418702769475442e-01
1.769999999999999929e+01 1.314926516208249074e-01
1.780000000000000071e+01 1.293434329647021874e-01
1.790000000000000213e+01 1.271942143085794674e-01
1.800000000000000000e+01 1.250457854355040421e-01
1.810000000000000142e+01 1.228973565624285058e-01
1.819999999999999929e+01 1.207665936315235472e-01
1.830000000000000071e+01 1.186358307006184776e-01
1.840000000000000213e+01 1.165137666714234910e-01
1.850000000000000000e+01 1.143917026422286015e-01
1.860000000000000142e+01 1.122705351312018041e-01
1.869999999999999929e+01 1.101493676201750760e-01
1.880000000000000071e+01 1.080223688585486702e-01
1.890000000000000213e+01 1.058953700969222922e-01
1.900000000000000000e+01 1.037568146079853038e-01
1.910000000000000142e+01 1.016182591190482459e-01
1.920000000000000284e+01 9.946336712502666655e-02
1.930000000000000071e+01 9.730847513100512880e-02
1.940000000000000213e+01 9.513335570679151698e-02
1.950000000000000000e+01 9.295823628257800231e-02
1.960000000000000142e+01 9.075984673488333987e-02
1.970000000000000284e+01 8.856145718718870519e-02
1.980000000000000071e+01 8.633756186191954285e-02
1.990000000000000213e+01 8.411366653665028337e-02
2.000000000000000000e+01 8.186280358667455403e-02
2.010000000000000142e+01 7.961194063669872756e-02
2.020000000000000284e+01 7.733374876061192837e-02
2.030000000000000071e+01 7.505555688452521246e-02
2.040000000000000213e+01 7.279451204120558627e-02
2.050000000000000000e+01 7.053346719788605723e-02
2.060000000000000142e+01 6.835794422871209475e-02
2.070000000000000284e+01 6.618242125953813226e-02
2.080000000000000071e+01 6.411233227139287449e-02
2.090000000000000213e+01 6.204224328324753346e-02
2.100000000000000000e+01 6.007079683521621832e-02
2.110000000000000142e+01 5.809935038718482686e-02
2.120000000000000284e+01 5.622095888552947757e-02
2.130000000000000071e+01 5.434256738387419072e-02
2.140000000000000213e+01 5.255278781926647075e-02
2.150000000000000000e+01 5.076300825465883404e-02
2.160000000000000142e+01 4.905848616210541080e-02
2.170000000000000284e+01 4.735396406955198756e-02
2.180000000000000071e+01 4.573238046843084575e-02
2.190000000000000213e+01 4.411079686730965538e-02
2.200000000000000000e+01 4.257081935188953420e-02
2.210000000000000142e+01 4.103084183646937833e-02
2.220000000000000284e+01 3.957207867692978664e-02
2.230000000000000071e+01 3.811331551739025741e-02
2.240000000000000213e+01 3.673627232240456869e-02
2.250000000000000000e+01 3.535922912741892854e-02
2.260000000000000142e+01 3.406526815541138786e-02
2.270000000000000284e+01 3.277130718340386106e-02
2.280000000000000071e+01 3.156260886661066412e-02
2.290000000000000213e+01 3.035391054981743247e-02
2.300000000000000000e+01 2.923225737213008824e-02
2.310000000000000142e+01 2.811060419444269542e-02
2.320000000000000284e+01 2.705353444628546405e-02
2.330000000000000071e+01 2.599646469812826044e-02
2.340000000000000213e+01 2.499995816354993669e-02
2.350000000000000000e+01 2.400345162897165457e-02
2.360000000000000142e+01 2.306376146976134647e-02
2.370000000000000284e+01 2.212407131055104531e-02
2.380000000000000071e+01 2.123770897234320346e-02
2.390000000000000213e+01 2.035134663413533038e-02
2.400000000000000000e+01 1.951506694241578882e-02
2.410000000000000142e+01 1.867878725069622298e-02
2.420000000000000284e+01 1.788956899211484319e-02
2.430000000000000071e+01 1.710035073353349117e-02
2.440000000000000213e+01 1.635538771442716227e-02
2.450000000000000000e+01 1.561042469532085593e-02
2.460000000000000142e+01 1.490710888703156503e-02
2.470000000000000284e+01 1.420379307874227413e-02
2.480000000000000071e+01 1.353970405635233389e-02
2.490000000000000213e+01 1.287561503396236762e-02
2.500000000000000000e+01 1.224850549419648042e-02
2.510000000000000142e+01 1.162139595443057068e-02
2.520000000000000284e+01 1.102864213791036364e-02
2.530000000000000071e+01 1.043588832139017916e-02
2.540000000000000213e+01 9.875400777773645292e-03
2.550000000000000000e+01 9.314913234157130503e-03
2.560000000000000142e+01 8.784735852059083125e-03
2.570000000000000284e+01 8.254558469961035747e-03
2.580000000000000071e+01 7.752862459497731652e-03
2.590000000000000213e+01 7.251166449034411078e-03
2.600000000000000000e+01 6.776241341128232988e-03
2.610000000000000142e+01 6.301316233222036683e-03
2.620000000000000284e+01 5.851561356920127049e-03
2.630000000000000071e+01 5.401806480618233895e-03
2.640000000000000213e+01 4.975723283425841428e-03
2.650000000000000000e+01 4.549640086233465441e-03
2.660000000000000142e+01 4.145826318507551955e-03
2.670000000000000284e+01 3.742012550781640204e-03
2.680000000000000071e+01 3.359155678724583868e-03
2.690000000000000213e+01 2.976298806667514521e-03
2.700000000000000000e+01 2.613169539971072017e-03
2.710000000000000142e+01 2.250040273274616504e-03
2.720000000000000284e+01 1.905487373182636465e-03
2.730000000000000071e+01 1.560934473090668569e-03
2.740000000000000213e+01 1.233502815640470348e-03
2.750000000000000000e+01 9.060711581902839437e-04
2.760000000000000142e+01 5.949338889063078995e-04
2.770000000000000284e+01 2.837966196223316927e-04
2.780000000000000071e+01 -1.182941205833191504e-05
2.790000000000000213e+01 -3.074554437390054364e-04
2.800000000000000000e+01 -5.883118541096923676e-04
2.810000000000000142e+01 -8.691682644803895444e-04
2.820000000000000284e+01 -1.137979943839694018e-03
2.830000000000000071e+01 -1.406791623198989059e-03
2.840000000000000213e+01 -1.664327265177906060e-03
2.850000000000000000e+01 -1.921862907156813086e-03
2.860000000000000142e+01 -2.168389427218483413e-03
2.870000000000000284e+01 -2.414915947280153307e-03
2.880000000000000071e+01 -2.650931505873638152e-03
2.890000000000000213e+01 -2.886947064467129936e-03
2.900000000000000000e+01 -3.112300614813074719e-03
2.910000000000000142e+01 -3.337654165159027308e-03
2.920000000000000284e+01 -3.551248432600214670e-03
2.930000000000000071e+01 -3.764842700041393358e-03
2.940000000000000213e+01 -3.964260802705856478e-03
2.950000000000000000e+01 -4.163678905370312225e-03
2.960000000000000142e+01 -4.348385087043893545e-03
2.970000000000000284e+01 -4.533091268717474864e-03
2.980000000000000071e+01 -4.701730285596729744e-03
2.990000000000000213e+01 -4.870369302475989828e-03
3.000000000000000000e+01 -5.027729278770202113e-03
3.010000000000000142e+01 -5.185089255064418735e-03
3.020000000000000284e+01 -5.332554339236045271e-03
3.030000000000000071e+01 -5.480019423407666602e-03
3.040000000000000213e+01 -5.617693100687200757e-03
3.050000000000000000e+01 -5.755366777966729706e-03
3.060000000000000142e+01 -5.870383204713597487e-03
3.070000000000000284e+01 -5.985399631460464401e-03
3.080000000000000071e+01 -6.068573644915926067e-03
3.090000000000000213e+01 -6.151747658371388601e-03
3.100000000000000000e+01 -6.198612935171416045e-03
3.110000000000000142e+01 -6.245478211971443490e-03
3.120000000000000284e+01 -6.251200599755818085e-03
3.130000000000000071e+01 -6.256922987540191813e-03
3.140000000000000213e+01 -6.218964344619186922e-03
3.150000000000000000e+01 -6.181005701698184633e-03
3.160000000000000142e+01 -6.098829642019356137e-03
3.170000000000000284e+01 -6.016653582340530243e-03
3.180000000000000071e+01 -5.891477753551363668e-03
3.190000000000000213e+01 -5.766301924762188419e-03
3.200000000000000000e+01 -5.600892503751096069e-03
3.210000000000000142e+01 -5.435483082739995912e-03
3.220000000000000284e+01 -5.233978888392438848e-03
3.230000000000000426e+01 -5.032474694044878315e-03
3.239999999999999858e+01 -4.799677251077202021e-03
3.250000000000000000e+01 -4.566879808109509248e-03
3.260000000000000142e+01 -4.309129041196860244e-03
3.270000000000000284e+01 -4.051378274284212107e-03
3.280000000000000426e+01 -3.775942303921179469e-03
3.289999999999999858e+01 -3.500506333558165914e-03
3.300000000000000000e+01 -3.215380855681400189e-03
3.310000000000000142e+01 -2.930255377804634465e-03
3.320000000000000284e+01 -2.641052948597667933e-03
3.330000000000000426e+01 -2.351850519390700969e-03
3.339999999999999858e+01 -2.065160346304651968e-03
3.350000000000000000e+01 -1.778470173218582150e-03
3.360000000000000142e+01 -1.500873990601221068e-03
3.370000000000000284e+01 -1.223277807983859551e-03
3.380000000000000426e+01 -9.603288418011952498e-04
3.389999999999999858e+01 -6.973798756185494883e-04
3.400000000000000000e+01 -4.542105677606264125e-04
3.410000000000000142e+01 -2.110412599027049630e-04
3.420000000000000284e+01 7.079011961174210098e-06
3.430000000000000426e+01 2.251992838250512267e-04
3.439999999999999858e+01 4.117319178514322608e-04
3.450000000000000000e+01 5.982645518778264681e-04
3.460000000000000142e+01 7.487670190236907263e-04
3.470000000000000284e+01 8.992694861695548761e-04
3.480000000000000426e+01 1.009174264664638564e-03
3.489999999999999858e+01 1.119079043159714555e-03
3.500000000000000000e+01 1.193419620866008812e-03
3.510000000000000142e+01 1.267760198572300684e-03
3.520000000000000284e+01 1.314336585565679212e-03
3.530000000000000426e+01 1.360912972559057306e-03
3.539999999999999858e+01 1.392471843361131958e-03
3.550000000000000000e+01 1.424030714163209430e-03
3.560000000000000142e+01 1.441665021200601565e-03
3.570000000000000284e+01 1.459299328237993916e-03
3.580000000000000426e+01 1.464164607934839192e-03
3.589999999999999858e+01 1.469029887631684251e-03
3.600000000000000000e+01 1.464906656377134263e-03
3.610000000000000142e+01 1.460783425122583624e-03
3.620000000000000284e+01 1.449306315779188637e-03
3.630000000000000426e+01 1.437829206435793433e-03
3.639999999999999858e+01 1.420487748560076997e-03
3.650000000000000000e+01 1.403146290684359693e-03
3.660000000000000142e+01 1.381267289221957189e-03
3.670000000000000284e+01 1.359388287759554685e-03
3.680000000000000426e+01 1.334118653273565474e-03
3.689999999999999858e+01 1.308849018787577780e-03
3.700000000000000000e+01 1.281151212228073995e-03
3.710000000000000142e+01 1.253453405668570209e-03
3.720000000000000284e+01 1.224106721291480081e-03
3.730000000000000426e+01 1.194760036914389954e-03
3.739999999999999858e+01 1.164384092528864857e-03
3.750000000000000000e+01 1.134008148143337159e-03
3.760000000000000142e+01 1.103197350434619245e-03
3.770000000000000284e+01 1.072386552725901332e-03
3.780000000000000426e+01 1.041696540165750829e-03
3.789999999999999858e+01 1.011006527605602711e-03
3.800000000000000000e+01 9.808885682156568905e-04
3.810000000000000142e+01 9.507706088257112872e-04
3.820000000000000284e+01 9.215753322214879483e-04
3.830000000000000426e+01 8.923800556172646094e-04
3.840000000000000568e+01 8.643586208111043133e-04
3.850000000000000000e+01 8.363371860049461856e-04
3.860000000000000142e+01 8.096444506204442679e-04
3.870000000000000284e+01 7.829517152359422418e-04
3.880000000000000426e+01 7.576563495404281751e-04
3.890000000000000568e+01 7.323609838449141084e-04
3.900000000000000000e+01 7.084675347828276728e-04
3.910000000000000142e+01 6.845740857207396109e-04
3.920000000000000284e+01 6.620499680646645124e-04
3.930000000000000426e+01 6.395258504085895223e-04
3.940000000000000568e+01 6.182939284187346975e-04
3.950000000000000000e+01 5.970620064288811738e-04
3.960000000000000142e+01 5.770317856410299732e-04
3.970000000000000284e+01 5.570015648531786642e-04
3.980000000000000426e+01 5.380893766580436806e-04
3.990000000000000568e+01 5.191771884629088054e-04
4.000000000000000000e+01 5.013201003689574803e-04
4.010000000000000142e+01 4.834630122750048541e-04
4.020000000000000284e+01 4.665925182486498806e-04
4.030000000000000426e+01 4.497220242222948528e-04
4.040000000000000568e+01 4.337648739660651025e-04
4.050000000000000000e+01 4.178077237098364906e-04
4.060000000000000142e+01 4.027044654183566715e-04
4.070000000000000284e+01 3.876012071268767440e-04
4.080000000000000426e+01 3.733163082790787526e-04
4.090000000000000568e+01 3.590314094312807612e-04
4.100000000000000000e+01 3.455336746058671263e-04
4.110000000000000142e+01 3.320359397804526782e-04
4.120000000000000284e+01 3.192954328360692712e-04
4.130000000000000426e+01 3.065549258916859185e-04
4.140000000000000568e+01 2.945427611003186333e-04
4.150000000000000000e+01 2.825305963089521613e-04
4.160000000000000142e+01 2.712188021644965476e-04
4.170000000000000284e+01 2.599070080200409881e-04
4.180000000000000426e+01 2.492681443234627124e-04
4.190000000000000568e+01 2.386292806268844910e-04
4.200000000000000000e+01 2.286370618768231503e-04
4.210000000000000142e+01 2.186448431267611048e-04
4.220000000000000284e+01 2.092734237482617404e-04
4.230000000000000426e+01 1.999020043697623760e-04
4.240000000000000568e+01 1.911262367306418026e-04
4.250000000000000000e+01 1.823504690915217984e-04
4.260000000000000142e+01 1.741460415129739625e-04
4.270000000000000284e+01 1.659416139344260452e-04
4.280000000000000426e+01 1.582843177314903602e-04
4.290000000000000568e+01 1.506270215285546480e-04
4.300000000000000000e+01 1.434940193320633265e-04
4.310000000000000142e+01 1.363610171355714900e-04
4.320000000000000284e+01 1.297288996987121397e-04
4.330000000000000426e+01 1.230967822618527624e-04
4.340000000000000568e+01 1.169441277372124062e-04
4.350000000000000000e+01 1.107914732125724972e-04
4.360000000000000142e+01 1.050957515042102839e-04
4.370000000000000284e+01 9.940002979584809781e-05
4.380000000000000426e+01 9.414091701277226584e-05
4.390000000000000568e+01 8.888180422969644743e-05
4.400000000000000000e+01 8.403785163531983678e-05
4.410000000000000142e+01 7.919389904094287377e-05
4.420000000000000284e+01 7.474539427630286692e-05
4.430000000000000426e+01 7.029688951166288718e-05
4.440000000000000568e+01 6.622349581590714963e-05
4.450000000000000000e+01 6.215010212015169668e-05
4.460000000000000142e+01 5.843251859806332919e-05
4.470000000000000284e+01 5.471493507597494815e-05
4.480000000000000426e+01 5.133402423030315493e-05
4.490000000000000568e+01 4.795311338463136849e-05
4.500000000000000000e+01 4.489012417463879805e-05
4.510000000000000142e+01 4.182713496464601755e-05
4.520000000000000284e+01 3.906385868437517304e-05
4.530000000000000426e+01 3.630058240410433530e-05
4.540000000000000568e+01 3.381908659705526031e-05
4.550000000000000000e+01 3.133759079000636829e-05
4.560000000000000142e+01 2.912015911165992919e-05
4.570000000000000284e+01 2.690272743331347994e-05
4.580000000000000426e+01 2.493223790457903700e-05
4.590000000000000568e+01 2.296174837584460422e-05
4.600000000000000000e+01 2.122099741472705743e-05
4.610000000000000142e+01 1.948024645360938188e-05
4.620000000000000284e+01 1.795289630096735166e-05
4.630000000000000426e+01 1.642554614832532144e-05
4.640000000000000568e+01 1.509540297653160987e-05
4.650000000000000000e+01 1.376525980473799147e-05
4.660000000000000142e+01 1.261564463641278255e-05
4.670000000000000284e+01 1.146602946808757024e-05
4.680000000000000426e+01 1.048123708950352878e-05
4.690000000000000568e+01 9.496444710919485624e-06
4.700000000000000000e+01 8.659788821726001760e-06
4.710000000000000142e+01 7.823132932532458604e-06
4.720000000000000284e+01 7.118852541148161563e-06
4.730000000000000426e+01 6.414572149763863675e-06
4.740000000000000568e+01 5.826784938258401006e-06
4.750000000000000000e+01 5.238997726752978996e-06
4.760000000000000142e+01 4.761555339185762116e-06
4.770000000000000284e+01 4.284112951618544390e-06
4.780000000000000426e+01 3.901195920821123522e-06
4.790000000000000568e+01 3.518278890023702655e-06
4.800000000000000000e+01 3.215988712505143265e-06
4.810000000000000142e+01 2.913698534986562276e-06
4.820000000000000284e+01 2.678194197205445783e-06
4.830000000000000426e+01 2.442689859424330137e-06
4.840000000000000568e+01 2.260184049922216469e-06
4.850000000000000000e+01 2.077678240420115506e-06
4.860000000000000142e+01 1.934433811527754041e-06
4.870000000000000284e+01 1.791189382635391093e-06
4.880000000000000426e+01 1.673516045308164158e-06
4.890000000000000568e+01 1.555842707980937223e-06
4.900000000000000000e+01 1.450093944403205626e-06
4.910000000000000142e+01 1.344345180825466406e-06
4.920000000000000284e+01 1.236915360435521674e-06
4.930000000000000426e+01 1.129485540045576943e-06
4.940000000000000568e+01 1.006807225578453510e-06
4.950000000000000000e+01 8.841289111113387587e-07
4.960000000000000142e+01 7.326703421395496098e-07
4.970000000000000284e+01 5.812117731677605667e-07
4.980000000000000426e+01 3.874745154451689995e-07
4.990000000000000568e+01 1.937372577225776706e-07
5.000000000000000000e+01 0.000000000000000000e+00
