0.000000000000000000e+00 3.301305555584499274e+01
1.000000000000000056e-01 3.250776182437905959e+01
2.000000000000000111e-01 3.200636809277008155e+01
3.000000000000000444e-01 3.150887436101803374e+01
4.000000000000000222e-01 3.101528062912294459e+01
5.000000000000000000e-01 3.052558689708480344e+01
6.000000000000000888e-01 3.003979316490362095e+01
7.000000000000000666e-01 2.955789943257937580e+01
8.000000000000000444e-01 2.907990570011207510e+01
9.000000000000000222e-01 2.860581196750173305e+01
1.000000000000000000e+00 2.813561823474833901e+01
1.100000000000000089e+00 2.766932450185189651e+01
1.200000000000000178e+00 2.720693076881239492e+01
1.300000000000000044e+00 2.674843703562984132e+01
1.400000000000000133e+00 2.629384330230424638e+01
1.500000000000000000e+00 2.584314956883559589e+01
1.600000000000000089e+00 2.539635583522389339e+01
1.700000000000000178e+00 2.495346210146913890e+01
1.800000000000000044e+00 2.451446836757132886e+01
1.900000000000000133e+00 2.407937463353047036e+01
2.000000000000000000e+00 2.364818089934656342e+01
2.100000000000000089e+00 2.322088716501960803e+01
2.200000000000000178e+00 2.279749343054960065e+01
2.300000000000000266e+00 2.237799969593653060e+01
2.400000000000000355e+00 2.196240596118042632e+01
2.500000000000000000e+00 2.155071222628126293e+01
2.600000000000000089e+00 2.114291849123905109e+01
2.700000000000000178e+00 2.073902475605378015e+01
2.800000000000000266e+00 2.033903102072546076e+01
2.900000000000000355e+00 1.994293728525409293e+01
3.000000000000000000e+00 1.955074354963967309e+01
3.100000000000000089e+00 1.916244981388220836e+01
3.200000000000000178e+00 1.877805607798168808e+01
3.300000000000000266e+00 1.839756234193811224e+01
3.400000000000000355e+00 1.802096860575148796e+01
3.500000000000000000e+00 1.764827486942181523e+01
3.600000000000000089e+00 1.727948113294909405e+01
3.700000000000000178e+00 1.691458739633331376e+01
3.800000000000000266e+00 1.655359365957448148e+01
3.900000000000000355e+00 1.619649992267260075e+01
4.000000000000000000e+00 1.584330618562767334e+01
4.100000000000000533e+00 1.549401244843968684e+01
4.200000000000000178e+00 1.514861871110866076e+01
4.299999999999999822e+00 1.480712497363457203e+01
4.400000000000000355e+00 1.446953123601744018e+01
4.500000000000000000e+00 1.413583749825725278e+01
4.600000000000000533e+00 1.380604376035401160e+01
4.700000000000000178e+00 1.348015002230773263e+01
4.800000000000000711e+00 1.315815628411838922e+01
4.900000000000000355e+00 1.284006254578599915e+01
5.000000000000000000e+00 1.252586880731055885e+01
5.100000000000000533e+00 1.221557506869206122e+01
5.200000000000000178e+00 1.190918132993051870e+01
5.300000000000000711e+00 1.160668759102592240e+01
5.400000000000000355e+00 1.130809385197827766e+01
5.500000000000000000e+00 1.101340011278757913e+01
5.600000000000000533e+00 1.072260637345382861e+01
5.700000000000000178e+00 1.043571263397703142e+01
5.800000000000000711e+00 1.015271889435717867e+01
5.900000000000000355e+00 9.873625154594277475e+00
6.000000000000000000e+00 9.598431414688324281e+00
6.100000000000000533e+00 9.327137674639317311e+00
6.200000000000000178e+00 9.059743934447261893e+00
6.300000000000000711e+00 8.796250194112156251e+00
6.400000000000000355e+00 8.536656453633996833e+00
6.500000000000000000e+00 8.280962713012788967e+00
6.600000000000000533e+00 8.029168972248529101e+00
6.700000000000000178e+00 7.781275231341217236e+00
6.800000000000000711e+00 7.537281490290853370e+00
6.900000000000000355e+00 7.297187749097440168e+00
7.000000000000000000e+00 7.060994007760976743e+00
7.100000000000000533e+00 6.828700266281460429e+00
7.200000000000000178e+00 6.600306524658893892e+00
7.300000000000000711e+00 6.375812782893274466e+00
7.400000000000000355e+00 6.155219040984604817e+00
7.500000000000000000e+00 5.938525298932884944e+00
7.600000000000000533e+00 5.725731556738112182e+00
7.700000000000000178e+00 5.516837814400290974e+00
7.800000000000000711e+00 5.311844071919415100e+00
7.900000000000000355e+00 5.110750329295490779e+00
8.000000000000000000e+00 4.913556586528515346e+00
8.099999999999999645e+00 4.720262843618488802e+00
8.200000000000001066e+00 4.530869100565405816e+00
8.300000000000000711e+00 4.345375357369277936e+00
8.400000000000000355e+00 4.163781614030097167e+00
8.500000000000000000e+00 3.986087870547865286e+00
8.599999999999999645e+00 3.812294126922583182e+00
8.700000000000001066e+00 3.642400383154246857e+00
8.800000000000000711e+00 3.476406639242861196e+00
8.900000000000000355e+00 3.314312895188426200e+00
9.000000000000000000e+00 3.156119150990938316e+00
9.099999999999999645e+00 3.001825406650399763e+00
9.200000000000001066e+00 2.851431662166807435e+00
9.300000000000000711e+00 2.704937917540166659e+00
9.400000000000000355e+00 2.562344172770474771e+00
9.500000000000000000e+00 2.423650427857731771e+00
9.600000000000001421e+00 2.288856682801934994e+00
9.700000000000001066e+00 2.157962937603089770e+00
9.800000000000000711e+00 2.030969192261192990e+00
9.900000000000000355e+00 1.907875446776245987e+00
1.000000000000000000e+01 1.788681701148246983e+00
1.010000000000000142e+01 1.673387955377194647e+00
1.020000000000000107e+01 1.561994209463093419e+00
1.030000000000000071e+01 1.454500463405941302e+00
1.040000000000000036e+01 1.350906717205737850e+00
1.050000000000000000e+01 1.251212970862482843e+00
1.060000000000000142e+01 1.155419224376175613e+00
1.070000000000000107e+01 1.063525477746818604e+00
1.080000000000000071e+01 9.755317309744103715e-01
1.090000000000000036e+01 8.914379840589510273e-01
1.100000000000000000e+01 8.112442370004406822e-01
1.110000000000000142e+01 7.349504897988774488e-01
1.120000000000000107e+01 6.625567424542647688e-01
1.130000000000000071e+01 5.940629949666008658e-01
1.140000000000000036e+01 5.294692473358856288e-01
1.150000000000000000e+01 4.687754995621193910e-01
1.160000000000000142e+01 4.119817516453009865e-01
1.170000000000000107e+01 3.590880035854324137e-01
1.180000000000000071e+01 3.100942553825126735e-01
1.190000000000000036e+01 2.650005070365417659e-01
1.200000000000000000e+01 2.238067585475195798e-01
1.210000000000000142e+01 1.865130099154456711e-01
1.220000000000000107e+01 1.531192611403213166e-01
1.230000000000000071e+01 1.236255122221457392e-01
1.240000000000000036e+01 9.803176316091903597e-02
1.250000000000000000e+01 7.633801395664112366e-02
1.260000000000000142e+01 5.854426460931175941e-02
1.270000000000000107e+01 4.465051511893156772e-02
1.280000000000000071e+01 3.465676548550020164e-02
1.290000000000000036e+01 2.856301570901766118e-02
1.300000000000000000e+01 2.636926578948394634e-02
1.310000000000000142e+01 2.612551579842464083e-02
1.320000000000000107e+01 2.588176580736533880e-02
1.330000000000000071e+01 2.563801581630603676e-02
1.340000000000000036e+01 2.539426582524673820e-02
1.350000000000000000e+01 2.515051583418743963e-02
1.360000000000000142e+01 2.490676584312813413e-02
1.370000000000000107e+01 2.466301585206882863e-02
1.380000000000000071e+01 2.441926586100952659e-02
1.390000000000000036e+01 2.417551586995022109e-02
1.400000000000000000e+01 2.393176587889092252e-02
1.410000000000000142e+01 2.368801588783161702e-02
1.420000000000000107e+01 2.344426589677231151e-02
1.430000000000000071e+01 2.320051590571301295e-02
1.440000000000000036e+01 2.295676591465371091e-02
1.450000000000000000e+01 2.271301592359440541e-02
1.460000000000000142e+01 2.246926593253509991e-02
1.470000000000000107e+01 2.222551594147579787e-02
1.480000000000000071e+01 2.198176595041649237e-02
1.490000000000000036e+01 2.173801595935718686e-02
1.500000000000000000e+01 2.149426596829788483e-02
1.510000000000000142e+01 2.125051597723857932e-02
1.520000000000000107e+01 2.100676598617927382e-02
1.530000000000000071e+01 2.076301599511997525e-02
1.540000000000000036e+01 2.051926600406067669e-02
1.550000000000000000e+01 2.027551601300137118e-02
1.560000000000000142e+01 2.003176602194206568e-02
1.570000000000000107e+01 1.978801603088276365e-02
1.580000000000000071e+01 1.954426603982346161e-02
1.590000000000000036e+01 1.930051604876415611e-02
1.600000000000000000e+01 1.905676605770485407e-02
1.610000000000000142e+01 1.881301606664554510e-02
1.619999999999999929e+01 1.856926607558624653e-02
1.630000000000000071e+01 1.832551608452694103e-02
1.640000000000000213e+01 1.808176609346763553e-02
1.650000000000000000e+01 1.783801610240834390e-02
1.660000000000000142e+01 1.759426611134903493e-02
1.669999999999999929e+01 1.735051612028973636e-02
1.680000000000000071e+01 1.710676612923043086e-02
1.690000000000000213e+01 1.686301613817112188e-02
1.700000000000000000e+01 1.661926614711181985e-02
1.710000000000000142e+01 1.637551615605251434e-02
1.719999999999999929e+01 1.613176616499321578e-02
1.730000000000000071e+01 1.588801617393391027e-02
1.740000000000000213e+01 1.564426618287460477e-02
1.750000000000000000e+01 1.540051619181530967e-02
1.760000000000000142e+01 1.515676620075600070e-02
1.769999999999999929e+01 1.491301620969670040e-02
1.780000000000000071e+01 1.466926621863739316e-02
1.790000000000000213e+01 1.442551622757808592e-02
1.800000000000000000e+01 1.418185580842444039e-02
1.810000000000000142e+01 1.393819538927078446e-02
1.819999999999999929e+01 1.369653852300546128e-02
1.830000000000000071e+01 1.345488165674012769e-02
1.840000000000000213e+01 1.321421136166800979e-02
1.850000000000000000e+01 1.297354106659590056e-02
1.860000000000000142e+01 1.273297244861227272e-02
1.869999999999999929e+01 1.249240383062865181e-02
1.880000000000000071e+01 1.225117387124196287e-02
1.890000000000000213e+01 1.200994391185528087e-02
1.900000000000000000e+01 1.176740326582877486e-02
1.910000000000000142e+01 1.152486261980226016e-02
1.920000000000000284e+01 1.128046919674119408e-02
1.930000000000000071e+01 1.103607577368013494e-02
1.940000000000000213e+01 1.078938829090838811e-02
1.950000000000000000e+01 1.054270080813664821e-02
1.960000000000000142e+01 1.029337418375206661e-02
1.970000000000000284e+01 1.004404755936748501e-02
1.980000000000000071e+01 9.791828240450387716e-03
1.990000000000000213e+01 9.539608921533280009e-03
2.000000000000000000e+01 9.284331115168943660e-03
2.010000000000000142e+01 9.029053308804600372e-03
2.020000000000000284e+01 8.770676038606626396e-03
2.030000000000000071e+01 8.512298768408664562e-03
2.040000000000000213e+01 8.255866199868563265e-03
2.050000000000000000e+01 7.999433631328474112e-03
2.060000000000000142e+01 7.752700381189038190e-03
2.070000000000000284e+01 7.505967131049600533e-03
2.080000000000000071e+01 7.271191497162880941e-03
2.090000000000000213e+01 7.036415863276150942e-03
2.100000000000000000e+01 6.812827605881971796e-03
2.110000000000000142e+01 6.589239348487785711e-03
2.120000000000000284e+01 6.376204760113067006e-03
2.130000000000000071e+01 6.163170171738353506e-03
2.140000000000000213e+01 5.960185356010813500e-03
2.150000000000000000e+01 5.757200540283282167e-03
2.160000000000000142e+01 5.563885056241362446e-03
2.170000000000000284e+01 5.370569572199442726e-03
2.180000000000000071e+01 5.186660416586460695e-03
2.190000000000000213e+01 5.002751260973473460e-03
2.200000000000000000e+01 4.828097321251782932e-03
2.210000000000000142e+01 4.653443381530088067e-03
2.220000000000000284e+01 4.488000230326064446e-03
2.230000000000000071e+01 4.322557079122046897e-03
2.240000000000000213e+01 4.166382059186394225e-03
2.250000000000000000e+01 4.010207039250746758e-03
2.260000000000000142e+01 3.863454648813689080e-03
2.270000000000000284e+01 3.716702258376632269e-03
2.280000000000000071e+01 3.579619787464505959e-03
2.290000000000000213e+01 3.442537316552376180e-03
2.300000000000000000e+01 3.315326922554511033e-03
2.310000000000000142e+01 3.188116528556640249e-03
2.320000000000000284e+01 3.068230754753047303e-03
2.330000000000000071e+01 2.948344980949458693e-03
2.340000000000000213e+01 2.835327881362110797e-03
2.350000000000000000e+01 2.722310781774766805e-03
2.360000000000000142e+01 2.615737415098690587e-03
2.370000000000000284e+01 2.509164048422614802e-03
2.380000000000000071e+01 2.408638766177376156e-03
2.390000000000000213e+01 2.308113483932134474e-03
2.400000000000000000e+01 2.213268240150628990e-03
2.410000000000000142e+01 2.118422996369120469e-03
2.420000000000000284e+01 2.028915145260057947e-03
2.430000000000000071e+01 1.939407294150997376e-03
2.440000000000000213e+01 1.854918576016441030e-03
2.450000000000000000e+01 1.770429857881887503e-03
2.460000000000000142e+01 1.690664487572076172e-03
2.470000000000000284e+01 1.610899117262264623e-03
2.480000000000000071e+01 1.535582586387665167e-03
2.490000000000000213e+01 1.460266055513062674e-03
2.500000000000000000e+01 1.389143489981781079e-03
2.510000000000000142e+01 1.318020924450496881e-03
2.520000000000000284e+01 1.250794755039784118e-03
2.530000000000000071e+01 1.183568585629073307e-03
2.540000000000000213e+01 1.120001840869910836e-03
2.550000000000000000e+01 1.056435096110750534e-03
2.560000000000000142e+01 9.963059269459044291e-04
2.570000000000000284e+01 9.361767577810585408e-04
2.580000000000000071e+01 8.792777551055773813e-04
2.590000000000000213e+01 8.223787524300945955e-04
2.600000000000000000e+01 7.685159262927052960e-04
2.610000000000000142e+01 7.146531001553139365e-04
2.620000000000000284e+01 6.636449131729604432e-04
2.630000000000000071e+01 6.126367261906086846e-04
2.640000000000000213e+01 5.643132225720749089e-04
2.650000000000000000e+01 5.159897189535428679e-04
2.660000000000000142e+01 4.701918649323109521e-04
2.670000000000000284e+01 4.243940109110791448e-04
2.680000000000000071e+01 3.809729476911750848e-04
2.690000000000000213e+01 3.375518844712696153e-04
2.700000000000000000e+01 2.963681941759734560e-04
2.710000000000000142e+01 2.551845038806758331e-04
2.720000000000000284e+01 2.161076207177544273e-04
2.730000000000000071e+01 1.770307375548343769e-04
2.740000000000000213e+01 1.398956311064271157e-04
2.750000000000000000e+01 1.027605246580211962e-04
2.760000000000000142e+01 6.747341862526208241e-05
2.770000000000000284e+01 3.218631259250296180e-05
2.780000000000000071e+01 -1.341612718296924826e-06
2.790000000000000213e+01 -3.486953802909793250e-05
2.800000000000000000e+01 -6.672239177284244145e-05
2.810000000000000142e+01 -9.857524551658808202e-05
2.820000000000000284e+01 -1.290620665079309632e-04
2.830000000000000071e+01 -1.595488874992727465e-04
2.840000000000000213e+01 -1.887568558234736056e-04
2.850000000000000000e+01 -2.179648241476733804e-04
2.860000000000000142e+01 -2.459242115695751854e-04
2.870000000000000284e+01 -2.738835989914769633e-04
2.880000000000000071e+01 -3.006509035340513051e-04
2.890000000000000213e+01 -3.274182080766265684e-04
2.900000000000000000e+01 -3.529762990254102983e-04
2.910000000000000142e+01 -3.785343899741948955e-04
2.920000000000000284e+01 -4.027588217837686606e-04
2.930000000000000071e+01 -4.269832535933415583e-04
2.940000000000000213e+01 -4.495999197026977505e-04
2.950000000000000000e+01 -4.722165858120531837e-04
2.960000000000000142e+01 -4.931647243382448033e-04
2.970000000000000284e+01 -5.141128628644365314e-04
2.980000000000000071e+01 -5.332387711285706180e-04
2.990000000000000213e+01 -5.523646793927053551e-04
3.000000000000000000e+01 -5.702113943863317989e-04
3.010000000000000142e+01 -5.880581093799587848e-04
3.020000000000000284e+01 -6.047826119548803218e-04
3.030000000000000071e+01 -6.215071145298013168e-04
3.040000000000000213e+01 -6.371211412880318798e-04
3.050000000000000000e+01 -6.527351680462617923e-04
3.060000000000000142e+01 -6.657795611383072847e-04
3.070000000000000284e+01 -6.788239542303527770e-04
3.080000000000000071e+01 -6.882569939903509029e-04
3.090000000000000213e+01 -6.976900337503492457e-04
3.100000000000000000e+01 -7.030051796841775124e-04
3.110000000000000142e+01 -7.083203256180058876e-04
3.120000000000000284e+01 -7.089693205293917059e-04
3.130000000000000071e+01 -7.096183154407774158e-04
3.140000000000000213e+01 -7.053133002920116898e-04
3.150000000000000000e+01 -7.010082851432460722e-04
3.160000000000000142e+01 -6.916884266193400969e-04
3.170000000000000284e+01 -6.823685680954341215e-04
3.180000000000000071e+01 -6.681719636404714110e-04
3.190000000000000213e+01 -6.539753591855078331e-04
3.200000000000000000e+01 -6.352157300627476241e-04
3.210000000000000142e+01 -6.164561009399868730e-04
3.220000000000000284e+01 -5.936028442782199672e-04
3.230000000000000426e+01 -5.707495876164528446e-04
3.239999999999999858e+01 -5.443472602030243130e-04
3.250000000000000000e+01 -5.179449327895940466e-04
3.260000000000000142e+01 -4.887125664356607247e-04
3.270000000000000284e+01 -4.594802000817274027e-04
3.280000000000000426e+01 -4.282420963540593448e-04
3.289999999999999858e+01 -3.970039926263934553e-04
3.300000000000000000e+01 -3.646669698273163093e-04
3.310000000000000142e+01 -3.323299470282391091e-04
3.320000000000000284e+01 -2.995305437042885687e-04
3.330000000000000426e+01 -2.667311403803379740e-04
3.339999999999999858e+01 -2.342166603261849618e-04
3.350000000000000000e+01 -2.017021802720296185e-04
3.360000000000000142e+01 -1.702190797329953978e-04
3.370000000000000284e+01 -1.387359791939611500e-04
3.380000000000000426e+01 -1.089140678805229742e-04
3.389999999999999858e+01 -7.909215656708689908e-05
3.400000000000000000e+01 -5.151352167695582429e-05
3.410000000000000142e+01 -2.393488678682491552e-05
3.420000000000000284e+01 8.028541429832148375e-07
3.430000000000000426e+01 2.554059507279110146e-05
3.439999999999999858e+01 4.669587759682444094e-05
3.450000000000000000e+01 6.785116012085929153e-05
3.460000000000000142e+01 8.492014233758233351e-05
3.470000000000000284e+01 1.019891245543053619e-04
3.480000000000000426e+01 1.144537887238788754e-04
3.489999999999999858e+01 1.269184528934515081e-04
3.500000000000000000e+01 1.353496635102173040e-04
3.510000000000000142e+01 1.437808741269828018e-04
3.520000000000000284e+01 1.490632561130447590e-04
3.530000000000000426e+01 1.543456380991065806e-04
3.539999999999999858e+01 1.579248339403176138e-04
3.550000000000000000e+01 1.615040297815288910e-04
3.560000000000000142e+01 1.635039948248511420e-04
3.570000000000000284e+01 1.655039598681733930e-04
3.580000000000000426e+01 1.660557473185701402e-04
3.589999999999999858e+01 1.666075347689668603e-04
3.600000000000000000e+01 1.661399054849157153e-04
3.610000000000000142e+01 1.656722762008644889e-04
3.620000000000000284e+01 1.643706192978455630e-04
3.630000000000000426e+01 1.630689623948265829e-04
3.639999999999999858e+01 1.611022103428102169e-04
3.650000000000000000e+01 1.591354582907937153e-04
3.660000000000000142e+01 1.566540884238170098e-04
3.670000000000000284e+01 1.541727185568402773e-04
3.680000000000000426e+01 1.513068057924574217e-04
3.689999999999999858e+01 1.484408930280747558e-04
3.700000000000000000e+01 1.452995932436120506e-04
3.710000000000000142e+01 1.421582934591493995e-04
3.720000000000000284e+01 1.388299889917757172e-04
3.730000000000000426e+01 1.355016845244020891e-04
3.739999999999999858e+01 1.320566482777192369e-04
3.750000000000000000e+01 1.286116120310361137e-04
3.760000000000000142e+01 1.251172576317593522e-04
3.770000000000000284e+01 1.216229032324825772e-04
3.780000000000000426e+01 1.181422474761054396e-04
3.789999999999999858e+01 1.146615917197285460e-04
3.800000000000000000e+01 1.112458144040468823e-04
3.810000000000000142e+01 1.078300370883652050e-04
3.820000000000000284e+01 1.045189042769221593e-04
3.830000000000000426e+01 1.012077714654791407e-04
3.840000000000000568e+01 9.802976793195659682e-05
3.850000000000000000e+01 9.485176439843432403e-05
3.860000000000000142e+01 9.182445305773596076e-05
3.870000000000000284e+01 8.879714171703759749e-05
3.880000000000000426e+01 8.592831069113968014e-05
3.890000000000000568e+01 8.305947966524177635e-05
3.900000000000000000e+01 8.034964463814111158e-05
3.910000000000000142e+01 7.763980961104022997e-05
3.920000000000000284e+01 7.508527498439982405e-05
3.930000000000000426e+01 7.253074035775940458e-05
3.940000000000000568e+01 7.012275791239227401e-05
3.950000000000000000e+01 6.771477546702531962e-05
3.960000000000000142e+01 6.544308192665623130e-05
3.970000000000000284e+01 6.317138838628715653e-05
3.980000000000000426e+01 6.102649461740816943e-05
3.990000000000000568e+01 5.888160084852920266e-05
4.000000000000000000e+01 5.685636946928075084e-05
4.010000000000000142e+01 5.483113809003216350e-05
4.020000000000000284e+01 5.291779960472947657e-05
4.030000000000000426e+01 5.100446111942678288e-05
4.040000000000000568e+01 4.919470796973797970e-05
4.050000000000000000e+01 4.738495482004931883e-05
4.060000000000000142e+01 4.567204438023577968e-05
4.070000000000000284e+01 4.395913394042224052e-05
4.080000000000000426e+01 4.233903634983299708e-05
4.090000000000000568e+01 4.071893875924375363e-05
4.100000000000000000e+01 3.918811604204712430e-05
4.110000000000000142e+01 3.765729332485039332e-05
4.120000000000000284e+01 3.621235032431505363e-05
4.130000000000000426e+01 3.476740732377972071e-05
4.140000000000000568e+01 3.340506801402289694e-05
4.150000000000000000e+01 3.204272870426617481e-05
4.160000000000000142e+01 3.075982074433343251e-05
4.170000000000000284e+01 2.947691278440070376e-05
4.180000000000000426e+01 2.827032409062842064e-05
4.190000000000000568e+01 2.706373539685613075e-05
4.200000000000000000e+01 2.593048484366019900e-05
4.210000000000000142e+01 2.479723429046418594e-05
4.220000000000000284e+01 2.373439064576812418e-05
4.230000000000000426e+01 2.267154700107206920e-05
4.240000000000000568e+01 2.167625818879588131e-05
4.250000000000000000e+01 2.068096937651976795e-05
4.260000000000000142e+01 1.975047812881882030e-05
4.270000000000000284e+01 1.881998688111787265e-05
4.280000000000000426e+01 1.795154761101995356e-05
4.290000000000000568e+01 1.708310834092203448e-05
4.300000000000000000e+01 1.627413098691124580e-05
4.310000000000000142e+01 1.546515363290040291e-05
4.320000000000000284e+01 1.471298327492709078e-05
4.330000000000000426e+01 1.396081291695377866e-05
4.340000000000000568e+01 1.326302003250262907e-05
4.350000000000000000e+01 1.256522714805153201e-05
4.360000000000000142e+01 1.191925652447886987e-05
4.370000000000000284e+01 1.127328590090621113e-05
4.380000000000000426e+01 1.067683253856324819e-05
4.390000000000000568e+01 1.008037917622028525e-05
4.400000000000000000e+01 9.531010503001589434e-06
4.410000000000000142e+01 8.981641829782852963e-06
4.420000000000000284e+01 8.477122201908204898e-06
4.430000000000000426e+01 7.972602574033558527e-06
4.440000000000000568e+01 7.510625532240744981e-06
4.450000000000000000e+01 7.048648490447964470e-06
4.460000000000000142e+01 6.627025056420073790e-06
4.470000000000000284e+01 6.205401622392183111e-06
4.480000000000000426e+01 5.821961349315678795e-06
4.490000000000000568e+01 5.438521076239172785e-06
4.500000000000000000e+01 5.091137346610962324e-06
4.510000000000000142e+01 4.743753616982725605e-06
4.520000000000000284e+01 4.430361321279540939e-06
4.530000000000000426e+01 4.116969025576355425e-06
4.540000000000000568e+01 3.835534384638927284e-06
4.550000000000000000e+01 3.554099743701519896e-06
4.560000000000000142e+01 3.302613488344583331e-06
4.570000000000000284e+01 3.051127232987645918e-06
4.580000000000000426e+01 2.827647502973589817e-06
4.590000000000000568e+01 2.604167772959534139e-06
4.600000000000000000e+01 2.406743453195646978e-06
4.610000000000000142e+01 2.209319133431746264e-06
4.620000000000000284e+01 2.036097304656745979e-06
4.630000000000000426e+01 1.862875475881745270e-06
4.640000000000000568e+01 1.712019542583070832e-06
4.650000000000000000e+01 1.561163609284406559e-06
4.660000000000000142e+01 1.430781953512610994e-06
4.670000000000000284e+01 1.300400297740815005e-06
4.680000000000000426e+01 1.188711739300613333e-06
4.690000000000000568e+01 1.077023180860411449e-06
4.700000000000000000e+01 9.821352712800363219e-07
4.710000000000000142e+01 8.872473616996541012e-07
4.720000000000000284e+01 8.073725948330454644e-07
4.730000000000000426e+01 7.274978279664370394e-07
4.740000000000000568e+01 6.608349376453086471e-07
4.750000000000000000e+01 5.941720473241850193e-07
4.760000000000000142e+01 5.400237281807099379e-07
4.770000000000000284e+01 4.858754090372348565e-07
4.780000000000000426e+01 4.424475230157586866e-07
4.790000000000000568e+01 3.990196369942824108e-07
4.800000000000000000e+01 3.647359088786923405e-07
4.810000000000000142e+01 3.304521807630997290e-07
4.820000000000000284e+01 3.037428554624647680e-07
4.830000000000000426e+01 2.770335301618299129e-07
4.840000000000000568e+01 2.563349431159375855e-07
4.850000000000000000e+01 2.356363560700467139e-07
4.860000000000000142e+01 2.193905319598101183e-07
4.870000000000000284e+01 2.031447078495734434e-07
4.880000000000000426e+01 1.897989857473953661e-07
4.890000000000000568e+01 1.764532636452173152e-07
4.900000000000000000e+01 1.644599468632448345e-07
4.910000000000000142e+01 1.524666300812715598e-07
4.920000000000000284e+01 1.402826590902544245e-07
4.930000000000000426e+01 1.280986880992372891e-07
4.940000000000000568e+01 1.141853349979394441e-07
4.950000000000000000e+01 1.002719818966425917e-07
4.960000000000000142e+01 8.309456501188006150e-08
4.970000000000000284e+01 6.591714812711751807e-08
4.980000000000000426e+01 4.394476541807781599e-08
4.990000000000000568e+01 2.197238270903813044e-08
5.000000000000000000e+01 0.000000000000000000e+00
