0.000000000000000000e+00 1.312057343956093973e+02
1.000000000000000056e-01 1.291975157073896128e+02
2.000000000000000111e-01 1.272047970186930286e+02
3.000000000000000444e-01 1.252275783295195311e+02
4.000000000000000222e-01 1.232658596398692339e+02
5.000000000000000000e-01 1.213196409497421087e+02
6.000000000000000888e-01 1.193889222591381554e+02
7.000000000000000666e-01 1.174737035680573456e+02
8.000000000000000444e-01 1.155739848764996651e+02
9.000000000000000222e-01 1.136897661844651992e+02
1.000000000000000000e+00 1.118210474919538910e+02
1.100000000000000089e+00 1.099678287989657406e+02
1.200000000000000178e+00 1.081301101055007479e+02
1.300000000000000044e+00 1.063078914115588987e+02
1.400000000000000133e+00 1.045011727171402356e+02
1.500000000000000000e+00 1.027099540222447303e+02
1.600000000000000089e+00 1.009342353268723969e+02
1.700000000000000178e+00 9.917401663102320697e+01
1.800000000000000044e+00 9.742929793469717481e+01
1.900000000000000133e+00 9.570007923789432880e+01
2.000000000000000000e+00 9.398636054061464051e+01
2.100000000000000089e+00 9.228814184285810995e+01
2.200000000000000178e+00 9.060542314462476554e+01
2.300000000000000266e+00 8.893820444591453622e+01
2.400000000000000355e+00 8.728648574672750726e+01
2.500000000000000000e+00 8.565026704706363603e+01
2.600000000000000089e+00 8.402954834692292252e+01
2.700000000000000178e+00 8.242432964630536674e+01
2.800000000000000266e+00 8.083461094521095447e+01
2.900000000000000355e+00 7.926039224363972835e+01
3.000000000000000000e+00 7.770167354159167417e+01
3.100000000000000089e+00 7.615845483906677771e+01
3.200000000000000178e+00 7.463073613606505319e+01
3.300000000000000266e+00 7.311851743258645797e+01
3.400000000000000355e+00 7.162179872863104890e+01
3.500000000000000000e+00 7.014058002419881177e+01
3.600000000000000089e+00 6.867486131928973236e+01
3.700000000000000178e+00 6.722464261390381068e+01
3.800000000000000266e+00 6.578992390804103252e+01
3.900000000000000355e+00 6.437070520170142629e+01
4.000000000000000000e+00 6.296698649488499910e+01
4.100000000000000533e+00 6.157876778759171543e+01
4.200000000000000178e+00 6.020604907982163212e+01
4.299999999999999822e+00 5.884883037157466390e+01
4.400000000000000355e+00 5.750711166285088893e+01
4.500000000000000000e+00 5.618089295365027169e+01
4.600000000000000533e+00 5.487017424397279797e+01
4.700000000000000178e+00 5.357495553381853171e+01
4.800000000000000711e+00 5.229523682318738764e+01
4.900000000000000355e+00 5.103101811207942262e+01
5.000000000000000000e+00 4.978229940049461533e+01
5.100000000000000533e+00 4.854908068843295865e+01
5.200000000000000178e+00 4.733136197589448813e+01
5.300000000000000711e+00 4.612914326287916822e+01
5.400000000000000355e+00 4.494242454938701314e+01
5.500000000000000000e+00 4.377120583541802290e+01
5.600000000000000533e+00 4.261548712097218328e+01
5.700000000000000178e+00 4.147526840604952980e+01
5.800000000000000711e+00 4.035054969065001274e+01
5.900000000000000355e+00 3.924133097477368182e+01
6.000000000000000000e+00 3.814761225842050862e+01
6.100000000000000533e+00 3.706939354159047895e+01
6.200000000000000178e+00 3.600667482428362831e+01
6.300000000000000711e+00 3.495945610649994251e+01
6.400000000000000355e+00 3.392773738823941443e+01
6.500000000000000000e+00 3.291151866950205829e+01
6.600000000000000533e+00 3.191079995028785277e+01
6.700000000000000178e+00 3.092558123059681208e+01
6.800000000000000711e+00 2.995586251042893267e+01
6.900000000000000355e+00 2.900164378978422519e+01
7.000000000000000000e+00 2.806292506866268255e+01
7.100000000000000533e+00 2.713970634706429053e+01
7.200000000000000178e+00 2.623198762498907399e+01
7.300000000000000711e+00 2.533976890243700808e+01
7.400000000000000355e+00 2.446305017940810700e+01
7.500000000000000000e+00 2.360183145590237430e+01
7.600000000000000533e+00 2.275611273191979578e+01
7.700000000000000178e+00 2.192589400746039274e+01
7.800000000000000711e+00 2.111117528252414033e+01
7.900000000000000355e+00 2.031195655711105985e+01
8.000000000000000000e+00 1.952823783122114065e+01
8.099999999999999645e+00 1.876001910485438984e+01
8.200000000000001066e+00 1.800730037801077899e+01
8.300000000000000711e+00 1.727008165069035073e+01
8.400000000000000355e+00 1.654836292289308375e+01
8.500000000000000000e+00 1.584214419461897805e+01
8.599999999999999645e+00 1.515142546586803540e+01
8.700000000000001066e+00 1.447620673664024693e+01
8.800000000000000711e+00 1.381648800693562862e+01
8.900000000000000355e+00 1.317226927675417691e+01
9.000000000000000000e+00 1.254355054609588649e+01
9.099999999999999645e+00 1.193033181496075734e+01
9.200000000000001066e+00 1.133261308334878237e+01
9.300000000000000711e+00 1.075039435125997933e+01
9.400000000000000355e+00 1.018367561869434113e+01
9.500000000000000000e+00 9.632456885651864198e+00
9.600000000000001421e+00 9.096738152132539668e+00
9.700000000000001066e+00 8.576519418136390627e+00
9.800000000000000711e+00 8.071800683663401088e+00
9.900000000000000355e+00 7.582581948713577269e+00
1.000000000000000000e+01 7.108863213286914728e+00
1.010000000000000142e+01 6.650644477383405473e+00
1.020000000000000107e+01 6.207925741003069042e+00
1.030000000000000071e+01 5.780707004145895667e+00
1.040000000000000036e+01 5.368988266811883570e+00
1.050000000000000000e+01 4.972769529001034527e+00
1.060000000000000142e+01 4.592050790713342323e+00
1.070000000000000107e+01 4.226832051948819391e+00
1.080000000000000071e+01 3.877113312707459070e+00
1.090000000000000036e+01 3.542894572989261359e+00
1.100000000000000000e+01 3.224175832794227148e+00
1.110000000000000142e+01 2.920957092122349330e+00
1.120000000000000107e+01 2.633238350973640340e+00
1.130000000000000071e+01 2.361019609348093962e+00
1.140000000000000036e+01 2.104300867245710638e+00
1.150000000000000000e+01 1.863082124666489481e+00
1.160000000000000142e+01 1.637363381610427826e+00
1.170000000000000107e+01 1.427144638077532557e+00
1.180000000000000071e+01 1.232425894067800343e+00
1.190000000000000036e+01 1.053207149581230517e+00
1.200000000000000000e+01 8.894884046178235248e-01
1.210000000000000142e+01 7.412696591775769228e-01
1.220000000000000107e+01 6.085509132604957072e-01
1.230000000000000071e+01 4.913321668665772690e-01
1.240000000000000036e+01 3.896134199958216637e-01
1.250000000000000000e+01 3.033946726482286693e-01
1.260000000000000142e+01 2.326759248237973143e-01
1.270000000000000107e+01 1.774571765225300690e-01
1.280000000000000071e+01 1.377384277444255456e-01
1.290000000000000036e+01 1.135196784894837857e-01
1.300000000000000000e+01 1.048009287577047477e-01
1.310000000000000142e+01 1.038321787875070706e-01
1.320000000000000107e+01 1.028634288173093936e-01
1.330000000000000071e+01 1.018946788471117026e-01
1.340000000000000036e+01 1.009259288769140533e-01
1.350000000000000000e+01 9.995717890671639017e-02
1.360000000000000142e+01 9.898842893651871311e-02
1.370000000000000107e+01 9.801967896632103605e-02
1.380000000000000071e+01 9.705092899612335899e-02
1.390000000000000036e+01 9.608217902592566806e-02
1.400000000000000000e+01 9.511342905572800488e-02
1.410000000000000142e+01 9.414467908553031394e-02
1.420000000000000107e+01 9.317592911533263689e-02
1.430000000000000071e+01 9.220717914513495983e-02
1.440000000000000036e+01 9.123842917493729665e-02
1.450000000000000000e+01 9.026967920473961959e-02
1.460000000000000142e+01 8.930092923454192866e-02
1.470000000000000107e+01 8.833217926434425160e-02
1.480000000000000071e+01 8.736342929414657454e-02
1.490000000000000036e+01 8.639467932394889749e-02
1.500000000000000000e+01 8.542592935375122043e-02
1.510000000000000142e+01 8.445717938355352949e-02
1.520000000000000107e+01 8.348842941335585244e-02
1.530000000000000071e+01 8.251967944315817538e-02
1.540000000000000036e+01 8.155092947296051220e-02
1.550000000000000000e+01 8.058217950276283514e-02
1.560000000000000142e+01 7.961342953256514421e-02
1.570000000000000107e+01 7.864467956236748103e-02
1.580000000000000071e+01 7.767592959216980397e-02
1.590000000000000036e+01 7.670717962197212691e-02
1.600000000000000000e+01 7.573842965177444986e-02
1.610000000000000142e+01 7.476967968157674505e-02
1.619999999999999929e+01 7.380092971137909574e-02
1.630000000000000071e+01 7.283217974118140481e-02
1.640000000000000213e+01 7.186342977098371387e-02
1.650000000000000000e+01 7.089467980078607845e-02
1.660000000000000142e+01 6.992592983058837364e-02
1.669999999999999929e+01 6.895717986039071046e-02
1.680000000000000071e+01 6.798842989019301952e-02
1.690000000000000213e+01 6.701967991999534247e-02
1.700000000000000000e+01 6.605092994979766541e-02
1.710000000000000142e+01 6.508217997959997447e-02
1.719999999999999929e+01 6.411343000940232517e-02
1.730000000000000071e+01 6.314468003920463424e-02
1.740000000000000213e+01 6.217593006900694330e-02
1.750000000000000000e+01 6.120718009880930094e-02
1.760000000000000142e+01 6.023843012861159613e-02
1.769999999999999929e+01 5.926968015841393295e-02
1.780000000000000071e+01 5.830093018821624201e-02
1.790000000000000213e+01 5.733218021801855108e-02
1.800000000000000000e+01 5.636378623873008337e-02
1.810000000000000142e+01 5.539539225944157402e-02
1.819999999999999929e+01 5.443496111860251369e-02
1.830000000000000071e+01 5.347452997776341171e-02
1.840000000000000213e+01 5.251801982502311145e-02
1.850000000000000000e+01 5.156150967228285281e-02
1.860000000000000142e+01 5.060540362079406912e-02
1.869999999999999929e+01 4.964929756930531318e-02
1.880000000000000071e+01 4.869056310966062007e-02
1.890000000000000213e+01 4.773182865001594083e-02
1.900000000000000000e+01 4.676788505113090022e-02
1.910000000000000142e+01 4.580394145224581798e-02
1.920000000000000284e+01 4.483263425228241339e-02
1.930000000000000071e+01 4.386132705231904350e-02
1.940000000000000213e+01 4.288090243550284064e-02
1.950000000000000000e+01 4.190047781868666554e-02
1.960000000000000142e+01 4.090956430565483720e-02
1.970000000000000284e+01 3.991865079262300886e-02
1.980000000000000071e+01 3.891624067304778195e-02
1.990000000000000213e+01 3.791383055347251341e-02
2.000000000000000000e+01 3.689926490679147630e-02
2.010000000000000142e+01 3.588469926011040451e-02
2.020000000000000284e+01 3.485781523145357885e-02
2.030000000000000071e+01 3.383093120279678095e-02
2.040000000000000213e+01 3.281177611667209643e-02
2.050000000000000000e+01 3.179262103054745353e-02
2.060000000000000142e+01 3.081201451778166692e-02
2.070000000000000284e+01 2.983140800501587683e-02
2.080000000000000071e+01 2.889832535199717001e-02
2.090000000000000213e+01 2.796524269897842155e-02
2.100000000000000000e+01 2.707662269638542660e-02
2.110000000000000142e+01 2.618800269379239695e-02
2.120000000000000284e+01 2.534132676062744727e-02
2.130000000000000071e+01 2.449465082746252534e-02
2.140000000000000213e+01 2.368791629864445275e-02
2.150000000000000000e+01 2.288118176982642180e-02
2.160000000000000142e+01 2.211287663639650153e-02
2.170000000000000284e+01 2.134457150296658473e-02
2.180000000000000071e+01 2.061365049556514867e-02
2.190000000000000213e+01 1.988272948816369179e-02
2.200000000000000000e+01 1.918859203131706090e-02
2.210000000000000142e+01 1.849445457447040919e-02
2.220000000000000284e+01 1.783692409784645716e-02
2.230000000000000071e+01 1.717939362122252595e-02
2.240000000000000213e+01 1.655869802549848196e-02
2.250000000000000000e+01 1.593800242977445533e-02
2.260000000000000142e+01 1.535475574638176313e-02
2.270000000000000284e+01 1.477150906298907093e-02
2.280000000000000071e+01 1.422669411126898341e-02
2.290000000000000213e+01 1.368187915954888201e-02
2.300000000000000000e+01 1.317629938554066606e-02
2.310000000000000142e+01 1.267071961153243102e-02
2.320000000000000284e+01 1.219425050769931511e-02
2.330000000000000071e+01 1.171778140386621654e-02
2.340000000000000213e+01 1.126861087720788281e-02
2.350000000000000000e+01 1.081944035054956642e-02
2.360000000000000142e+01 1.039587953176702648e-02
2.370000000000000284e+01 9.972318712984488270e-03
2.380000000000000071e+01 9.572795152979537286e-03
2.390000000000000213e+01 9.173271592974572425e-03
2.400000000000000000e+01 8.796322544946217140e-03
2.410000000000000142e+01 8.419373496917847977e-03
2.420000000000000284e+01 8.063637163482387585e-03
2.430000000000000071e+01 7.707900830046937601e-03
2.440000000000000213e+01 7.372112332910222068e-03
2.450000000000000000e+01 7.036323835773516944e-03
2.460000000000000142e+01 6.719307618564152908e-03
2.470000000000000284e+01 6.402291401354788872e-03
2.480000000000000071e+01 6.102956469184846015e-03
2.490000000000000213e+01 5.803621537014891016e-03
2.500000000000000000e+01 5.520954928743925308e-03
2.510000000000000142e+01 5.238288320472949192e-03
2.520000000000000284e+01 4.971107389183038877e-03
2.530000000000000071e+01 4.703926457893137236e-03
2.540000000000000213e+01 4.451289393894147968e-03
2.550000000000000000e+01 4.198652329895169108e-03
2.560000000000000142e+01 3.959677425390315843e-03
2.570000000000000284e+01 3.720702520885463879e-03
2.580000000000000071e+01 3.494565457632241821e-03
2.590000000000000213e+01 3.268428394379013259e-03
2.600000000000000000e+01 3.054358186669083475e-03
2.610000000000000142e+01 2.840287978959145452e-03
2.620000000000000284e+01 2.637563132060709043e-03
2.630000000000000071e+01 2.434838285162279573e-03
2.640000000000000213e+01 2.242783333747276273e-03
2.650000000000000000e+01 2.050728382332279477e-03
2.660000000000000142e+01 1.868711269119784080e-03
2.670000000000000284e+01 1.686694155907288899e-03
2.680000000000000071e+01 1.514123262602109360e-03
2.690000000000000213e+01 1.341552369296923966e-03
2.700000000000000000e+01 1.177873599206254130e-03
2.710000000000000142e+01 1.014194829115578440e-03
2.720000000000000284e+01 8.588892669082423027e-04
2.730000000000000071e+01 7.035837047009115865e-04
2.740000000000000213e+01 5.559954602507624069e-04
2.750000000000000000e+01 4.084072158006186483e-04
2.760000000000000142e+01 2.681635884304713145e-04
2.770000000000000284e+01 1.279199610603239264e-04
2.780000000000000071e+01 -5.332050578622433932e-06
2.790000000000000213e+01 -1.385840622175732429e-04
2.800000000000000000e+01 -2.651787381019140351e-04
2.810000000000000142e+01 -3.917734139862594353e-04
2.820000000000000284e+01 -5.129389853097053543e-04
2.830000000000000071e+01 -6.341045566331471534e-04
2.840000000000000213e+01 -7.501875083519852138e-04
2.850000000000000000e+01 -8.662704600708188291e-04
2.860000000000000142e+01 -9.773911030460337088e-04
2.870000000000000284e+01 -1.088511746021248805e-03
2.880000000000000071e+01 -1.194894623678799958e-03
2.890000000000000213e+01 -1.301277501336354798e-03
2.900000000000000000e+01 -1.402854530067075556e-03
2.910000000000000142e+01 -1.504431558797799783e-03
2.920000000000000284e+01 -1.600708147328507415e-03
2.930000000000000071e+01 -1.696984735859211795e-03
2.940000000000000213e+01 -1.786871486312790807e-03
2.950000000000000000e+01 -1.876758236766366350e-03
2.960000000000000142e+01 -1.960013659606598107e-03
2.970000000000000284e+01 -2.043269082446829647e-03
2.980000000000000071e+01 -2.119282308048859101e-03
2.990000000000000213e+01 -2.195295533650890724e-03
3.000000000000000000e+01 -2.266224785968261237e-03
3.010000000000000142e+01 -2.337154038285633485e-03
3.020000000000000284e+01 -2.403623215579200455e-03
3.030000000000000071e+01 -2.470092392872765691e-03
3.040000000000000213e+01 -2.532148140612347845e-03
3.050000000000000000e+01 -2.594203888351927830e-03
3.060000000000000142e+01 -2.646046989409073756e-03
3.070000000000000284e+01 -2.697890090466219682e-03
3.080000000000000071e+01 -2.735380376913649093e-03
3.090000000000000213e+01 -2.772870663361079371e-03
3.100000000000000000e+01 -2.793994961428190697e-03
3.110000000000000142e+01 -2.815119259495302891e-03
3.120000000000000284e+01 -2.817698598260941645e-03
3.130000000000000071e+01 -2.820277937026580833e-03
3.140000000000000213e+01 -2.803168261334109714e-03
3.150000000000000000e+01 -2.786058585641639461e-03
3.160000000000000142e+01 -2.749018122058262577e-03
3.170000000000000284e+01 -2.711977658474886126e-03
3.180000000000000071e+01 -2.655555255820079945e-03
3.190000000000000213e+01 -2.599132853165270728e-03
3.200000000000000000e+01 -2.524575352364493742e-03
3.210000000000000142e+01 -2.450017851563714155e-03
3.220000000000000284e+01 -2.359190805319350426e-03
3.230000000000000426e+01 -2.268363759074985830e-03
3.239999999999999858e+01 -2.163431431554673021e-03
3.250000000000000000e+01 -2.058499104034353273e-03
3.260000000000000142e+01 -1.942319185786517540e-03
3.270000000000000284e+01 -1.826139267538681808e-03
3.280000000000000426e+01 -1.701987828912176169e-03
3.289999999999999858e+01 -1.577836390285679204e-03
3.300000000000000000e+01 -1.449317452759786139e-03
3.310000000000000142e+01 -1.320798515233892858e-03
3.320000000000000284e+01 -1.190441911508528360e-03
3.330000000000000426e+01 -1.060085307783164080e-03
3.339999999999999858e+01 -9.308610914188224401e-04
3.350000000000000000e+01 -8.016368750544716933e-04
3.360000000000000142e+01 -6.765117311462629738e-04
3.370000000000000284e+01 -5.513865872380542543e-04
3.380000000000000426e+01 -4.328636056757607584e-04
3.389999999999999858e+01 -3.143406241134755565e-04
3.400000000000000000e+01 -2.047332283888659448e-04
3.410000000000000142e+01 -9.512583266425699718e-05
3.420000000000000284e+01 3.190830587143876703e-06
3.430000000000000426e+01 1.015074938385437773e-04
3.439999999999999858e+01 1.855861812904526832e-04
3.450000000000000000e+01 2.696648687423675657e-04
3.460000000000000142e+01 3.375031317999120867e-04
3.470000000000000284e+01 4.053413948574565535e-04
3.480000000000000426e+01 4.548804450552494444e-04
3.489999999999999858e+01 5.044194952530388657e-04
3.500000000000000000e+01 5.379281530307329596e-04
3.510000000000000142e+01 5.714368108084259693e-04
3.520000000000000284e+01 5.924308931849264293e-04
3.530000000000000426e+01 6.134249755614264556e-04
3.539999999999999858e+01 6.276499847580883137e-04
3.550000000000000000e+01 6.418749939547512559e-04
3.560000000000000142e+01 6.498235730201077113e-04
3.570000000000000284e+01 6.577721520854642751e-04
3.580000000000000426e+01 6.599651535038613022e-04
3.589999999999999858e+01 6.621581549222581124e-04
3.600000000000000000e+01 6.602996282695211940e-04
3.610000000000000142e+01 6.584411016167839503e-04
3.620000000000000284e+01 6.532678497921289365e-04
3.630000000000000426e+01 6.480945979674737059e-04
3.639999999999999858e+01 6.402780192529598877e-04
3.650000000000000000e+01 6.324614405384456359e-04
3.660000000000000142e+01 6.225995858805790165e-04
3.670000000000000284e+01 6.127377312227125054e-04
3.680000000000000426e+01 6.013475650404722164e-04
3.689999999999999858e+01 5.899573988582327948e-04
3.700000000000000000e+01 5.774727457948412379e-04
3.710000000000000142e+01 5.649880927314496811e-04
3.720000000000000284e+01 5.517602159238868325e-04
3.730000000000000426e+01 5.385323391163238755e-04
3.739999999999999858e+01 5.248405283113259439e-04
3.750000000000000000e+01 5.111487175063268197e-04
3.760000000000000142e+01 4.972608986578087777e-04
3.770000000000000284e+01 4.833730798092907900e-04
3.780000000000000426e+01 4.695397042854395297e-04
3.789999999999999858e+01 4.557063287615892994e-04
3.800000000000000000e+01 4.421308034522839219e-04
3.810000000000000142e+01 4.285552781429785986e-04
3.820000000000000284e+01 4.153956476606718274e-04
3.830000000000000426e+01 4.022360171783651646e-04
3.840000000000000568e+01 3.896054902396420207e-04
3.850000000000000000e+01 3.769749633009197983e-04
3.860000000000000142e+01 3.649433412346564224e-04
3.870000000000000284e+01 3.529117191683929381e-04
3.880000000000000426e+01 3.415099547672421952e-04
3.890000000000000568e+01 3.301081903660914524e-04
3.900000000000000000e+01 3.193383331433861526e-04
3.910000000000000142e+01 3.085684759206799854e-04
3.920000000000000284e+01 2.984158382419169675e-04
3.930000000000000426e+01 2.882632005631539495e-04
3.940000000000000568e+01 2.786930138646921055e-04
3.950000000000000000e+01 2.691228271662309121e-04
3.960000000000000142e+01 2.600943015036581338e-04
3.970000000000000284e+01 2.510657758410853556e-04
3.980000000000000426e+01 2.425411979912623359e-04
3.990000000000000568e+01 2.340166201414393434e-04
4.000000000000000000e+01 2.259676235865512518e-04
4.010000000000000142e+01 2.179186270316625911e-04
4.020000000000000284e+01 2.103143330066257392e-04
4.030000000000000426e+01 2.027100389815888603e-04
4.040000000000000568e+01 1.955174302671966056e-04
4.050000000000000000e+01 1.883248215528048660e-04
4.060000000000000142e+01 1.815171005337836536e-04
4.070000000000000284e+01 1.747093795147624141e-04
4.080000000000000426e+01 1.682705300781738597e-04
4.090000000000000568e+01 1.618316806415853054e-04
4.100000000000000000e+01 1.557476416013485454e-04
4.110000000000000142e+01 1.496636025611113789e-04
4.120000000000000284e+01 1.439208803455221117e-04
4.130000000000000426e+01 1.381781581299328175e-04
4.140000000000000568e+01 1.327637326360465184e-04
4.150000000000000000e+01 1.273493071421606530e-04
4.160000000000000142e+01 1.222505703481608069e-04
4.170000000000000284e+01 1.171518335541609743e-04
4.180000000000000426e+01 1.123564169223368979e-04
4.190000000000000568e+01 1.075610002905127944e-04
4.200000000000000000e+01 1.030570557575755038e-04
4.210000000000000142e+01 9.855311122463790148e-05
4.220000000000000284e+01 9.432898902200939986e-05
4.230000000000000426e+01 9.010486681938092535e-05
4.240000000000000568e+01 8.614923177283007256e-05
4.250000000000000000e+01 8.219359672627949082e-05
4.260000000000000142e+01 7.849549046353842142e-05
4.270000000000000284e+01 7.479738420079733846e-05
4.280000000000000426e+01 7.134589477357856956e-05
4.290000000000000568e+01 6.789440534635982777e-05
4.300000000000000000e+01 6.467923892037264410e-05
4.310000000000000142e+01 6.146407249438524359e-05
4.320000000000000284e+01 5.847467746424166336e-05
4.330000000000000426e+01 5.548528243409808314e-05
4.340000000000000568e+01 5.271200300512884652e-05
4.350000000000000000e+01 4.993872357615980641e-05
4.360000000000000142e+01 4.737140441600303669e-05
4.370000000000000284e+01 4.480408525584627375e-05
4.380000000000000426e+01 4.243356546840771959e-05
4.390000000000000568e+01 4.006304568096915865e-05
4.400000000000000000e+01 3.787965735141361892e-05
4.410000000000000142e+01 3.569626902185792333e-05
4.420000000000000284e+01 3.369112689921145530e-05
4.430000000000000426e+01 3.168598477656499405e-05
4.440000000000000568e+01 2.984992216370559740e-05
4.450000000000000000e+01 2.801385955084632949e-05
4.460000000000000142e+01 2.633817666210403759e-05
4.470000000000000284e+01 2.466249377336174231e-05
4.480000000000000426e+01 2.313856447391377240e-05
4.490000000000000568e+01 2.161463517446579911e-05
4.500000000000000000e+01 2.023400752290370339e-05
4.510000000000000142e+01 1.885337987134150941e-05
4.520000000000000284e+01 1.760784638104989766e-05
4.530000000000000426e+01 1.636231289075829268e-05
4.540000000000000568e+01 1.524379059323584587e-05
4.550000000000000000e+01 1.412526829571348038e-05
4.560000000000000142e+01 1.312577163389459182e-05
4.570000000000000284e+01 1.212627497207569817e-05
4.580000000000000426e+01 1.123808629625240594e-05
4.590000000000000568e+01 1.034989762042911541e-05
4.600000000000000000e+01 9.565262498776820526e-06
4.610000000000000142e+01 8.780627377124469737e-06
4.620000000000000284e+01 8.092181643304763945e-06
4.630000000000000426e+01 7.403735909485057306e-06
4.640000000000000568e+01 6.804180273597142898e-06
4.650000000000000000e+01 6.204624637709270841e-06
4.660000000000000142e+01 5.686441130935230471e-06
4.670000000000000284e+01 5.168257624161188406e-06
4.680000000000000426e+01 4.724367196965057715e-06
4.690000000000000568e+01 4.280476769768927871e-06
4.700000000000000000e+01 3.903358152538931913e-06
4.710000000000000142e+01 3.526239535308907579e-06
4.720000000000000284e+01 3.208788536909701115e-06
4.730000000000000426e+01 2.891337538510494652e-06
4.740000000000000568e+01 2.626395280538586949e-06
4.750000000000000000e+01 2.361453022566697457e-06
4.760000000000000142e+01 2.146248163159201746e-06
4.770000000000000284e+01 1.931043303751705612e-06
4.780000000000000426e+01 1.758445294183706784e-06
4.790000000000000568e+01 1.585847284615707955e-06
4.800000000000000000e+01 1.449591441298927071e-06
4.810000000000000142e+01 1.313335597982136233e-06
4.820000000000000284e+01 1.207183150646476647e-06
4.830000000000000426e+01 1.101030703310817273e-06
4.840000000000000568e+01 1.018767087641745649e-06
4.850000000000000000e+01 9.365034719726795312e-07
4.860000000000000142e+01 8.719367347423204271e-07
4.870000000000000284e+01 8.073699975119608995e-07
4.880000000000000426e+01 7.543293067920748318e-07
4.890000000000000568e+01 7.012886160721888699e-07
4.900000000000000000e+01 6.536228696054315464e-07
4.910000000000000142e+01 6.059571231386708348e-07
4.920000000000000284e+01 5.575336484007147057e-07
4.930000000000000426e+01 5.091101736627584708e-07
4.940000000000000568e+01 4.538135135740499481e-07
4.950000000000000000e+01 3.985168534853452900e-07
4.960000000000000142e+01 3.302476321291967398e-07
4.970000000000000284e+01 2.619784107730482424e-07
4.980000000000000426e+01 1.746522738486967372e-07
4.990000000000000568e+01 8.732613692434527162e-08
5.000000000000000000e+01 0.000000000000000000e+00
