0.000000 2.285748
0.500000 2.285705
1.000000 2.285574
1.500000 2.285357
2.000000 2.285052
2.500000 2.284660
3.000000 2.284182
3.500000 2.283617
4.000000 2.282964
4.500000 2.282225
5.000000 2.281399
5.500000 2.280487
6.000000 2.279487
6.500000 2.278402
7.000000 2.277229
7.500000 2.275971
8.000000 2.274626
8.500000 2.273195
9.000000 2.271678
9.500000 2.270074
10.000000 2.268385
10.500000 2.266611
11.000000 2.264750
11.500000 2.262805
12.000000 2.260774
12.500000 2.258658
13.000000 2.256456
13.500000 2.254171
14.000000 2.251800
14.500000 2.249345
15.000000 2.246806
15.500000 2.244182
16.000000 2.241475
16.500000 2.238684
17.000000 2.235810
17.500000 2.232853
18.000000 2.229812
18.500000 2.226689
19.000000 2.223483
19.500000 2.220195
20.000000 2.216824
20.500000 2.213373
21.000000 2.209839
21.500000 2.206224
22.000000 2.202529
22.500000 2.198752
23.000000 2.194895
23.500000 2.190958
24.000000 2.186942
24.500000 2.182845
25.000000 2.178670
25.500000 2.174415
26.000000 2.170083
26.500000 2.165671
27.000000 2.161182
27.500000 2.156616
28.000000 2.151972
28.500000 2.147251
29.000000 2.142454
29.500000 2.137581
30.000000 2.132632
30.500000 2.127608
31.000000 2.122508
31.500000 2.117334
32.000000 2.112086
32.500000 2.106764
33.000000 2.101369
33.500000 2.095901
34.000000 2.090360
34.500000 2.084747
35.000000 2.079062
35.500000 2.073306
36.000000 2.067479
36.500000 2.061581
37.000000 2.055614
37.500000 2.049577
38.000000 2.043471
38.500000 2.037297
39.000000 2.031054
39.500000 2.024744
40.000000 2.018366
40.500000 2.011922
41.000000 2.005412
41.500000 1.998836
42.000000 1.992195
42.500000 1.985489
43.000000 1.978719
43.500000 1.971886
44.000000 1.964989
44.500000 1.958030
45.000000 1.951008
45.500000 1.943925
46.000000 1.936781
46.500000 1.929577
47.000000 1.922312
47.500000 1.914989
48.000000 1.907606
48.500000 1.900165
49.000000 1.892667
49.500000 1.885111
50.000000 1.877499
50.500000 1.869831
51.000000 1.862108
51.500000 1.854330
52.000000 1.846498
52.500000 1.838612
53.000000 1.830673
53.500000 1.822682
54.000000 1.814639
54.500000 1.806544
55.000000 1.798400
55.500000 1.790205
56.000000 1.781961
56.500000 1.773669
57.000000 1.765328
57.500000 1.756940
58.000000 1.748505
58.500000 1.740024
59.000000 1.731498
59.500000 1.722927
60.000000 1.714311
60.500000 1.705652
61.000000 1.696950
61.500000 1.688207
62.000000 1.679421
62.500000 1.670595
63.000000 1.661728
63.500000 1.652822
64.000000 1.643877
64.500000 1.634894
65.000000 1.625874
65.500000 1.616816
66.000000 1.607723
66.500000 1.598594
67.000000 1.589431
67.500000 1.580233
68.000000 1.571002
68.500000 1.561739
69.000000 1.552444
69.500000 1.543117
70.000000 1.533760
70.500000 1.524373
71.000000 1.514958
71.500000 1.505513
72.000000 1.496042
72.500000 1.486543
73.000000 1.477018
73.500000 1.467468
74.000000 1.457893
74.500000 1.448294
75.000000 1.438672
75.500000 1.429027
76.000000 1.419360
76.500000 1.409673
77.000000 1.399965
77.500000 1.390237
78.000000 1.380491
78.500000 1.370727
79.000000 1.360945
79.500000 1.351146
80.000000 1.341332
80.500000 1.331503
81.000000 1.321659
81.500000 1.311802
82.000000 1.301931
82.500000 1.292049
83.000000 1.282155
83.500000 1.272251
84.000000 1.262337
84.500000 1.252414
85.000000 1.242482
85.500000 1.232543
86.000000 1.222597
86.500000 1.212645
87.000000 1.202688
87.500000 1.192726
88.000000 1.182760
88.500000 1.172791
89.000000 1.162820
89.500000 1.152847
90.000000 1.142874
90.500000 1.132901
91.000000 1.122928
91.500000 1.112957
92.000000 1.102988
92.500000 1.093023
93.000000 1.083061
93.500000 1.073103
94.000000 1.063151
94.500000 1.053205
95.000000 1.043266
95.500000 1.033334
96.000000 1.023411
96.500000 1.013497
97.000000 1.003593
97.500000 0.993699
98.000000 0.983817
98.500000 0.973947
99.000000 0.964089
99.500000 0.954245
100.000000 0.944416
100.500000 0.934602
101.000000 0.924803
101.500000 0.915022
102.000000 0.905257
102.500000 0.895511
103.000000 0.885783
103.500000 0.876075
104.000000 0.866388
104.500000 0.856721
105.000000 0.847077
105.500000 0.837454
106.000000 0.827855
106.500000 0.818280
107.000000 0.808730
107.500000 0.799205
108.000000 0.789707
108.500000 0.780235
109.000000 0.770791
109.500000 0.761375
110.000000 0.751988
110.500000 0.742631
111.000000 0.733305
111.500000 0.724009
112.000000 0.714746
112.500000 0.705515
113.000000 0.696318
113.500000 0.687154
114.000000 0.678025
114.500000 0.668932
115.000000 0.659875
115.500000 0.650854
116.000000 0.641871
116.500000 0.632926
117.000000 0.624020
117.500000 0.615154
118.000000 0.606327
118.500000 0.597542
119.000000 0.588798
119.500000 0.580096
120.000000 0.571437
120.500000 0.562822
121.000000 0.554250
121.500000 0.545724
122.000000 0.537243
122.500000 0.528808
123.000000 0.520420
123.500000 0.512080
124.000000 0.503787
124.500000 0.495543
125.000000 0.487348
125.500000 0.479204
126.000000 0.471110
126.500000 0.463067
127.000000 0.455075
127.500000 0.447136
128.000000 0.439251
128.500000 0.431418
129.000000 0.423640
129.500000 0.415917
130.000000 0.408249
130.500000 0.400637
131.000000 0.393081
131.500000 0.385583
132.000000 0.378142
132.500000 0.370760
133.000000 0.363436
133.500000 0.356171
134.000000 0.348967
134.500000 0.341823
135.000000 0.334740
135.500000 0.327719
136.000000 0.320759
136.500000 0.313863
137.000000 0.307029
137.500000 0.300259
138.000000 0.293553
138.500000 0.286912
139.000000 0.280336
139.500000 0.273826
140.000000 0.267382
140.500000 0.261004
141.000000 0.254694
141.500000 0.248452
142.000000 0.242277
142.500000 0.236171
143.000000 0.230134
143.500000 0.224167
144.000000 0.218270
144.500000 0.212443
145.000000 0.206686
145.500000 0.201002
146.000000 0.195389
146.500000 0.189848
147.000000 0.184379
147.500000 0.178984
148.000000 0.173662
148.500000 0.168414
149.000000 0.163240
149.500000 0.158140
150.000000 0.153116
150.500000 0.148167
151.000000 0.143294
151.500000 0.138497
152.000000 0.133776
152.500000 0.129132
153.000000 0.124566
153.500000 0.120077
154.000000 0.115666
154.500000 0.111333
155.000000 0.107078
155.500000 0.102903
156.000000 0.098807
156.500000 0.094790
157.000000 0.090853
157.500000 0.086996
158.000000 0.083220
158.500000 0.079524
159.000000 0.075909
159.500000 0.072376
160.000000 0.068924
160.500000 0.065554
161.000000 0.062265
161.500000 0.059060
162.000000 0.055936
162.500000 0.052896
163.000000 0.049938
163.500000 0.047064
164.000000 0.044273
164.500000 0.041566
165.000000 0.038942
165.500000 0.036403
166.000000 0.033948
166.500000 0.031578
167.000000 0.029292
167.500000 0.027091
168.000000 0.024975
168.500000 0.022944
169.000000 0.020998
169.500000 0.019138
170.000000 0.017363
170.500000 0.015674
171.000000 0.014071
171.500000 0.012553
172.000000 0.011122
172.500000 0.009777
173.000000 0.008519
173.500000 0.007347
174.000000 0.006261
174.500000 0.005262
175.000000 0.004349
175.500000 0.003523
176.000000 0.002784
176.500000 0.002132
177.000000 0.001566
177.500000 0.001088
178.000000 0.000696
178.500000 0.000392
179.000000 0.000174
179.500000 0.000044
180.000000 0.000000
180.500000 0.000044
181.000000 0.000174
