0.000000 87.285674
0.100000 87.188716
0.200000 87.091813
0.300000 86.994964
0.400000 86.898168
0.500000 86.801427
0.600000 86.704739
0.700000 86.608105
0.800000 86.511525
0.900000 86.414999
1.000000 86.318527
1.100000 86.222108
1.200000 86.125744
1.300000 86.029433
1.400000 85.933177
1.500000 85.836974
1.600000 85.740825
1.700000 85.644730
1.800000 85.548689
1.900000 85.452701
2.000000 85.356768
2.100000 85.260888
2.200000 85.165063
2.300000 85.069291
2.400000 84.973573
2.500000 84.877909
2.600000 84.782299
2.700000 84.686743
2.800000 84.591240
2.900000 84.495792
3.000000 84.400397
3.100000 84.305056
3.200000 84.209770
3.300000 84.114537
3.400000 84.019357
3.500000 83.924232
3.600000 83.829161
3.700000 83.734143
3.800000 83.639180
3.900000 83.544270
4.000000 83.449414
4.100000 83.354612
4.200000 83.259864
4.300000 83.165170
4.400000 83.070530
4.500000 82.975943
4.600000 82.881411
4.700000 82.786932
4.800000 82.692507
4.900000 82.598137
5.000000 82.503820
5.100000 82.409556
5.200000 82.315347
5.300000 82.221192
5.400000 82.127090
5.500000 82.033043
5.600000 81.939049
5.700000 81.845109
5.800000 81.751223
5.900000 81.657391
6.000000 81.563613
6.100000 81.469888
6.200000 81.376218
6.300000 81.282601
6.400000 81.189039
6.500000 81.095530
6.600000 81.002075
6.700000 80.908674
6.800000 80.815327
6.900000 80.722033
7.000000 80.628794
7.100000 80.535608
7.200000 80.442477
7.300000 80.349399
7.400000 80.256375
7.500000 80.163405
7.600000 80.070489
7.700000 79.977627
7.800000 79.884818
7.900000 79.792064
8.000000 79.699363
8.100000 79.606716
8.200000 79.514124
8.300000 79.421585
8.400000 79.329100
8.500000 79.236668
8.600000 79.144291
8.700000 79.051967
8.800000 78.959698
8.900000 78.867482
9.000000 78.775320
9.100000 78.683212
9.200000 78.591158
9.300000 78.499158
9.400000 78.407212
9.500000 78.315320
9.600000 78.223481
9.700000 78.131696
9.800000 78.039966
9.900000 77.948289
10.000000 77.856666
10.100000 77.765096
10.200000 77.673581
10.300000 77.582120
10.400000 77.490712
10.500000 77.399359
10.600000 77.308059
10.700000 77.216813
10.800000 77.125621
10.900000 77.034483
11.000000 76.943399
11.100000 76.852369
11.200000 76.761392
11.300000 76.670469
11.400000 76.579601
11.500000 76.488786
11.600000 76.398025
11.700000 76.307318
11.800000 76.216665
11.900000 76.126066
12.000000 76.035520
12.100000 75.945029
12.200000 75.854591
12.300000 75.764207
12.400000 75.673877
12.500000 75.583601
12.600000 75.493379
12.700000 75.403211
12.800000 75.313096
12.900000 75.223036
13.000000 75.133029
13.100000 75.043077
13.200000 74.953178
13.300000 74.863333
13.400000 74.773542
13.500000 74.683804
13.600000 74.594121
13.700000 74.504492
13.800000 74.414916
13.900000 74.325394
14.000000 74.235927
14.100000 74.146513
14.200000 74.057153
14.300000 73.967846
14.400000 73.878594
14.500000 73.789396
14.600000 73.700251
14.700000 73.611161
14.800000 73.522124
14.900000 73.433141
15.000000 73.344212
15.100000 73.255337
15.200000 73.166515
15.300000 73.077748
15.400000 72.989035
15.500000 72.900375
15.600000 72.811769
15.700000 72.723217
15.800000 72.634719
15.900000 72.546275
16.000000 72.457885
16.100000 72.369549
16.200000 72.281266
16.300000 72.193038
16.400000 72.104863
16.500000 72.016742
16.600000 71.928675
16.700000 71.840662
16.800000 71.752703
16.900000 71.664798
17.000000 71.576946
17.100000 71.489149
17.200000 71.401405
17.300000 71.313715
17.400000 71.226079
17.500000 71.138497
17.600000 71.050969
17.700000 70.963495
17.800000 70.876075
17.900000 70.788708
18.000000 70.701396
18.100000 70.614137
18.200000 70.526932
18.300000 70.439781
18.400000 70.352684
18.500000 70.265641
18.600000 70.178651
18.700000 70.091716
18.800000 70.004834
18.900000 69.918007
19.000000 69.831233
19.100000 69.744513
19.200000 69.657847
19.300000 69.571235
19.400000 69.484676
19.500000 69.398172
19.600000 69.311721
19.700000 69.225325
19.800000 69.138982
19.900000 69.052693
20.000000 68.966458
20.100000 68.880277
20.200000 68.794150
20.300000 68.708076
20.400000 68.622057
20.500000 68.536091
20.600000 68.450180
20.700000 68.364322
20.800000 68.278518
20.900000 68.192768
21.000000 68.107071
21.100000 68.021429
21.200000 67.935841
21.300000 67.850306
21.400000 67.764825
21.500000 67.679399
21.600000 67.594026
21.700000 67.508707
21.800000 67.423441
21.900000 67.338230
22.000000 67.253073
22.100000 67.167969
22.200000 67.082919
22.300000 66.997924
22.400000 66.912982
22.500000 66.828094
22.600000 66.743260
22.700000 66.658479
22.800000 66.573753
22.900000 66.489081
23.000000 66.404462
23.100000 66.319897
23.200000 66.235386
23.300000 66.150929
23.400000 66.066526
23.500000 65.982177
23.600000 65.897882
23.700000 65.813640
23.800000 65.729453
23.900000 65.645319
24.000000 65.561239
24.100000 65.477213
24.200000 65.393241
24.300000 65.309323
24.400000 65.225459
24.500000 65.141648
24.600000 65.057892
24.700000 64.974189
24.800000 64.890540
24.900000 64.806946
25.000000 64.723405
25.100000 64.639917
25.200000 64.556484
25.300000 64.473105
25.400000 64.389779
25.500000 64.306508
25.600000 64.223290
25.700000 64.140126
25.800000 64.057016
25.900000 63.973960
26.000000 63.890958
26.100000 63.808010
26.200000 63.725115
26.300000 63.642274
26.400000 63.559488
26.500000 63.476755
26.600000 63.394076
26.700000 63.311451
26.800000 63.228880
26.900000 63.146363
27.000000 63.063899
27.100000 62.981490
27.200000 62.899134
27.300000 62.816832
27.400000 62.734584
27.500000 62.652390
27.600000 62.570250
27.700000 62.488164
27.800000 62.406132
27.900000 62.324153
28.000000 62.242228
28.100000 62.160358
28.200000 62.078541
28.300000 61.996778
28.400000 61.915069
28.500000 61.833414
28.600000 61.751812
28.700000 61.670265
28.800000 61.588771
28.900000 61.507332
29.000000 61.425946
29.100000 61.344614
29.200000 61.263336
29.300000 61.182112
29.400000 61.100941
29.500000 61.019825
29.600000 60.938762
29.700000 60.857754
29.800000 60.776799
29.900000 60.695898
30.000000 60.615051
30.100000 60.534258
30.200000 60.453519
30.300000 60.372833
30.400000 60.292202
30.500000 60.211624
30.600000 60.131101
30.700000 60.050631
30.800000 59.970215
30.900000 59.889853
31.000000 59.809544
31.100000 59.729290
31.200000 59.649090
31.300000 59.568943
31.400000 59.488850
31.500000 59.408812
31.600000 59.328827
31.700000 59.248896
31.800000 59.169018
31.900000 59.089195
32.000000 59.009426
32.100000 58.929710
32.200000 58.850049
32.300000 58.770441
32.400000 58.690887
32.500000 58.611387
32.600000 58.531941
32.700000 58.452549
32.800000 58.373210
32.900000 58.293926
33.000000 58.214695
33.100000 58.135518
33.200000 58.056395
33.300000 57.977327
33.400000 57.898311
33.500000 57.819350
33.600000 57.740443
33.700000 57.661589
33.800000 57.582790
33.900000 57.504044
34.000000 57.425352
34.100000 57.346714
34.200000 57.268130
34.300000 57.189600
34.400000 57.111124
34.500000 57.032702
34.600000 56.954333
34.700000 56.876018
34.800000 56.797758
34.900000 56.719551
35.000000 56.641398
35.100000 56.563299
35.200000 56.485253
35.300000 56.407262
35.400000 56.329325
35.500000 56.251441
35.600000 56.173611
35.700000 56.095835
35.800000 56.018113
35.900000 55.940445
36.000000 55.862831
36.100000 55.785271
36.200000 55.707764
36.300000 55.630312
36.400000 55.552913
36.500000 55.475568
36.600000 55.398277
36.700000 55.321040
36.800000 55.243857
36.900000 55.166728
37.000000 55.089652
37.100000 55.012631
37.200000 54.935663
37.300000 54.858749
37.400000 54.781890
37.500000 54.705084
37.600000 54.628331
37.700000 54.551633
37.800000 54.474989
37.900000 54.398398
38.000000 54.321862
38.100000 54.245379
38.200000 54.168950
38.300000 54.092575
38.400000 54.016254
38.500000 53.939987
38.600000 53.863774
38.700000 53.787614
38.800000 53.711509
38.900000 53.635457
39.000000 53.559459
39.100000 53.483515
39.200000 53.407625
39.300000 53.331789
39.400000 53.256007
39.500000 53.180278
39.600000 53.104604
39.700000 53.028983
39.800000 52.953416
39.900000 52.877904
40.000000 52.802445
40.100000 52.727039
40.200000 52.651688
40.300000 52.576391
40.400000 52.501147
40.500000 52.425958
40.600000 52.350822
40.700000 52.275740
40.800000 52.200712
40.900000 52.125738
41.000000 52.050818
41.100000 51.975952
41.200000 51.901139
41.300000 51.826381
41.400000 51.751676
41.500000 51.677025
41.600000 51.602428
41.700000 51.527885
41.800000 51.453396
41.900000 51.378961
42.000000 51.304579
42.100000 51.230252
42.200000 51.155978
42.300000 51.081758
42.400000 51.007592
42.500000 50.933480
42.600000 50.859422
42.700000 50.785418
42.800000 50.711468
42.900000 50.637571
43.000000 50.563729
43.100000 50.489940
43.200000 50.416205
43.300000 50.342524
43.400000 50.268897
43.500000 50.195324
43.600000 50.121804
43.700000 50.048339
43.800000 49.974927
43.900000 49.901570
44.000000 49.828266
44.100000 49.755016
44.200000 49.681820
44.300000 49.608678
44.400000 49.535590
44.500000 49.462555
44.600000 49.389575
44.700000 49.316648
44.800000 49.243775
44.900000 49.170956
45.000000 49.098191
45.100000 49.025480
45.200000 48.952823
45.300000 48.880220
45.400000 48.807670
45.500000 48.735175
45.600000 48.662733
45.700000 48.590345
45.800000 48.518011
45.900000 48.445731
46.000000 48.373505
46.100000 48.301332
46.200000 48.229214
46.300000 48.157149
46.400000 48.085139
46.500000 48.013182
46.600000 47.941279
46.700000 47.869430
46.800000 47.797635
46.900000 47.725894
47.000000 47.654206
47.100000 47.582573
47.200000 47.510993
47.300000 47.439467
47.400000 47.367995
47.500000 47.296577
47.600000 47.225213
47.700000 47.153903
47.800000 47.082647
47.900000 47.011444
48.000000 46.940296
48.100000 46.869201
48.200000 46.798160
48.300000 46.727173
48.400000 46.656240
48.500000 46.585361
48.600000 46.514535
48.700000 46.443764
48.800000 46.373046
48.900000 46.302383
49.000000 46.231773
49.100000 46.161217
49.200000 46.090715
49.300000 46.020267
49.400000 45.949873
49.500000 45.879532
49.600000 45.809246
49.700000 45.739013
49.800000 45.668834
49.900000 45.598709
50.000000 45.528638
50.100000 45.458621
50.200000 45.388658
50.300000 45.318749
50.400000 45.248893
50.500000 45.179092
50.600000 45.109344
50.700000 45.039650
50.800000 44.970010
50.900000 44.900424
51.000000 44.830892
51.100000 44.761413
51.200000 44.691989
51.300000 44.622618
51.400000 44.553302
51.500000 44.484039
51.600000 44.414830
51.700000 44.345675
51.800000 44.276574
51.900000 44.207527
52.000000 44.138533
52.100000 44.069594
52.200000 44.000708
52.300000 43.931876
52.400000 43.863098
52.500000 43.794374
52.600000 43.725704
52.700000 43.657088
52.800000 43.588526
52.900000 43.520017
53.000000 43.451563
53.100000 43.383162
53.200000 43.314815
53.300000 43.246522
53.400000 43.178283
53.500000 43.110098
53.600000 43.041967
53.700000 42.973889
53.800000 42.905866
53.900000 42.837896
54.000000 42.769980
54.100000 42.702118
54.200000 42.634310
54.300000 42.566556
54.400000 42.498856
54.500000 42.431209
54.600000 42.363617
54.700000 42.296078
54.800000 42.228593
54.900000 42.161162
55.000000 42.093785
55.100000 42.026462
55.200000 41.959193
55.300000 41.891978
55.400000 41.824816
55.500000 41.757709
55.600000 41.690655
55.700000 41.623655
55.800000 41.556709
55.900000 41.489817
56.000000 41.422979
56.100000 41.356195
56.200000 41.289464
56.300000 41.222788
56.400000 41.156165
56.500000 41.089596
56.600000 41.023081
56.700000 40.956620
56.800000 40.890213
56.900000 40.823860
57.000000 40.757560
57.100000 40.691315
57.200000 40.625123
57.300000 40.558985
57.400000 40.492902
57.500000 40.426872
57.600000 40.360895
57.700000 40.294973
57.800000 40.229105
57.900000 40.163290
58.000000 40.097530
58.100000 40.031823
58.200000 39.966170
58.300000 39.900571
58.400000 39.835026
58.500000 39.769535
58.600000 39.704098
58.700000 39.638714
58.800000 39.573385
58.900000 39.508109
59.000000 39.442887
59.100000 39.377719
59.200000 39.312605
59.300000 39.247545
59.400000 39.182539
59.500000 39.117586
59.600000 39.052688
59.700000 38.987843
59.800000 38.923053
59.900000 38.858316
60.000000 38.793633
60.100000 38.729004
60.200000 38.664428
60.300000 38.599907
60.400000 38.535440
60.500000 38.471026
60.600000 38.406666
60.700000 38.342360
60.800000 38.278108
60.900000 38.213910
61.000000 38.149766
61.100000 38.085676
61.200000 38.021639
61.300000 37.957657
61.400000 37.893728
61.500000 37.829853
61.600000 37.766032
61.700000 37.702265
61.800000 37.638552
61.900000 37.574893
62.000000 37.511288
62.100000 37.447736
62.200000 37.384238
62.300000 37.320795
62.400000 37.257405
62.500000 37.194069
62.600000 37.130787
62.700000 37.067559
62.800000 37.004384
62.900000 36.941264
63.000000 36.878197
63.100000 36.815184
63.200000 36.752226
63.300000 36.689321
63.400000 36.626470
63.500000 36.563672
63.600000 36.500929
63.700000 36.438240
63.800000 36.375604
63.900000 36.313022
64.000000 36.250495
64.100000 36.188021
64.200000 36.125601
64.300000 36.063234
64.400000 36.000922
64.500000 35.938664
64.600000 35.876459
64.700000 35.814309
64.800000 35.752212
64.900000 35.690169
65.000000 35.628180
65.100000 35.566245
65.200000 35.504364
65.300000 35.442536
65.400000 35.380763
65.500000 35.319043
65.600000 35.257378
65.700000 35.195766
65.800000 35.134208
65.900000 35.072704
66.000000 35.011254
66.100000 34.949857
66.200000 34.888515
66.300000 34.827226
66.400000 34.765992
66.500000 34.704811
66.600000 34.643684
66.700000 34.582611
66.800000 34.521592
66.900000 34.460626
67.000000 34.399715
67.100000 34.338857
67.200000 34.278054
67.300000 34.217304
67.400000 34.156608
67.500000 34.095966
67.600000 34.035378
67.700000 33.974844
67.800000 33.914364
67.900000 33.853937
68.000000 33.793564
68.100000 33.733246
68.200000 33.672981
68.300000 33.612770
68.400000 33.552613
68.500000 33.492510
68.600000 33.432460
68.700000 33.372465
68.800000 33.312523
68.900000 33.252636
69.000000 33.192802
69.100000 33.133022
69.200000 33.073296
69.300000 33.013624
69.400000 32.954006
69.500000 32.894441
69.600000 32.834931
69.700000 32.775474
69.800000 32.716071
69.900000 32.656722
70.000000 32.597427
70.100000 32.538186
70.200000 32.478999
70.300000 32.419866
70.400000 32.360786
70.500000 32.301761
70.600000 32.242789
70.700000 32.183871
70.800000 32.125007
70.900000 32.066197
71.000000 32.007441
71.100000 31.948739
71.200000 31.890090
71.300000 31.831496
71.400000 31.772955
71.500000 31.714468
71.600000 31.656035
71.700000 31.597656
71.800000 31.539331
71.900000 31.481060
72.000000 31.422842
72.100000 31.364679
72.200000 31.306569
72.300000 31.248514
72.400000 31.190512
72.500000 31.132564
72.600000 31.074670
72.700000 31.016829
72.800000 30.959043
72.900000 30.901311
73.000000 30.843632
73.100000 30.786007
73.200000 30.728436
73.300000 30.670920
73.400000 30.613456
73.500000 30.556047
73.600000 30.498692
73.700000 30.441391
73.800000 30.384143
73.900000 30.326949
74.000000 30.269810
74.100000 30.212724
74.200000 30.155692
74.300000 30.098713
74.400000 30.041789
74.500000 29.984919
74.600000 29.928102
74.700000 29.871340
74.800000 29.814631
74.900000 29.757976
75.000000 29.701375
75.100000 29.644828
75.200000 29.588335
75.300000 29.531895
75.400000 29.475510
75.500000 29.419178
75.600000 29.362901
75.700000 29.306677
75.800000 29.250507
75.900000 29.194391
76.000000 29.138329
76.100000 29.082320
76.200000 29.026366
76.300000 28.970465
76.400000 28.914619
76.500000 28.858826
76.600000 28.803087
76.700000 28.747402
76.800000 28.691771
76.900000 28.636193
77.000000 28.580670
77.100000 28.525201
77.200000 28.469785
77.300000 28.414423
77.400000 28.359115
77.500000 28.303861
77.600000 28.248661
77.700000 28.193515
77.800000 28.138423
77.900000 28.083384
78.000000 28.028400
78.100000 27.973469
78.200000 27.918592
78.300000 27.863769
78.400000 27.809000
78.500000 27.754285
78.600000 27.699624
78.700000 27.645016
78.800000 27.590463
78.900000 27.535963
79.000000 27.481517
79.100000 27.427125
79.200000 27.372787
79.300000 27.318503
79.400000 27.264273
79.500000 27.210096
79.600000 27.155974
79.700000 27.101905
79.800000 27.047891
79.900000 26.993930
80.000000 26.940023
80.100000 26.886170
80.200000 26.832370
80.300000 26.778625
80.400000 26.724934
80.500000 26.671296
80.600000 26.617712
80.700000 26.564182
80.800000 26.510707
80.900000 26.457284
81.000000 26.403916
81.100000 26.350602
81.200000 26.297342
81.300000 26.244135
81.400000 26.190982
81.500000 26.137884
81.600000 26.084839
81.700000 26.031848
81.800000 25.978910
81.900000 25.926027
82.000000 25.873198
82.100000 25.820422
82.200000 25.767701
82.300000 25.715033
82.400000 25.662419
82.500000 25.609859
82.600000 25.557353
82.700000 25.504901
82.800000 25.452502
82.900000 25.400158
83.000000 25.347867
83.100000 25.295631
83.200000 25.243448
83.300000 25.191319
83.400000 25.139244
83.500000 25.087223
83.600000 25.035255
83.700000 24.983342
83.800000 24.931482
83.900000 24.879677
84.000000 24.827925
84.100000 24.776227
84.200000 24.724583
84.300000 24.672993
84.400000 24.621457
84.500000 24.569974
84.600000 24.518546
84.700000 24.467171
84.800000 24.415850
84.900000 24.364583
85.000000 24.313370
85.100000 24.262211
85.200000 24.211106
85.300000 24.160055
85.400000 24.109057
85.500000 24.058114
85.600000 24.007224
85.700000 23.956388
85.800000 23.905606
85.900000 23.854878
86.000000 23.804204
86.100000 23.753584
86.200000 23.703017
86.300000 23.652505
86.400000 23.602046
86.500000 23.551641
86.600000 23.501290
86.700000 23.450993
86.800000 23.400750
86.900000 23.350561
87.000000 23.300426
87.100000 23.250344
87.200000 23.200317
87.300000 23.150343
87.400000 23.100423
87.500000 23.050557
87.600000 23.000745
87.700000 22.950987
87.800000 22.901282
87.900000 22.851632
88.000000 22.802035
88.100000 22.752493
88.200000 22.703004
88.300000 22.653569
88.400000 22.604188
88.500000 22.554861
88.600000 22.505587
88.700000 22.456368
88.800000 22.407202
88.900000 22.358091
89.000000 22.309033
89.100000 22.260029
89.200000 22.211079
89.300000 22.162183
89.400000 22.113340
89.500000 22.064552
89.600000 22.015818
89.700000 21.967137
89.800000 21.918510
89.900000 21.869937
90.000000 21.821418
90.100000 21.772953
90.200000 21.724542
90.300000 21.676185
90.400000 21.627881
90.500000 21.579632
90.600000 21.531436
90.700000 21.483294
90.800000 21.435206
90.900000 21.387172
91.000000 21.339192
91.100000 21.291266
91.200000 21.243393
91.300000 21.195575
91.400000 21.147810
91.500000 21.100099
91.600000 21.052442
91.700000 21.004839
91.800000 20.957290
91.900000 20.909795
92.000000 20.862354
92.100000 20.814966
92.200000 20.767632
92.300000 20.720353
92.400000 20.673127
92.500000 20.625955
92.600000 20.578837
92.700000 20.531773
92.800000 20.484762
92.900000 20.437806
93.000000 20.390903
93.100000 20.344054
93.200000 20.297260
93.300000 20.250519
93.400000 20.203832
93.500000 20.157198
93.600000 20.110619
93.700000 20.064094
93.800000 20.017622
93.900000 19.971205
94.000000 19.924841
94.100000 19.878531
94.200000 19.832275
94.300000 19.786073
94.400000 19.739924
94.500000 19.693830
94.600000 19.647790
94.700000 19.601803
94.800000 19.555870
94.900000 19.509991
95.000000 19.464166
95.100000 19.418395
95.200000 19.372678
95.300000 19.327015
95.400000 19.281405
95.500000 19.235850
95.600000 19.190348
95.700000 19.144900
95.800000 19.099506
95.900000 19.054166
96.000000 19.008880
96.100000 18.963648
96.200000 18.918469
96.300000 18.873345
96.400000 18.828274
96.500000 18.783257
96.600000 18.738294
96.700000 18.693385
96.800000 18.648530
96.900000 18.603729
97.000000 18.558982
97.100000 18.514288
97.200000 18.469649
97.300000 18.425063
97.400000 18.380531
97.500000 18.336053
97.600000 18.291629
97.700000 18.247259
97.800000 18.202942
97.900000 18.158680
98.000000 18.114471
98.100000 18.070317
98.200000 18.026216
98.300000 17.982169
98.400000 17.938176
98.500000 17.894237
98.600000 17.850351
98.700000 17.806520
98.800000 17.762742
98.900000 17.719019
99.000000 17.675349
99.100000 17.631733
99.200000 17.588171
99.300000 17.544663
99.400000 17.501209
99.500000 17.457808
99.600000 17.414462
99.700000 17.371169
99.800000 17.327930
99.900000 17.284746
100.000000 17.241615
100.100000 17.198537
100.200000 17.155514
100.300000 17.112545
100.400000 17.069629
100.500000 17.026768
100.600000 16.983960
100.700000 16.941206
100.800000 16.898506
100.900000 16.855860
101.000000 16.813268
101.100000 16.770730
101.200000 16.728245
101.300000 16.685815
101.400000 16.643438
101.500000 16.601115
101.600000 16.558847
101.700000 16.516632
101.800000 16.474470
101.900000 16.432363
102.000000 16.390310
102.100000 16.348310
102.200000 16.306365
102.300000 16.264473
102.400000 16.222635
102.500000 16.180851
102.600000 16.139121
102.700000 16.097445
102.800000 16.055822
102.900000 16.014254
103.000000 15.972739
103.100000 15.931279
103.200000 15.889872
103.300000 15.848519
103.400000 15.807220
103.500000 15.765975
103.600000 15.724783
103.700000 15.683646
103.800000 15.642563
103.900000 15.601533
104.000000 15.560557
104.100000 15.519635
104.200000 15.478767
104.300000 15.437953
104.400000 15.397193
104.500000 15.356486
104.600000 15.315834
104.700000 15.275235
104.800000 15.234691
104.900000 15.194200
105.000000 15.153763
105.100000 15.113380
105.200000 15.073050
105.300000 15.032775
105.400000 14.992554
105.500000 14.952386
105.600000 14.912272
105.700000 14.872213
105.800000 14.832207
105.900000 14.792255
106.000000 14.752356
106.100000 14.712512
106.200000 14.672722
106.300000 14.632985
106.400000 14.593303
106.500000 14.553674
106.600000 14.514099
106.700000 14.474578
106.800000 14.435111
106.900000 14.395697
107.000000 14.356338
107.100000 14.317033
107.200000 14.277781
107.300000 14.238583
107.400000 14.199439
107.500000 14.160349
107.600000 14.121313
107.700000 14.082331
107.800000 14.043403
107.900000 14.004528
108.000000 13.965708
108.100000 13.926941
108.200000 13.888228
108.300000 13.849569
108.400000 13.810964
108.500000 13.772413
108.600000 13.733916
108.700000 13.695472
108.800000 13.657083
108.900000 13.618747
109.000000 13.580465
109.100000 13.542238
109.200000 13.504064
109.300000 13.465943
109.400000 13.427877
109.500000 13.389865
109.600000 13.351906
109.700000 13.314002
109.800000 13.276151
109.900000 13.238354
110.000000 13.200611
110.100000 13.162922
110.200000 13.125287
110.300000 13.087705
110.400000 13.050178
110.500000 13.012704
110.600000 12.975285
110.700000 12.937919
110.800000 12.900607
110.900000 12.863349
111.000000 12.826145
111.100000 12.788995
111.200000 12.751898
111.300000 12.714856
111.400000 12.677867
111.500000 12.640932
111.600000 12.604051
111.700000 12.567224
111.800000 12.530451
111.900000 12.493732
112.000000 12.457066
112.100000 12.420455
112.200000 12.383897
112.300000 12.347394
112.400000 12.310944
112.500000 12.274548
112.600000 12.238206
112.700000 12.201918
112.800000 12.165683
112.900000 12.129503
113.000000 12.093376
113.100000 12.057304
113.200000 12.021285
113.300000 11.985320
113.400000 11.949409
113.500000 11.913552
113.600000 11.877748
113.700000 11.841999
113.800000 11.806303
113.900000 11.770662
114.000000 11.735074
114.100000 11.699540
114.200000 11.664060
114.300000 11.628634
114.400000 11.593262
114.500000 11.557943
114.600000 11.522679
114.700000 11.487468
114.800000 11.452311
114.900000 11.417209
115.000000 11.382160
115.100000 11.347165
115.200000 11.312223
115.300000 11.277336
115.400000 11.242503
115.500000 11.207723
115.600000 11.172997
115.700000 11.138325
115.800000 11.103708
115.900000 11.069143
116.000000 11.034633
116.100000 11.000177
116.200000 10.965775
116.300000 10.931426
116.400000 10.897131
116.500000 10.862891
116.600000 10.828704
116.700000 10.794571
116.800000 10.760492
116.900000 10.726466
117.000000 10.692495
117.100000 10.658578
117.200000 10.624714
117.300000 10.590904
117.400000 10.557148
117.500000 10.523446
117.600000 10.489798
117.700000 10.456204
117.800000 10.422664
117.900000 10.389177
118.000000 10.355745
118.100000 10.322366
118.200000 10.289041
118.300000 10.255770
118.400000 10.222553
118.500000 10.189390
118.600000 10.156281
118.700000 10.123225
118.800000 10.090224
118.900000 10.057276
119.000000 10.024382
119.100000 9.991543
119.200000 9.958757
119.300000 9.926024
119.400000 9.893346
119.500000 9.860722
119.600000 9.828151
119.700000 9.795635
119.800000 9.763172
119.900000 9.730763
120.000000 9.698408
120.100000 9.666107
120.200000 9.633860
120.300000 9.601667
120.400000 9.569527
120.500000 9.537442
120.600000 9.505410
120.700000 9.473432
120.800000 9.441508
120.900000 9.409638
121.000000 9.377822
121.100000 9.346060
121.200000 9.314351
121.300000 9.282697
121.400000 9.251096
121.500000 9.219549
121.600000 9.188056
121.700000 9.156617
121.800000 9.125232
121.900000 9.093901
122.000000 9.062624
122.100000 9.031400
122.200000 9.000231
122.300000 8.969115
122.400000 8.938053
122.500000 8.907045
122.600000 8.876091
122.700000 8.845191
122.800000 8.814344
122.900000 8.783552
123.000000 8.752813
123.100000 8.722129
123.200000 8.691498
123.300000 8.660921
123.400000 8.630398
123.500000 8.599929
123.600000 8.569513
123.700000 8.539152
123.800000 8.508845
123.900000 8.478591
124.000000 8.448391
124.100000 8.418245
124.200000 8.388153
124.300000 8.358115
124.400000 8.328131
124.500000 8.298200
124.600000 8.268324
124.700000 8.238501
124.800000 8.208733
124.900000 8.179018
125.000000 8.149357
125.100000 8.119750
125.200000 8.090197
125.300000 8.060697
125.400000 8.031252
125.500000 8.001860
125.600000 7.972523
125.700000 7.943239
125.800000 7.914009
125.900000 7.884833
126.000000 7.855711
126.100000 7.826642
126.200000 7.797628
126.300000 7.768667
126.400000 7.739761
126.500000 7.710908
126.600000 7.682109
126.700000 7.653364
126.800000 7.624673
126.900000 7.596036
127.000000 7.567452
127.100000 7.538923
127.200000 7.510447
127.300000 7.482026
127.400000 7.453658
127.500000 7.425344
127.600000 7.397084
127.700000 7.368877
127.800000 7.340725
127.900000 7.312627
128.000000 7.284582
128.100000 7.256591
128.200000 7.228655
128.300000 7.200772
128.400000 7.172943
128.500000 7.145168
128.600000 7.117446
128.700000 7.089779
128.800000 7.062165
128.900000 7.034606
129.000000 7.007100
129.100000 6.979648
129.200000 6.952250
129.300000 6.924906
129.400000 6.897616
129.500000 6.870379
129.600000 6.843197
129.700000 6.816068
129.800000 6.788993
129.900000 6.761973
130.000000 6.735006
130.100000 6.708093
130.200000 6.681233
130.300000 6.654428
130.400000 6.627677
130.500000 6.600979
130.600000 6.574335
130.700000 6.547746
130.800000 6.521210
130.900000 6.494728
131.000000 6.468299
131.100000 6.441925
131.200000 6.415605
131.300000 6.389338
131.400000 6.363126
131.500000 6.336967
131.600000 6.310862
131.700000 6.284811
131.800000 6.258814
131.900000 6.232871
132.000000 6.206981
132.100000 6.181146
132.200000 6.155364
132.300000 6.129636
132.400000 6.103963
132.500000 6.078343
132.600000 6.052777
132.700000 6.027264
132.800000 6.001806
132.900000 5.976402
133.000000 5.951051
133.100000 5.925754
133.200000 5.900512
133.300000 5.875323
133.400000 5.850188
133.500000 5.825106
133.600000 5.800079
133.700000 5.775106
133.800000 5.750186
133.900000 5.725321
134.000000 5.700509
134.100000 5.675751
134.200000 5.651047
134.300000 5.626397
134.400000 5.601801
134.500000 5.577258
134.600000 5.552770
134.700000 5.528335
134.800000 5.503954
134.900000 5.479628
135.000000 5.455355
135.100000 5.431136
135.200000 5.406970
135.300000 5.382859
135.400000 5.358802
135.500000 5.334798
135.600000 5.310848
135.700000 5.286953
135.800000 5.263111
135.900000 5.239323
136.000000 5.215588
136.100000 5.191908
136.200000 5.168282
136.300000 5.144709
136.400000 5.121191
136.500000 5.097726
136.600000 5.074315
136.700000 5.050958
136.800000 5.027655
136.900000 5.004406
137.000000 4.981210
137.100000 4.958069
137.200000 4.934981
137.300000 4.911947
137.400000 4.888968
137.500000 4.866042
137.600000 4.843170
137.700000 4.820351
137.800000 4.797587
137.900000 4.774877
138.000000 4.752220
138.100000 4.729617
138.200000 4.707069
138.300000 4.684574
138.400000 4.662133
138.500000 4.639745
138.600000 4.617412
138.700000 4.595133
138.800000 4.572907
138.900000 4.550736
139.000000 4.528618
139.100000 4.506554
139.200000 4.484544
139.300000 4.462588
139.400000 4.440686
139.500000 4.418837
139.600000 4.397043
139.700000 4.375302
139.800000 4.353615
139.900000 4.331983
140.000000 4.310404
140.100000 4.288879
140.200000 4.267407
140.300000 4.245990
140.400000 4.224627
140.500000 4.203317
140.600000 4.182061
140.700000 4.160860
140.800000 4.139712
140.900000 4.118618
141.000000 4.097577
141.100000 4.076591
141.200000 4.055659
141.300000 4.034780
141.400000 4.013956
141.500000 3.993185
141.600000 3.972468
141.700000 3.951805
141.800000 3.931196
141.900000 3.910641
142.000000 3.890139
142.100000 3.869692
142.200000 3.849298
142.300000 3.828958
142.400000 3.808673
142.500000 3.788441
142.600000 3.768263
142.700000 3.748138
142.800000 3.728068
142.900000 3.708052
143.000000 3.688089
143.100000 3.668180
143.200000 3.648326
143.300000 3.628525
143.400000 3.608778
143.500000 3.589085
143.600000 3.569445
143.700000 3.549860
143.800000 3.530328
143.900000 3.510851
144.000000 3.491427
144.100000 3.472057
144.200000 3.452741
144.300000 3.433479
144.400000 3.414271
144.500000 3.395116
144.600000 3.376016
144.700000 3.356969
144.800000 3.337977
144.900000 3.319038
145.000000 3.300153
145.100000 3.281322
145.200000 3.262545
145.300000 3.243821
145.400000 3.225152
145.500000 3.206536
145.600000 3.187975
145.700000 3.169467
145.800000 3.151013
145.900000 3.132613
146.000000 3.114267
146.100000 3.095974
146.200000 3.077736
146.300000 3.059551
146.400000 3.041421
146.500000 3.023344
146.600000 3.005321
146.700000 2.987352
146.800000 2.969437
146.900000 2.951576
147.000000 2.933768
147.100000 2.916015
147.200000 2.898315
147.300000 2.880670
147.400000 2.863078
147.500000 2.845540
147.600000 2.828056
147.700000 2.810626
147.800000 2.793249
147.900000 2.775927
148.000000 2.758658
148.100000 2.741444
148.200000 2.724283
148.300000 2.707176
148.400000 2.690123
148.500000 2.673124
148.600000 2.656178
148.700000 2.639287
148.800000 2.622450
148.900000 2.605666
149.000000 2.588936
149.100000 2.572260
149.200000 2.555638
149.300000 2.539070
149.400000 2.522556
149.500000 2.506096
149.600000 2.489689
149.700000 2.473337
149.800000 2.457038
149.900000 2.440793
150.000000 2.424602
150.100000 2.408465
150.200000 2.392382
150.300000 2.376352
150.400000 2.360377
150.500000 2.344455
150.600000 2.328588
150.700000 2.312774
150.800000 2.297014
150.900000 2.281308
151.000000 2.265656
151.100000 2.250058
151.200000 2.234513
151.300000 2.219023
151.400000 2.203586
151.500000 2.188203
151.600000 2.172874
151.700000 2.157599
151.800000 2.142378
151.900000 2.127211
152.000000 2.112098
152.100000 2.097038
152.200000 2.082033
152.300000 2.067081
152.400000 2.052183
152.500000 2.037339
152.600000 2.022549
152.700000 2.007813
152.800000 1.993131
152.900000 1.978502
153.000000 1.963928
153.100000 1.949407
153.200000 1.934940
153.300000 1.920527
153.400000 1.906168
153.500000 1.891863
153.600000 1.877612
153.700000 1.863414
153.800000 1.849271
153.900000 1.835181
154.000000 1.821146
154.100000 1.807164
154.200000 1.793236
154.300000 1.779362
154.400000 1.765541
154.500000 1.751775
154.600000 1.738063
154.700000 1.724404
154.800000 1.710799
154.900000 1.697248
155.000000 1.683751
155.100000 1.670308
155.200000 1.656919
155.300000 1.643584
155.400000 1.630302
155.500000 1.617075
155.600000 1.603901
155.700000 1.590781
155.800000 1.577715
155.900000 1.564703
156.000000 1.551745
156.100000 1.538841
156.200000 1.525991
156.300000 1.513194
156.400000 1.500452
156.500000 1.487763
156.600000 1.475128
156.700000 1.462547
156.800000 1.450020
156.900000 1.437547
157.000000 1.425127
157.100000 1.412762
157.200000 1.400450
157.300000 1.388192
157.400000 1.375989
157.500000 1.363839
157.600000 1.351743
157.700000 1.339700
157.800000 1.327712
157.900000 1.315778
158.000000 1.303897
158.100000 1.292070
158.200000 1.280298
158.300000 1.268579
158.400000 1.256914
158.500000 1.245303
158.600000 1.233745
158.700000 1.222242
158.800000 1.210792
158.900000 1.199397
159.000000 1.188055
159.100000 1.176767
159.200000 1.165533
159.300000 1.154353
159.400000 1.143227
159.500000 1.132154
159.600000 1.121136
159.700000 1.110171
159.800000 1.099261
159.900000 1.088404
160.000000 1.077601
160.100000 1.066852
160.200000 1.056157
160.300000 1.045515
160.400000 1.034928
160.500000 1.024394
160.600000 1.013915
160.700000 1.003489
160.800000 0.993117
160.900000 0.982799
161.000000 0.972535
161.100000 0.962325
161.200000 0.952168
161.300000 0.942066
161.400000 0.932017
161.500000 0.922022
161.600000 0.912081
161.700000 0.902194
161.800000 0.892361
161.900000 0.882582
162.000000 0.872857
162.100000 0.863185
162.200000 0.853568
162.300000 0.844004
162.400000 0.834494
162.500000 0.825038
162.600000 0.815636
162.700000 0.806288
162.800000 0.796994
162.900000 0.787753
163.000000 0.778567
163.100000 0.769434
163.200000 0.760355
163.300000 0.751330
163.400000 0.742359
163.500000 0.733442
163.600000 0.724579
163.700000 0.715769
163.800000 0.707014
163.900000 0.698312
164.000000 0.689665
164.100000 0.681071
164.200000 0.672531
164.300000 0.664045
164.400000 0.655612
164.500000 0.647234
164.600000 0.638910
164.700000 0.630639
164.800000 0.622422
164.900000 0.614259
165.000000 0.606151
165.100000 0.598095
165.200000 0.590094
165.300000 0.582147
165.400000 0.574254
165.500000 0.566414
165.600000 0.558628
165.700000 0.550897
165.800000 0.543219
165.900000 0.535595
166.000000 0.528024
166.100000 0.520508
166.200000 0.513046
166.300000 0.505637
166.400000 0.498283
166.500000 0.490982
166.600000 0.483735
166.700000 0.476542
166.800000 0.469403
166.900000 0.462318
167.000000 0.455286
167.100000 0.448309
167.200000 0.441385
167.300000 0.434516
167.400000 0.427700
167.500000 0.420938
167.600000 0.414230
167.700000 0.407576
167.800000 0.400975
167.900000 0.394429
168.000000 0.387936
168.100000 0.381498
168.200000 0.375113
168.300000 0.368782
168.400000 0.362505
168.500000 0.356282
168.600000 0.350113
168.700000 0.343997
168.800000 0.337936
168.900000 0.331928
169.000000 0.325974
169.100000 0.320074
169.200000 0.314228
169.300000 0.308436
169.400000 0.302698
169.500000 0.297014
169.600000 0.291383
169.700000 0.285807
169.800000 0.280284
169.900000 0.274815
170.000000 0.269400
170.100000 0.264039
170.200000 0.258732
170.300000 0.253479
170.400000 0.248279
170.500000 0.243134
170.600000 0.238042
170.700000 0.233004
170.800000 0.228020
170.900000 0.223090
171.000000 0.218214
171.100000 0.213392
171.200000 0.208624
171.300000 0.203909
171.400000 0.199248
171.500000 0.194642
171.600000 0.190089
171.700000 0.185590
171.800000 0.181145
171.900000 0.176753
172.000000 0.172416
172.100000 0.168133
172.200000 0.163903
172.300000 0.159727
172.400000 0.155606
172.500000 0.151538
172.600000 0.147524
172.700000 0.143563
172.800000 0.139657
172.900000 0.135805
173.000000 0.132006
173.100000 0.128261
173.200000 0.124571
173.300000 0.120934
173.400000 0.117351
173.500000 0.113822
173.600000 0.110346
173.700000 0.106925
173.800000 0.103557
173.900000 0.100244
174.000000 0.096984
174.100000 0.093778
174.200000 0.090626
174.300000 0.087528
174.400000 0.084484
174.500000 0.081494
174.600000 0.078557
174.700000 0.075675
174.800000 0.072846
174.900000 0.070071
175.000000 0.067350
175.100000 0.064683
175.200000 0.062070
175.300000 0.059511
175.400000 0.057005
175.500000 0.054554
175.600000 0.052156
175.700000 0.049812
175.800000 0.047522
175.900000 0.045286
176.000000 0.043104
176.100000 0.040976
176.200000 0.038901
176.300000 0.036881
176.400000 0.034914
176.500000 0.033002
176.600000 0.031143
176.700000 0.029338
176.800000 0.027587
176.900000 0.025889
177.000000 0.024246
177.100000 0.022657
177.200000 0.021121
177.300000 0.019639
177.400000 0.018211
177.500000 0.016838
177.600000 0.015517
177.700000 0.014251
177.800000 0.013039
177.900000 0.011881
178.000000 0.010776
178.100000 0.009725
178.200000 0.008729
178.300000 0.007786
178.400000 0.006897
178.500000 0.006062
178.600000 0.005280
178.700000 0.004553
178.800000 0.003879
178.900000 0.003260
179.000000 0.002694
179.100000 0.002182
179.200000 0.001724
179.300000 0.001320
179.400000 0.000970
179.500000 0.000674
179.600000 0.000431
179.700000 0.000242
179.800000 0.000108
179.900000 0.000027
180.000000 0.000000
180.100000 0.000027
180.200000 0.000108
180.300000 0.000242
180.400000 0.000431
180.500000 0.000674
180.600000 0.000970
180.700000 0.001320
180.800000 0.001724
180.900000 0.002182
181.000000 0.002694
