0.000000 97.741037
0.100000 97.632466
0.200000 97.523955
0.300000 97.415505
0.400000 97.307115
0.500000 97.198785
0.600000 97.090516
0.700000 96.982307
0.800000 96.874158
0.900000 96.766070
1.000000 96.658042
1.100000 96.550074
1.200000 96.442167
1.300000 96.334320
1.400000 96.226534
1.500000 96.118807
1.600000 96.011141
1.700000 95.903536
1.800000 95.795990
1.900000 95.688505
2.000000 95.581081
2.100000 95.473716
2.200000 95.366412
2.300000 95.259169
2.400000 95.151985
2.500000 95.044862
2.600000 94.937800
2.700000 94.830798
2.800000 94.723856
2.900000 94.616974
3.000000 94.510153
3.100000 94.403392
3.200000 94.296691
3.300000 94.190051
3.400000 94.083471
3.500000 93.976951
3.600000 93.870492
3.700000 93.764093
3.800000 93.657754
3.900000 93.551476
4.000000 93.445258
4.100000 93.339100
4.200000 93.233003
4.300000 93.126966
4.400000 93.020989
4.500000 92.915073
4.600000 92.809217
4.700000 92.703422
4.800000 92.597686
4.900000 92.492011
5.000000 92.386397
5.100000 92.280842
5.200000 92.175349
5.300000 92.069915
5.400000 91.964542
5.500000 91.859229
5.600000 91.753976
5.700000 91.648784
5.800000 91.543652
5.900000 91.438580
6.000000 91.333569
6.100000 91.228618
6.200000 91.123727
6.300000 91.018897
6.400000 90.914127
6.500000 90.809418
6.600000 90.704768
6.700000 90.600179
6.800000 90.495651
6.900000 90.391182
7.000000 90.286774
7.100000 90.182427
7.200000 90.078140
7.300000 89.973913
7.400000 89.869746
7.500000 89.765640
7.600000 89.661594
7.700000 89.557608
7.800000 89.453683
7.900000 89.349818
8.000000 89.246013
8.100000 89.142269
8.200000 89.038585
8.300000 88.934962
8.400000 88.831398
8.500000 88.727895
8.600000 88.624453
8.700000 88.521071
8.800000 88.417749
8.900000 88.314487
9.000000 88.211286
9.100000 88.108145
9.200000 88.005064
9.300000 87.902044
9.400000 87.799084
9.500000 87.696185
9.600000 87.593345
9.700000 87.490566
9.800000 87.387848
9.900000 87.285189
10.000000 87.182592
10.100000 87.080054
10.200000 86.977577
10.300000 86.875160
10.400000 86.772803
10.500000 86.670507
10.600000 86.568271
10.700000 86.466095
10.800000 86.363980
10.900000 86.261925
11.000000 86.159931
11.100000 86.057996
11.200000 85.956123
11.300000 85.854309
11.400000 85.752556
11.500000 85.650863
11.600000 85.549230
11.700000 85.447658
11.800000 85.346146
11.900000 85.244694
12.000000 85.143303
12.100000 85.041972
12.200000 84.940702
12.300000 84.839492
12.400000 84.738342
12.500000 84.637252
12.600000 84.536223
12.700000 84.435254
12.800000 84.334345
12.900000 84.233497
13.000000 84.132709
13.100000 84.031982
13.200000 83.931314
13.300000 83.830707
13.400000 83.730161
13.500000 83.629675
13.600000 83.529249
13.700000 83.428883
13.800000 83.328578
13.900000 83.228333
14.000000 83.128149
14.100000 83.028024
14.200000 82.927960
14.300000 82.827957
14.400000 82.728014
14.500000 82.628131
14.600000 82.528308
14.700000 82.428546
14.800000 82.328844
14.900000 82.229203
15.000000 82.129621
15.100000 82.030100
15.200000 81.930640
15.300000 81.831240
15.400000 81.731900
15.500000 81.632620
15.600000 81.533401
15.700000 81.434242
15.800000 81.335144
15.900000 81.236105
16.000000 81.137127
16.100000 81.038210
16.200000 80.939353
16.300000 80.840556
16.400000 80.741819
16.500000 80.643143
16.600000 80.544527
16.700000 80.445972
16.800000 80.347476
16.900000 80.249042
17.000000 80.150667
17.100000 80.052353
17.200000 79.954099
17.300000 79.855905
17.400000 79.757772
17.500000 79.659699
17.600000 79.561687
17.700000 79.463735
17.800000 79.365843
17.900000 79.268011
18.000000 79.170240
18.100000 79.072529
18.200000 78.974878
18.300000 78.877288
18.400000 78.779758
18.500000 78.682289
18.600000 78.584880
18.700000 78.487531
18.800000 78.390242
18.900000 78.293014
19.000000 78.195846
19.100000 78.098739
19.200000 78.001691
19.300000 77.904705
19.400000 77.807778
19.500000 77.710912
19.600000 77.614106
19.700000 77.517361
19.800000 77.420675
19.900000 77.324050
20.000000 77.227486
20.100000 77.130982
20.200000 77.034538
20.300000 76.938154
20.400000 76.841831
20.500000 76.745568
20.600000 76.649366
20.700000 76.553224
20.800000 76.457142
20.900000 76.361120
21.000000 76.265159
21.100000 76.169258
21.200000 76.073418
21.300000 75.977638
21.400000 75.881918
21.500000 75.786258
21.600000 75.690659
21.700000 75.595120
21.800000 75.499642
21.900000 75.404223
22.000000 75.308866
22.100000 75.213568
22.200000 75.118331
22.300000 75.023154
22.400000 74.928038
22.500000 74.832981
22.600000 74.737986
22.700000 74.643050
22.800000 74.548175
22.900000 74.453360
23.000000 74.358606
23.100000 74.263911
23.200000 74.169278
23.300000 74.074704
23.400000 73.980191
23.500000 73.885738
23.600000 73.791345
23.700000 73.697013
23.800000 73.602741
23.900000 73.508530
24.000000 73.414379
24.100000 73.320288
24.200000 73.226257
24.300000 73.132287
24.400000 73.038378
24.500000 72.944528
24.600000 72.850739
24.700000 72.757010
24.800000 72.663342
24.900000 72.569733
25.000000 72.476186
25.100000 72.382698
25.200000 72.289271
25.300000 72.195904
25.400000 72.102598
25.500000 72.009351
25.600000 71.916166
25.700000 71.823040
25.800000 71.729975
25.900000 71.636970
26.000000 71.544026
26.100000 71.451142
26.200000 71.358318
26.300000 71.265554
26.400000 71.172851
26.500000 71.080208
26.600000 70.987626
26.700000 70.895104
26.800000 70.802642
26.900000 70.710240
27.000000 70.617899
27.100000 70.525618
27.200000 70.433398
27.300000 70.341238
27.400000 70.249138
27.500000 70.157098
27.600000 70.065119
27.700000 69.973200
27.800000 69.881342
27.900000 69.789544
28.000000 69.697806
28.100000 69.606129
28.200000 69.514511
28.300000 69.422955
28.400000 69.331458
28.500000 69.240022
28.600000 69.148646
28.700000 69.057331
28.800000 68.966076
28.900000 68.874881
29.000000 68.783746
29.100000 68.692672
29.200000 68.601658
29.300000 68.510705
29.400000 68.419812
29.500000 68.328979
29.600000 68.238207
29.700000 68.147494
29.800000 68.056843
29.900000 67.966251
30.000000 67.875720
30.100000 67.785249
30.200000 67.694839
30.300000 67.604489
30.400000 67.514199
30.500000 67.423969
30.600000 67.333800
30.700000 67.243692
30.800000 67.153643
30.900000 67.063655
31.000000 66.973727
31.100000 66.883860
31.200000 66.794053
31.300000 66.704306
31.400000 66.614619
31.500000 66.524993
31.600000 66.435427
31.700000 66.345922
31.800000 66.256477
31.900000 66.167092
32.000000 66.077768
32.100000 65.988504
32.200000 65.899300
32.300000 65.810156
32.400000 65.721073
32.500000 65.632050
32.600000 65.543088
32.700000 65.454186
32.800000 65.365344
32.900000 65.276563
33.000000 65.187842
33.100000 65.099181
33.200000 65.010580
33.300000 64.922040
33.400000 64.833560
33.500000 64.745141
33.600000 64.656782
33.700000 64.568483
33.800000 64.480245
33.900000 64.392067
34.000000 64.303949
34.100000 64.215891
34.200000 64.127894
34.300000 64.039958
34.400000 63.952081
34.500000 63.864265
34.600000 63.776509
34.700000 63.688814
34.800000 63.601179
34.900000 63.513604
35.000000 63.426090
35.100000 63.338635
35.200000 63.251242
35.300000 63.163908
35.400000 63.076635
35.500000 62.989422
35.600000 62.902270
35.700000 62.815178
35.800000 62.728146
35.900000 62.641175
36.000000 62.554264
36.100000 62.467413
36.200000 62.380622
36.300000 62.293892
36.400000 62.207223
36.500000 62.120613
36.600000 62.034064
36.700000 61.947575
36.800000 61.861147
36.900000 61.774779
37.000000 61.688471
37.100000 61.602224
37.200000 61.516037
37.300000 61.429910
37.400000 61.343843
37.500000 61.257837
37.600000 61.171892
37.700000 61.086006
37.800000 61.000181
37.900000 60.914416
38.000000 60.828712
38.100000 60.743068
38.200000 60.657484
38.300000 60.571961
38.400000 60.486498
38.500000 60.401095
38.600000 60.315753
38.700000 60.230470
38.800000 60.145249
38.900000 60.060087
39.000000 59.974986
39.100000 59.889946
39.200000 59.804965
39.300000 59.720045
39.400000 59.635185
39.500000 59.550386
39.600000 59.465647
39.700000 59.380968
39.800000 59.296350
39.900000 59.211792
40.000000 59.127294
40.100000 59.042857
40.200000 58.958479
40.300000 58.874163
40.400000 58.789906
40.500000 58.705710
40.600000 58.621575
40.700000 58.537499
40.800000 58.453484
40.900000 58.369529
41.000000 58.285635
41.100000 58.201801
41.200000 58.118027
41.300000 58.034314
41.400000 57.950661
41.500000 57.867068
41.600000 57.783536
41.700000 57.700064
41.800000 57.616652
41.900000 57.533301
42.000000 57.450009
42.100000 57.366779
42.200000 57.283608
42.300000 57.200498
42.400000 57.117449
42.500000 57.034459
42.600000 56.951530
42.700000 56.868661
42.800000 56.785853
42.900000 56.703105
43.000000 56.620417
43.100000 56.537790
43.200000 56.455223
43.300000 56.372716
43.400000 56.290270
43.500000 56.207884
43.600000 56.125558
43.700000 56.043293
43.800000 55.961088
43.900000 55.878943
44.000000 55.796859
44.100000 55.714835
44.200000 55.632871
44.300000 55.550967
44.400000 55.469124
44.500000 55.387342
44.600000 55.305619
44.700000 55.223957
44.800000 55.142356
44.900000 55.060814
45.000000 54.979333
45.100000 54.897913
45.200000 54.816552
45.300000 54.735252
45.400000 54.654012
45.500000 54.572833
45.600000 54.491714
45.700000 54.410655
45.800000 54.329657
45.900000 54.248719
46.000000 54.167841
46.100000 54.087024
46.200000 54.006267
46.300000 53.925570
46.400000 53.844934
46.500000 53.764358
46.600000 53.683842
46.700000 53.603387
46.800000 53.522992
46.900000 53.442657
47.000000 53.362383
47.100000 53.282169
47.200000 53.202015
47.300000 53.121922
47.400000 53.041889
47.500000 52.961916
47.600000 52.882004
47.700000 52.802152
47.800000 52.722360
47.900000 52.642629
48.000000 52.562958
48.100000 52.483347
48.200000 52.403797
48.300000 52.324307
48.400000 52.244877
48.500000 52.165508
48.600000 52.086199
48.700000 52.006950
48.800000 51.927762
48.900000 51.848634
49.000000 51.769566
49.100000 51.690559
49.200000 51.611612
49.300000 51.532725
49.400000 51.453899
49.500000 51.375133
49.600000 51.296427
49.700000 51.217782
49.800000 51.139197
49.900000 51.060672
50.000000 50.982208
50.100000 50.903804
50.200000 50.825460
50.300000 50.747177
50.400000 50.668954
50.500000 50.590791
50.600000 50.512689
50.700000 50.434647
50.800000 50.356665
50.900000 50.278744
51.000000 50.200883
51.100000 50.123082
51.200000 50.045342
51.300000 49.967662
51.400000 49.890042
51.500000 49.812483
51.600000 49.734984
51.700000 49.657545
51.800000 49.580167
51.900000 49.502849
52.000000 49.425591
52.100000 49.348394
52.200000 49.271257
52.300000 49.194180
52.400000 49.117164
52.500000 49.040208
52.600000 48.963312
52.700000 48.886477
52.800000 48.809702
52.900000 48.732987
53.000000 48.656333
53.100000 48.579739
53.200000 48.503205
53.300000 48.426732
53.400000 48.350319
53.500000 48.273966
53.600000 48.197674
53.700000 48.121442
53.800000 48.045270
53.900000 47.969159
54.000000 47.893108
54.100000 47.817117
54.200000 47.741187
54.300000 47.665317
54.400000 47.589508
54.500000 47.513758
54.600000 47.438069
54.700000 47.362441
54.800000 47.286872
54.900000 47.211364
55.000000 47.135917
55.100000 47.060529
55.200000 46.985202
55.300000 46.909936
55.400000 46.834730
55.500000 46.759584
55.600000 46.684498
55.700000 46.609473
55.800000 46.534508
55.900000 46.459603
56.000000 46.384759
56.100000 46.309975
56.200000 46.235251
56.300000 46.160588
56.400000 46.085985
56.500000 46.011442
56.600000 45.936960
56.700000 45.862538
56.800000 45.788176
56.900000 45.713875
57.000000 45.639634
57.100000 45.565454
57.200000 45.491333
57.300000 45.417273
57.400000 45.343274
57.500000 45.269334
57.600000 45.195455
57.700000 45.121637
57.800000 45.047879
57.900000 44.974181
58.000000 44.900543
58.100000 44.826966
58.200000 44.753449
58.300000 44.679992
58.400000 44.606596
58.500000 44.533260
58.600000 44.459984
58.700000 44.386769
58.800000 44.313614
58.900000 44.240519
59.000000 44.167485
59.100000 44.094511
59.200000 44.021598
59.300000 43.948744
59.400000 43.875951
59.500000 43.803219
59.600000 43.730547
59.700000 43.657935
59.800000 43.585383
59.900000 43.512892
60.000000 43.440461
60.100000 43.368090
60.200000 43.295780
60.300000 43.223530
60.400000 43.151340
60.500000 43.079211
60.600000 43.007142
60.700000 42.935134
60.800000 42.863185
60.900000 42.791297
61.000000 42.719470
61.100000 42.647703
61.200000 42.575996
61.300000 42.504349
61.400000 42.432763
61.500000 42.361237
61.600000 42.289771
61.700000 42.218366
61.800000 42.147021
61.900000 42.075737
62.000000 42.004512
62.100000 41.933348
62.200000 41.862245
62.300000 41.791202
62.400000 41.720219
62.500000 41.649296
62.600000 41.578434
62.700000 41.507632
62.800000 41.436890
62.900000 41.366209
63.000000 41.295588
63.100000 41.225028
63.200000 41.154527
63.300000 41.084087
63.400000 41.013708
63.500000 40.943389
63.600000 40.873130
63.700000 40.802931
63.800000 40.732793
63.900000 40.662715
64.000000 40.592697
64.100000 40.522740
64.200000 40.452843
64.300000 40.383007
64.400000 40.313230
64.500000 40.243514
64.600000 40.173859
64.700000 40.104264
64.800000 40.034729
64.900000 39.965254
65.000000 39.895840
65.100000 39.826486
65.200000 39.757192
65.300000 39.687959
65.400000 39.618786
65.500000 39.549674
65.600000 39.480622
65.700000 39.411630
65.800000 39.342698
65.900000 39.273827
66.000000 39.205016
66.100000 39.136265
66.200000 39.067575
66.300000 38.998945
66.400000 38.930376
66.500000 38.861866
66.600000 38.793418
66.700000 38.725029
66.800000 38.656701
66.900000 38.588433
67.000000 38.520225
67.100000 38.452078
67.200000 38.383991
67.300000 38.315965
67.400000 38.247998
67.500000 38.180093
67.600000 38.112247
67.700000 38.044462
67.800000 37.976737
67.900000 37.909072
68.000000 37.841468
68.100000 37.773924
68.200000 37.706441
68.300000 37.639017
68.400000 37.571655
68.500000 37.504352
68.600000 37.437110
68.700000 37.369928
68.800000 37.302806
68.900000 37.235745
69.000000 37.168744
69.100000 37.101804
69.200000 37.034924
69.300000 36.968104
69.400000 36.901344
69.500000 36.834645
69.600000 36.768006
69.700000 36.701428
69.800000 36.634909
69.900000 36.568451
70.000000 36.502054
70.100000 36.435717
70.200000 36.369440
70.300000 36.303223
70.400000 36.237067
70.500000 36.170971
70.600000 36.104936
70.700000 36.038960
70.800000 35.973046
70.900000 35.907191
71.000000 35.841397
71.100000 35.775663
71.200000 35.709990
71.300000 35.644376
71.400000 35.578823
71.500000 35.513331
71.600000 35.447899
71.700000 35.382527
71.800000 35.317215
71.900000 35.251964
72.000000 35.186773
72.100000 35.121643
72.200000 35.056573
72.300000 34.991563
72.400000 34.926613
72.500000 34.861724
72.600000 34.796895
72.700000 34.732127
72.800000 34.667418
72.900000 34.602771
73.000000 34.538183
73.100000 34.473656
73.200000 34.409189
73.300000 34.344783
73.400000 34.280436
73.500000 34.216150
73.600000 34.151925
73.700000 34.087760
73.800000 34.023655
73.900000 33.959610
74.000000 33.895626
74.100000 33.831702
74.200000 33.767839
74.300000 33.704036
74.400000 33.640293
74.500000 33.576610
74.600000 33.512988
74.700000 33.449426
74.800000 33.385925
74.900000 33.322484
75.000000 33.259103
75.100000 33.195782
75.200000 33.132522
75.300000 33.069322
75.400000 33.006183
75.500000 32.943104
75.600000 32.880085
75.700000 32.817126
75.800000 32.754228
75.900000 32.691390
76.000000 32.628613
76.100000 32.565896
76.200000 32.503239
76.300000 32.440642
76.400000 32.378106
76.500000 32.315630
76.600000 32.253215
76.700000 32.190860
76.800000 32.128565
76.900000 32.066330
77.000000 32.004156
77.100000 31.942042
77.200000 31.879989
77.300000 31.817996
77.400000 31.756063
77.500000 31.694190
77.600000 31.632378
77.700000 31.570626
77.800000 31.508935
77.900000 31.447304
78.000000 31.385733
78.100000 31.324222
78.200000 31.262772
78.300000 31.201383
78.400000 31.140053
78.500000 31.078784
78.600000 31.017575
78.700000 30.956427
78.800000 30.895338
78.900000 30.834311
79.000000 30.773343
79.100000 30.712436
79.200000 30.651589
79.300000 30.590803
79.400000 30.530077
79.500000 30.469411
79.600000 30.408805
79.700000 30.348260
79.800000 30.287775
79.900000 30.227351
80.000000 30.166987
80.100000 30.106683
80.200000 30.046439
80.300000 29.986256
80.400000 29.926133
80.500000 29.866071
80.600000 29.806069
80.700000 29.746127
80.800000 29.686246
80.900000 29.626424
81.000000 29.566664
81.100000 29.506963
81.200000 29.447323
81.300000 29.387743
81.400000 29.328224
81.500000 29.268765
81.600000 29.209366
81.700000 29.150027
81.800000 29.090749
81.900000 29.031531
82.000000 28.972374
82.100000 28.913277
82.200000 28.854240
82.300000 28.795264
82.400000 28.736348
82.500000 28.677492
82.600000 28.618696
82.700000 28.559961
82.800000 28.501286
82.900000 28.442672
83.000000 28.384118
83.100000 28.325624
83.200000 28.267191
83.300000 28.208817
83.400000 28.150505
83.500000 28.092252
83.600000 28.034060
83.700000 27.975928
83.800000 27.917857
83.900000 27.859846
84.000000 27.801895
84.100000 27.744004
84.200000 27.686174
84.300000 27.628405
84.400000 27.570695
84.500000 27.513046
84.600000 27.455457
84.700000 27.397929
84.800000 27.340461
84.900000 27.283053
85.000000 27.225705
85.100000 27.168418
85.200000 27.111192
85.300000 27.054025
85.400000 26.996919
85.500000 26.939873
85.600000 26.882888
85.700000 26.825963
85.800000 26.769098
85.900000 26.712294
86.000000 26.655549
86.100000 26.598866
86.200000 26.542242
86.300000 26.485679
86.400000 26.429176
86.500000 26.372734
86.600000 26.316352
86.700000 26.260030
86.800000 26.203769
86.900000 26.147568
87.000000 26.091427
87.100000 26.035346
87.200000 25.979326
87.300000 25.923367
87.400000 25.867467
87.500000 25.811628
87.600000 25.755849
87.700000 25.700131
87.800000 25.644473
87.900000 25.588875
88.000000 25.533338
88.100000 25.477860
88.200000 25.422444
88.300000 25.367087
88.400000 25.311791
88.500000 25.256555
88.600000 25.201380
88.700000 25.146265
88.800000 25.091210
88.900000 25.036216
89.000000 24.981282
89.100000 24.926408
89.200000 24.871595
89.300000 24.816841
89.400000 24.762149
89.500000 24.707516
89.600000 24.652944
89.700000 24.598432
89.800000 24.543981
89.900000 24.489590
90.000000 24.435259
90.100000 24.380989
90.200000 24.326779
90.300000 24.272629
90.400000 24.218540
90.500000 24.164511
90.600000 24.110542
90.700000 24.056633
90.800000 24.002785
90.900000 23.948998
91.000000 23.895270
91.100000 23.841603
91.200000 23.787996
91.300000 23.734450
91.400000 23.680964
91.500000 23.627538
91.600000 23.574173
91.700000 23.520868
91.800000 23.467623
91.900000 23.414439
92.000000 23.361314
92.100000 23.308251
92.200000 23.255247
92.300000 23.202304
92.400000 23.149422
92.500000 23.096599
92.600000 23.043837
92.700000 22.991135
92.800000 22.938494
92.900000 22.885913
93.000000 22.833392
93.100000 22.780932
93.200000 22.728532
93.300000 22.676192
93.400000 22.623913
93.500000 22.571694
93.600000 22.519535
93.700000 22.467437
93.800000 22.415398
93.900000 22.363421
94.000000 22.311503
94.100000 22.259646
94.200000 22.207850
94.300000 22.156113
94.400000 22.104437
94.500000 22.052821
94.600000 22.001266
94.700000 21.949771
94.800000 21.898336
94.900000 21.846962
95.000000 21.795648
95.100000 21.744394
95.200000 21.693201
95.300000 21.642068
95.400000 21.590995
95.500000 21.539983
95.600000 21.489031
95.700000 21.438139
95.800000 21.387308
95.900000 21.336537
96.000000 21.285826
96.100000 21.235175
96.200000 21.184585
96.300000 21.134056
96.400000 21.083586
96.500000 21.033177
96.600000 20.982829
96.700000 20.932540
96.800000 20.882312
96.900000 20.832145
97.000000 20.782037
97.100000 20.731990
97.200000 20.682003
97.300000 20.632077
97.400000 20.582211
97.500000 20.532405
97.600000 20.482660
97.700000 20.432975
97.800000 20.383350
97.900000 20.333786
98.000000 20.284282
98.100000 20.234838
98.200000 20.185455
98.300000 20.136132
98.400000 20.086869
98.500000 20.037667
98.600000 19.988525
98.700000 19.939443
98.800000 19.890422
98.900000 19.841461
99.000000 19.792560
99.100000 19.743720
99.200000 19.694940
99.300000 19.646220
99.400000 19.597561
99.500000 19.548962
99.600000 19.500423
99.700000 19.451945
99.800000 19.403527
99.900000 19.355169
100.000000 19.306871
100.100000 19.258634
100.200000 19.210458
100.300000 19.162341
100.400000 19.114285
100.500000 19.066290
100.600000 19.018354
100.700000 18.970479
100.800000 18.922665
100.900000 18.874910
101.000000 18.827216
101.100000 18.779583
101.200000 18.732009
101.300000 18.684496
101.400000 18.637044
101.500000 18.589651
101.600000 18.542319
101.700000 18.495048
101.800000 18.447836
101.900000 18.400685
102.000000 18.353595
102.100000 18.306564
102.200000 18.259594
102.300000 18.212685
102.400000 18.165835
102.500000 18.119046
102.600000 18.072318
102.700000 18.025649
102.800000 17.979041
102.900000 17.932494
103.000000 17.886006
103.100000 17.839579
103.200000 17.793213
103.300000 17.746906
103.400000 17.700660
103.500000 17.654475
103.600000 17.608349
103.700000 17.562284
103.800000 17.516280
103.900000 17.470336
104.000000 17.424452
104.100000 17.378628
104.200000 17.332865
104.300000 17.287162
104.400000 17.241519
104.500000 17.195937
104.600000 17.150415
104.700000 17.104953
104.800000 17.059552
104.900000 17.014211
105.000000 16.968930
105.100000 16.923710
105.200000 16.878550
105.300000 16.833450
105.400000 16.788411
105.500000 16.743432
105.600000 16.698513
105.700000 16.653655
105.800000 16.608857
105.900000 16.564119
106.000000 16.519442
106.100000 16.474825
106.200000 16.430268
106.300000 16.385772
106.400000 16.341336
106.500000 16.296960
106.600000 16.252645
106.700000 16.208390
106.800000 16.164195
106.900000 16.120061
107.000000 16.075987
107.100000 16.031974
107.200000 15.988020
107.300000 15.944127
107.400000 15.900295
107.500000 15.856522
107.600000 15.812810
107.700000 15.769159
107.800000 15.725567
107.900000 15.682037
108.000000 15.638566
108.100000 15.595156
108.200000 15.551806
108.300000 15.508516
108.400000 15.465287
108.500000 15.422118
108.600000 15.379009
108.700000 15.335961
108.800000 15.292973
108.900000 15.250045
109.000000 15.207178
109.100000 15.164371
109.200000 15.121624
109.300000 15.078938
109.400000 15.036312
109.500000 14.993747
109.600000 14.951241
109.700000 14.908796
109.800000 14.866412
109.900000 14.824087
110.000000 14.781823
110.100000 14.739620
110.200000 14.697477
110.300000 14.655394
110.400000 14.613371
110.500000 14.571409
110.600000 14.529507
110.700000 14.487665
110.800000 14.445884
110.900000 14.404163
111.000000 14.362502
111.100000 14.320902
111.200000 14.279362
111.300000 14.237883
111.400000 14.196463
111.500000 14.155104
111.600000 14.113806
111.700000 14.072567
111.800000 14.031390
111.900000 13.990272
112.000000 13.949215
112.100000 13.908218
112.200000 13.867281
112.300000 13.826405
112.400000 13.785589
112.500000 13.744833
112.600000 13.704138
112.700000 13.663503
112.800000 13.622929
112.900000 13.582414
113.000000 13.541960
113.100000 13.501567
113.200000 13.461233
113.300000 13.420961
113.400000 13.380748
113.500000 13.340596
113.600000 13.300504
113.700000 13.260472
113.800000 13.220501
113.900000 13.180590
114.000000 13.140739
114.100000 13.100949
114.200000 13.061219
114.300000 13.021550
114.400000 12.981940
114.500000 12.942391
114.600000 12.902903
114.700000 12.863475
114.800000 12.824107
114.900000 12.784799
115.000000 12.745552
115.100000 12.706365
115.200000 12.667238
115.300000 12.628172
115.400000 12.589166
115.500000 12.550221
115.600000 12.511335
115.700000 12.472510
115.800000 12.433746
115.900000 12.395042
116.000000 12.356398
116.100000 12.317814
116.200000 12.279291
116.300000 12.240828
116.400000 12.202425
116.500000 12.164083
116.600000 12.125801
116.700000 12.087580
116.800000 12.049418
116.900000 12.011318
117.000000 11.973277
117.100000 11.935297
117.200000 11.897377
117.300000 11.859517
117.400000 11.821718
117.500000 11.783979
117.600000 11.746301
117.700000 11.708682
117.800000 11.671124
117.900000 11.633627
118.000000 11.596190
118.100000 11.558813
118.200000 11.521496
118.300000 11.484240
118.400000 11.447044
118.500000 11.409909
118.600000 11.372833
118.700000 11.335818
118.800000 11.298864
118.900000 11.261970
119.000000 11.225136
119.100000 11.188362
119.200000 11.151649
119.300000 11.114996
119.400000 11.078404
119.500000 11.041871
119.600000 11.005399
119.700000 10.968988
119.800000 10.932637
119.900000 10.896346
120.000000 10.860115
120.100000 10.823945
120.200000 10.787835
120.300000 10.751786
120.400000 10.715796
120.500000 10.679867
120.600000 10.643999
120.700000 10.608191
120.800000 10.572443
120.900000 10.536755
121.000000 10.501128
121.100000 10.465561
121.200000 10.430055
121.300000 10.394608
121.400000 10.359223
121.500000 10.323897
121.600000 10.288632
121.700000 10.253427
121.800000 10.218282
121.900000 10.183198
122.000000 10.148174
122.100000 10.113211
122.200000 10.078308
122.300000 10.043465
122.400000 10.008682
122.500000 9.973960
122.600000 9.939298
122.700000 9.904697
122.800000 9.870155
122.900000 9.835675
123.000000 9.801254
123.100000 9.766894
123.200000 9.732594
123.300000 9.698354
123.400000 9.664175
123.500000 9.630056
123.600000 9.595998
123.700000 9.562000
123.800000 9.528062
123.900000 9.494184
124.000000 9.460367
124.100000 9.426610
124.200000 9.392914
124.300000 9.359277
124.400000 9.325702
124.500000 9.292186
124.600000 9.258731
124.700000 9.225336
124.800000 9.192002
124.900000 9.158727
125.000000 9.125513
125.100000 9.092360
125.200000 9.059267
125.300000 9.026234
125.400000 8.993261
125.500000 8.960349
125.600000 8.927497
125.700000 8.894706
125.800000 8.861975
125.900000 8.829304
126.000000 8.796693
126.100000 8.764143
126.200000 8.731653
126.300000 8.699224
126.400000 8.666855
126.500000 8.634546
126.600000 8.602297
126.700000 8.570109
126.800000 8.537981
126.900000 8.505914
127.000000 8.473907
127.100000 8.441960
127.200000 8.410073
127.300000 8.378247
127.400000 8.346481
127.500000 8.314776
127.600000 8.283131
127.700000 8.251546
127.800000 8.220021
127.900000 8.188557
128.000000 8.157153
128.100000 8.125810
128.200000 8.094527
128.300000 8.063304
128.400000 8.032141
128.500000 8.001039
128.600000 7.969997
128.700000 7.939016
128.800000 7.908095
128.900000 7.877234
129.000000 7.846433
129.100000 7.815693
129.200000 7.785013
129.300000 7.754394
129.400000 7.723835
129.500000 7.693336
129.600000 7.662897
129.700000 7.632519
129.800000 7.602201
129.900000 7.571944
130.000000 7.541747
130.100000 7.511610
130.200000 7.481533
130.300000 7.451517
130.400000 7.421561
130.500000 7.391666
130.600000 7.361831
130.700000 7.332056
130.800000 7.302341
130.900000 7.272687
131.000000 7.243094
131.100000 7.213560
131.200000 7.184087
131.300000 7.154674
131.400000 7.125322
131.500000 7.096029
131.600000 7.066798
131.700000 7.037626
131.800000 7.008515
131.900000 6.979464
132.000000 6.950474
132.100000 6.921544
132.200000 6.892674
132.300000 6.863864
132.400000 6.835115
132.500000 6.806426
132.600000 6.777798
132.700000 6.749230
132.800000 6.720722
132.900000 6.692274
133.000000 6.663887
133.100000 6.635561
133.200000 6.607294
133.300000 6.579088
133.400000 6.550942
133.500000 6.522857
133.600000 6.494832
133.700000 6.466867
133.800000 6.438962
133.900000 6.411118
134.000000 6.383334
134.100000 6.355611
134.200000 6.327948
134.300000 6.300345
134.400000 6.272803
134.500000 6.245320
134.600000 6.217899
134.700000 6.190537
134.800000 6.163236
134.900000 6.135995
135.000000 6.108815
135.100000 6.081695
135.200000 6.054635
135.300000 6.027635
135.400000 6.000696
135.500000 5.973818
135.600000 5.946999
135.700000 5.920241
135.800000 5.893543
135.900000 5.866906
136.000000 5.840329
136.100000 5.813812
136.200000 5.787355
136.300000 5.760959
136.400000 5.734624
136.500000 5.708348
136.600000 5.682133
136.700000 5.655978
136.800000 5.629884
136.900000 5.603850
137.000000 5.577876
137.100000 5.551962
137.200000 5.526109
137.300000 5.500317
137.400000 5.474584
137.500000 5.448912
137.600000 5.423300
137.700000 5.397749
137.800000 5.372258
137.900000 5.346827
138.000000 5.321456
138.100000 5.296146
138.200000 5.270897
138.300000 5.245707
138.400000 5.220578
138.500000 5.195509
138.600000 5.170501
138.700000 5.145553
138.800000 5.120665
138.900000 5.095838
139.000000 5.071070
139.100000 5.046364
139.200000 5.021717
139.300000 4.997131
139.400000 4.972605
139.500000 4.948140
139.600000 4.923735
139.700000 4.899390
139.800000 4.875106
139.900000 4.850882
140.000000 4.826718
140.100000 4.802614
140.200000 4.778571
140.300000 4.754589
140.400000 4.730666
140.500000 4.706804
140.600000 4.683002
140.700000 4.659261
140.800000 4.635580
140.900000 4.611959
141.000000 4.588399
141.100000 4.564899
141.200000 4.541459
141.300000 4.518079
141.400000 4.494760
141.500000 4.471502
141.600000 4.448303
141.700000 4.425165
141.800000 4.402087
141.900000 4.379070
142.000000 4.356113
142.100000 4.333216
142.200000 4.310380
142.300000 4.287604
142.400000 4.264888
142.500000 4.242233
142.600000 4.219637
142.700000 4.197103
142.800000 4.174628
142.900000 4.152214
143.000000 4.129860
143.100000 4.107567
143.200000 4.085334
143.300000 4.063161
143.400000 4.041049
143.500000 4.018997
143.600000 3.997005
143.700000 3.975074
143.800000 3.953203
143.900000 3.931392
144.000000 3.909641
144.100000 3.887951
144.200000 3.866322
144.300000 3.844752
144.400000 3.823243
144.500000 3.801794
144.600000 3.780406
144.700000 3.759078
144.800000 3.737810
144.900000 3.716603
145.000000 3.695456
145.100000 3.674369
145.200000 3.653343
145.300000 3.632377
145.400000 3.611471
145.500000 3.590626
145.600000 3.569841
145.700000 3.549116
145.800000 3.528451
145.900000 3.507847
146.000000 3.487304
146.100000 3.466820
146.200000 3.446397
146.300000 3.426035
146.400000 3.405732
146.500000 3.385490
146.600000 3.365308
146.700000 3.345187
146.800000 3.325126
146.900000 3.305125
147.000000 3.285185
147.100000 3.265305
147.200000 3.245485
147.300000 3.225726
147.400000 3.206027
147.500000 3.186388
147.600000 3.166810
147.700000 3.147292
147.800000 3.127834
147.900000 3.108436
148.000000 3.089099
148.100000 3.069823
148.200000 3.050606
148.300000 3.031450
148.400000 3.012355
148.500000 2.993319
148.600000 2.974344
148.700000 2.955430
148.800000 2.936575
148.900000 2.917781
149.000000 2.899047
149.100000 2.880374
149.200000 2.861761
149.300000 2.843208
149.400000 2.824716
149.500000 2.806284
149.600000 2.787912
149.700000 2.769601
149.800000 2.751350
149.900000 2.733159
150.000000 2.715029
150.100000 2.696959
150.200000 2.678949
150.300000 2.661000
150.400000 2.643111
150.500000 2.625282
150.600000 2.607514
150.700000 2.589806
150.800000 2.572158
150.900000 2.554571
151.000000 2.537044
151.100000 2.519577
151.200000 2.502171
151.300000 2.484825
151.400000 2.467539
151.500000 2.450313
151.600000 2.433148
151.700000 2.416044
151.800000 2.398999
151.900000 2.382015
152.000000 2.365092
152.100000 2.348228
152.200000 2.331425
152.300000 2.314683
152.400000 2.298000
152.500000 2.281378
152.600000 2.264817
152.700000 2.248315
152.800000 2.231874
152.900000 2.215494
153.000000 2.199173
153.100000 2.182913
153.200000 2.166714
153.300000 2.150574
153.400000 2.134495
153.500000 2.118477
153.600000 2.102518
153.700000 2.086620
153.800000 2.070783
153.900000 2.055005
154.000000 2.039288
154.100000 2.023632
154.200000 2.008035
154.300000 1.992499
154.400000 1.977024
154.500000 1.961608
154.600000 1.946253
154.700000 1.930959
154.800000 1.915724
154.900000 1.900550
155.000000 1.885437
155.100000 1.870383
155.200000 1.855390
155.300000 1.840458
155.400000 1.825585
155.500000 1.810773
155.600000 1.796022
155.700000 1.781330
155.800000 1.766699
155.900000 1.752129
156.000000 1.737618
156.100000 1.723168
156.200000 1.708779
156.300000 1.694449
156.400000 1.680180
156.500000 1.665972
156.600000 1.651824
156.700000 1.637736
156.800000 1.623708
156.900000 1.609741
157.000000 1.595834
157.100000 1.581987
157.200000 1.568201
157.300000 1.554475
157.400000 1.540809
157.500000 1.527204
157.600000 1.513659
157.700000 1.500174
157.800000 1.486750
157.900000 1.473386
158.000000 1.460082
158.100000 1.446839
158.200000 1.433656
158.300000 1.420533
158.400000 1.407471
158.500000 1.394469
158.600000 1.381527
158.700000 1.368646
158.800000 1.355825
158.900000 1.343064
159.000000 1.330364
159.100000 1.317724
159.200000 1.305145
159.300000 1.292625
159.400000 1.280166
159.500000 1.267768
159.600000 1.255429
159.700000 1.243151
159.800000 1.230934
159.900000 1.218776
160.000000 1.206679
160.100000 1.194643
160.200000 1.182667
160.300000 1.170751
160.400000 1.158895
160.500000 1.147100
160.600000 1.135365
160.700000 1.123690
160.800000 1.112076
160.900000 1.100522
161.000000 1.089028
161.100000 1.077595
161.200000 1.066222
161.300000 1.054909
161.400000 1.043657
161.500000 1.032465
161.600000 1.021334
161.700000 1.010262
161.800000 0.999251
161.900000 0.988301
162.000000 0.977410
162.100000 0.966580
162.200000 0.955811
162.300000 0.945102
162.400000 0.934453
162.500000 0.923864
162.600000 0.913336
162.700000 0.902868
162.800000 0.892460
162.900000 0.882113
163.000000 0.871826
163.100000 0.861599
163.200000 0.851433
163.300000 0.841327
163.400000 0.831281
163.500000 0.821296
163.600000 0.811371
163.700000 0.801507
163.800000 0.791702
163.900000 0.781958
164.000000 0.772275
164.100000 0.762652
164.200000 0.753089
164.300000 0.743586
164.400000 0.734144
164.500000 0.724762
164.600000 0.715440
164.700000 0.706179
164.800000 0.696978
164.900000 0.687837
165.000000 0.678757
165.100000 0.669737
165.200000 0.660778
165.300000 0.651878
165.400000 0.643039
165.500000 0.634261
165.600000 0.625543
165.700000 0.616885
165.800000 0.608287
165.900000 0.599750
166.000000 0.591273
166.100000 0.582856
166.200000 0.574500
166.300000 0.566204
166.400000 0.557969
166.500000 0.549793
166.600000 0.541678
166.700000 0.533624
166.800000 0.525630
166.900000 0.517696
167.000000 0.509822
167.100000 0.502009
167.200000 0.494256
167.300000 0.486563
167.400000 0.478931
167.500000 0.471359
167.600000 0.463848
167.700000 0.456396
167.800000 0.449005
167.900000 0.441675
168.000000 0.434405
168.100000 0.427195
168.200000 0.420045
168.300000 0.412956
168.400000 0.405927
168.500000 0.398958
168.600000 0.392050
168.700000 0.385202
168.800000 0.378415
168.900000 0.371687
169.000000 0.365021
169.100000 0.358414
169.200000 0.351868
169.300000 0.345382
169.400000 0.338956
169.500000 0.332591
169.600000 0.326286
169.700000 0.320042
169.800000 0.313857
169.900000 0.307733
170.000000 0.301670
170.100000 0.295667
170.200000 0.289724
170.300000 0.283841
170.400000 0.278019
170.500000 0.272257
170.600000 0.266555
170.700000 0.260914
170.800000 0.255333
170.900000 0.249813
171.000000 0.244353
171.100000 0.238953
171.200000 0.233613
171.300000 0.228334
171.400000 0.223115
171.500000 0.217956
171.600000 0.212858
171.700000 0.207820
171.800000 0.202843
171.900000 0.197926
172.000000 0.193069
172.100000 0.188272
172.200000 0.183536
172.300000 0.178860
172.400000 0.174245
172.500000 0.169689
172.600000 0.165194
172.700000 0.160760
172.800000 0.156386
172.900000 0.152072
173.000000 0.147818
173.100000 0.143625
173.200000 0.139492
173.300000 0.135420
173.400000 0.131407
173.500000 0.127456
173.600000 0.123564
173.700000 0.119733
173.800000 0.115962
173.900000 0.112251
174.000000 0.108601
174.100000 0.105011
174.200000 0.101482
174.300000 0.098013
174.400000 0.094604
174.500000 0.091255
174.600000 0.087967
174.700000 0.084739
174.800000 0.081572
174.900000 0.078464
175.000000 0.075417
175.100000 0.072431
175.200000 0.069505
175.300000 0.066639
175.400000 0.063833
175.500000 0.061088
175.600000 0.058403
175.700000 0.055779
175.800000 0.053215
175.900000 0.050711
176.000000 0.048267
176.100000 0.045884
176.200000 0.043561
176.300000 0.041299
176.400000 0.039096
176.500000 0.036955
176.600000 0.034873
176.700000 0.032852
176.800000 0.030891
176.900000 0.028990
177.000000 0.027150
177.100000 0.025370
177.200000 0.023651
177.300000 0.021992
177.400000 0.020393
177.500000 0.018854
177.600000 0.017376
177.700000 0.015958
177.800000 0.014601
177.900000 0.013304
178.000000 0.012067
178.100000 0.010890
178.200000 0.009774
178.300000 0.008718
178.400000 0.007723
178.500000 0.006788
178.600000 0.005913
178.700000 0.005098
178.800000 0.004344
178.900000 0.003650
179.000000 0.003017
179.100000 0.002444
179.200000 0.001931
179.300000 0.001478
179.400000 0.001086
179.500000 0.000754
179.600000 0.000483
179.700000 0.000272
179.800000 0.000121
179.900000 0.000030
180.000000 0.000000
180.100000 0.000030
180.200000 0.000121
180.300000 0.000272
180.400000 0.000483
180.500000 0.000754
180.600000 0.001086
180.700000 0.001478
180.800000 0.001931
180.900000 0.002444
181.000000 0.003017
