0.000000 100.135777
0.100000 100.024546
0.200000 99.913377
0.300000 99.802269
0.400000 99.691224
0.500000 99.580240
0.600000 99.469318
0.700000 99.358458
0.800000 99.247659
0.900000 99.136923
1.000000 99.026248
1.100000 98.915635
1.200000 98.805084
1.300000 98.694594
1.400000 98.584167
1.500000 98.473801
1.600000 98.363497
1.700000 98.253255
1.800000 98.143075
1.900000 98.032957
2.000000 97.922900
2.100000 97.812905
2.200000 97.702972
2.300000 97.593101
2.400000 97.483291
2.500000 97.373544
2.600000 97.263858
2.700000 97.154234
2.800000 97.044672
2.900000 96.935172
3.000000 96.825733
3.100000 96.716356
3.200000 96.607042
3.300000 96.497789
3.400000 96.388597
3.500000 96.279468
3.600000 96.170400
3.700000 96.061394
3.800000 95.952450
3.900000 95.843568
4.000000 95.734748
4.100000 95.625989
4.200000 95.517292
4.300000 95.408657
4.400000 95.300084
4.500000 95.191573
4.600000 95.083123
4.700000 94.974736
4.800000 94.866410
4.900000 94.758146
5.000000 94.649943
5.100000 94.541803
5.200000 94.433724
5.300000 94.325708
5.400000 94.217753
5.500000 94.109859
5.600000 94.002028
5.700000 93.894258
5.800000 93.786551
5.900000 93.678905
6.000000 93.571320
6.100000 93.463798
6.200000 93.356338
6.300000 93.248939
6.400000 93.141602
6.500000 93.034327
6.600000 92.927114
6.700000 92.819962
6.800000 92.712872
6.900000 92.605845
7.000000 92.498879
7.100000 92.391974
7.200000 92.285132
7.300000 92.178351
7.400000 92.071633
7.500000 91.964976
7.600000 91.858381
7.700000 91.751847
7.800000 91.645376
7.900000 91.538966
8.000000 91.432618
8.100000 91.326332
8.200000 91.220108
8.300000 91.113945
8.400000 91.007845
8.500000 90.901806
8.600000 90.795829
8.700000 90.689913
8.800000 90.584060
8.900000 90.478268
9.000000 90.372539
9.100000 90.266871
9.200000 90.161265
9.300000 90.055720
9.400000 89.950238
9.500000 89.844817
9.600000 89.739458
9.700000 89.634161
9.800000 89.528926
9.900000 89.423752
10.000000 89.318641
10.100000 89.213591
10.200000 89.108603
10.300000 89.003676
10.400000 88.898812
10.500000 88.794009
10.600000 88.689269
10.700000 88.584590
10.800000 88.479972
10.900000 88.375417
11.000000 88.270924
11.100000 88.166492
11.200000 88.062122
11.300000 87.957814
11.400000 87.853568
11.500000 87.749383
11.600000 87.645260
11.700000 87.541200
11.800000 87.437201
11.900000 87.333263
12.000000 87.229388
12.100000 87.125574
12.200000 87.021823
12.300000 86.918133
12.400000 86.814504
12.500000 86.710938
12.600000 86.607433
12.700000 86.503991
12.800000 86.400610
12.900000 86.297291
13.000000 86.194033
13.100000 86.090838
13.200000 85.987704
13.300000 85.884632
13.400000 85.781622
13.500000 85.678674
13.600000 85.575788
13.700000 85.472963
13.800000 85.370200
13.900000 85.267499
14.000000 85.164860
14.100000 85.062283
14.200000 84.959767
14.300000 84.857314
14.400000 84.754922
14.500000 84.652591
14.600000 84.550323
14.700000 84.448117
14.800000 84.345972
14.900000 84.243889
15.000000 84.141868
15.100000 84.039909
15.200000 83.938011
15.300000 83.836176
15.400000 83.734402
15.500000 83.632690
15.600000 83.531040
15.700000 83.429452
15.800000 83.327925
15.900000 83.226460
16.000000 83.125057
16.100000 83.023716
16.200000 82.922437
16.300000 82.821219
16.400000 82.720064
16.500000 82.618970
16.600000 82.517938
16.700000 82.416968
16.800000 82.316059
16.900000 82.215212
17.000000 82.114428
17.100000 82.013705
17.200000 81.913044
17.300000 81.812444
17.400000 81.711907
17.500000 81.611431
17.600000 81.511017
17.700000 81.410665
17.800000 81.310374
17.900000 81.210146
18.000000 81.109979
18.100000 81.009874
18.200000 80.909831
18.300000 80.809850
18.400000 80.709931
18.500000 80.610073
18.600000 80.510277
18.700000 80.410543
18.800000 80.310871
18.900000 80.211261
19.000000 80.111712
19.100000 80.012225
19.200000 79.912800
19.300000 79.813437
19.400000 79.714136
19.500000 79.614897
19.600000 79.515719
19.700000 79.416603
19.800000 79.317549
19.900000 79.218557
20.000000 79.119626
20.100000 79.020758
20.200000 78.921951
20.300000 78.823206
20.400000 78.724523
20.500000 78.625901
20.600000 78.527342
20.700000 78.428844
20.800000 78.330408
20.900000 78.232034
21.000000 78.133721
21.100000 78.035471
21.200000 77.937282
21.300000 77.839155
21.400000 77.741090
21.500000 77.643087
21.600000 77.545146
21.700000 77.447266
21.800000 77.349448
21.900000 77.251692
22.000000 77.153998
22.100000 77.056366
22.200000 76.958795
22.300000 76.861286
22.400000 76.763839
22.500000 76.666454
22.600000 76.569131
22.700000 76.471869
22.800000 76.374670
22.900000 76.277532
23.000000 76.180456
23.100000 76.083441
23.200000 75.986489
23.300000 75.889598
23.400000 75.792770
23.500000 75.696003
23.600000 75.599297
23.700000 75.502654
23.800000 75.406072
23.900000 75.309553
24.000000 75.213095
24.100000 75.116699
24.200000 75.020364
24.300000 74.924092
24.400000 74.827881
24.500000 74.731732
24.600000 74.635645
24.700000 74.539620
24.800000 74.443656
24.900000 74.347755
25.000000 74.251915
25.100000 74.156137
25.200000 74.060421
25.300000 73.964766
25.400000 73.869174
25.500000 73.773643
25.600000 73.678174
25.700000 73.582767
25.800000 73.487421
25.900000 73.392138
26.000000 73.296916
26.100000 73.201756
26.200000 73.106658
26.300000 73.011622
26.400000 72.916648
26.500000 72.821735
26.600000 72.726884
26.700000 72.632095
26.800000 72.537368
26.900000 72.442702
27.000000 72.348099
27.100000 72.253557
27.200000 72.159077
27.300000 72.064659
27.400000 71.970303
27.500000 71.876008
27.600000 71.781775
27.700000 71.687604
27.800000 71.593495
27.900000 71.499448
28.000000 71.405463
28.100000 71.311539
28.200000 71.217677
28.300000 71.123877
28.400000 71.030139
28.500000 70.936463
28.600000 70.842848
28.700000 70.749295
28.800000 70.655804
28.900000 70.562375
29.000000 70.469008
29.100000 70.375702
29.200000 70.282458
29.300000 70.189277
29.400000 70.096156
29.500000 70.003098
29.600000 69.910102
29.700000 69.817167
29.800000 69.724294
29.900000 69.631483
30.000000 69.538734
30.100000 69.446047
30.200000 69.353421
30.300000 69.260857
30.400000 69.168355
30.500000 69.075915
30.600000 68.983537
30.700000 68.891220
30.800000 68.798965
30.900000 68.706773
31.000000 68.614641
31.100000 68.522572
31.200000 68.430565
31.300000 68.338619
31.400000 68.246735
31.500000 68.154913
31.600000 68.063153
31.700000 67.971455
31.800000 67.879818
31.900000 67.788243
32.000000 67.696730
32.100000 67.605279
32.200000 67.513890
32.300000 67.422562
32.400000 67.331296
32.500000 67.240092
32.600000 67.148950
32.700000 67.057870
32.800000 66.966852
32.900000 66.875895
33.000000 66.785000
33.100000 66.694167
33.200000 66.603396
33.300000 66.512686
33.400000 66.422039
33.500000 66.331453
33.600000 66.240929
33.700000 66.150467
33.800000 66.060067
33.900000 65.969728
34.000000 65.879451
34.100000 65.789236
34.200000 65.699083
34.300000 65.608992
34.400000 65.518962
34.500000 65.428995
34.600000 65.339089
34.700000 65.249245
34.800000 65.159463
34.900000 65.069742
35.000000 64.980084
35.100000 64.890487
35.200000 64.800952
35.300000 64.711479
35.400000 64.622067
35.500000 64.532718
35.600000 64.443430
35.700000 64.354204
35.800000 64.265040
35.900000 64.175938
36.000000 64.086897
36.100000 63.997919
36.200000 63.909002
36.300000 63.820147
36.400000 63.731353
36.500000 63.642622
36.600000 63.553952
36.700000 63.465345
36.800000 63.376799
36.900000 63.288314
37.000000 63.199892
37.100000 63.111531
37.200000 63.023233
37.300000 62.934996
37.400000 62.846821
37.500000 62.758707
37.600000 62.670656
37.700000 62.582666
37.800000 62.494738
37.900000 62.406872
38.000000 62.319068
38.100000 62.231326
38.200000 62.143645
38.300000 62.056026
38.400000 61.968469
38.500000 61.880974
38.600000 61.793541
38.700000 61.706169
38.800000 61.618859
38.900000 61.531611
39.000000 61.444425
39.100000 61.357301
39.200000 61.270239
39.300000 61.183238
39.400000 61.096299
39.500000 61.009422
39.600000 60.922607
39.700000 60.835853
39.800000 60.749162
39.900000 60.662532
40.000000 60.575964
40.100000 60.489458
40.200000 60.403013
40.300000 60.316631
40.400000 60.230310
40.500000 60.144051
40.600000 60.057854
40.700000 59.971719
40.800000 59.885645
40.900000 59.799633
41.000000 59.713684
41.100000 59.627795
41.200000 59.541969
41.300000 59.456205
41.400000 59.370502
41.500000 59.284861
41.600000 59.199282
41.700000 59.113765
41.800000 59.028310
41.900000 58.942916
42.000000 58.857584
42.100000 58.772314
42.200000 58.687106
42.300000 58.601960
42.400000 58.516876
42.500000 58.431853
42.600000 58.346892
42.700000 58.261993
42.800000 58.177156
42.900000 58.092380
43.000000 58.007667
43.100000 57.923015
43.200000 57.838425
43.300000 57.753897
43.400000 57.669430
43.500000 57.585026
43.600000 57.500683
43.700000 57.416402
43.800000 57.332183
43.900000 57.248025
44.000000 57.163930
44.100000 57.079896
44.200000 56.995924
44.300000 56.912014
44.400000 56.828166
44.500000 56.744380
44.600000 56.660655
44.700000 56.576992
44.800000 56.493391
44.900000 56.409852
45.000000 56.326375
45.100000 56.242959
45.200000 56.159605
45.300000 56.076313
45.400000 55.993083
45.500000 55.909915
45.600000 55.826808
45.700000 55.743764
45.800000 55.660781
45.900000 55.577860
46.000000 55.495000
46.100000 55.412203
46.200000 55.329467
46.300000 55.246793
46.400000 55.164181
46.500000 55.081631
46.600000 54.999143
46.700000 54.916716
46.800000 54.834351
46.900000 54.752048
47.000000 54.669807
47.100000 54.587628
47.200000 54.505511
47.300000 54.423455
47.400000 54.341461
47.500000 54.259529
47.600000 54.177659
47.700000 54.095850
47.800000 54.014103
47.900000 53.932419
48.000000 53.850796
48.100000 53.769234
48.200000 53.687735
48.300000 53.606297
48.400000 53.524922
48.500000 53.443608
48.600000 53.362356
48.700000 53.281165
48.800000 53.200037
48.900000 53.118970
49.000000 53.037965
49.100000 52.957022
49.200000 52.876141
49.300000 52.795321
49.400000 52.714564
49.500000 52.633868
49.600000 52.553234
49.700000 52.472662
49.800000 52.392151
49.900000 52.311703
50.000000 52.231316
50.100000 52.150991
50.200000 52.070728
50.300000 51.990526
50.400000 51.910387
50.500000 51.830309
50.600000 51.750293
50.700000 51.670339
50.800000 51.590447
50.900000 51.510616
51.000000 51.430848
51.100000 51.351141
51.200000 51.271496
51.300000 51.191913
51.400000 51.112391
51.500000 51.032932
51.600000 50.953534
51.700000 50.874198
51.800000 50.794924
51.900000 50.715711
52.000000 50.636561
52.100000 50.557472
52.200000 50.478445
52.300000 50.399480
52.400000 50.320577
52.500000 50.241735
52.600000 50.162956
52.700000 50.084238
52.800000 50.005582
52.900000 49.926988
53.000000 49.848455
53.100000 49.769985
53.200000 49.691576
53.300000 49.613229
53.400000 49.534944
53.500000 49.456720
53.600000 49.378559
53.700000 49.300459
53.800000 49.222421
53.900000 49.144445
54.000000 49.066531
54.100000 48.988678
54.200000 48.910888
54.300000 48.833159
54.400000 48.755492
54.500000 48.677886
54.600000 48.600343
54.700000 48.522861
54.800000 48.445442
54.900000 48.368084
55.000000 48.290787
55.100000 48.213553
55.200000 48.136381
55.300000 48.059270
55.400000 47.982221
55.500000 47.905234
55.600000 47.828309
55.700000 47.751445
55.800000 47.674643
55.900000 47.597904
56.000000 47.521225
56.100000 47.444609
56.200000 47.368055
56.300000 47.291562
56.400000 47.215131
56.500000 47.138762
56.600000 47.062455
56.700000 46.986210
56.800000 46.910026
56.900000 46.833905
57.000000 46.757845
57.100000 46.681847
57.200000 46.605910
57.300000 46.530036
57.400000 46.454223
57.500000 46.378472
57.600000 46.302783
57.700000 46.227156
57.800000 46.151591
57.900000 46.076087
58.000000 46.000645
58.100000 45.925265
58.200000 45.849947
58.300000 45.774691
58.400000 45.699496
58.500000 45.624363
58.600000 45.549292
58.700000 45.474283
58.800000 45.399336
58.900000 45.324451
59.000000 45.249627
59.100000 45.174865
59.200000 45.100165
59.300000 45.025527
59.400000 44.950950
59.500000 44.876436
59.600000 44.801983
59.700000 44.727592
59.800000 44.653263
59.900000 44.578995
60.000000 44.504790
60.100000 44.430646
60.200000 44.356564
60.300000 44.282544
60.400000 44.208586
60.500000 44.134689
60.600000 44.060854
60.700000 43.987082
60.800000 43.913371
60.900000 43.839721
61.000000 43.766134
61.100000 43.692608
61.200000 43.619144
61.300000 43.545742
61.400000 43.472402
61.500000 43.399124
61.600000 43.325907
61.700000 43.252753
61.800000 43.179660
61.900000 43.106629
62.000000 43.033659
62.100000 42.960752
62.200000 42.887906
62.300000 42.815122
62.400000 42.742400
62.500000 42.669740
62.600000 42.597141
62.700000 42.524605
62.800000 42.452130
62.900000 42.379717
63.000000 42.307366
63.100000 42.235076
63.200000 42.162849
63.300000 42.090683
63.400000 42.018579
63.500000 41.946537
63.600000 41.874557
63.700000 41.802638
63.800000 41.730781
63.900000 41.658987
64.000000 41.587254
64.100000 41.515582
64.200000 41.443973
64.300000 41.372425
64.400000 41.300939
64.500000 41.229515
64.600000 41.158153
64.700000 41.086853
64.800000 41.015614
64.900000 40.944437
65.000000 40.873323
65.100000 40.802269
65.200000 40.731278
65.300000 40.660349
65.400000 40.589481
65.500000 40.518675
65.600000 40.447931
65.700000 40.377249
65.800000 40.306628
65.900000 40.236070
66.000000 40.165573
66.100000 40.095138
66.200000 40.024765
66.300000 39.954453
66.400000 39.884204
66.500000 39.814016
66.600000 39.743890
66.700000 39.673826
66.800000 39.603823
66.900000 39.533883
67.000000 39.464004
67.100000 39.394187
67.200000 39.324432
67.300000 39.254739
67.400000 39.185108
67.500000 39.115538
67.600000 39.046030
67.700000 38.976584
67.800000 38.907200
67.900000 38.837877
68.000000 38.768617
68.100000 38.699418
68.200000 38.630281
68.300000 38.561206
68.400000 38.492193
68.500000 38.423241
68.600000 38.354351
68.700000 38.285524
68.800000 38.216757
68.900000 38.148053
69.000000 38.079411
69.100000 38.010830
69.200000 37.942311
69.300000 37.873854
69.400000 37.805459
69.500000 37.737126
69.600000 37.668854
69.700000 37.600644
69.800000 37.532496
69.900000 37.464410
70.000000 37.396386
70.100000 37.328423
70.200000 37.260523
70.300000 37.192684
70.400000 37.124907
70.500000 37.057191
70.600000 36.989538
70.700000 36.921946
70.800000 36.854416
70.900000 36.786948
71.000000 36.719542
71.100000 36.652198
71.200000 36.584915
71.300000 36.517694
71.400000 36.450535
71.500000 36.383438
71.600000 36.316403
71.700000 36.249429
71.800000 36.182518
71.900000 36.115668
72.000000 36.048880
72.100000 35.982153
72.200000 35.915489
72.300000 35.848886
72.400000 35.782345
72.500000 35.715866
72.600000 35.649449
72.700000 35.583094
72.800000 35.516800
72.900000 35.450568
73.000000 35.384398
73.100000 35.318290
73.200000 35.252244
73.300000 35.186259
73.400000 35.120337
73.500000 35.054476
73.600000 34.988677
73.700000 34.922939
73.800000 34.857264
73.900000 34.791650
74.000000 34.726098
74.100000 34.660608
74.200000 34.595180
74.300000 34.529814
74.400000 34.464509
74.500000 34.399266
74.600000 34.334085
74.700000 34.268966
74.800000 34.203909
74.900000 34.138913
75.000000 34.073980
75.100000 34.009108
75.200000 33.944298
75.300000 33.879549
75.400000 33.814863
75.500000 33.750238
75.600000 33.685675
75.700000 33.621174
75.800000 33.556735
75.900000 33.492358
76.000000 33.428042
76.100000 33.363788
76.200000 33.299596
76.300000 33.235466
76.400000 33.171398
76.500000 33.107391
76.600000 33.043447
76.700000 32.979564
76.800000 32.915742
76.900000 32.851983
77.000000 32.788286
77.100000 32.724650
77.200000 32.661076
77.300000 32.597564
77.400000 32.534114
77.500000 32.470726
77.600000 32.407399
77.700000 32.344134
77.800000 32.280931
77.900000 32.217790
78.000000 32.154711
78.100000 32.091693
78.200000 32.028737
78.300000 31.965843
78.400000 31.903011
78.500000 31.840241
78.600000 31.777532
78.700000 31.714886
78.800000 31.652301
78.900000 31.589778
79.000000 31.527317
79.100000 31.464917
79.200000 31.402580
79.300000 31.340304
79.400000 31.278090
79.500000 31.215938
79.600000 31.153847
79.700000 31.091819
79.800000 31.029852
79.900000 30.967947
80.000000 30.906104
80.100000 30.844323
80.200000 30.782603
80.300000 30.720946
80.400000 30.659350
80.500000 30.597816
80.600000 30.536343
80.700000 30.474933
80.800000 30.413584
80.900000 30.352298
81.000000 30.291073
81.100000 30.229909
81.200000 30.168808
81.300000 30.107768
81.400000 30.046791
81.500000 29.985875
81.600000 29.925021
81.700000 29.864228
81.800000 29.803498
81.900000 29.742829
82.000000 29.682222
82.100000 29.621677
82.200000 29.561194
82.300000 29.500773
82.400000 29.440413
82.500000 29.380115
82.600000 29.319879
82.700000 29.259705
82.800000 29.199593
82.900000 29.139542
83.000000 29.079553
83.100000 29.019626
83.200000 28.959761
83.300000 28.899958
83.400000 28.840216
83.500000 28.780537
83.600000 28.720919
83.700000 28.661363
83.800000 28.601869
83.900000 28.542436
84.000000 28.483065
84.100000 28.423757
84.200000 28.364510
84.300000 28.305324
84.400000 28.246201
84.500000 28.187139
84.600000 28.128140
84.700000 28.069202
84.800000 28.010326
84.900000 27.951511
85.000000 27.892759
85.100000 27.834068
85.200000 27.775439
85.300000 27.716872
85.400000 27.658367
85.500000 27.599924
85.600000 27.541542
85.700000 27.483222
85.800000 27.424964
85.900000 27.366768
86.000000 27.308633
86.100000 27.250561
86.200000 27.192550
86.300000 27.134601
86.400000 27.076714
86.500000 27.018889
86.600000 26.961125
86.700000 26.903424
86.800000 26.845784
86.900000 26.788206
87.000000 26.730689
87.100000 26.673235
87.200000 26.615842
87.300000 26.558511
87.400000 26.501242
87.500000 26.444035
87.600000 26.386890
87.700000 26.329806
87.800000 26.272785
87.900000 26.215825
88.000000 26.158926
88.100000 26.102090
88.200000 26.045316
88.300000 25.988603
88.400000 25.931952
88.500000 25.875363
88.600000 25.818836
88.700000 25.762370
88.800000 25.705967
88.900000 25.649625
89.000000 25.593345
89.100000 25.537127
89.200000 25.480970
89.300000 25.424876
89.400000 25.368843
89.500000 25.312872
89.600000 25.256963
89.700000 25.201115
89.800000 25.145330
89.900000 25.089606
90.000000 25.033944
90.100000 24.978344
90.200000 24.922806
90.300000 24.867329
90.400000 24.811915
90.500000 24.756562
90.600000 24.701271
90.700000 24.646042
90.800000 24.590874
90.900000 24.535769
91.000000 24.480725
91.100000 24.425743
91.200000 24.370823
91.300000 24.315965
91.400000 24.261168
91.500000 24.206433
91.600000 24.151760
91.700000 24.097149
91.800000 24.042600
91.900000 23.988113
92.000000 23.933687
92.100000 23.879323
92.200000 23.825021
92.300000 23.770781
92.400000 23.716602
92.500000 23.662486
92.600000 23.608431
92.700000 23.554438
92.800000 23.500507
92.900000 23.446638
93.000000 23.392830
93.100000 23.339084
93.200000 23.285400
93.300000 23.231778
93.400000 23.178218
93.500000 23.124720
93.600000 23.071283
93.700000 23.017908
93.800000 22.964595
93.900000 22.911344
94.000000 22.858155
94.100000 22.805027
94.200000 22.751961
94.300000 22.698957
94.400000 22.646015
94.500000 22.593135
94.600000 22.540316
94.700000 22.487559
94.800000 22.434865
94.900000 22.382231
95.000000 22.329660
95.100000 22.277151
95.200000 22.224703
95.300000 22.172317
95.400000 22.119993
95.500000 22.067731
95.600000 22.015530
95.700000 21.963392
95.800000 21.911315
95.900000 21.859300
96.000000 21.807347
96.100000 21.755456
96.200000 21.703626
96.300000 21.651858
96.400000 21.600152
96.500000 21.548508
96.600000 21.496926
96.700000 21.445406
96.800000 21.393947
96.900000 21.342550
97.000000 21.291215
97.100000 21.239942
97.200000 21.188730
97.300000 21.137581
97.400000 21.086493
97.500000 21.035467
97.600000 20.984503
97.700000 20.933601
97.800000 20.882760
97.900000 20.831981
98.000000 20.781264
98.100000 20.730609
98.200000 20.680016
98.300000 20.629484
98.400000 20.579015
98.500000 20.528607
98.600000 20.478261
98.700000 20.427977
98.800000 20.377754
98.900000 20.327594
99.000000 20.277495
99.100000 20.227458
99.200000 20.177483
99.300000 20.127569
99.400000 20.077718
99.500000 20.027928
99.600000 19.978200
99.700000 19.928534
99.800000 19.878930
99.900000 19.829387
100.000000 19.779907
100.100000 19.730488
100.200000 19.681131
100.300000 19.631835
100.400000 19.582602
100.500000 19.533430
100.600000 19.484321
100.700000 19.435273
100.800000 19.386286
100.900000 19.337362
101.000000 19.288500
101.100000 19.239699
101.200000 19.190960
101.300000 19.142283
101.400000 19.093667
101.500000 19.045114
101.600000 18.996622
101.700000 18.948192
101.800000 18.899824
101.900000 18.851518
102.000000 18.803274
102.100000 18.755091
102.200000 18.706970
102.300000 18.658911
102.400000 18.610914
102.500000 18.562979
102.600000 18.515105
102.700000 18.467293
102.800000 18.419543
102.900000 18.371855
103.000000 18.324229
103.100000 18.276665
103.200000 18.229162
103.300000 18.181721
103.400000 18.134342
103.500000 18.087025
103.600000 18.039769
103.700000 17.992576
103.800000 17.945444
103.900000 17.898374
104.000000 17.851366
104.100000 17.804419
104.200000 17.757535
104.300000 17.710712
104.400000 17.663951
104.500000 17.617252
104.600000 17.570615
104.700000 17.524039
104.800000 17.477525
104.900000 17.431074
105.000000 17.384683
105.100000 17.338355
105.200000 17.292089
105.300000 17.245884
105.400000 17.199741
105.500000 17.153660
105.600000 17.107641
105.700000 17.061684
105.800000 17.015788
105.900000 16.969954
106.000000 16.924183
106.100000 16.878472
106.200000 16.832824
106.300000 16.787238
106.400000 16.741713
106.500000 16.696250
106.600000 16.650849
106.700000 16.605510
106.800000 16.560232
106.900000 16.515017
107.000000 16.469863
107.100000 16.424771
107.200000 16.379741
107.300000 16.334772
107.400000 16.289866
107.500000 16.245021
107.600000 16.200238
107.700000 16.155517
107.800000 16.110858
107.900000 16.066260
108.000000 16.021724
108.100000 15.977250
108.200000 15.932838
108.300000 15.888488
108.400000 15.844200
108.500000 15.799973
108.600000 15.755808
108.700000 15.711705
108.800000 15.667664
108.900000 15.623685
109.000000 15.579767
109.100000 15.535911
109.200000 15.492117
109.300000 15.448385
109.400000 15.404715
109.500000 15.361106
109.600000 15.317560
109.700000 15.274075
109.800000 15.230652
109.900000 15.187290
110.000000 15.143991
110.100000 15.100753
110.200000 15.057577
110.300000 15.014463
110.400000 14.971411
110.500000 14.928421
110.600000 14.885492
110.700000 14.842626
110.800000 14.799821
110.900000 14.757077
111.000000 14.714396
111.100000 14.671777
111.200000 14.629219
111.300000 14.586723
111.400000 14.544289
111.500000 14.501917
111.600000 14.459606
111.700000 14.417358
111.800000 14.375171
111.900000 14.333046
112.000000 14.290982
112.100000 14.248981
112.200000 14.207042
112.300000 14.165164
112.400000 14.123348
112.500000 14.081594
112.600000 14.039901
112.700000 13.998271
112.800000 13.956702
112.900000 13.915195
113.000000 13.873750
113.100000 13.832367
113.200000 13.791045
113.300000 13.749786
113.400000 13.708588
113.500000 13.667452
113.600000 13.626378
113.700000 13.585365
113.800000 13.544415
113.900000 13.503526
114.000000 13.462699
114.100000 13.421934
114.200000 13.381230
114.300000 13.340589
114.400000 13.300009
114.500000 13.259491
114.600000 13.219035
114.700000 13.178641
114.800000 13.138308
114.900000 13.098038
115.000000 13.057829
115.100000 13.017682
115.200000 12.977597
115.300000 12.937573
115.400000 12.897612
115.500000 12.857712
115.600000 12.817874
115.700000 12.778098
115.800000 12.738383
115.900000 12.698731
116.000000 12.659140
116.100000 12.619611
116.200000 12.580144
116.300000 12.540739
116.400000 12.501395
116.500000 12.462114
116.600000 12.422894
116.700000 12.383736
116.800000 12.344640
116.900000 12.305605
117.000000 12.266633
117.100000 12.227722
117.200000 12.188873
117.300000 12.150086
117.400000 12.111360
117.500000 12.072697
117.600000 12.034095
117.700000 11.995555
117.800000 11.957077
117.900000 11.918661
118.000000 11.880306
118.100000 11.842014
118.200000 11.803783
118.300000 11.765614
118.400000 11.727507
118.500000 11.689461
118.600000 11.651478
118.700000 11.613556
118.800000 11.575696
118.900000 11.537898
119.000000 11.500161
119.100000 11.462487
119.200000 11.424874
119.300000 11.387323
119.400000 11.349834
119.500000 11.312407
119.600000 11.275041
119.700000 11.237738
119.800000 11.200496
119.900000 11.163316
120.000000 11.126197
120.100000 11.089141
120.200000 11.052146
120.300000 11.015214
120.400000 10.978343
120.500000 10.941533
120.600000 10.904786
120.700000 10.868101
120.800000 10.831477
120.900000 10.794915
121.000000 10.758415
121.100000 10.721977
121.200000 10.685600
121.300000 10.649285
121.400000 10.613032
121.500000 10.576841
121.600000 10.540712
121.700000 10.504645
121.800000 10.468639
121.900000 10.432695
122.000000 10.396813
122.100000 10.360993
122.200000 10.325235
122.300000 10.289538
122.400000 10.253904
122.500000 10.218331
122.600000 10.182820
122.700000 10.147370
122.800000 10.111983
122.900000 10.076657
123.000000 10.041393
123.100000 10.006191
123.200000 9.971051
123.300000 9.935972
123.400000 9.900956
123.500000 9.866001
123.600000 9.831108
123.700000 9.796277
123.800000 9.761508
123.900000 9.726800
124.000000 9.692154
124.100000 9.657570
124.200000 9.623048
124.300000 9.588588
124.400000 9.554189
124.500000 9.519853
124.600000 9.485578
124.700000 9.451365
124.800000 9.417214
124.900000 9.383124
125.000000 9.349096
125.100000 9.315131
125.200000 9.281227
125.300000 9.247384
125.400000 9.213604
125.500000 9.179886
125.600000 9.146229
125.700000 9.112634
125.800000 9.079101
125.900000 9.045629
126.000000 9.012220
126.100000 8.978872
126.200000 8.945586
126.300000 8.912362
126.400000 8.879200
126.500000 8.846100
126.600000 8.813061
126.700000 8.780084
126.800000 8.747169
126.900000 8.714316
127.000000 8.681525
127.100000 8.648795
127.200000 8.616127
127.300000 8.583521
127.400000 8.550977
127.500000 8.518495
127.600000 8.486074
127.700000 8.453716
127.800000 8.421419
127.900000 8.389184
128.000000 8.357011
128.100000 8.324899
128.200000 8.292849
128.300000 8.260862
128.400000 8.228936
128.500000 8.197071
128.600000 8.165269
128.700000 8.133528
128.800000 8.101850
128.900000 8.070233
129.000000 8.038678
129.100000 8.007184
129.200000 7.975753
129.300000 7.944383
129.400000 7.913075
129.500000 7.881829
129.600000 7.850645
129.700000 7.819522
129.800000 7.788462
129.900000 7.757463
130.000000 7.726526
130.100000 7.695651
130.200000 7.664837
130.300000 7.634086
130.400000 7.603396
130.500000 7.572768
130.600000 7.542202
130.700000 7.511698
130.800000 7.481255
130.900000 7.450874
131.000000 7.420556
131.100000 7.390298
131.200000 7.360103
131.300000 7.329970
131.400000 7.299898
131.500000 7.269888
131.600000 7.239940
131.700000 7.210054
131.800000 7.180230
131.900000 7.150467
132.000000 7.120766
132.100000 7.091127
132.200000 7.061550
132.300000 7.032035
132.400000 7.002581
132.500000 6.973190
132.600000 6.943860
132.700000 6.914592
132.800000 6.885385
132.900000 6.856241
133.000000 6.827158
133.100000 6.798138
133.200000 6.769179
133.300000 6.740281
133.400000 6.711446
133.500000 6.682672
133.600000 6.653961
133.700000 6.625311
133.800000 6.596722
133.900000 6.568196
134.000000 6.539732
134.100000 6.511329
134.200000 6.482988
134.300000 6.454709
134.400000 6.426492
134.500000 6.398336
134.600000 6.370243
134.700000 6.342211
134.800000 6.314241
134.900000 6.286332
135.000000 6.258486
135.100000 6.230701
135.200000 6.202979
135.300000 6.175318
135.400000 6.147719
135.500000 6.120181
135.600000 6.092706
135.700000 6.065292
135.800000 6.037940
135.900000 6.010650
136.000000 5.983422
136.100000 5.956255
136.200000 5.929151
136.300000 5.902108
136.400000 5.875127
136.500000 5.848208
136.600000 5.821350
136.700000 5.794555
136.800000 5.767821
136.900000 5.741149
137.000000 5.714539
137.100000 5.687990
137.200000 5.661504
137.300000 5.635079
137.400000 5.608716
137.500000 5.582415
137.600000 5.556176
137.700000 5.529998
137.800000 5.503883
137.900000 5.477829
138.000000 5.451837
138.100000 5.425907
138.200000 5.400038
138.300000 5.374232
138.400000 5.348487
138.500000 5.322804
138.600000 5.297183
138.700000 5.271623
138.800000 5.246126
138.900000 5.220690
139.000000 5.195316
139.100000 5.170004
139.200000 5.144754
139.300000 5.119565
139.400000 5.094439
139.500000 5.069374
139.600000 5.044371
139.700000 5.019429
139.800000 4.994550
139.900000 4.969732
140.000000 4.944977
140.100000 4.920283
140.200000 4.895650
140.300000 4.871080
140.400000 4.846572
140.500000 4.822125
140.600000 4.797740
140.700000 4.773417
140.800000 4.749156
140.900000 4.724956
141.000000 4.700818
141.100000 4.676743
141.200000 4.652729
141.300000 4.628776
141.400000 4.604886
141.500000 4.581057
141.600000 4.557290
141.700000 4.533585
141.800000 4.509942
141.900000 4.486361
142.000000 4.462841
142.100000 4.439384
142.200000 4.415988
142.300000 4.392654
142.400000 4.369381
142.500000 4.346171
142.600000 4.323022
142.700000 4.299935
142.800000 4.276910
142.900000 4.253947
143.000000 4.231046
143.100000 4.208206
143.200000 4.185428
143.300000 4.162712
143.400000 4.140058
143.500000 4.117466
143.600000 4.094935
143.700000 4.072466
143.800000 4.050059
143.900000 4.027714
144.000000 4.005431
144.100000 3.983210
144.200000 3.961050
144.300000 3.938952
144.400000 3.916916
144.500000 3.894942
144.600000 3.873029
144.700000 3.851179
144.800000 3.829390
144.900000 3.807663
145.000000 3.785998
145.100000 3.764394
145.200000 3.742853
145.300000 3.721373
145.400000 3.699955
145.500000 3.678599
145.600000 3.657305
145.700000 3.636072
145.800000 3.614902
145.900000 3.593793
146.000000 3.572746
146.100000 3.551760
146.200000 3.530837
146.300000 3.509975
146.400000 3.489176
146.500000 3.468438
146.600000 3.447761
146.700000 3.427147
146.800000 3.406594
146.900000 3.386104
147.000000 3.365675
147.100000 3.345308
147.200000 3.325002
147.300000 3.304759
147.400000 3.284577
147.500000 3.264457
147.600000 3.244399
147.700000 3.224403
147.800000 3.204468
147.900000 3.184596
148.000000 3.164785
148.100000 3.145036
148.200000 3.125349
148.300000 3.105723
148.400000 3.086160
148.500000 3.066658
148.600000 3.047218
148.700000 3.027840
148.800000 3.008524
148.900000 2.989269
149.000000 2.970077
149.100000 2.950946
149.200000 2.931877
149.300000 2.912869
149.400000 2.893924
149.500000 2.875040
149.600000 2.856219
149.700000 2.837459
149.800000 2.818760
149.900000 2.800124
150.000000 2.781549
150.100000 2.763037
150.200000 2.744586
150.300000 2.726197
150.400000 2.707869
150.500000 2.689604
150.600000 2.671400
150.700000 2.653258
150.800000 2.635178
150.900000 2.617160
151.000000 2.599203
151.100000 2.581309
151.200000 2.563476
151.300000 2.545705
151.400000 2.527996
151.500000 2.510348
151.600000 2.492763
151.700000 2.475239
151.800000 2.457777
151.900000 2.440377
152.000000 2.423039
152.100000 2.405762
152.200000 2.388547
152.300000 2.371394
152.400000 2.354303
152.500000 2.337274
152.600000 2.320307
152.700000 2.303401
152.800000 2.286557
152.900000 2.269775
153.000000 2.253055
153.100000 2.236397
153.200000 2.219800
153.300000 2.203265
153.400000 2.186792
153.500000 2.170381
153.600000 2.154032
153.700000 2.137744
153.800000 2.121519
153.900000 2.105355
154.000000 2.089253
154.100000 2.073212
154.200000 2.057234
154.300000 2.041317
154.400000 2.025462
154.500000 2.009669
154.600000 1.993938
154.700000 1.978269
154.800000 1.962661
154.900000 1.947115
155.000000 1.931631
155.100000 1.916209
155.200000 1.900849
155.300000 1.885550
155.400000 1.870314
155.500000 1.855139
155.600000 1.840026
155.700000 1.824975
155.800000 1.809985
155.900000 1.795057
156.000000 1.780192
156.100000 1.765388
156.200000 1.750645
156.300000 1.735965
156.400000 1.721346
156.500000 1.706790
156.600000 1.692295
156.700000 1.677861
156.800000 1.663490
156.900000 1.649181
157.000000 1.634933
157.100000 1.620747
157.200000 1.606623
157.300000 1.592561
157.400000 1.578560
157.500000 1.564622
157.600000 1.550745
157.700000 1.536930
157.800000 1.523176
157.900000 1.509485
158.000000 1.495855
158.100000 1.482288
158.200000 1.468782
158.300000 1.455338
158.400000 1.441955
158.500000 1.428635
158.600000 1.415376
158.700000 1.402179
158.800000 1.389044
158.900000 1.375971
159.000000 1.362959
159.100000 1.350010
159.200000 1.337122
159.300000 1.324296
159.400000 1.311531
159.500000 1.298829
159.600000 1.286188
159.700000 1.273610
159.800000 1.261093
159.900000 1.248638
160.000000 1.236244
160.100000 1.223913
160.200000 1.211643
160.300000 1.199435
160.400000 1.187289
160.500000 1.175205
160.600000 1.163182
160.700000 1.151221
160.800000 1.139323
160.900000 1.127486
161.000000 1.115710
161.100000 1.103997
161.200000 1.092345
161.300000 1.080756
161.400000 1.069228
161.500000 1.057761
161.600000 1.046357
161.700000 1.035015
161.800000 1.023734
161.900000 1.012515
162.000000 1.001358
162.100000 0.990262
162.200000 0.979229
162.300000 0.968257
162.400000 0.957347
162.500000 0.946499
162.600000 0.935713
162.700000 0.924989
162.800000 0.914326
162.900000 0.903725
163.000000 0.893186
163.100000 0.882709
163.200000 0.872294
163.300000 0.861940
163.400000 0.851649
163.500000 0.841419
163.600000 0.831251
163.700000 0.821144
163.800000 0.811100
163.900000 0.801117
164.000000 0.791196
164.100000 0.781337
164.200000 0.771540
164.300000 0.761805
164.400000 0.752131
164.500000 0.742519
164.600000 0.732969
164.700000 0.723481
164.800000 0.714055
164.900000 0.704690
165.000000 0.695387
165.100000 0.686146
165.200000 0.676967
165.300000 0.667850
165.400000 0.658795
165.500000 0.649801
165.600000 0.640869
165.700000 0.631999
165.800000 0.623191
165.900000 0.614444
166.000000 0.605760
166.100000 0.597137
166.200000 0.588576
166.300000 0.580077
166.400000 0.571639
166.500000 0.563264
166.600000 0.554950
166.700000 0.546698
166.800000 0.538508
166.900000 0.530380
167.000000 0.522313
167.100000 0.514308
167.200000 0.506366
167.300000 0.498485
167.400000 0.490665
167.500000 0.482908
167.600000 0.475212
167.700000 0.467578
167.800000 0.460006
167.900000 0.452496
168.000000 0.445048
168.100000 0.437661
168.200000 0.430337
168.300000 0.423074
168.400000 0.415873
168.500000 0.408733
168.600000 0.401656
168.700000 0.394640
168.800000 0.387686
168.900000 0.380794
169.000000 0.373964
169.100000 0.367195
169.200000 0.360489
169.300000 0.353844
169.400000 0.347261
169.500000 0.340740
169.600000 0.334280
169.700000 0.327883
169.800000 0.321547
169.900000 0.315273
170.000000 0.309061
170.100000 0.302911
170.200000 0.296822
170.300000 0.290796
170.400000 0.284831
170.500000 0.278928
170.600000 0.273086
170.700000 0.267307
170.800000 0.261589
170.900000 0.255933
171.000000 0.250339
171.100000 0.244807
171.200000 0.239337
171.300000 0.233928
171.400000 0.228582
171.500000 0.223297
171.600000 0.218073
171.700000 0.212912
171.800000 0.207813
171.900000 0.202775
172.000000 0.197799
172.100000 0.192885
172.200000 0.188033
172.300000 0.183242
172.400000 0.178514
172.500000 0.173847
172.600000 0.169242
172.700000 0.164699
172.800000 0.160217
172.900000 0.155798
173.000000 0.151440
173.100000 0.147144
173.200000 0.142910
173.300000 0.138738
173.400000 0.134627
173.500000 0.130578
173.600000 0.126591
173.700000 0.122666
173.800000 0.118803
173.900000 0.115002
174.000000 0.111262
174.100000 0.107584
174.200000 0.103968
174.300000 0.100414
174.400000 0.096922
174.500000 0.093491
174.600000 0.090122
174.700000 0.086815
174.800000 0.083570
174.900000 0.080387
175.000000 0.077265
175.100000 0.074206
175.200000 0.071208
175.300000 0.068272
175.400000 0.065397
175.500000 0.062585
175.600000 0.059834
175.700000 0.057145
175.800000 0.054518
175.900000 0.051953
176.000000 0.049450
176.100000 0.047008
176.200000 0.044628
176.300000 0.042310
176.400000 0.040054
176.500000 0.037860
176.600000 0.035727
176.700000 0.033657
176.800000 0.031648
176.900000 0.029701
177.000000 0.027815
177.100000 0.025992
177.200000 0.024230
177.300000 0.022531
177.400000 0.020893
177.500000 0.019316
177.600000 0.017802
177.700000 0.016349
177.800000 0.014959
177.900000 0.013630
178.000000 0.012362
178.100000 0.011157
178.200000 0.010014
178.300000 0.008932
178.400000 0.007912
178.500000 0.006954
178.600000 0.006058
178.700000 0.005223
178.800000 0.004450
178.900000 0.003740
179.000000 0.003091
179.100000 0.002503
179.200000 0.001978
179.300000 0.001514
179.400000 0.001113
179.500000 0.000773
179.600000 0.000494
179.700000 0.000278
179.800000 0.000124
179.900000 0.000031
180.000000 0.000000
180.100000 0.000031
180.200000 0.000124
180.300000 0.000278
180.400000 0.000494
180.500000 0.000773
180.600000 0.001113
180.700000 0.001514
180.800000 0.001978
180.900000 0.002503
181.000000 0.003091
