0.000000 85.451316
0.100000 85.356396
0.200000 85.261530
0.300000 85.166716
0.400000 85.071954
0.500000 84.977246
0.600000 84.882590
0.700000 84.787987
0.800000 84.693437
0.900000 84.598939
1.000000 84.504494
1.100000 84.410102
1.200000 84.315763
1.300000 84.221476
1.400000 84.127243
1.500000 84.033061
1.600000 83.938933
1.700000 83.844858
1.800000 83.750835
1.900000 83.656865
2.000000 83.562947
2.100000 83.469083
2.200000 83.375271
2.300000 83.281512
2.400000 83.187806
2.500000 83.094152
2.600000 83.000551
2.700000 82.907003
2.800000 82.813508
2.900000 82.720065
3.000000 82.626675
3.100000 82.533338
3.200000 82.440054
3.300000 82.346822
3.400000 82.253643
3.500000 82.160517
3.600000 82.067444
3.700000 81.974423
3.800000 81.881455
3.900000 81.788540
4.000000 81.695678
4.100000 81.602868
4.200000 81.510111
4.300000 81.417407
4.400000 81.324756
4.500000 81.232157
4.600000 81.139611
4.700000 81.047118
4.800000 80.954678
4.900000 80.862290
5.000000 80.769955
5.100000 80.677673
5.200000 80.585444
5.300000 80.493267
5.400000 80.401143
5.500000 80.309072
5.600000 80.217054
5.700000 80.125088
5.800000 80.033175
5.900000 79.941315
6.000000 79.849507
6.100000 79.757753
6.200000 79.666051
6.300000 79.574402
6.400000 79.482805
6.500000 79.391262
6.600000 79.299771
6.700000 79.208332
6.800000 79.116947
6.900000 79.025614
7.000000 78.934334
7.100000 78.843107
7.200000 78.751933
7.300000 78.660811
7.400000 78.569742
7.500000 78.478726
7.600000 78.387762
7.700000 78.296852
7.800000 78.205994
7.900000 78.115189
8.000000 78.024436
8.100000 77.933736
8.200000 77.843089
8.300000 77.752495
8.400000 77.661954
8.500000 77.571465
8.600000 77.481029
8.700000 77.390646
8.800000 77.300315
8.900000 77.210038
9.000000 77.119813
9.100000 77.029640
9.200000 76.939521
9.300000 76.849454
9.400000 76.759440
9.500000 76.669479
9.600000 76.579570
9.700000 76.489715
9.800000 76.399912
9.900000 76.310161
10.000000 76.220464
10.100000 76.130819
10.200000 76.041227
10.300000 75.951688
10.400000 75.862201
10.500000 75.772768
10.600000 75.683387
10.700000 75.594058
10.800000 75.504783
10.900000 75.415560
11.000000 75.326390
11.100000 75.237273
11.200000 75.148208
11.300000 75.059196
11.400000 74.970237
11.500000 74.881331
11.600000 74.792477
11.700000 74.703677
11.800000 74.614929
11.900000 74.526233
12.000000 74.437591
12.100000 74.349001
12.200000 74.260464
12.300000 74.171980
12.400000 74.083548
12.500000 73.995169
12.600000 73.906843
12.700000 73.818570
12.800000 73.730349
12.900000 73.642181
13.000000 73.554066
13.100000 73.466004
13.200000 73.377994
13.300000 73.290038
13.400000 73.202134
13.500000 73.114282
13.600000 73.026484
13.700000 72.938738
13.800000 72.851045
13.900000 72.763404
14.000000 72.675817
14.100000 72.588282
14.200000 72.500800
14.300000 72.413370
14.400000 72.325994
14.500000 72.238670
14.600000 72.151399
14.700000 72.064180
14.800000 71.977015
14.900000 71.889902
15.000000 71.802842
15.100000 71.715834
15.200000 71.628880
15.300000 71.541978
15.400000 71.455129
15.500000 71.368332
15.600000 71.281589
15.700000 71.194898
15.800000 71.108260
15.900000 71.021674
16.000000 70.935142
16.100000 70.848662
16.200000 70.762235
16.300000 70.675860
16.400000 70.589539
16.500000 70.503270
16.600000 70.417054
16.700000 70.330890
16.800000 70.244780
16.900000 70.158722
17.000000 70.072716
17.100000 69.986764
17.200000 69.900864
17.300000 69.815017
17.400000 69.729223
17.500000 69.643482
17.600000 69.557793
17.700000 69.472157
17.800000 69.386574
17.900000 69.301044
18.000000 69.215566
18.100000 69.130141
18.200000 69.044769
18.300000 68.959449
18.400000 68.874183
18.500000 68.788969
18.600000 68.703807
18.700000 68.618699
18.800000 68.533643
18.900000 68.448640
19.000000 68.363690
19.100000 68.278793
19.200000 68.193948
19.300000 68.109156
19.400000 68.024417
19.500000 67.939730
19.600000 67.855097
19.700000 67.770516
19.800000 67.685987
19.900000 67.601512
20.000000 67.517089
20.100000 67.432719
20.200000 67.348402
20.300000 67.264137
20.400000 67.179926
20.500000 67.095767
20.600000 67.011660
20.700000 66.927607
20.800000 66.843606
20.900000 66.759658
21.000000 66.675763
21.100000 66.591920
21.200000 66.508131
21.300000 66.424394
21.400000 66.340709
21.500000 66.257078
21.600000 66.173499
21.700000 66.089973
21.800000 66.006500
21.900000 65.923079
22.000000 65.839711
22.100000 65.756396
22.200000 65.673134
22.300000 65.589925
22.400000 65.506768
22.500000 65.423664
22.600000 65.340612
22.700000 65.257614
22.800000 65.174668
22.900000 65.091775
23.000000 65.008935
23.100000 64.926147
23.200000 64.843412
23.300000 64.760730
23.400000 64.678101
23.500000 64.595524
23.600000 64.513001
23.700000 64.430530
23.800000 64.348111
23.900000 64.265746
24.000000 64.183433
24.100000 64.101173
24.200000 64.018965
24.300000 63.936811
24.400000 63.854709
24.500000 63.772660
24.600000 63.690664
24.700000 63.608720
24.800000 63.526829
24.900000 63.444991
25.000000 63.363206
25.100000 63.281473
25.200000 63.199793
25.300000 63.118166
25.400000 63.036592
25.500000 62.955070
25.600000 62.873601
25.700000 62.792185
25.800000 62.710822
25.900000 62.629511
26.000000 62.548253
26.100000 62.467048
26.200000 62.385896
26.300000 62.304796
26.400000 62.223749
26.500000 62.142755
26.600000 62.061814
26.700000 61.980925
26.800000 61.900089
26.900000 61.819306
27.000000 61.738576
27.100000 61.657898
27.200000 61.577273
27.300000 61.496701
27.400000 61.416182
27.500000 61.335715
27.600000 61.255301
27.700000 61.174940
27.800000 61.094632
27.900000 61.014376
28.000000 60.934173
28.100000 60.854023
28.200000 60.773925
28.300000 60.693881
28.400000 60.613889
28.500000 60.533950
28.600000 60.454063
28.700000 60.374229
28.800000 60.294449
28.900000 60.214720
29.000000 60.135045
29.100000 60.055422
29.200000 59.975852
29.300000 59.896335
29.400000 59.816871
29.500000 59.737459
29.600000 59.658100
29.700000 59.578794
29.800000 59.499540
29.900000 59.420340
30.000000 59.341192
30.100000 59.262096
30.200000 59.183054
30.300000 59.104064
30.400000 59.025127
30.500000 58.946243
30.600000 58.867412
30.700000 58.788633
30.800000 58.709907
30.900000 58.631234
31.000000 58.552613
31.100000 58.474045
31.200000 58.395530
31.300000 58.317068
31.400000 58.238659
31.500000 58.160302
31.600000 58.081998
31.700000 58.003747
31.800000 57.925548
31.900000 57.847402
32.000000 57.769309
32.100000 57.691269
32.200000 57.613282
32.300000 57.535347
32.400000 57.457465
32.500000 57.379636
32.600000 57.301859
32.700000 57.224135
32.800000 57.146464
32.900000 57.068846
33.000000 56.991280
33.100000 56.913768
33.200000 56.836308
33.300000 56.758900
33.400000 56.681546
33.500000 56.604244
33.600000 56.526995
33.700000 56.449799
33.800000 56.372655
33.900000 56.295564
34.000000 56.218526
34.100000 56.141541
34.200000 56.064608
34.300000 55.987729
34.400000 55.910902
34.500000 55.834127
34.600000 55.757406
34.700000 55.680737
34.800000 55.604121
34.900000 55.527557
35.000000 55.451047
35.100000 55.374589
35.200000 55.298184
35.300000 55.221832
35.400000 55.145532
35.500000 55.069285
35.600000 54.993091
35.700000 54.916950
35.800000 54.840861
35.900000 54.764825
36.000000 54.688842
36.100000 54.612912
36.200000 54.537034
36.300000 54.461209
36.400000 54.385437
36.500000 54.309718
36.600000 54.234051
36.700000 54.158437
36.800000 54.082876
36.900000 54.007368
37.000000 53.931912
37.100000 53.856509
37.200000 53.781159
37.300000 53.705862
37.400000 53.630617
37.500000 53.555425
37.600000 53.480286
37.700000 53.405200
37.800000 53.330166
37.900000 53.255185
38.000000 53.180257
38.100000 53.105382
38.200000 53.030559
38.300000 52.955789
38.400000 52.881072
38.500000 52.806408
38.600000 52.731796
38.700000 52.657237
38.800000 52.582731
38.900000 52.508278
39.000000 52.433877
39.100000 52.359529
39.200000 52.285234
39.300000 52.210991
39.400000 52.136802
39.500000 52.062665
39.600000 51.988581
39.700000 51.914549
39.800000 51.840570
39.900000 51.766645
40.000000 51.692771
40.100000 51.618951
40.200000 51.545183
40.300000 51.471468
40.400000 51.397806
40.500000 51.324197
40.600000 51.250640
40.700000 51.177136
40.800000 51.103685
40.900000 51.030286
41.000000 50.956941
41.100000 50.883648
41.200000 50.810407
41.300000 50.737220
41.400000 50.664085
41.500000 50.591003
41.600000 50.517974
41.700000 50.444998
41.800000 50.372074
41.900000 50.299203
42.000000 50.226385
42.100000 50.153619
42.200000 50.080906
42.300000 50.008246
42.400000 49.935639
42.500000 49.863085
42.600000 49.790583
42.700000 49.718134
42.800000 49.645738
42.900000 49.573394
43.000000 49.501103
43.100000 49.428865
43.200000 49.356680
43.300000 49.284548
43.400000 49.212468
43.500000 49.140441
43.600000 49.068467
43.700000 48.996545
43.800000 48.924676
43.900000 48.852860
44.000000 48.781097
44.100000 48.709386
44.200000 48.637729
44.300000 48.566124
44.400000 48.494571
44.500000 48.423072
44.600000 48.351625
44.700000 48.280231
44.800000 48.208890
44.900000 48.137601
45.000000 48.066365
45.100000 47.995182
45.200000 47.924052
45.300000 47.852974
45.400000 47.781949
45.500000 47.710977
45.600000 47.640058
45.700000 47.569192
45.800000 47.498378
45.900000 47.427617
46.000000 47.356908
46.100000 47.286253
46.200000 47.215650
46.300000 47.145100
46.400000 47.074602
46.500000 47.004158
46.600000 46.933766
46.700000 46.863427
46.800000 46.793141
46.900000 46.722907
47.000000 46.652726
47.100000 46.582598
47.200000 46.512523
47.300000 46.442500
47.400000 46.372530
47.500000 46.302613
47.600000 46.232749
47.700000 46.162937
47.800000 46.093178
47.900000 46.023472
48.000000 45.953819
48.100000 45.884218
48.200000 45.814670
48.300000 45.745175
48.400000 45.675733
48.500000 45.606343
48.600000 45.537006
48.700000 45.467722
48.800000 45.398491
48.900000 45.329312
49.000000 45.260186
49.100000 45.191113
49.200000 45.122093
49.300000 45.053125
49.400000 44.984210
49.500000 44.915348
49.600000 44.846539
49.700000 44.777782
49.800000 44.709078
49.900000 44.640427
50.000000 44.571828
50.100000 44.503283
50.200000 44.434790
50.300000 44.366350
50.400000 44.297962
50.500000 44.229627
50.600000 44.161346
50.700000 44.093116
50.800000 44.024940
50.900000 43.956816
51.000000 43.888745
51.100000 43.820727
51.200000 43.752762
51.300000 43.684849
51.400000 43.616989
51.500000 43.549182
51.600000 43.481427
51.700000 43.413726
51.800000 43.346077
51.900000 43.278481
52.000000 43.210937
52.100000 43.143446
52.200000 43.076008
52.300000 43.008623
52.400000 42.941291
52.500000 42.874011
52.600000 42.806784
52.700000 42.739610
52.800000 42.672488
52.900000 42.605420
53.000000 42.538404
53.100000 42.471440
53.200000 42.404530
53.300000 42.337672
53.400000 42.270867
53.500000 42.204115
53.600000 42.137415
53.700000 42.070769
53.800000 42.004175
53.900000 41.937633
54.000000 41.871145
54.100000 41.804709
54.200000 41.738326
54.300000 41.671996
54.400000 41.605718
54.500000 41.539493
54.600000 41.473321
54.700000 41.407202
54.800000 41.341136
54.900000 41.275122
55.000000 41.209161
55.100000 41.143253
55.200000 41.077397
55.300000 41.011594
55.400000 40.945844
55.500000 40.880147
55.600000 40.814502
55.700000 40.748911
55.800000 40.683372
55.900000 40.617885
56.000000 40.552452
56.100000 40.487071
56.200000 40.421743
56.300000 40.356467
56.400000 40.291245
56.500000 40.226075
56.600000 40.160958
56.700000 40.095894
56.800000 40.030882
56.900000 39.965923
57.000000 39.901017
57.100000 39.836164
57.200000 39.771363
57.300000 39.706616
57.400000 39.641920
57.500000 39.577278
57.600000 39.512688
57.700000 39.448152
57.800000 39.383668
57.900000 39.319236
58.000000 39.254858
58.100000 39.190532
58.200000 39.126259
58.300000 39.062038
58.400000 38.997871
58.500000 38.933756
58.600000 38.869694
58.700000 38.805684
58.800000 38.741728
58.900000 38.677824
59.000000 38.613973
59.100000 38.550174
59.200000 38.486429
59.300000 38.422736
59.400000 38.359096
59.500000 38.295508
59.600000 38.231974
59.700000 38.168492
59.800000 38.105063
59.900000 38.041686
60.000000 37.978363
60.100000 37.915092
60.200000 37.851874
60.300000 37.788708
60.400000 37.725596
60.500000 37.662536
60.600000 37.599528
60.700000 37.536574
60.800000 37.473672
60.900000 37.410823
61.000000 37.348027
61.100000 37.285284
61.200000 37.222593
61.300000 37.159955
61.400000 37.097370
61.500000 37.034838
61.600000 36.972358
61.700000 36.909931
61.800000 36.847557
61.900000 36.785235
62.000000 36.722967
62.100000 36.660751
62.200000 36.598588
62.300000 36.536477
62.400000 36.474419
62.500000 36.412415
62.600000 36.350462
62.700000 36.288563
62.800000 36.226716
62.900000 36.164922
63.000000 36.103181
63.100000 36.041493
63.200000 35.979857
63.300000 35.918274
63.400000 35.856744
63.500000 35.795266
63.600000 35.733841
63.700000 35.672469
63.800000 35.611150
63.900000 35.549884
64.000000 35.488670
64.100000 35.427509
64.200000 35.366401
64.300000 35.305345
64.400000 35.244343
64.500000 35.183393
64.600000 35.122495
64.700000 35.061651
64.800000 35.000859
64.900000 34.940120
65.000000 34.879434
65.100000 34.818800
65.200000 34.758219
65.300000 34.697691
65.400000 34.637216
65.500000 34.576794
65.600000 34.516424
65.700000 34.456107
65.800000 34.395843
65.900000 34.335631
66.000000 34.275472
66.100000 34.215366
66.200000 34.155313
66.300000 34.095312
66.400000 34.035365
66.500000 33.975470
66.600000 33.915627
66.700000 33.855838
66.800000 33.796101
66.900000 33.736417
67.000000 33.676786
67.100000 33.617207
67.200000 33.557681
67.300000 33.498208
67.400000 33.438788
67.500000 33.379420
67.600000 33.320105
67.700000 33.260843
67.800000 33.201634
67.900000 33.142478
68.000000 33.083374
68.100000 33.024323
68.200000 32.965324
68.300000 32.906379
68.400000 32.847486
68.500000 32.788646
68.600000 32.729858
68.700000 32.671124
68.800000 32.612442
68.900000 32.553813
69.000000 32.495237
69.100000 32.436713
69.200000 32.378242
69.300000 32.319824
69.400000 32.261459
69.500000 32.203146
69.600000 32.144886
69.700000 32.086679
69.800000 32.028525
69.900000 31.970423
70.000000 31.912374
70.100000 31.854378
70.200000 31.796435
70.300000 31.738544
70.400000 31.680706
70.500000 31.622921
70.600000 31.565189
70.700000 31.507509
70.800000 31.449882
70.900000 31.392308
71.000000 31.334787
71.100000 31.277318
71.200000 31.219902
71.300000 31.162539
71.400000 31.105228
71.500000 31.047971
71.600000 30.990766
71.700000 30.933614
71.800000 30.876514
71.900000 30.819468
72.000000 30.762474
72.100000 30.705533
72.200000 30.648644
72.300000 30.591808
72.400000 30.535026
72.500000 30.478295
72.600000 30.421618
72.700000 30.364993
72.800000 30.308421
72.900000 30.251902
73.000000 30.195436
73.100000 30.139022
73.200000 30.082661
73.300000 30.026353
73.400000 29.970097
73.500000 29.913895
73.600000 29.857745
73.700000 29.801648
73.800000 29.745603
73.900000 29.689611
74.000000 29.633672
74.100000 29.577786
74.200000 29.521953
74.300000 29.466172
74.400000 29.410444
74.500000 29.354769
74.600000 29.299146
74.700000 29.243577
74.800000 29.188060
74.900000 29.132595
75.000000 29.077184
75.100000 29.021825
75.200000 28.966519
75.300000 28.911266
75.400000 28.856065
75.500000 28.800918
75.600000 28.745823
75.700000 28.690780
75.800000 28.635791
75.900000 28.580854
76.000000 28.525970
76.100000 28.471139
76.200000 28.416360
76.300000 28.361635
76.400000 28.306962
76.500000 28.252341
76.600000 28.197774
76.700000 28.143259
76.800000 28.088797
76.900000 28.034388
77.000000 27.980031
77.100000 27.925727
77.200000 27.871476
77.300000 27.817278
77.400000 27.763133
77.500000 27.709040
77.600000 27.655000
77.700000 27.601012
77.800000 27.547078
77.900000 27.493196
78.000000 27.439367
78.100000 27.385591
78.200000 27.331867
78.300000 27.278196
78.400000 27.224578
78.500000 27.171013
78.600000 27.117500
78.700000 27.064041
78.800000 27.010633
78.900000 26.957279
79.000000 26.903978
79.100000 26.850729
79.200000 26.797533
79.300000 26.744389
79.400000 26.691299
79.500000 26.638261
79.600000 26.585276
79.700000 26.532343
79.800000 26.479464
79.900000 26.426637
80.000000 26.373863
80.100000 26.321142
80.200000 26.268473
80.300000 26.215857
80.400000 26.163294
80.500000 26.110784
80.600000 26.058326
80.700000 26.005921
80.800000 25.953569
80.900000 25.901270
81.000000 25.849023
81.100000 25.796829
81.200000 25.744688
81.300000 25.692600
81.400000 25.640564
81.500000 25.588581
81.600000 25.536651
81.700000 25.484774
81.800000 25.432949
81.900000 25.381177
82.000000 25.329458
82.100000 25.277792
82.200000 25.226178
82.300000 25.174617
82.400000 25.123109
82.500000 25.071653
82.600000 25.020251
82.700000 24.968901
82.800000 24.917604
82.900000 24.866359
83.000000 24.815168
83.100000 24.764029
83.200000 24.712943
83.300000 24.661909
83.400000 24.610928
83.500000 24.560001
83.600000 24.509125
83.700000 24.458303
83.800000 24.407533
83.900000 24.356816
84.000000 24.306152
84.100000 24.255541
84.200000 24.204982
84.300000 24.154476
84.400000 24.104023
84.500000 24.053622
84.600000 24.003275
84.700000 23.952980
84.800000 23.902737
84.900000 23.852548
85.000000 23.802411
85.100000 23.752327
85.200000 23.702296
85.300000 23.652318
85.400000 23.602392
85.500000 23.552519
85.600000 23.502699
85.700000 23.452931
85.800000 23.403217
85.900000 23.353555
86.000000 23.303945
86.100000 23.254389
86.200000 23.204885
86.300000 23.155434
86.400000 23.106036
86.500000 23.056690
86.600000 23.007398
86.700000 22.958158
86.800000 22.908970
86.900000 22.859836
87.000000 22.810754
87.100000 22.761725
87.200000 22.712749
87.300000 22.663825
87.400000 22.614954
87.500000 22.566136
87.600000 22.517371
87.700000 22.468659
87.800000 22.419999
87.900000 22.371392
88.000000 22.322838
88.100000 22.274336
88.200000 22.225887
88.300000 22.177491
88.400000 22.129148
88.500000 22.080857
88.600000 22.032620
88.700000 21.984435
88.800000 21.936302
88.900000 21.888223
89.000000 21.840196
89.100000 21.792222
89.200000 21.744301
89.300000 21.696432
89.400000 21.648616
89.500000 21.600853
89.600000 21.553143
89.700000 21.505485
89.800000 21.457880
89.900000 21.410328
90.000000 21.362829
90.100000 21.315382
90.200000 21.267989
90.300000 21.220647
90.400000 21.173359
90.500000 21.126124
90.600000 21.078941
90.700000 21.031811
90.800000 20.984733
90.900000 20.937709
91.000000 20.890737
91.100000 20.843818
91.200000 20.796951
91.300000 20.750138
91.400000 20.703377
91.500000 20.656669
91.600000 20.610013
91.700000 20.563411
91.800000 20.516861
91.900000 20.470364
92.000000 20.423919
92.100000 20.377528
92.200000 20.331189
92.300000 20.284903
92.400000 20.238669
92.500000 20.192489
92.600000 20.146361
92.700000 20.100286
92.800000 20.054263
92.900000 20.008294
93.000000 19.962377
93.100000 19.916513
93.200000 19.870701
93.300000 19.824943
93.400000 19.779237
93.500000 19.733584
93.600000 19.687983
93.700000 19.642436
93.800000 19.596941
93.900000 19.551498
94.000000 19.506109
94.100000 19.460772
94.200000 19.415488
94.300000 19.370257
94.400000 19.325079
94.500000 19.279953
94.600000 19.234880
94.700000 19.189860
94.800000 19.144893
94.900000 19.099978
95.000000 19.055116
95.100000 19.010307
95.200000 18.965550
95.300000 18.920847
95.400000 18.876196
95.500000 18.831597
95.600000 18.787052
95.700000 18.742559
95.800000 18.698119
95.900000 18.653732
96.000000 18.609398
96.100000 18.565116
96.200000 18.520887
96.300000 18.476711
96.400000 18.432587
96.500000 18.388517
96.600000 18.344499
96.700000 18.300533
96.800000 18.256621
96.900000 18.212761
97.000000 18.168954
97.100000 18.125200
97.200000 18.081498
97.300000 18.037850
97.400000 17.994254
97.500000 17.950710
97.600000 17.907220
97.700000 17.863782
97.800000 17.820397
97.900000 17.777065
98.000000 17.733785
98.100000 17.690559
98.200000 17.647385
98.300000 17.604263
98.400000 17.561195
98.500000 17.518179
98.600000 17.475216
98.700000 17.432306
98.800000 17.389448
98.900000 17.346644
99.000000 17.303891
99.100000 17.261192
99.200000 17.218546
99.300000 17.175952
99.400000 17.133411
99.500000 17.090923
99.600000 17.048487
99.700000 17.006104
99.800000 16.963774
99.900000 16.921497
100.000000 16.879272
100.100000 16.837100
100.200000 16.794981
100.300000 16.752915
100.400000 16.710902
100.500000 16.668941
100.600000 16.627033
100.700000 16.585177
100.800000 16.543375
100.900000 16.501625
101.000000 16.459928
101.100000 16.418284
101.200000 16.376692
101.300000 16.335153
101.400000 16.293667
101.500000 16.252234
101.600000 16.210853
101.700000 16.169525
101.800000 16.128250
101.900000 16.087028
102.000000 16.045858
102.100000 16.004741
102.200000 15.963677
102.300000 15.922666
102.400000 15.881707
102.500000 15.840801
102.600000 15.799948
102.700000 15.759148
102.800000 15.718400
102.900000 15.677705
103.000000 15.637063
103.100000 15.596474
103.200000 15.555937
103.300000 15.515453
103.400000 15.475022
103.500000 15.434644
103.600000 15.394318
103.700000 15.354045
103.800000 15.313825
103.900000 15.273658
104.000000 15.233543
104.100000 15.193481
104.200000 15.153472
104.300000 15.113516
104.400000 15.073612
104.500000 15.033761
104.600000 14.993963
104.700000 14.954218
104.800000 14.914525
104.900000 14.874885
105.000000 14.835298
105.100000 14.795763
105.200000 14.756282
105.300000 14.716853
105.400000 14.677477
105.500000 14.638153
105.600000 14.598883
105.700000 14.559665
105.800000 14.520499
105.900000 14.481387
106.000000 14.442327
106.100000 14.403320
106.200000 14.364366
106.300000 14.325465
106.400000 14.286616
106.500000 14.247820
106.600000 14.209077
106.700000 14.170386
106.800000 14.131749
106.900000 14.093164
107.000000 14.054632
107.100000 14.016152
107.200000 13.977725
107.300000 13.939351
107.400000 13.901030
107.500000 13.862762
107.600000 13.824546
107.700000 13.786383
107.800000 13.748273
107.900000 13.710215
108.000000 13.672211
108.100000 13.634259
108.200000 13.596359
108.300000 13.558513
108.400000 13.520719
108.500000 13.482978
108.600000 13.445290
108.700000 13.407654
108.800000 13.370072
108.900000 13.332542
109.000000 13.295064
109.100000 13.257640
109.200000 13.220268
109.300000 13.182949
109.400000 13.145683
109.500000 13.108469
109.600000 13.071308
109.700000 13.034200
109.800000 12.997145
109.900000 12.960143
110.000000 12.923193
110.100000 12.886296
110.200000 12.849452
110.300000 12.812660
110.400000 12.775921
110.500000 12.739235
110.600000 12.702602
110.700000 12.666021
110.800000 12.629494
110.900000 12.593018
111.000000 12.556596
111.100000 12.520227
111.200000 12.483910
111.300000 12.447646
111.400000 12.411434
111.500000 12.375276
111.600000 12.339170
111.700000 12.303117
111.800000 12.267117
111.900000 12.231169
112.000000 12.195274
112.100000 12.159432
112.200000 12.123643
112.300000 12.087906
112.400000 12.052222
112.500000 12.016591
112.600000 11.981013
112.700000 11.945487
112.800000 11.910015
112.900000 11.874594
113.000000 11.839227
113.100000 11.803912
113.200000 11.768651
113.300000 11.733442
113.400000 11.698285
113.500000 11.663182
113.600000 11.628131
113.700000 11.593133
113.800000 11.558187
113.900000 11.523295
114.000000 11.488455
114.100000 11.453668
114.200000 11.418933
114.300000 11.384252
114.400000 11.349623
114.500000 11.315047
114.600000 11.280523
114.700000 11.246053
114.800000 11.211635
114.900000 11.177269
115.000000 11.142957
115.100000 11.108697
115.200000 11.074491
115.300000 11.040336
115.400000 11.006235
115.500000 10.972186
115.600000 10.938190
115.700000 10.904247
115.800000 10.870357
115.900000 10.836519
116.000000 10.802734
116.100000 10.769002
116.200000 10.735323
116.300000 10.701696
116.400000 10.668122
116.500000 10.634601
116.600000 10.601132
116.700000 10.567717
116.800000 10.534354
116.900000 10.501044
117.000000 10.467786
117.100000 10.434582
117.200000 10.401430
117.300000 10.368330
117.400000 10.335284
117.500000 10.302290
117.600000 10.269349
117.700000 10.236461
117.800000 10.203626
117.900000 10.170843
118.000000 10.138113
118.100000 10.105436
118.200000 10.072811
118.300000 10.040240
118.400000 10.007721
118.500000 9.975254
118.600000 9.942841
118.700000 9.910480
118.800000 9.878172
118.900000 9.845917
119.000000 9.813714
119.100000 9.781565
119.200000 9.749468
119.300000 9.717423
119.400000 9.685432
119.500000 9.653493
119.600000 9.621607
119.700000 9.589774
119.800000 9.557993
119.900000 9.526266
120.000000 9.494591
120.100000 9.462968
120.200000 9.431399
120.300000 9.399882
120.400000 9.368418
120.500000 9.337007
120.600000 9.305648
120.700000 9.274343
120.800000 9.243090
120.900000 9.211889
121.000000 9.180742
121.100000 9.149647
121.200000 9.118605
121.300000 9.087616
121.400000 9.056679
121.500000 9.025795
121.600000 8.994964
121.700000 8.964186
121.800000 8.933460
121.900000 8.902788
122.000000 8.872167
122.100000 8.841600
122.200000 8.811086
122.300000 8.780624
122.400000 8.750215
122.500000 8.719858
122.600000 8.689555
122.700000 8.659304
122.800000 8.629106
122.900000 8.598961
123.000000 8.568868
123.100000 8.538828
123.200000 8.508841
123.300000 8.478907
123.400000 8.449025
123.500000 8.419196
123.600000 8.389420
123.700000 8.359697
123.800000 8.330026
123.900000 8.300409
124.000000 8.270843
124.100000 8.241331
124.200000 8.211871
124.300000 8.182465
124.400000 8.153110
124.500000 8.123809
124.600000 8.094561
124.700000 8.065365
124.800000 8.036222
124.900000 8.007131
125.000000 7.978094
125.100000 7.949109
125.200000 7.920177
125.300000 7.891297
125.400000 7.862471
125.500000 7.833697
125.600000 7.804976
125.700000 7.776307
125.800000 7.747691
125.900000 7.719129
126.000000 7.690618
126.100000 7.662161
126.200000 7.633756
126.300000 7.605404
126.400000 7.577105
126.500000 7.548859
126.600000 7.520665
126.700000 7.492524
126.800000 7.464436
126.900000 7.436401
127.000000 7.408418
127.100000 7.380488
127.200000 7.352611
127.300000 7.324787
127.400000 7.297015
127.500000 7.269296
127.600000 7.241630
127.700000 7.214016
127.800000 7.186456
127.900000 7.158948
128.000000 7.131493
128.100000 7.104090
128.200000 7.076740
128.300000 7.049443
128.400000 7.022199
128.500000 6.995008
128.600000 6.967869
128.700000 6.940783
128.800000 6.913750
128.900000 6.886769
129.000000 6.859842
129.100000 6.832967
129.200000 6.806145
129.300000 6.779375
129.400000 6.752658
129.500000 6.725994
129.600000 6.699383
129.700000 6.672825
129.800000 6.646319
129.900000 6.619866
130.000000 6.593466
130.100000 6.567118
130.200000 6.540824
130.300000 6.514582
130.400000 6.488392
130.500000 6.462256
130.600000 6.436172
130.700000 6.410141
130.800000 6.384163
130.900000 6.358237
131.000000 6.332364
131.100000 6.306544
131.200000 6.280777
131.300000 6.255063
131.400000 6.229401
131.500000 6.203792
131.600000 6.178236
131.700000 6.152732
131.800000 6.127281
131.900000 6.101883
132.000000 6.076538
132.100000 6.051245
132.200000 6.026006
132.300000 6.000819
132.400000 5.975684
132.500000 5.950603
132.600000 5.925574
132.700000 5.900598
132.800000 5.875675
132.900000 5.850804
133.000000 5.825986
133.100000 5.801221
133.200000 5.776509
133.300000 5.751849
133.400000 5.727243
133.500000 5.702689
133.600000 5.678187
133.700000 5.653739
133.800000 5.629343
133.900000 5.605000
134.000000 5.580709
134.100000 5.556472
134.200000 5.532287
134.300000 5.508155
134.400000 5.484076
134.500000 5.460049
134.600000 5.436075
134.700000 5.412154
134.800000 5.388286
134.900000 5.364470
135.000000 5.340707
135.100000 5.316997
135.200000 5.293340
135.300000 5.269735
135.400000 5.246183
135.500000 5.222684
135.600000 5.199238
135.700000 5.175844
135.800000 5.152503
135.900000 5.129215
136.000000 5.105980
136.100000 5.082797
136.200000 5.059667
136.300000 5.036590
136.400000 5.013566
136.500000 4.990594
136.600000 4.967675
136.700000 4.944809
136.800000 4.921996
136.900000 4.899235
137.000000 4.876527
137.100000 4.853872
137.200000 4.831270
137.300000 4.808720
137.400000 4.786223
137.500000 4.763779
137.600000 4.741388
137.700000 4.719049
137.800000 4.696763
137.900000 4.674530
138.000000 4.652349
138.100000 4.630222
138.200000 4.608147
138.300000 4.586125
138.400000 4.564155
138.500000 4.542239
138.600000 4.520375
138.700000 4.498563
138.800000 4.476805
138.900000 4.455099
139.000000 4.433446
139.100000 4.411846
139.200000 4.390299
139.300000 4.368804
139.400000 4.347362
139.500000 4.325973
139.600000 4.304636
139.700000 4.283353
139.800000 4.262122
139.900000 4.240944
140.000000 4.219818
140.100000 4.198745
140.200000 4.177725
140.300000 4.156758
140.400000 4.135844
140.500000 4.114982
140.600000 4.094173
140.700000 4.073417
140.800000 4.052713
140.900000 4.032063
141.000000 4.011465
141.100000 3.990919
141.200000 3.970427
141.300000 3.949987
141.400000 3.929600
141.500000 3.909266
141.600000 3.888984
141.700000 3.868756
141.800000 3.848580
141.900000 3.828456
142.000000 3.808386
142.100000 3.788368
142.200000 3.768403
142.300000 3.748491
142.400000 3.728631
142.500000 3.708824
142.600000 3.689070
142.700000 3.669369
142.800000 3.649721
142.900000 3.630125
143.000000 3.610582
143.100000 3.591092
143.200000 3.571654
143.300000 3.552269
143.400000 3.532937
143.500000 3.513658
143.600000 3.494431
143.700000 3.475258
143.800000 3.456136
143.900000 3.437068
144.000000 3.418053
144.100000 3.399090
144.200000 3.380180
144.300000 3.361322
144.400000 3.342518
144.500000 3.323766
144.600000 3.305067
144.700000 3.286421
144.800000 3.267827
144.900000 3.249286
145.000000 3.230798
145.100000 3.212363
145.200000 3.193980
145.300000 3.175650
145.400000 3.157373
145.500000 3.139149
145.600000 3.120977
145.700000 3.102859
145.800000 3.084793
145.900000 3.066779
146.000000 3.048819
146.100000 3.030911
146.200000 3.013056
146.300000 2.995253
146.400000 2.977504
146.500000 2.959807
146.600000 2.942163
146.700000 2.924571
146.800000 2.907033
146.900000 2.889547
147.000000 2.872114
147.100000 2.854733
147.200000 2.837406
147.300000 2.820131
147.400000 2.802909
147.500000 2.785739
147.600000 2.768623
147.700000 2.751559
147.800000 2.734548
147.900000 2.717589
148.000000 2.700684
148.100000 2.683831
148.200000 2.667031
148.300000 2.650283
148.400000 2.633588
148.500000 2.616947
148.600000 2.600357
148.700000 2.583821
148.800000 2.567337
148.900000 2.550906
149.000000 2.534528
149.100000 2.518203
149.200000 2.501930
149.300000 2.485710
149.400000 2.469543
149.500000 2.453429
149.600000 2.437367
149.700000 2.421358
149.800000 2.405402
149.900000 2.389498
150.000000 2.373648
150.100000 2.357850
150.200000 2.342105
150.300000 2.326412
150.400000 2.310772
150.500000 2.295185
150.600000 2.279651
150.700000 2.264170
150.800000 2.248741
150.900000 2.233365
151.000000 2.218042
151.100000 2.202771
151.200000 2.187554
151.300000 2.172389
151.400000 2.157276
151.500000 2.142217
151.600000 2.127210
151.700000 2.112256
151.800000 2.097355
151.900000 2.082507
152.000000 2.067711
152.100000 2.052968
152.200000 2.038278
152.300000 2.023640
152.400000 2.009055
152.500000 1.994523
152.600000 1.980044
152.700000 1.965618
152.800000 1.951244
152.900000 1.936923
153.000000 1.922655
153.100000 1.908439
153.200000 1.894276
153.300000 1.880166
153.400000 1.866109
153.500000 1.852105
153.600000 1.838153
153.700000 1.824254
153.800000 1.810407
153.900000 1.796614
154.000000 1.782873
154.100000 1.769185
154.200000 1.755550
154.300000 1.741967
154.400000 1.728437
154.500000 1.714960
154.600000 1.701536
154.700000 1.688165
154.800000 1.674846
154.900000 1.661580
155.000000 1.648366
155.100000 1.635206
155.200000 1.622098
155.300000 1.609043
155.400000 1.596041
155.500000 1.583091
155.600000 1.570194
155.700000 1.557350
155.800000 1.544559
155.900000 1.531820
156.000000 1.519135
156.100000 1.506501
156.200000 1.493921
156.300000 1.481394
156.400000 1.468919
156.500000 1.456497
156.600000 1.444127
156.700000 1.431811
156.800000 1.419547
156.900000 1.407336
157.000000 1.395177
157.100000 1.383072
157.200000 1.371019
157.300000 1.359019
157.400000 1.347071
157.500000 1.335177
157.600000 1.323335
157.700000 1.311546
157.800000 1.299809
157.900000 1.288126
158.000000 1.276495
158.100000 1.264917
158.200000 1.253391
158.300000 1.241919
158.400000 1.230499
158.500000 1.219132
158.600000 1.207817
158.700000 1.196556
158.800000 1.185347
158.900000 1.174191
159.000000 1.163087
159.100000 1.152037
159.200000 1.141039
159.300000 1.130094
159.400000 1.119201
159.500000 1.108362
159.600000 1.097575
159.700000 1.086841
159.800000 1.076159
159.900000 1.065530
160.000000 1.054955
160.100000 1.044431
160.200000 1.033961
160.300000 1.023543
160.400000 1.013178
160.500000 1.002866
160.600000 0.992607
160.700000 0.982400
160.800000 0.972246
160.900000 0.962145
161.000000 0.952096
161.100000 0.942101
161.200000 0.932158
161.300000 0.922268
161.400000 0.912430
161.500000 0.902645
161.600000 0.892914
161.700000 0.883234
161.800000 0.873608
161.900000 0.864034
162.000000 0.854513
162.100000 0.845045
162.200000 0.835629
162.300000 0.826267
162.400000 0.816957
162.500000 0.807700
162.600000 0.798495
162.700000 0.789343
162.800000 0.780244
162.900000 0.771198
163.000000 0.762205
163.100000 0.753264
163.200000 0.744376
163.300000 0.735541
163.400000 0.726758
163.500000 0.718028
163.600000 0.709351
163.700000 0.700727
163.800000 0.692156
163.900000 0.683637
164.000000 0.675171
164.100000 0.666758
164.200000 0.658397
164.300000 0.650089
164.400000 0.641834
164.500000 0.633632
164.600000 0.625483
164.700000 0.617386
164.800000 0.609342
164.900000 0.601350
165.000000 0.593412
165.100000 0.585526
165.200000 0.577693
165.300000 0.569913
165.400000 0.562185
165.500000 0.554510
165.600000 0.546888
165.700000 0.539319
165.800000 0.531803
165.900000 0.524339
166.000000 0.516928
166.100000 0.509569
166.200000 0.502264
166.300000 0.495011
166.400000 0.487811
166.500000 0.480664
166.600000 0.473569
166.700000 0.466527
166.800000 0.459538
166.900000 0.452602
167.000000 0.445718
167.100000 0.438887
167.200000 0.432109
167.300000 0.425384
167.400000 0.418711
167.500000 0.412092
167.600000 0.405525
167.700000 0.399010
167.800000 0.392549
167.900000 0.386140
168.000000 0.379784
168.100000 0.373480
168.200000 0.367230
168.300000 0.361032
168.400000 0.354887
168.500000 0.348794
168.600000 0.342755
168.700000 0.336768
168.800000 0.330834
168.900000 0.324952
169.000000 0.319124
169.100000 0.313348
169.200000 0.307625
169.300000 0.301954
169.400000 0.296337
169.500000 0.290772
169.600000 0.285260
169.700000 0.279800
169.800000 0.274394
169.900000 0.269040
170.000000 0.263739
170.100000 0.258490
170.200000 0.253295
170.300000 0.248152
170.400000 0.243062
170.500000 0.238024
170.600000 0.233039
170.700000 0.228108
170.800000 0.223228
170.900000 0.218402
171.000000 0.213628
171.100000 0.208907
171.200000 0.204239
171.300000 0.199624
171.400000 0.195061
171.500000 0.190551
171.600000 0.186094
171.700000 0.181690
171.800000 0.177338
171.900000 0.173039
172.000000 0.168793
172.100000 0.164599
172.200000 0.160459
172.300000 0.156371
172.400000 0.152335
172.500000 0.148353
172.600000 0.144423
172.700000 0.140546
172.800000 0.136722
172.900000 0.132951
173.000000 0.129232
173.100000 0.125566
173.200000 0.121953
173.300000 0.118392
173.400000 0.114885
173.500000 0.111430
173.600000 0.108027
173.700000 0.104678
173.800000 0.101381
173.900000 0.098137
174.000000 0.094946
174.100000 0.091807
174.200000 0.088722
174.300000 0.085689
174.400000 0.082708
174.500000 0.079781
174.600000 0.076906
174.700000 0.074084
174.800000 0.071315
174.900000 0.068598
175.000000 0.065935
175.100000 0.063324
175.200000 0.060765
175.300000 0.058260
175.400000 0.055807
175.500000 0.053407
175.600000 0.051060
175.700000 0.048765
175.800000 0.046523
175.900000 0.044334
176.000000 0.042198
176.100000 0.040115
176.200000 0.038084
176.300000 0.036106
176.400000 0.034181
176.500000 0.032308
176.600000 0.030488
176.700000 0.028721
176.800000 0.027007
176.900000 0.025345
177.000000 0.023736
177.100000 0.022180
177.200000 0.020677
177.300000 0.019227
177.400000 0.017829
177.500000 0.016484
177.600000 0.015191
177.700000 0.013952
177.800000 0.012765
177.900000 0.011631
178.000000 0.010550
178.100000 0.009521
178.200000 0.008545
178.300000 0.007622
178.400000 0.006752
178.500000 0.005934
178.600000 0.005169
178.700000 0.004457
178.800000 0.003798
178.900000 0.003191
179.000000 0.002637
179.100000 0.002136
179.200000 0.001688
179.300000 0.001292
179.400000 0.000949
179.500000 0.000659
179.600000 0.000422
179.700000 0.000237
179.800000 0.000105
179.900000 0.000026
180.000000 0.000000
180.100000 0.000026
180.200000 0.000105
180.300000 0.000237
180.400000 0.000422
180.500000 0.000659
180.600000 0.000949
180.700000 0.001292
180.800000 0.001688
180.900000 0.002136
181.000000 0.002637
