0.000000000000000000e+00 9.548391795235332893e+02
1.000000000000000056e-01 9.402245295358892463e+02
2.000000000000000111e-01 9.257226795481501540e+02
3.000000000000000444e-01 9.113336295603152166e+02
4.000000000000000222e-01 8.970573795723852299e+02
5.000000000000000000e-01 8.828939295843598529e+02
6.000000000000000888e-01 8.688432795962393129e+02
7.000000000000000666e-01 8.549054296080231552e+02
8.000000000000000444e-01 8.410803796197113797e+02
9.000000000000000222e-01 8.273681296313046687e+02
1.000000000000000000e+00 8.137686796428023399e+02
1.100000000000000089e+00 8.002820296542049618e+02
1.200000000000000178e+00 7.869081796655119660e+02
1.300000000000000044e+00 7.736471296767233525e+02
1.400000000000000133e+00 7.604988796878398034e+02
1.500000000000000000e+00 7.474634296988606366e+02
1.600000000000000089e+00 7.345407797097863067e+02
1.700000000000000178e+00 7.217309297206163592e+02
1.800000000000000044e+00 7.090338797313511350e+02
1.900000000000000133e+00 6.964496297419905204e+02
2.000000000000000000e+00 6.839781797525347429e+02
2.100000000000000089e+00 6.716195297629834613e+02
2.200000000000000178e+00 6.593736797733369031e+02
2.300000000000000266e+00 6.472406297835947271e+02
2.400000000000000355e+00 6.352203797937573881e+02
2.500000000000000000e+00 6.233129298038246588e+02
2.600000000000000089e+00 6.115182798137966529e+02
2.700000000000000178e+00 5.998364298236730292e+02
2.800000000000000266e+00 5.882673798334540152e+02
2.900000000000000355e+00 5.768111298431398382e+02
3.000000000000000000e+00 5.654676798527302708e+02
3.100000000000000089e+00 5.542370298622254268e+02
3.200000000000000178e+00 5.431191798716251924e+02
3.300000000000000266e+00 5.321141298809292266e+02
3.400000000000000355e+00 5.212218798901382115e+02
3.500000000000000000e+00 5.104424298992518629e+02
3.600000000000000089e+00 4.997757799082701240e+02
3.700000000000000178e+00 4.892219299171929379e+02
3.800000000000000266e+00 4.787808799260203045e+02
3.900000000000000355e+00 4.684526299347523377e+02
4.000000000000000000e+00 4.582371799433891510e+02
4.100000000000000533e+00 4.481345299519303467e+02
4.200000000000000178e+00 4.381446799603766067e+02
4.299999999999999822e+00 4.282676299687270784e+02
4.400000000000000355e+00 4.185033799769823872e+02
4.500000000000000000e+00 4.088519299851423057e+02
4.600000000000000533e+00 3.993132799932066632e+02
4.700000000000000178e+00 3.898874300011760283e+02
4.800000000000000711e+00 3.805743800090497757e+02
4.900000000000000355e+00 3.713741300168282464e+02
5.000000000000000000e+00 3.622866800245112131e+02
5.100000000000000533e+00 3.533120300320989031e+02
5.200000000000000178e+00 3.444501800395912596e+02
5.300000000000000711e+00 3.357011300469881689e+02
5.400000000000000355e+00 3.270648800542897447e+02
5.500000000000000000e+00 3.185414300614959870e+02
5.600000000000000533e+00 3.101307800686067822e+02
5.700000000000000178e+00 3.018329300756223006e+02
5.800000000000000711e+00 2.936478800825423718e+02
5.900000000000000355e+00 2.855756300893671664e+02
6.000000000000000000e+00 2.776161800960965707e+02
6.100000000000000533e+00 2.697695301027304708e+02
6.200000000000000178e+00 2.620356801092691512e+02
6.300000000000000711e+00 2.544146301157124412e+02
6.400000000000000355e+00 2.469063801220603693e+02
6.500000000000000000e+00 2.395109301283129355e+02
6.600000000000000533e+00 2.322282801344700829e+02
6.700000000000000178e+00 2.250584301405318683e+02
6.800000000000000711e+00 2.180013801464982635e+02
6.900000000000000355e+00 2.110571301523693535e+02
7.000000000000000000e+00 2.042256801581451100e+02
7.100000000000000533e+00 1.975070301638254477e+02
7.200000000000000178e+00 1.909011801694103951e+02
7.300000000000000711e+00 1.844081301748999806e+02
7.400000000000000355e+00 1.780278801802942326e+02
7.500000000000000000e+00 1.717604301855930942e+02
7.600000000000000533e+00 1.656057801907965654e+02
7.700000000000000178e+00 1.595639301959047316e+02
7.800000000000000711e+00 1.536348802009174221e+02
7.900000000000000355e+00 1.478186302058348645e+02
8.000000000000000000e+00 1.421151802106568880e+02
8.099999999999999645e+00 1.365245302153836064e+02
8.200000000000001066e+00 1.310466802200147924e+02
8.300000000000000711e+00 1.256816302245507160e+02
8.400000000000000355e+00 1.204293802289913060e+02
8.500000000000000000e+00 1.152899302333365057e+02
8.599999999999999645e+00 1.102632802375863577e+02
8.700000000000001066e+00 1.053494302417407482e+02
8.800000000000000711e+00 1.005483802457998195e+02
8.900000000000000355e+00 9.586013024976357144e+01
9.000000000000000000e+00 9.128468025363193306e+01
9.099999999999999645e+00 8.682203025740493274e+01
9.200000000000001066e+00 8.247218026108247102e+01
9.300000000000000711e+00 7.823513026466474685e+01
9.400000000000000355e+00 7.411088026815163232e+01
9.500000000000000000e+00 7.009943027154315587e+01
9.600000000000001421e+00 6.620078027483924643e+01
9.700000000000001066e+00 6.241493027804004612e+01
9.800000000000000711e+00 5.874188028114545546e+01
9.900000000000000355e+00 5.518163028415552418e+01
1.000000000000000000e+01 5.173418028707020255e+01
1.010000000000000142e+01 4.839953028988945505e+01
1.020000000000000107e+01 4.517768029261340956e+01
1.030000000000000071e+01 4.206863029524199504e+01
1.040000000000000036e+01 3.907238029777520438e+01
1.050000000000000000e+01 3.618893030021305179e+01
1.060000000000000142e+01 3.341828030255548043e+01
1.070000000000000107e+01 3.076043030480258622e+01
1.080000000000000071e+01 2.821538030695433008e+01
1.090000000000000036e+01 2.578313030901070491e+01
1.100000000000000000e+01 2.346368031097171070e+01
1.110000000000000142e+01 2.125703031283730127e+01
1.120000000000000107e+01 1.916318031460757254e+01
1.130000000000000071e+01 1.718213031628247478e+01
1.140000000000000036e+01 1.531388031786200976e+01
1.150000000000000000e+01 1.355843031934617571e+01
1.160000000000000142e+01 1.191578032073494597e+01
1.170000000000000107e+01 1.038593032202837207e+01
1.180000000000000071e+01 8.968880323226436246e+00
1.190000000000000036e+01 7.664630324329129607e+00
1.200000000000000000e+01 6.473180325336453045e+00
1.210000000000000142e+01 5.394530326248391461e+00
1.220000000000000107e+01 4.428680327064981270e+00
1.230000000000000071e+01 3.575630327786202933e+00
1.240000000000000036e+01 2.835380328412056894e+00
1.250000000000000000e+01 2.207930328942541376e+00
1.260000000000000142e+01 1.693280329377649718e+00
1.270000000000000107e+01 1.291430329717399683e+00
1.280000000000000071e+01 1.002380329961781058e+00
1.290000000000000036e+01 8.261303301107941754e-01
1.300000000000000000e+01 7.626803301644388133e-01
1.310000000000000142e+01 7.556303301703993780e-01
1.320000000000000107e+01 7.485803301763597206e-01
1.330000000000000071e+01 7.415303301823201743e-01
1.340000000000000036e+01 7.344803301882808499e-01
1.350000000000000000e+01 7.274303301942414146e-01
1.360000000000000142e+01 7.203803302002019793e-01
1.370000000000000107e+01 7.133303302061624329e-01
1.380000000000000071e+01 7.062803302121229976e-01
1.390000000000000036e+01 6.992303302180832292e-01
1.400000000000000000e+01 6.921803302240437938e-01
1.410000000000000142e+01 6.851303302300042475e-01
1.420000000000000107e+01 6.780803302359647011e-01
1.430000000000000071e+01 6.710303302419252658e-01
1.440000000000000036e+01 6.639803302478857194e-01
1.450000000000000000e+01 6.569303302538462841e-01
1.460000000000000142e+01 6.498803302598066267e-01
1.470000000000000107e+01 6.428303302657671914e-01
1.480000000000000071e+01 6.357803302717276450e-01
1.490000000000000036e+01 6.287303302776879876e-01
1.500000000000000000e+01 6.216803302836485523e-01
1.510000000000000142e+01 6.146303302896088949e-01
1.520000000000000107e+01 6.075803302955694596e-01
1.530000000000000071e+01 6.005303303015300243e-01
1.540000000000000036e+01 5.934803303074904779e-01
1.550000000000000000e+01 5.864303303134509315e-01
1.560000000000000142e+01 5.793803303194113852e-01
1.570000000000000107e+01 5.723303303253719498e-01
1.580000000000000071e+01 5.652803303313324035e-01
1.590000000000000036e+01 5.582303303372928571e-01
1.600000000000000000e+01 5.511803303432533108e-01
1.610000000000000142e+01 5.441303303492136534e-01
1.619999999999999929e+01 5.370803303551743291e-01
1.630000000000000071e+01 5.300303303611347827e-01
1.640000000000000213e+01 5.229803303670951253e-01
1.650000000000000000e+01 5.159303303730558010e-01
1.660000000000000142e+01 5.088803303790161436e-01
1.669999999999999929e+01 5.018303303849767083e-01
1.680000000000000071e+01 4.947803303909371619e-01
1.690000000000000213e+01 4.877303303968975601e-01
1.700000000000000000e+01 4.806803304028580692e-01
1.710000000000000142e+01 4.736303304088183563e-01
1.719999999999999929e+01 4.665803304147791430e-01
1.730000000000000071e+01 4.595303304207394857e-01
1.740000000000000213e+01 4.524803304266999393e-01
1.750000000000000000e+01 4.454303304326606150e-01
1.760000000000000142e+01 4.383803304386209021e-01
1.769999999999999929e+01 4.313303304445814668e-01
1.780000000000000071e+01 4.242803304505418649e-01
1.790000000000000213e+01 4.172303304565022075e-01
1.800000000000000000e+01 4.101829211576730194e-01
1.810000000000000142e+01 4.031355118588435538e-01
1.819999999999999929e+01 3.961460514763993079e-01
1.830000000000000071e+01 3.891565910939546735e-01
1.840000000000000213e+01 3.821956653870441367e-01
1.850000000000000000e+01 3.752347396801338220e-01
1.860000000000000142e+01 3.682767547875803182e-01
1.869999999999999929e+01 3.613187698950270921e-01
1.880000000000000071e+01 3.543416569735151067e-01
1.890000000000000213e+01 3.473645440520031769e-01
1.900000000000000000e+01 3.403495220386272280e-01
1.910000000000000142e+01 3.333345000252510570e-01
1.920000000000000284e+01 3.262658899972628590e-01
1.930000000000000071e+01 3.191972799692749385e-01
1.940000000000000213e+01 3.120623186734309829e-01
1.950000000000000000e+01 3.049273573775871937e-01
1.960000000000000142e+01 2.977160639831289979e-01
1.970000000000000284e+01 2.905047705886708576e-01
1.980000000000000071e+01 2.832098115647356251e-01
1.990000000000000213e+01 2.759148525408001151e-01
2.000000000000000000e+01 2.685314326459902756e-01
2.010000000000000142e+01 2.611480127511801030e-01
2.020000000000000284e+01 2.536749468222772586e-01
2.030000000000000071e+01 2.462018808933746361e-01
2.040000000000000213e+01 2.387850617221304594e-01
2.050000000000000000e+01 2.313682425508865881e-01
2.060000000000000142e+01 2.242319575218988947e-01
2.070000000000000284e+01 2.170956724929112569e-01
2.080000000000000071e+01 2.103052385310108796e-01
2.090000000000000213e+01 2.035148045691102248e-01
2.100000000000000000e+01 1.970479439696661006e-01
2.110000000000000142e+01 1.905810833702217544e-01
2.120000000000000284e+01 1.844194673625863812e-01
2.130000000000000071e+01 1.782578513549512023e-01
2.140000000000000213e+01 1.723869057050655962e-01
2.150000000000000000e+01 1.665159600551802399e-01
2.160000000000000142e+01 1.609246812394542481e-01
2.170000000000000284e+01 1.553334024237282562e-01
2.180000000000000071e+01 1.500141835784652433e-01
2.190000000000000213e+01 1.446949647332020639e-01
2.200000000000000000e+01 1.396434352186950445e-01
2.210000000000000142e+01 1.345919057041878864e-01
2.220000000000000284e+01 1.298067805440459022e-01
2.230000000000000071e+01 1.250216553839041400e-01
2.240000000000000213e+01 1.205045931069763099e-01
2.250000000000000000e+01 1.159875308300486463e-01
2.260000000000000142e+01 1.117430000006923302e-01
2.270000000000000284e+01 1.074984691713360141e-01
2.280000000000000071e+01 1.035336221782615362e-01
2.290000000000000213e+01 9.956877518518693349e-02
2.300000000000000000e+01 9.588945904232594464e-02
2.310000000000000142e+01 9.221014289946478926e-02
2.320000000000000284e+01 8.874267731750659638e-02
2.330000000000000071e+01 8.527521173554850065e-02
2.340000000000000213e+01 8.200640935342527749e-02
2.350000000000000000e+01 7.873760697130216535e-02
2.360000000000000142e+01 7.565517717852193735e-02
2.370000000000000284e+01 7.257274738574172324e-02
2.380000000000000071e+01 6.966524681046035172e-02
2.390000000000000213e+01 6.675774623517889694e-02
2.400000000000000000e+01 6.401452985519712202e-02
2.410000000000000142e+01 6.127131347521527771e-02
2.420000000000000284e+01 5.868247091959910566e-02
2.430000000000000071e+01 5.609362836398301688e-02
2.440000000000000213e+01 5.364995458267769052e-02
2.450000000000000000e+01 5.120628080137243354e-02
2.460000000000000142e+01 4.889922077743209805e-02
2.470000000000000284e+01 4.659216075349176950e-02
2.480000000000000071e+01 4.441377485936544994e-02
2.490000000000000213e+01 4.223538896523903324e-02
2.500000000000000000e+01 4.017830545769700279e-02
2.510000000000000142e+01 3.812122195015488907e-02
2.520000000000000284e+01 3.617683421136922567e-02
2.530000000000000071e+01 3.423244647258362472e-02
2.540000000000000213e+01 3.239390055828171577e-02
2.550000000000000000e+01 3.055535464397987622e-02
2.560000000000000142e+01 2.881623399658411397e-02
2.570000000000000284e+01 2.707711334918835866e-02
2.580000000000000071e+01 2.543141905898671506e-02
2.590000000000000213e+01 2.378572476878502290e-02
2.600000000000000000e+01 2.222784604929346416e-02
2.610000000000000142e+01 2.066996732980184645e-02
2.620000000000000284e+01 1.919465356113767007e-02
2.630000000000000071e+01 1.771933979247355267e-02
2.640000000000000213e+01 1.632167533003774790e-02
2.650000000000000000e+01 1.492401086760200037e-02
2.660000000000000142e+01 1.359939596536738349e-02
2.670000000000000284e+01 1.227478106313276834e-02
2.680000000000000071e+01 1.101891026653841789e-02
2.690000000000000213e+01 9.763039469944024065e-03
2.700000000000000000e+01 8.571880384872616887e-03
2.710000000000000142e+01 7.380721299801166341e-03
2.720000000000000284e+01 6.250497561665097936e-03
2.730000000000000071e+01 5.120273823529067694e-03
2.740000000000000213e+01 4.046212244686864072e-03
2.750000000000000000e+01 2.972150665844699481e-03
2.760000000000000142e+01 1.951538947093504808e-03
2.770000000000000284e+01 9.309272283423102425e-04
2.780000000000000071e+01 -3.880356924277995537e-05
2.790000000000000213e+01 -1.008534366827902639e-03
2.800000000000000000e+01 -1.929816938891281558e-03
2.810000000000000142e+01 -2.851099510954694088e-03
2.820000000000000284e+01 -3.732872211225108511e-03
2.830000000000000071e+01 -4.614644911495492142e-03
2.840000000000000213e+01 -5.459429256375423513e-03
2.850000000000000000e+01 -6.304213601255323658e-03
2.860000000000000142e+01 -7.112885143359296003e-03
2.870000000000000284e+01 -7.921556685463269215e-03
2.880000000000000071e+01 -8.695749521514251068e-03
2.890000000000000213e+01 -9.469942357565258942e-03
2.900000000000000000e+01 -1.020916101457332650e-02
2.910000000000000142e+01 -1.094837967158141835e-02
2.920000000000000284e+01 -1.164902480133469739e-02
2.930000000000000071e+01 -1.234966993108795041e-02
2.940000000000000213e+01 -1.300381352815320121e-02
2.950000000000000000e+01 -1.365795712521842946e-02
2.960000000000000142e+01 -1.426384176891820794e-02
2.970000000000000284e+01 -1.486972641261798643e-02
2.980000000000000071e+01 -1.542290654838808679e-02
2.990000000000000213e+01 -1.597608668415820277e-02
3.000000000000000000e+01 -1.649226861324012278e-02
3.010000000000000142e+01 -1.700845054232205666e-02
3.020000000000000284e+01 -1.749217463413063611e-02
3.030000000000000071e+01 -1.797589872593919821e-02
3.040000000000000213e+01 -1.842750443912946970e-02
3.050000000000000000e+01 -1.887911015231972037e-02
3.060000000000000142e+01 -1.925639415065552237e-02
3.070000000000000284e+01 -1.963367814899132438e-02
3.080000000000000071e+01 -1.990651069336496146e-02
3.090000000000000213e+01 -2.017934323773860547e-02
3.100000000000000000e+01 -2.033307361794892479e-02
3.110000000000000142e+01 -2.048680399815924758e-02
3.120000000000000284e+01 -2.050557492857658926e-02
3.130000000000000071e+01 -2.052434585899392747e-02
3.140000000000000213e+01 -2.039983157022928068e-02
3.150000000000000000e+01 -2.027531728146463388e-02
3.160000000000000142e+01 -2.000575828680604268e-02
3.170000000000000284e+01 -1.973619929214745147e-02
3.180000000000000071e+01 -1.932558979473615254e-02
3.190000000000000213e+01 -1.891498029732483280e-02
3.200000000000000000e+01 -1.837239408171563795e-02
3.210000000000000142e+01 -1.782980786610641882e-02
3.220000000000000284e+01 -1.716882134204930979e-02
3.230000000000000426e+01 -1.650783481799219382e-02
3.239999999999999858e+01 -1.574419824390094202e-02
3.250000000000000000e+01 -1.498056166980963298e-02
3.260000000000000142e+01 -1.413507165881369189e-02
3.270000000000000284e+01 -1.328958164781774906e-02
3.280000000000000426e+01 -1.238607953839496352e-02
3.289999999999999858e+01 -1.148257742897223870e-02
3.300000000000000000e+01 -1.054729119757588825e-02
3.310000000000000142e+01 -9.612004966179537799e-03
3.320000000000000284e+01 -8.663345266815312279e-03
3.330000000000000426e+01 -7.714685567451085892e-03
3.339999999999999858e+01 -6.774266726031694975e-03
3.350000000000000000e+01 -5.833847884612235538e-03
3.360000000000000142e+01 -4.923259713314472735e-03
3.370000000000000284e+01 -4.012671542016709066e-03
3.380000000000000426e+01 -3.150130076196368777e-03
3.389999999999999858e+01 -2.287588610376089203e-03
3.400000000000000000e+01 -1.489929603431803737e-03
3.410000000000000142e+01 -6.922705964875231497e-04
3.420000000000000284e+01 2.322101296762382476e-05
3.430000000000000426e+01 7.387126224227638129e-04
3.439999999999999858e+01 1.350588508120963713e-03
3.450000000000000000e+01 1.962464393819206981e-03
3.460000000000000142e+01 2.456151897163077937e-03
3.470000000000000284e+01 2.949839400506948026e-03
3.480000000000000426e+01 3.310355854022706355e-03
3.489999999999999858e+01 3.670872307538439530e-03
3.500000000000000000e+01 3.914728869500254914e-03
3.510000000000000142e+01 4.158585431462061624e-03
3.520000000000000284e+01 4.311368177456873299e-03
3.530000000000000426e+01 4.464150923451681505e-03
3.539999999999999858e+01 4.567672283799403300e-03
3.550000000000000000e+01 4.671193644147132902e-03
3.560000000000000142e+01 4.729038789011448703e-03
3.570000000000000284e+01 4.786883933875764503e-03
3.580000000000000426e+01 4.802843325320671659e-03
3.589999999999999858e+01 4.818802716765578815e-03
3.600000000000000000e+01 4.805277438526814847e-03
3.610000000000000142e+01 4.791752160288049144e-03
3.620000000000000284e+01 4.754104236205490379e-03
3.630000000000000426e+01 4.716456312122929879e-03
3.639999999999999858e+01 4.659571789195423794e-03
3.650000000000000000e+01 4.602687266267912504e-03
3.660000000000000142e+01 4.530918412158951164e-03
3.670000000000000284e+01 4.459149558049988957e-03
3.680000000000000426e+01 4.376258539740571739e-03
3.689999999999999858e+01 4.293367521431160592e-03
3.700000000000000000e+01 4.202511462870935945e-03
3.710000000000000142e+01 4.111655404310711297e-03
3.720000000000000284e+01 4.015390594727859599e-03
3.730000000000000426e+01 3.919125785145006167e-03
3.739999999999999858e+01 3.819484733208840157e-03
3.750000000000000000e+01 3.719843681272666340e-03
3.760000000000000142e+01 3.618776196564206949e-03
3.770000000000000284e+01 3.517708711855747992e-03
3.780000000000000426e+01 3.417037434063813911e-03
3.789999999999999858e+01 3.316366156271887636e-03
3.800000000000000000e+01 3.217571362678080943e-03
3.810000000000000142e+01 3.118776569084273816e-03
3.820000000000000284e+01 3.023008416644596200e-03
3.830000000000000426e+01 2.927240264204918150e-03
3.840000000000000568e+01 2.835322620249229077e-03
3.850000000000000000e+01 2.743404976293547376e-03
3.860000000000000142e+01 2.655845814378802669e-03
3.870000000000000284e+01 2.568286652464057095e-03
3.880000000000000426e+01 2.485311229049333784e-03
3.890000000000000568e+01 2.402335805634610473e-03
3.900000000000000000e+01 2.323959035888350892e-03
3.910000000000000142e+01 2.245582266142085674e-03
3.920000000000000284e+01 2.171697261985482564e-03
3.930000000000000426e+01 2.097812257828879021e-03
3.940000000000000568e+01 2.028165993836379688e-03
3.950000000000000000e+01 1.958519729843885560e-03
3.960000000000000142e+01 1.892815360475662073e-03
3.970000000000000284e+01 1.827110991107438803e-03
3.980000000000000426e+01 1.765074061415271896e-03
3.990000000000000568e+01 1.703037131723105424e-03
4.000000000000000000e+01 1.644461206655044912e-03
4.010000000000000142e+01 1.585885281586980281e-03
4.020000000000000284e+01 1.530545643413628492e-03
4.030000000000000426e+01 1.475206005240276702e-03
4.040000000000000568e+01 1.422862373804348150e-03
4.050000000000000000e+01 1.370518742368423502e-03
4.060000000000000142e+01 1.320976100180027866e-03
4.070000000000000284e+01 1.271433457991632231e-03
4.080000000000000426e+01 1.224575249076995673e-03
4.090000000000000568e+01 1.177717040162359115e-03
4.100000000000000000e+01 1.133440935370683134e-03
4.110000000000000142e+01 1.089164830579004333e-03
4.120000000000000284e+01 1.047372631527463977e-03
4.130000000000000426e+01 1.005580432475923621e-03
4.140000000000000568e+01 9.661773864125139952e-04
4.150000000000000000e+01 9.267743403491074047e-04
4.160000000000000142e+01 8.896686934090892963e-04
4.170000000000000284e+01 8.525630464690714047e-04
4.180000000000000426e+01 8.176647876140252791e-04
4.190000000000000568e+01 7.827665287589789366e-04
4.200000000000000000e+01 7.499894346612285103e-04
4.210000000000000142e+01 7.172123405634756987e-04
4.220000000000000284e+01 6.864716309691556344e-04
4.230000000000000426e+01 6.557309213748355702e-04
4.240000000000000568e+01 6.269441054651375385e-04
4.250000000000000000e+01 5.981572895554413500e-04
4.260000000000000142e+01 5.712446186575397423e-04
4.270000000000000284e+01 5.443319477596381345e-04
4.280000000000000426e+01 5.192140110474908771e-04
4.290000000000000568e+01 4.940960743353437282e-04
4.300000000000000000e+01 4.706979592578068778e-04
4.310000000000000142e+01 4.472998441802684012e-04
4.320000000000000284e+01 4.255447622777693115e-04
4.330000000000000426e+01 4.037896803752702760e-04
4.340000000000000568e+01 3.836073623786941653e-04
4.350000000000000000e+01 3.634250443821196268e-04
4.360000000000000142e+01 3.447415856769704885e-04
4.370000000000000284e+01 3.260581269718213502e-04
4.380000000000000426e+01 3.088068598735604952e-04
4.390000000000000568e+01 2.915555927752996402e-04
4.400000000000000000e+01 2.756661598112794846e-04
4.410000000000000142e+01 2.597767268472581906e-04
4.420000000000000284e+01 2.451844663181337544e-04
4.430000000000000426e+01 2.305922057890094537e-04
4.440000000000000568e+01 2.172304077937293998e-04
4.450000000000000000e+01 2.038686097984502947e-04
4.460000000000000142e+01 1.916739623465028397e-04
4.470000000000000284e+01 1.794793148945553576e-04
4.480000000000000426e+01 1.683890419835455362e-04
4.490000000000000568e+01 1.572987690725357419e-04
4.500000000000000000e+01 1.472513623786315951e-04
4.510000000000000142e+01 1.372039556847267706e-04
4.520000000000000284e+01 1.281396858841918774e-04
4.530000000000000426e+01 1.190754160836569978e-04
4.540000000000000568e+01 1.109354600233154145e-04
4.550000000000000000e+01 1.027955039629744276e-04
4.560000000000000142e+01 9.552174739353902131e-05
4.570000000000000284e+01 8.824799082410361500e-05
4.580000000000000426e+01 8.178426917053551240e-05
4.590000000000000568e+01 7.532054751696742336e-05
4.600000000000000000e+01 6.961042852533212775e-05
4.610000000000000142e+01 6.390030953369642557e-05
4.620000000000000284e+01 5.889020107574718520e-05
4.630000000000000426e+01 5.388009261779793806e-05
4.640000000000000568e+01 4.951687469834484034e-05
4.650000000000000000e+01 4.515365677889206111e-05
4.660000000000000142e+01 4.138261798451365095e-05
4.670000000000000284e+01 3.761157919013523402e-05
4.680000000000000426e+01 3.438120230718333647e-05
4.690000000000000568e+01 3.115082542423143214e-05
4.700000000000000000e+01 2.840637501802275496e-05
4.710000000000000142e+01 2.566192461181387110e-05
4.720000000000000284e+01 2.335170050273279265e-05
4.730000000000000426e+01 2.104147639365172099e-05
4.740000000000000568e+01 1.911338041988706716e-05
4.750000000000000000e+01 1.718528444612255226e-05
4.760000000000000142e+01 1.561914839015907837e-05
4.770000000000000284e+01 1.405301233419560280e-05
4.780000000000000426e+01 1.279694420117947778e-05
4.790000000000000568e+01 1.154087606816335106e-05
4.800000000000000000e+01 1.054928512713329238e-05
4.810000000000000142e+01 9.557694186103162545e-06
4.820000000000000284e+01 8.785178288186827714e-06
4.830000000000000426e+01 8.012662390270496271e-06
4.840000000000000568e+01 7.413995543490328852e-06
4.850000000000000000e+01 6.815328696710201243e-06
4.860000000000000142e+01 6.345449459453245003e-06
4.870000000000000284e+01 5.875570222196286222e-06
4.880000000000000426e+01 5.489570861408956819e-06
4.890000000000000568e+01 5.103571500621626569e-06
4.900000000000000000e+01 4.756687864343467353e-06
4.910000000000000142e+01 4.409804228065283574e-06
4.920000000000000284e+01 4.057406285235615910e-06
4.930000000000000426e+01 3.705008342405947398e-06
4.940000000000000568e+01 3.302591345978838252e-06
4.950000000000000000e+01 2.900174349551757482e-06
4.960000000000000142e+01 2.403350581850666640e-06
4.970000000000000284e+01 1.906526814149575162e-06
4.980000000000000426e+01 1.271017876099701740e-06
4.990000000000000568e+01 6.355089380498282119e-07
5.000000000000000000e+01 0.000000000000000000e+00
