0.000000000000000000e+00 1.869893243046903990e+03
1.000000000000000056e-01 1.841272889119840102e+03
2.000000000000000111e-01 1.812873435174847373e+03
3.000000000000000444e-01 1.784694881211924667e+03
4.000000000000000222e-01 1.756737227231073575e+03
5.000000000000000000e-01 1.729000473232293416e+03
6.000000000000000888e-01 1.701484619215584189e+03
7.000000000000000666e-01 1.674189665180945667e+03
8.000000000000000444e-01 1.647115611128377850e+03
9.000000000000000222e-01 1.620262457057881193e+03
1.000000000000000000e+00 1.593630202969455695e+03
1.100000000000000089e+00 1.567218848863101130e+03
1.200000000000000178e+00 1.541028394738817497e+03
1.300000000000000044e+00 1.515058840596604114e+03
1.400000000000000133e+00 1.489310186436462345e+03
1.500000000000000000e+00 1.463782432258391282e+03
1.600000000000000089e+00 1.438475578062391378e+03
1.700000000000000178e+00 1.413389623848461952e+03
1.800000000000000044e+00 1.388524569616603458e+03
1.900000000000000133e+00 1.363880415366816123e+03
2.000000000000000000e+00 1.339457161099099721e+03
2.100000000000000089e+00 1.315254806813454252e+03
2.200000000000000178e+00 1.291273352509879714e+03
2.300000000000000266e+00 1.267512798188375882e+03
2.400000000000000355e+00 1.243973143848943209e+03
2.500000000000000000e+00 1.220654389491581469e+03
2.600000000000000089e+00 1.197556535116290661e+03
2.700000000000000178e+00 1.174679580723070558e+03
2.800000000000000266e+00 1.152023526311921160e+03
2.900000000000000355e+00 1.129588371882843148e+03
3.000000000000000000e+00 1.107374117435836069e+03
3.100000000000000089e+00 1.085380762970899696e+03
3.200000000000000178e+00 1.063608308488034709e+03
3.300000000000000266e+00 1.042056753987239745e+03
3.400000000000000355e+00 1.020726099468516395e+03
3.500000000000000000e+00 9.996163449318638641e+02
3.600000000000000089e+00 9.787274903772823791e+02
3.700000000000000178e+00 9.580595358047714853e+02
3.800000000000000266e+00 9.376124812143315239e+02
3.900000000000000355e+00 9.173863266059623811e+02
4.000000000000000000e+00 8.973810719796646254e+02
4.100000000000000533e+00 8.775967173354373472e+02
4.200000000000000178e+00 8.580332626732815697e+02
4.299999999999999822e+00 8.386907079931960425e+02
4.400000000000000355e+00 8.195690532951819023e+02
4.500000000000000000e+00 8.006682985792385807e+02
4.600000000000000533e+00 7.819884438453658504e+02
4.700000000000000178e+00 7.635294890935648482e+02
4.800000000000000711e+00 7.452914343238339825e+02
4.900000000000000355e+00 7.272742795361743902e+02
5.000000000000000000e+00 7.094780247305856165e+02
5.100000000000000533e+00 6.919026699070675477e+02
5.200000000000000178e+00 6.745482150656208660e+02
5.300000000000000711e+00 6.574146602062447755e+02
5.400000000000000355e+00 6.405020053289398447e+02
5.500000000000000000e+00 6.238102504337057326e+02
5.600000000000000533e+00 6.073393955205423254e+02
5.700000000000000178e+00 5.910894405894501915e+02
5.800000000000000711e+00 5.750603856404286489e+02
5.900000000000000355e+00 5.592522306734783797e+02
6.000000000000000000e+00 5.436649756885989291e+02
6.100000000000000533e+00 5.282986206857901834e+02
6.200000000000000178e+00 5.131531656650524837e+02
6.300000000000000711e+00 4.982286106263857164e+02
6.400000000000000355e+00 4.835249555697899950e+02
6.500000000000000000e+00 4.690422004952651491e+02
6.600000000000000533e+00 4.547803454028111219e+02
6.700000000000000178e+00 4.407393902924280269e+02
6.800000000000000711e+00 4.269193351641157506e+02
6.900000000000000355e+00 4.133201800178746339e+02
7.000000000000000000e+00 3.999419248537043927e+02
7.100000000000000533e+00 3.867845696716050270e+02
7.200000000000000178e+00 3.738481144715767073e+02
7.300000000000000711e+00 3.611325592536190925e+02
7.400000000000000355e+00 3.486379040177324669e+02
7.500000000000000000e+00 3.363641487639168304e+02
7.600000000000000533e+00 3.243112934921720125e+02
7.700000000000000178e+00 3.124793382024982975e+02
7.800000000000000711e+00 3.008682828948952306e+02
7.900000000000000355e+00 2.894781275693633802e+02
8.000000000000000000e+00 2.783088722259023484e+02
8.099999999999999645e+00 2.673605168645123058e+02
8.200000000000001066e+00 2.566330614851928544e+02
8.300000000000000711e+00 2.461265060879446196e+02
8.400000000000000355e+00 2.358408506727673455e+02
8.500000000000000000e+00 2.257760952396609184e+02
8.599999999999999645e+00 2.159322397886254237e+02
8.700000000000001066e+00 2.063092843196607191e+02
8.800000000000000711e+00 1.969072288327670606e+02
8.900000000000000355e+00 1.877260733279443627e+02
9.000000000000000000e+00 1.787658178051925972e+02
9.099999999999999645e+00 1.700264622645117072e+02
9.200000000000001066e+00 1.615080067059016073e+02
9.300000000000000711e+00 1.532104511293625819e+02
9.400000000000000355e+00 1.451337955348944888e+02
9.500000000000000000e+00 1.372780399224972996e+02
9.600000000000001421e+00 1.296431842921709006e+02
9.700000000000001066e+00 1.222292286439155902e+02
9.800000000000000711e+00 1.150361729777311552e+02
9.900000000000000355e+00 1.080640172936176810e+02
1.000000000000000000e+01 1.013127615915751250e+02
1.010000000000000142e+01 9.478240587160334485e+01
1.020000000000000107e+01 8.847295013370263916e+01
1.030000000000000071e+01 8.238439437787285158e+01
1.040000000000000036e+01 7.651673860411396788e+01
1.050000000000000000e+01 7.086998281242600228e+01
1.060000000000000142e+01 6.544412700280888373e+01
1.070000000000000107e+01 6.023917117526276854e+01
1.080000000000000071e+01 5.525511532978758567e+01
1.090000000000000036e+01 5.049195946638332089e+01
1.100000000000000000e+01 4.594970358504998842e+01
1.110000000000000142e+01 4.162834768578748168e+01
1.120000000000000107e+01 3.752789176859599252e+01
1.130000000000000071e+01 3.364833583347541435e+01
1.140000000000000036e+01 2.998967988042576494e+01
1.150000000000000000e+01 2.655192390944703362e+01
1.160000000000000142e+01 2.333506792053917067e+01
1.170000000000000107e+01 2.033911191370228977e+01
1.180000000000000071e+01 1.756405588893633052e+01
1.190000000000000036e+01 1.500989984624128937e+01
1.200000000000000000e+01 1.267664378561716632e+01
1.210000000000000142e+01 1.056428770706393649e+01
1.220000000000000107e+01 8.672831610581667405e+00
1.230000000000000071e+01 7.002275496170317304e+00
1.240000000000000036e+01 5.552619363829891519e+00
1.250000000000000000e+01 4.323863213560386498e+00
1.260000000000000142e+01 3.316007045361786254e+00
1.270000000000000107e+01 2.529050859234127202e+00
1.280000000000000071e+01 1.962994655177390468e+00
1.290000000000000036e+01 1.617838433191575165e+00
1.300000000000000000e+01 1.493582193276681735e+00
1.310000000000000142e+01 1.479775944397248910e+00
1.320000000000000107e+01 1.465969695517816529e+00
1.330000000000000071e+01 1.452163446638383704e+00
1.340000000000000036e+01 1.438357197758951100e+00
1.350000000000000000e+01 1.424550948879518941e+00
1.360000000000000142e+01 1.410744700000086116e+00
1.370000000000000107e+01 1.396938451120653291e+00
1.380000000000000071e+01 1.383132202241220687e+00
1.390000000000000036e+01 1.369325953361787640e+00
1.400000000000000000e+01 1.355519704482355259e+00
1.410000000000000142e+01 1.341713455602922433e+00
1.420000000000000107e+01 1.327907206723489608e+00
1.430000000000000071e+01 1.314100957844057005e+00
1.440000000000000036e+01 1.300294708964624624e+00
1.450000000000000000e+01 1.286488460085191798e+00
1.460000000000000142e+01 1.272682211205758973e+00
1.470000000000000107e+01 1.258875962326326148e+00
1.480000000000000071e+01 1.245069713446893545e+00
1.490000000000000036e+01 1.231263464567460941e+00
1.500000000000000000e+01 1.217457215688028116e+00
1.510000000000000142e+01 1.203650966808595291e+00
1.520000000000000107e+01 1.189844717929162465e+00
1.530000000000000071e+01 1.176038469049730084e+00
1.540000000000000036e+01 1.162232220170297481e+00
1.550000000000000000e+01 1.148425971290864656e+00
1.560000000000000142e+01 1.134619722411431830e+00
1.570000000000000107e+01 1.120813473531999227e+00
1.580000000000000071e+01 1.107007224652566624e+00
1.590000000000000036e+01 1.093200975773133798e+00
1.600000000000000000e+01 1.079394726893701195e+00
1.610000000000000142e+01 1.065588478014268148e+00
1.619999999999999929e+01 1.051782229134835989e+00
1.630000000000000071e+01 1.037975980255402941e+00
1.640000000000000213e+01 1.024169731375970116e+00
1.650000000000000000e+01 1.010363482496537957e+00
1.660000000000000142e+01 9.965572336171049095e-01
1.669999999999999929e+01 9.827509847376725283e-01
1.680000000000000071e+01 9.689447358582395919e-01
1.690000000000000213e+01 9.551384869788067666e-01
1.700000000000000000e+01 9.413322380993741634e-01
1.710000000000000142e+01 9.275259892199412270e-01
1.719999999999999929e+01 9.137197403405089569e-01
1.730000000000000071e+01 8.999134914610760205e-01
1.740000000000000213e+01 8.861072425816430842e-01
1.750000000000000000e+01 8.723009937022108140e-01
1.760000000000000142e+01 8.584947448227779887e-01
1.769999999999999929e+01 8.446884959433452744e-01
1.780000000000000071e+01 8.308822470639125601e-01
1.790000000000000213e+01 8.170759981844796238e-01
1.800000000000000000e+01 8.032748227494262983e-01
1.810000000000000142e+01 7.894736473143724176e-01
1.819999999999999929e+01 7.757859551647914298e-01
1.830000000000000071e+01 7.620982630152099979e-01
1.840000000000000213e+01 7.484664512673943060e-01
1.850000000000000000e+01 7.348346395195791692e-01
1.860000000000000142e+01 7.212085868660834675e-01
1.869999999999999929e+01 7.075825342125884321e-01
1.880000000000000071e+01 6.939190225053910588e-01
1.890000000000000213e+01 6.802555107981939075e-01
1.900000000000000000e+01 6.665177604587256832e-01
1.910000000000000142e+01 6.527800101192570148e-01
1.920000000000000284e+01 6.389373165929352893e-01
1.930000000000000071e+01 6.250946230666141190e-01
1.940000000000000213e+01 6.111219916511779759e-01
1.950000000000000000e+01 5.971493602357421659e-01
1.960000000000000142e+01 5.830272451391927957e-01
1.970000000000000284e+01 5.689051300426434254e-01
1.980000000000000071e+01 5.546191697681945865e-01
1.990000000000000213e+01 5.403332094937451924e-01
2.000000000000000000e+01 5.258740133610808609e-01
2.010000000000000142e+01 5.114148172284160854e-01
2.020000000000000284e+01 4.967800642930866872e-01
2.030000000000000071e+01 4.821453113577578442e-01
2.040000000000000213e+01 4.676207083139962695e-01
2.050000000000000000e+01 4.530961052702353609e-01
2.060000000000000142e+01 4.391208815442676494e-01
2.070000000000000284e+01 4.251456578182999935e-01
2.080000000000000071e+01 4.118477257109793288e-01
2.090000000000000213e+01 3.985497936036581090e-01
2.100000000000000000e+01 3.858855259469194388e-01
2.110000000000000142e+01 3.732212582901802134e-01
2.120000000000000284e+01 3.611547612443883337e-01
2.130000000000000071e+01 3.490882641985968982e-01
2.140000000000000213e+01 3.375909965576788241e-01
2.150000000000000000e+01 3.260937289167611386e-01
2.160000000000000142e+01 3.151441421154168587e-01
2.170000000000000284e+01 3.041945553140725234e-01
2.180000000000000071e+01 2.937777525787592103e-01
2.190000000000000213e+01 2.833609498434455642e-01
2.200000000000000000e+01 2.734683720054245648e-01
2.210000000000000142e+01 2.635757941674032323e-01
2.220000000000000284e+01 2.542049248147776885e-01
2.230000000000000071e+01 2.448340554621525056e-01
2.240000000000000213e+01 2.359881425469910754e-01
2.250000000000000000e+01 2.271422296318298950e-01
2.260000000000000142e+01 2.188300240919628104e-01
2.270000000000000284e+01 2.105178185520957257e-01
2.280000000000000071e+01 2.027533271476224253e-01
2.290000000000000213e+01 1.949888357431489028e-01
2.300000000000000000e+01 1.877835088754325754e-01
2.310000000000000142e+01 1.805781820077158872e-01
2.320000000000000284e+01 1.737877291217788112e-01
2.330000000000000071e+01 1.669972762358420126e-01
2.340000000000000213e+01 1.605958720850006738e-01
2.350000000000000000e+01 1.541944679341596403e-01
2.360000000000000142e+01 1.481580434081338493e-01
2.370000000000000284e+01 1.421216188821080306e-01
2.380000000000000071e+01 1.364277640461695196e-01
2.390000000000000213e+01 1.307339092102308420e-01
2.400000000000000000e+01 1.253617775642471566e-01
2.410000000000000142e+01 1.199896459182632769e-01
2.420000000000000284e+01 1.149198296540474007e-01
2.430000000000000071e+01 1.098500133898316772e-01
2.440000000000000213e+01 1.050644859524742514e-01
2.450000000000000000e+01 1.002789585151169782e-01
2.460000000000000142e+01 9.576096633111136347e-02
2.470000000000000284e+01 9.124297414710576259e-02
2.480000000000000071e+01 8.697696878041341617e-02
2.490000000000000213e+01 8.271096341372091709e-02
2.500000000000000000e+01 7.868250853500981246e-02
2.510000000000000142e+01 7.465405365629858292e-02
2.520000000000000284e+01 7.084629464034276902e-02
2.530000000000000071e+01 6.703853562438710778e-02
2.540000000000000213e+01 6.343805016473082203e-02
2.550000000000000000e+01 5.983756470507465425e-02
2.560000000000000142e+01 5.643178704413762820e-02
2.570000000000000284e+01 5.302600938320060908e-02
2.580000000000000071e+01 4.980319165707369072e-02
2.590000000000000213e+01 4.658037393094667522e-02
2.600000000000000000e+01 4.352952835031449752e-02
2.610000000000000142e+01 4.047868276968219492e-02
2.620000000000000284e+01 3.758952687143366639e-02
2.630000000000000071e+01 3.470037097318524194e-02
2.640000000000000213e+01 3.196327828742048099e-02
2.650000000000000000e+01 2.922618560165582066e-02
2.660000000000000142e+01 2.663214829312841522e-02
2.670000000000000284e+01 2.403811098460100631e-02
2.680000000000000071e+01 2.157869753880635455e-02
2.690000000000000213e+01 1.911928409301162299e-02
2.700000000000000000e+01 1.678659773877089548e-02
2.710000000000000142e+01 1.445391138453008643e-02
2.720000000000000284e+01 1.224055674178654331e-02
2.730000000000000071e+01 1.002720209904307477e-02
2.740000000000000213e+01 7.923831676082935399e-03
2.750000000000000000e+01 5.820461253122873220e-03
2.760000000000000142e+01 3.821763464433830526e-03
2.770000000000000284e+01 1.823065675744787398e-03
2.780000000000000071e+01 -7.599031699702956018e-05
2.790000000000000213e+01 -1.975046309738910134e-03
2.800000000000000000e+01 -3.779224535121132166e-03
2.810000000000000142e+01 -5.583402760503419250e-03
2.820000000000000284e+01 -7.310207493172259964e-03
2.830000000000000071e+01 -9.037012225841040830e-03
2.840000000000000213e+01 -1.069138143502142146e-02
2.850000000000000000e+01 -1.234575064420173791e-02
2.860000000000000142e+01 -1.392939895362604701e-02
2.870000000000000284e+01 -1.551304726305035610e-02
2.880000000000000071e+01 -1.702917477854404976e-02
2.890000000000000213e+01 -1.854530229403779026e-02
2.900000000000000000e+01 -1.999293871440687223e-02
2.910000000000000142e+01 -2.144057513477599583e-02
2.920000000000000284e+01 -2.281267173700500528e-02
2.930000000000000071e+01 -2.418476833923396616e-02
2.940000000000000213e+01 -2.546579944726315090e-02
2.950000000000000000e+01 -2.674683055529228706e-02
2.960000000000000142e+01 -2.793335455390474203e-02
2.970000000000000284e+01 -2.911987855251719701e-02
2.980000000000000071e+01 -3.020318956472392222e-02
2.990000000000000213e+01 -3.128650057693068559e-02
3.000000000000000000e+01 -3.229735677352583989e-02
3.010000000000000142e+01 -3.330821297012102195e-02
3.020000000000000284e+01 -3.425550590716117810e-02
3.030000000000000071e+01 -3.520279884420130651e-02
3.040000000000000213e+01 -3.608719329483250915e-02
3.050000000000000000e+01 -3.697158774546368404e-02
3.060000000000000142e+01 -3.771043551619494144e-02
3.070000000000000284e+01 -3.844928328692620578e-02
3.080000000000000071e+01 -3.898358031007741198e-02
3.090000000000000213e+01 -3.951787733322863205e-02
3.100000000000000000e+01 -3.981893263696024976e-02
3.110000000000000142e+01 -4.011998794069187441e-02
3.120000000000000284e+01 -4.015674767647335608e-02
3.130000000000000071e+01 -4.019350741225482387e-02
3.140000000000000213e+01 -3.994966694967558296e-02
3.150000000000000000e+01 -3.970582648709634205e-02
3.160000000000000142e+01 -3.917794016495553672e-02
3.170000000000000284e+01 -3.865005384281473833e-02
3.180000000000000071e+01 -3.784594364163572366e-02
3.190000000000000213e+01 -3.704183344045666737e-02
3.200000000000000000e+01 -3.597926885356540067e-02
3.210000000000000142e+01 -3.491670426667408539e-02
3.220000000000000284e+01 -3.362227242769550567e-02
3.230000000000000426e+01 -3.232784058871690513e-02
3.239999999999999858e+01 -3.083238575123395386e-02
3.250000000000000000e+01 -2.933693091375089504e-02
3.260000000000000142e+01 -2.768117977520432108e-02
3.270000000000000284e+01 -2.602542863665774711e-02
3.280000000000000426e+01 -2.425607048114999595e-02
3.289999999999999858e+01 -2.248671232564236969e-02
3.300000000000000000e+01 -2.065511026960238292e-02
3.310000000000000142e+01 -1.882350821356238921e-02
3.320000000000000284e+01 -1.696571645152216215e-02
3.330000000000000426e+01 -1.510792468948193162e-02
3.339999999999999858e+01 -1.326627127295412767e-02
3.350000000000000000e+01 -1.142461785642619361e-02
3.360000000000000142e+01 -9.641382830861182363e-03
3.370000000000000284e+01 -7.858147805296167646e-03
3.380000000000000426e+01 -6.169004237067172818e-03
3.389999999999999858e+01 -4.479860668838296818e-03
3.400000000000000000e+01 -2.917778572369545634e-03
3.410000000000000142e+01 -1.355696475900804209e-03
3.420000000000000284e+01 4.547448007582952518e-05
3.430000000000000426e+01 1.446645436052449449e-03
3.439999999999999858e+01 2.644902282636115657e-03
3.450000000000000000e+01 3.843159129219866649e-03
3.460000000000000142e+01 4.809963745616157790e-03
3.470000000000000284e+01 5.776768362012449365e-03
3.480000000000000426e+01 6.482779693441833614e-03
3.489999999999999858e+01 7.188791024871167556e-03
3.500000000000000000e+01 7.666343420356849965e-03
3.510000000000000142e+01 8.143895815842515026e-03
3.520000000000000284e+01 8.443095336051153338e-03
3.530000000000000426e+01 8.742294856259782976e-03
3.539999999999999858e+01 8.945024170657860443e-03
3.550000000000000000e+01 9.147753485055951789e-03
3.560000000000000142e+01 9.261033551316771861e-03
3.570000000000000284e+01 9.374313617577593669e-03
3.580000000000000426e+01 9.405567423313618627e-03
3.589999999999999858e+01 9.436821229049641852e-03
3.600000000000000000e+01 9.410334227959454498e-03
3.610000000000000142e+01 9.383847226869260205e-03
3.620000000000000284e+01 9.310120048129227888e-03
3.630000000000000426e+01 9.236392869389190366e-03
3.639999999999999858e+01 9.124994020936857270e-03
3.650000000000000000e+01 9.013595172484517234e-03
3.660000000000000142e+01 8.873047844476325899e-03
3.670000000000000284e+01 8.732500516468134563e-03
3.680000000000000426e+01 8.570172285316790192e-03
3.689999999999999858e+01 8.407844054165456230e-03
3.700000000000000000e+01 8.229917620442435064e-03
3.710000000000000142e+01 8.051991186719415633e-03
3.720000000000000284e+01 7.863472616427821804e-03
3.730000000000000426e+01 7.674954046136229710e-03
3.739999999999999858e+01 7.479823668433782310e-03
3.750000000000000000e+01 7.284693290731318431e-03
3.760000000000000142e+01 7.086769482407493867e-03
3.770000000000000284e+01 6.888845674083669303e-03
3.780000000000000426e+01 6.691697770909053530e-03
3.789999999999999858e+01 6.494549867734452503e-03
3.800000000000000000e+01 6.301076745819349928e-03
3.810000000000000142e+01 6.107603623904247353e-03
3.820000000000000284e+01 5.920057673773253606e-03
3.830000000000000426e+01 5.732511723642260727e-03
3.840000000000000568e+01 5.552506352020097555e-03
3.850000000000000000e+01 5.372500980397949995e-03
3.860000000000000142e+01 5.201030968753757484e-03
3.870000000000000284e+01 5.029560957109564107e-03
3.880000000000000426e+01 4.867067432640270926e-03
3.890000000000000568e+01 4.704573908170978612e-03
3.900000000000000000e+01 4.551086079745770945e-03
3.910000000000000142e+01 4.397598251320552869e-03
3.920000000000000284e+01 4.252906796468579331e-03
3.930000000000000426e+01 4.108215341616604926e-03
3.940000000000000568e+01 3.971824752252623575e-03
3.950000000000000000e+01 3.835434162888651764e-03
3.960000000000000142e+01 3.706763116543856235e-03
3.970000000000000284e+01 3.578092070199060705e-03
3.980000000000000426e+01 3.456603092643024695e-03
3.990000000000000568e+01 3.335114115086989552e-03
4.000000000000000000e+01 3.220402937708779362e-03
4.010000000000000142e+01 3.105691760330561799e-03
4.020000000000000284e+01 2.997318310945454832e-03
4.030000000000000426e+01 2.888944861560346997e-03
4.040000000000000568e+01 2.786438591564785027e-03
4.050000000000000000e+01 2.683932321569230863e-03
4.060000000000000142e+01 2.586911321742853178e-03
4.070000000000000284e+01 2.489890321916475059e-03
4.080000000000000426e+01 2.398126336828973991e-03
4.090000000000000568e+01 2.306362351741472923e-03
4.100000000000000000e+01 2.219654986821964146e-03
4.110000000000000142e+01 2.132947621902449298e-03
4.120000000000000284e+01 2.051104572000012234e-03
4.130000000000000426e+01 1.969261522097575604e-03
4.140000000000000568e+01 1.892097229754437834e-03
4.150000000000000000e+01 1.814932937411306135e-03
4.160000000000000142e+01 1.742267717990118999e-03
4.170000000000000284e+01 1.669602498568932081e-03
4.180000000000000426e+01 1.601260080466948175e-03
4.190000000000000568e+01 1.532917662364964052e-03
4.200000000000000000e+01 1.468729191579046245e-03
4.210000000000000142e+01 1.404540720793123667e-03
4.220000000000000284e+01 1.344340169339453992e-03
4.230000000000000426e+01 1.284139617885784318e-03
4.240000000000000568e+01 1.227765441257171230e-03
4.250000000000000000e+01 1.171391264628562261e-03
4.260000000000000142e+01 1.118687288353266331e-03
4.270000000000000284e+01 1.065983312077970402e-03
4.280000000000000426e+01 1.016794023300816472e-03
4.290000000000000568e+01 9.676047345236625432e-04
4.300000000000000000e+01 9.217834295104429662e-04
4.310000000000000142e+01 8.759621244972202450e-04
4.320000000000000284e+01 8.333584258600170358e-04
4.330000000000000426e+01 7.907547272228138266e-04
4.340000000000000568e+01 7.512310243206632042e-04
4.350000000000000000e+01 7.117073214185154007e-04
4.360000000000000142e+01 6.751188843929867376e-04
4.370000000000000284e+01 6.385304473674581829e-04
4.380000000000000426e+01 6.047467186801495443e-04
4.390000000000000568e+01 5.709629899928409056e-04
4.400000000000000000e+01 5.398461862708841012e-04
4.410000000000000142e+01 5.087293825489251284e-04
4.420000000000000284e+01 4.801528746412736526e-04
4.430000000000000426e+01 4.515763667336221768e-04
4.440000000000000568e+01 4.254095144278764013e-04
4.450000000000000000e+01 3.992426621221323605e-04
4.460000000000000142e+01 3.753614794468316282e-04
4.470000000000000284e+01 3.514802967715310042e-04
4.480000000000000426e+01 3.297618473985261620e-04
4.490000000000000568e+01 3.080433980255212656e-04
4.500000000000000000e+01 2.883672281636492549e-04
4.510000000000000142e+01 2.686910583017757806e-04
4.520000000000000284e+01 2.509401980347809088e-04
4.530000000000000426e+01 2.331893377677860370e-04
4.540000000000000568e+01 2.172485917632843342e-04
4.550000000000000000e+01 2.013078457587838240e-04
4.560000000000000142e+01 1.870634069543955643e-04
4.570000000000000284e+01 1.728189681500072504e-04
4.580000000000000426e+01 1.601608475951153351e-04
4.590000000000000568e+01 1.475027270402234469e-04
4.600000000000000000e+01 1.363204115797491192e-04
4.610000000000000142e+01 1.251380961192740055e-04
4.620000000000000284e+01 1.153266345104968243e-04
4.630000000000000426e+01 1.055151729017196567e-04
4.640000000000000568e+01 9.697053849574802130e-05
4.650000000000000000e+01 8.842590408977699578e-05
4.660000000000000142e+01 8.104095371059940928e-05
4.670000000000000284e+01 7.365600333142180922e-05
4.680000000000000426e+01 6.732984911041374086e-05
4.690000000000000568e+01 6.100369488940567928e-05
4.700000000000000000e+01 5.562914660892169082e-05
4.710000000000000142e+01 5.025459832843729579e-05
4.720000000000000284e+01 4.573040981152874445e-05
4.730000000000000426e+01 4.120622129462019311e-05
4.740000000000000568e+01 3.743036698260135002e-05
4.750000000000000000e+01 3.365451267058278476e-05
4.760000000000000142e+01 3.058749647399189932e-05
4.770000000000000284e+01 2.752048027740101389e-05
4.780000000000000426e+01 2.506068038114475912e-05
4.790000000000000568e+01 2.260088048488850096e-05
4.800000000000000000e+01 2.065901504800533913e-05
4.810000000000000142e+01 1.871714961112203499e-05
4.820000000000000284e+01 1.720430609921159388e-05
4.830000000000000426e+01 1.569146258730115954e-05
4.840000000000000568e+01 1.451907343985432202e-05
4.850000000000000000e+01 1.334668429240756412e-05
4.860000000000000142e+01 1.242650419335334553e-05
4.870000000000000284e+01 1.150632409429912016e-05
4.880000000000000426e+01 1.075040874013778215e-05
4.890000000000000568e+01 9.994493385976445837e-06
4.900000000000000000e+01 9.315179652826387861e-06
4.910000000000000142e+01 8.635865919676280757e-06
4.920000000000000284e+01 7.945753337063529844e-06
4.930000000000000426e+01 7.255640754450779779e-06
4.940000000000000568e+01 6.467574199743871775e-06
4.950000000000000000e+01 5.679507645037018828e-06
4.960000000000000142e+01 4.706561178101139504e-06
4.970000000000000284e+01 3.733614711165260603e-06
4.980000000000000426e+01 2.489076474110144372e-06
4.990000000000000568e+01 1.244538237055027928e-06
5.000000000000000000e+01 0.000000000000000000e+00
