0.000000 96.018901
0.100000 95.912243
0.200000 95.805644
0.300000 95.699105
0.400000 95.592624
0.500000 95.486203
0.600000 95.379842
0.700000 95.273539
0.800000 95.167296
0.900000 95.061112
1.000000 94.954988
1.100000 94.848922
1.200000 94.742916
1.300000 94.636970
1.400000 94.531082
1.500000 94.425254
1.600000 94.319485
1.700000 94.213775
1.800000 94.108125
1.900000 94.002534
2.000000 93.897002
2.100000 93.791529
2.200000 93.686116
2.300000 93.580762
2.400000 93.475467
2.500000 93.370231
2.600000 93.265055
2.700000 93.159938
2.800000 93.054880
2.900000 92.949882
3.000000 92.844943
3.100000 92.740063
3.200000 92.635242
3.300000 92.530481
3.400000 92.425779
3.500000 92.321136
3.600000 92.216552
3.700000 92.112028
3.800000 92.007563
3.900000 91.903157
4.000000 91.798811
4.100000 91.694524
4.200000 91.590296
4.300000 91.486127
4.400000 91.382018
4.500000 91.277968
4.600000 91.173977
4.700000 91.070045
4.800000 90.966173
4.900000 90.862360
5.000000 90.758606
5.100000 90.654912
5.200000 90.551276
5.300000 90.447700
5.400000 90.344184
5.500000 90.240726
5.600000 90.137328
5.700000 90.033989
5.800000 89.930710
5.900000 89.827489
6.000000 89.724328
6.100000 89.621227
6.200000 89.518184
6.300000 89.415201
6.400000 89.312277
6.500000 89.209412
6.600000 89.106607
6.700000 89.003861
6.800000 88.901174
6.900000 88.798546
7.000000 88.695978
7.100000 88.593469
7.200000 88.491019
7.300000 88.388628
7.400000 88.286297
7.500000 88.184025
7.600000 88.081812
7.700000 87.979659
7.800000 87.877565
7.900000 87.775530
8.000000 87.673554
8.100000 87.571638
8.200000 87.469781
8.300000 87.367983
8.400000 87.266245
8.500000 87.164565
8.600000 87.062945
8.700000 86.961385
8.800000 86.859883
8.900000 86.758441
9.000000 86.657058
9.100000 86.555734
9.200000 86.454470
9.300000 86.353265
9.400000 86.252119
9.500000 86.151032
9.600000 86.050005
9.700000 85.949037
9.800000 85.848128
9.900000 85.747279
10.000000 85.646489
10.100000 85.545758
10.200000 85.445086
10.300000 85.344474
10.400000 85.243921
10.500000 85.143427
10.600000 85.042992
10.700000 84.942617
10.800000 84.842301
10.900000 84.742044
11.000000 84.641846
11.100000 84.541708
11.200000 84.441629
11.300000 84.341610
11.400000 84.241649
11.500000 84.141748
11.600000 84.041906
11.700000 83.942124
11.800000 83.842400
11.900000 83.742736
12.000000 83.643131
12.100000 83.543586
12.200000 83.444100
12.300000 83.344673
12.400000 83.245305
12.500000 83.145996
12.600000 83.046747
12.700000 82.947557
12.800000 82.848427
12.900000 82.749355
13.000000 82.650343
13.100000 82.551391
13.200000 82.452497
13.300000 82.353663
13.400000 82.254888
13.500000 82.156172
13.600000 82.057516
13.700000 81.958918
13.800000 81.860380
13.900000 81.761902
14.000000 81.663482
14.100000 81.565122
14.200000 81.466821
14.300000 81.368580
14.400000 81.270398
14.500000 81.172275
14.600000 81.074211
14.700000 80.976206
14.800000 80.878261
14.900000 80.780375
15.000000 80.682549
15.100000 80.584781
15.200000 80.487073
15.300000 80.389424
15.400000 80.291835
15.500000 80.194304
15.600000 80.096833
15.700000 79.999422
15.800000 79.902069
15.900000 79.804776
16.000000 79.707542
16.100000 79.610367
16.200000 79.513252
16.300000 79.416196
16.400000 79.319199
16.500000 79.222261
16.600000 79.125383
16.700000 79.028564
16.800000 78.931804
16.900000 78.835103
17.000000 78.738462
17.100000 78.641880
17.200000 78.545358
17.300000 78.448894
17.400000 78.352490
17.500000 78.256145
17.600000 78.159859
17.700000 78.063633
17.800000 77.967466
17.900000 77.871358
18.000000 77.775310
18.100000 77.679320
18.200000 77.583390
18.300000 77.487520
18.400000 77.391708
18.500000 77.295956
18.600000 77.200263
18.700000 77.104629
18.800000 77.009055
18.900000 76.913540
19.000000 76.818084
19.100000 76.722688
19.200000 76.627350
19.300000 76.532072
19.400000 76.436854
19.500000 76.341694
19.600000 76.246594
19.700000 76.151553
19.800000 76.056571
19.900000 75.961649
20.000000 75.866786
20.100000 75.771982
20.200000 75.677237
20.300000 75.582552
20.400000 75.487926
20.500000 75.393359
20.600000 75.298852
20.700000 75.204404
20.800000 75.110015
20.900000 75.015685
21.000000 74.921415
21.100000 74.827203
21.200000 74.733052
21.300000 74.638959
21.400000 74.544926
21.500000 74.450952
21.600000 74.357037
21.700000 74.263181
21.800000 74.169385
21.900000 74.075648
22.000000 73.981970
22.100000 73.888352
22.200000 73.794793
22.300000 73.701293
22.400000 73.607852
22.500000 73.514471
22.600000 73.421149
22.700000 73.327886
22.800000 73.234683
22.900000 73.141538
23.000000 73.048453
23.100000 72.955428
23.200000 72.862461
23.300000 72.769554
23.400000 72.676706
23.500000 72.583917
23.600000 72.491188
23.700000 72.398518
23.800000 72.305907
23.900000 72.213356
24.000000 72.120863
24.100000 72.028430
24.200000 71.936057
24.300000 71.843742
24.400000 71.751487
24.500000 71.659291
24.600000 71.567154
24.700000 71.475077
24.800000 71.383059
24.900000 71.291100
25.000000 71.199200
25.100000 71.107360
25.200000 71.015579
25.300000 70.923857
25.400000 70.832195
25.500000 70.740592
25.600000 70.649048
25.700000 70.557563
25.800000 70.466138
25.900000 70.374771
26.000000 70.283465
26.100000 70.192217
26.200000 70.101029
26.300000 70.009900
26.400000 69.918830
26.500000 69.827819
26.600000 69.736868
26.700000 69.645976
26.800000 69.555143
26.900000 69.464370
27.000000 69.373656
27.100000 69.283001
27.200000 69.192405
27.300000 69.101869
27.400000 69.011392
27.500000 68.920974
27.600000 68.830616
27.700000 68.740316
27.800000 68.650076
27.900000 68.559896
28.000000 68.469774
28.100000 68.379712
28.200000 68.289709
28.300000 68.199765
28.400000 68.109881
28.500000 68.020056
28.600000 67.930290
28.700000 67.840584
28.800000 67.750936
28.900000 67.661348
29.000000 67.571820
29.100000 67.482350
29.200000 67.392940
29.300000 67.303589
29.400000 67.214297
29.500000 67.125065
29.600000 67.035892
29.700000 66.946778
29.800000 66.857724
29.900000 66.768728
30.000000 66.679792
30.100000 66.590915
30.200000 66.502098
30.300000 66.413340
30.400000 66.324641
30.500000 66.236001
30.600000 66.147421
30.700000 66.058900
30.800000 65.970438
30.900000 65.882035
31.000000 65.793692
31.100000 65.705408
31.200000 65.617183
31.300000 65.529018
31.400000 65.440911
31.500000 65.352864
31.600000 65.264877
31.700000 65.176948
31.800000 65.089079
31.900000 65.001269
32.000000 64.913519
32.100000 64.825827
32.200000 64.738195
32.300000 64.650622
32.400000 64.563109
32.500000 64.475655
32.600000 64.388260
32.700000 64.300924
32.800000 64.213648
32.900000 64.126430
33.000000 64.039272
33.100000 63.952174
33.200000 63.865134
33.300000 63.778154
33.400000 63.691234
33.500000 63.604372
33.600000 63.517570
33.700000 63.430827
33.800000 63.344143
33.900000 63.257519
34.000000 63.170953
34.100000 63.084447
34.200000 62.998001
34.300000 62.911613
34.400000 62.825285
34.500000 62.739016
34.600000 62.652807
34.700000 62.566657
34.800000 62.480566
34.900000 62.394534
35.000000 62.308561
35.100000 62.222648
35.200000 62.136794
35.300000 62.051000
35.400000 61.965264
35.500000 61.879588
35.600000 61.793971
35.700000 61.708414
35.800000 61.622915
35.900000 61.537476
36.000000 61.452097
36.100000 61.366776
36.200000 61.281515
36.300000 61.196313
36.400000 61.111170
36.500000 61.026087
36.600000 60.941063
36.700000 60.856098
36.800000 60.771192
36.900000 60.686346
37.000000 60.601559
37.100000 60.516831
37.200000 60.432162
37.300000 60.347553
37.400000 60.263003
37.500000 60.178512
37.600000 60.094081
37.700000 60.009709
37.800000 59.925396
37.900000 59.841142
38.000000 59.756948
38.100000 59.672813
38.200000 59.588737
38.300000 59.504721
38.400000 59.420763
38.500000 59.336865
38.600000 59.253027
38.700000 59.169247
38.800000 59.085527
38.900000 59.001866
39.000000 58.918264
39.100000 58.834722
39.200000 58.751239
39.300000 58.667815
39.400000 58.584451
39.500000 58.501145
39.600000 58.417899
39.700000 58.334712
39.800000 58.251585
39.900000 58.168517
40.000000 58.085508
40.100000 58.002558
40.200000 57.919668
40.300000 57.836837
40.400000 57.754065
40.500000 57.671352
40.600000 57.588699
40.700000 57.506105
40.800000 57.423570
40.900000 57.341095
41.000000 57.258678
41.100000 57.176322
41.200000 57.094024
41.300000 57.011785
41.400000 56.929606
41.500000 56.847486
41.600000 56.765426
41.700000 56.683424
41.800000 56.601482
41.900000 56.519600
42.000000 56.437776
42.100000 56.356012
42.200000 56.274307
42.300000 56.192661
42.400000 56.111075
42.500000 56.029548
42.600000 55.948080
42.700000 55.866671
42.800000 55.785322
42.900000 55.704032
43.000000 55.622801
43.100000 55.541629
43.200000 55.460517
43.300000 55.379464
43.400000 55.298470
43.500000 55.217536
43.600000 55.136661
43.700000 55.055845
43.800000 54.975088
43.900000 54.894391
44.000000 54.813753
44.100000 54.733174
44.200000 54.652654
44.300000 54.572194
44.400000 54.491793
44.500000 54.411451
44.600000 54.331169
44.700000 54.250946
44.800000 54.170782
44.900000 54.090677
45.000000 54.010632
45.100000 53.930646
45.200000 53.850719
45.300000 53.770851
45.400000 53.691043
45.500000 53.611294
45.600000 53.531604
45.700000 53.451974
45.800000 53.372402
45.900000 53.292890
46.000000 53.213438
46.100000 53.134044
46.200000 53.054710
46.300000 52.975435
46.400000 52.896220
46.500000 52.817063
46.600000 52.737966
46.700000 52.658929
46.800000 52.579950
46.900000 52.501031
47.000000 52.422171
47.100000 52.343370
47.200000 52.264629
47.300000 52.185947
47.400000 52.107324
47.500000 52.028760
47.600000 51.950256
47.700000 51.871811
47.800000 51.793425
47.900000 51.715098
48.000000 51.636831
48.100000 51.558623
48.200000 51.480474
48.300000 51.402385
48.400000 51.324355
48.500000 51.246384
48.600000 51.168472
48.700000 51.090620
48.800000 51.012827
48.900000 50.935093
49.000000 50.857418
49.100000 50.779803
49.200000 50.702247
49.300000 50.624750
49.400000 50.547313
49.500000 50.469935
49.600000 50.392616
49.700000 50.315356
49.800000 50.238156
49.900000 50.161015
50.000000 50.083933
50.100000 50.006910
50.200000 49.929947
50.300000 49.853043
50.400000 49.776198
50.500000 49.699413
50.600000 49.622686
50.700000 49.546020
50.800000 49.469412
50.900000 49.392863
51.000000 49.316374
51.100000 49.239944
51.200000 49.163574
51.300000 49.087263
51.400000 49.011011
51.500000 48.934818
51.600000 48.858684
51.700000 48.782610
51.800000 48.706595
51.900000 48.630639
52.000000 48.554743
52.100000 48.478906
52.200000 48.403128
52.300000 48.327409
52.400000 48.251750
52.500000 48.176150
52.600000 48.100609
52.700000 48.025128
52.800000 47.949705
52.900000 47.874342
53.000000 47.799039
53.100000 47.723794
53.200000 47.648609
53.300000 47.573483
53.400000 47.498416
53.500000 47.423409
53.600000 47.348461
53.700000 47.273572
53.800000 47.198743
53.900000 47.123972
54.000000 47.049261
54.100000 46.974610
54.200000 46.900017
54.300000 46.825484
54.400000 46.751010
54.500000 46.676595
54.600000 46.602240
54.700000 46.527944
54.800000 46.453707
54.900000 46.379530
55.000000 46.305411
55.100000 46.231352
55.200000 46.157352
55.300000 46.083412
55.400000 46.009531
55.500000 45.935709
55.600000 45.861946
55.700000 45.788243
55.800000 45.714599
55.900000 45.641014
56.000000 45.567488
56.100000 45.494022
56.200000 45.420615
56.300000 45.347267
56.400000 45.273979
56.500000 45.200749
56.600000 45.127579
56.700000 45.054469
56.800000 44.981417
56.900000 44.908425
57.000000 44.835492
57.100000 44.762619
57.200000 44.689804
57.300000 44.617049
57.400000 44.544353
57.500000 44.471717
57.600000 44.399140
57.700000 44.326622
57.800000 44.254163
57.900000 44.181764
58.000000 44.109423
58.100000 44.037143
58.200000 43.964921
58.300000 43.892759
58.400000 43.820655
58.500000 43.748612
58.600000 43.676627
58.700000 43.604702
58.800000 43.532836
58.900000 43.461029
59.000000 43.389282
59.100000 43.317593
59.200000 43.245965
59.300000 43.174395
59.400000 43.102885
59.500000 43.031433
59.600000 42.960042
59.700000 42.888709
59.800000 42.817436
59.900000 42.746222
60.000000 42.675067
60.100000 42.603972
60.200000 42.532935
60.300000 42.461958
60.400000 42.391041
60.500000 42.320182
60.600000 42.249383
60.700000 42.178643
60.800000 42.107963
60.900000 42.037341
61.000000 41.966779
61.100000 41.896277
61.200000 41.825833
61.300000 41.755449
61.400000 41.685124
61.500000 41.614858
61.600000 41.544652
61.700000 41.474505
61.800000 41.404417
61.900000 41.334388
62.000000 41.264419
62.100000 41.194509
62.200000 41.124658
62.300000 41.054867
62.400000 40.985134
62.500000 40.915461
62.600000 40.845848
62.700000 40.776293
62.800000 40.706798
62.900000 40.637362
63.000000 40.567986
63.100000 40.498668
63.200000 40.429410
63.300000 40.360211
63.400000 40.291072
63.500000 40.221992
63.600000 40.152971
63.700000 40.084009
63.800000 40.015106
63.900000 39.946263
64.000000 39.877479
64.100000 39.808755
64.200000 39.740089
64.300000 39.671483
64.400000 39.602936
64.500000 39.534449
64.600000 39.466021
64.700000 39.397652
64.800000 39.329342
64.900000 39.261091
65.000000 39.192900
65.100000 39.124768
65.200000 39.056696
65.300000 38.988682
65.400000 38.920728
65.500000 38.852833
65.600000 38.784998
65.700000 38.717221
65.800000 38.649504
65.900000 38.581846
66.000000 38.514248
66.100000 38.446709
66.200000 38.379229
66.300000 38.311808
66.400000 38.244447
66.500000 38.177145
66.600000 38.109902
66.700000 38.042718
66.800000 37.975594
66.900000 37.908529
67.000000 37.841523
67.100000 37.774576
67.200000 37.707689
67.300000 37.640861
67.400000 37.574093
67.500000 37.507383
67.600000 37.440733
67.700000 37.374142
67.800000 37.307610
67.900000 37.241138
68.000000 37.174725
68.100000 37.108371
68.200000 37.042077
68.300000 36.975841
68.400000 36.909665
68.500000 36.843549
68.600000 36.777491
68.700000 36.711493
68.800000 36.645554
68.900000 36.579675
69.000000 36.513854
69.100000 36.448093
69.200000 36.382391
69.300000 36.316749
69.400000 36.251165
69.500000 36.185641
69.600000 36.120177
69.700000 36.054771
69.800000 35.989425
69.900000 35.924138
70.000000 35.858910
70.100000 35.793742
70.200000 35.728633
70.300000 35.663583
70.400000 35.598593
70.500000 35.533661
70.600000 35.468789
70.700000 35.403976
70.800000 35.339223
70.900000 35.274529
71.000000 35.209894
71.100000 35.145318
71.200000 35.080802
71.300000 35.016345
71.400000 34.951947
71.500000 34.887608
71.600000 34.823329
71.700000 34.759109
71.800000 34.694948
71.900000 34.630847
72.000000 34.566804
72.100000 34.502821
72.200000 34.438898
72.300000 34.375033
72.400000 34.311228
72.500000 34.247482
72.600000 34.183796
72.700000 34.120168
72.800000 34.056600
72.900000 33.993091
73.000000 33.929642
73.100000 33.866252
73.200000 33.802921
73.300000 33.739649
73.400000 33.676436
73.500000 33.613283
73.600000 33.550189
73.700000 33.487155
73.800000 33.424179
73.900000 33.361263
74.000000 33.298406
74.100000 33.235609
74.200000 33.172871
74.300000 33.110192
74.400000 33.047572
74.500000 32.985011
74.600000 32.922510
74.700000 32.860068
74.800000 32.797686
74.900000 32.735362
75.000000 32.673098
75.100000 32.610893
75.200000 32.548748
75.300000 32.486661
75.400000 32.424634
75.500000 32.362667
75.600000 32.300758
75.700000 32.238909
75.800000 32.177119
75.900000 32.115388
76.000000 32.053717
76.100000 31.992105
76.200000 31.930552
76.300000 31.869058
76.400000 31.807624
76.500000 31.746249
76.600000 31.684933
76.700000 31.623677
76.800000 31.562480
76.900000 31.501342
77.000000 31.440263
77.100000 31.379243
77.200000 31.318283
77.300000 31.257382
77.400000 31.196541
77.500000 31.135759
77.600000 31.075035
77.700000 31.014372
77.800000 30.953767
77.900000 30.893222
78.000000 30.832736
78.100000 30.772309
78.200000 30.711942
78.300000 30.651634
78.400000 30.591385
78.500000 30.531195
78.600000 30.471065
78.700000 30.410994
78.800000 30.350982
78.900000 30.291029
79.000000 30.231136
79.100000 30.171302
79.200000 30.111527
79.300000 30.051812
79.400000 29.992156
79.500000 29.932559
79.600000 29.873021
79.700000 29.813543
79.800000 29.754124
79.900000 29.694764
80.000000 29.635463
80.100000 29.576222
80.200000 29.517040
80.300000 29.457917
80.400000 29.398854
80.500000 29.339849
80.600000 29.280905
80.700000 29.222019
80.800000 29.163192
80.900000 29.104425
81.000000 29.045717
81.100000 28.987069
81.200000 28.928480
81.300000 28.869950
81.400000 28.811479
81.500000 28.753067
81.600000 28.694715
81.700000 28.636422
81.800000 28.578188
81.900000 28.520014
82.000000 28.461899
82.100000 28.403843
82.200000 28.345846
82.300000 28.287909
82.400000 28.230031
82.500000 28.172212
82.600000 28.114453
82.700000 28.056752
82.800000 27.999111
82.900000 27.941530
83.000000 27.884007
83.100000 27.826544
83.200000 27.769140
83.300000 27.711796
83.400000 27.654510
83.500000 27.597284
83.600000 27.540117
83.700000 27.483010
83.800000 27.425962
83.900000 27.368973
84.000000 27.312043
84.100000 27.255172
84.200000 27.198361
84.300000 27.141609
84.400000 27.084917
84.500000 27.028283
84.600000 26.971709
84.700000 26.915194
84.800000 26.858739
84.900000 26.802343
85.000000 26.746006
85.100000 26.689728
85.200000 26.633509
85.300000 26.577350
85.400000 26.521250
85.500000 26.465210
85.600000 26.409228
85.700000 26.353306
85.800000 26.297443
85.900000 26.241640
86.000000 26.185895
86.100000 26.130210
86.200000 26.074584
86.300000 26.019018
86.400000 25.963511
86.500000 25.908063
86.600000 25.852674
86.700000 25.797345
86.800000 25.742075
86.900000 25.686864
87.000000 25.631712
87.100000 25.576620
87.200000 25.521587
87.300000 25.466613
87.400000 25.411698
87.500000 25.356843
87.600000 25.302047
87.700000 25.247311
87.800000 25.192633
87.900000 25.138015
88.000000 25.083456
88.100000 25.028956
88.200000 24.974516
88.300000 24.920135
88.400000 24.865813
88.500000 24.811551
88.600000 24.757347
88.700000 24.703203
88.800000 24.649119
88.900000 24.595093
89.000000 24.541127
89.100000 24.487220
89.200000 24.433373
89.300000 24.379584
89.400000 24.325855
89.500000 24.272185
89.600000 24.218575
89.700000 24.165023
89.800000 24.111531
89.900000 24.058099
90.000000 24.004725
90.100000 23.951411
90.200000 23.898156
90.300000 23.844960
90.400000 23.791824
90.500000 23.738747
90.600000 23.685729
90.700000 23.632770
90.800000 23.579871
90.900000 23.527031
91.000000 23.474250
91.100000 23.421529
91.200000 23.368867
91.300000 23.316264
91.400000 23.263720
91.500000 23.211236
91.600000 23.158811
91.700000 23.106445
91.800000 23.054138
91.900000 23.001891
92.000000 22.949703
92.100000 22.897574
92.200000 22.845504
92.300000 22.793494
92.400000 22.741543
92.500000 22.689652
92.600000 22.637819
92.700000 22.586046
92.800000 22.534332
92.900000 22.482677
93.000000 22.431082
93.100000 22.379546
93.200000 22.328069
93.300000 22.276652
93.400000 22.225293
93.500000 22.173994
93.600000 22.122755
93.700000 22.071574
93.800000 22.020453
93.900000 21.969391
94.000000 21.918389
94.100000 21.867445
94.200000 21.816561
94.300000 21.765736
94.400000 21.714971
94.500000 21.664264
94.600000 21.613617
94.700000 21.563030
94.800000 21.512501
94.900000 21.462032
95.000000 21.411622
95.100000 21.361272
95.200000 21.310980
95.300000 21.260748
95.400000 21.210575
95.500000 21.160462
95.600000 21.110407
95.700000 21.060412
95.800000 21.010477
95.900000 20.960600
96.000000 20.910783
96.100000 20.861025
96.200000 20.811326
96.300000 20.761687
96.400000 20.712107
96.500000 20.662586
96.600000 20.613124
96.700000 20.563722
96.800000 20.514379
96.900000 20.465095
97.000000 20.415871
97.100000 20.366705
97.200000 20.317599
97.300000 20.268553
97.400000 20.219565
97.500000 20.170637
97.600000 20.121768
97.700000 20.072959
97.800000 20.024208
97.900000 19.975517
98.000000 19.926885
98.100000 19.878313
98.200000 19.829800
98.300000 19.781346
98.400000 19.732951
98.500000 19.684616
98.600000 19.636339
98.700000 19.588122
98.800000 19.539965
98.900000 19.491866
99.000000 19.443827
99.100000 19.395848
99.200000 19.347927
99.300000 19.300066
99.400000 19.252264
99.500000 19.204521
99.600000 19.156838
99.700000 19.109213
99.800000 19.061648
99.900000 19.014143
100.000000 18.966696
100.100000 18.919309
100.200000 18.871982
100.300000 18.824713
100.400000 18.777504
100.500000 18.730354
100.600000 18.683263
100.700000 18.636231
100.800000 18.589259
100.900000 18.542346
101.000000 18.495493
101.100000 18.448698
101.200000 18.401963
101.300000 18.355287
101.400000 18.308671
101.500000 18.262113
101.600000 18.215615
101.700000 18.169177
101.800000 18.122797
101.900000 18.076477
102.000000 18.030216
102.100000 17.984014
102.200000 17.937872
102.300000 17.891789
102.400000 17.845765
102.500000 17.799800
102.600000 17.753895
102.700000 17.708049
102.800000 17.662262
102.900000 17.616534
103.000000 17.570866
103.100000 17.525257
103.200000 17.479707
103.300000 17.434217
103.400000 17.388786
103.500000 17.343414
103.600000 17.298101
103.700000 17.252848
103.800000 17.207654
103.900000 17.162519
104.000000 17.117444
104.100000 17.072427
104.200000 17.027470
104.300000 16.982573
104.400000 16.937734
104.500000 16.892955
104.600000 16.848235
104.700000 16.803574
104.800000 16.758973
104.900000 16.714431
105.000000 16.669948
105.100000 16.625524
105.200000 16.581160
105.300000 16.536855
105.400000 16.492609
105.500000 16.448423
105.600000 16.404296
105.700000 16.360228
105.800000 16.316219
105.900000 16.272270
106.000000 16.228380
106.100000 16.184549
106.200000 16.140777
106.300000 16.097065
106.400000 16.053412
106.500000 16.009818
106.600000 15.966284
106.700000 15.922808
106.800000 15.879392
106.900000 15.836036
107.000000 15.792738
107.100000 15.749500
107.200000 15.706321
107.300000 15.663202
107.400000 15.620141
107.500000 15.577140
107.600000 15.534199
107.700000 15.491316
107.800000 15.448493
107.900000 15.405729
108.000000 15.363024
108.100000 15.320379
108.200000 15.277793
108.300000 15.235266
108.400000 15.192798
108.500000 15.150390
108.600000 15.108041
108.700000 15.065751
108.800000 15.023520
108.900000 14.981349
109.000000 14.939237
109.100000 14.897184
109.200000 14.855191
109.300000 14.813257
109.400000 14.771382
109.500000 14.729566
109.600000 14.687810
109.700000 14.646113
109.800000 14.604475
109.900000 14.562896
110.000000 14.521377
110.100000 14.479917
110.200000 14.438516
110.300000 14.397175
110.400000 14.355893
110.500000 14.314670
110.600000 14.273506
110.700000 14.232402
110.800000 14.191356
110.900000 14.150371
111.000000 14.109444
111.100000 14.068577
111.200000 14.027769
111.300000 13.987020
111.400000 13.946330
111.500000 13.905700
111.600000 13.865129
111.700000 13.824618
111.800000 13.784165
111.900000 13.743772
112.000000 13.703438
112.100000 13.663164
112.200000 13.622948
112.300000 13.582792
112.400000 13.542695
112.500000 13.502658
112.600000 13.462680
112.700000 13.422761
112.800000 13.382901
112.900000 13.343101
113.000000 13.303359
113.100000 13.263678
113.200000 13.224055
113.300000 13.184492
113.400000 13.144988
113.500000 13.105543
113.600000 13.066157
113.700000 13.026831
113.800000 12.987564
113.900000 12.948356
114.000000 12.909208
114.100000 12.870119
114.200000 12.831089
114.300000 12.792118
114.400000 12.753207
114.500000 12.714355
114.600000 12.675562
114.700000 12.636828
114.800000 12.598154
114.900000 12.559539
115.000000 12.520983
115.100000 12.482487
115.200000 12.444050
115.300000 12.405672
115.400000 12.367353
115.500000 12.329094
115.600000 12.290893
115.700000 12.252753
115.800000 12.214671
115.900000 12.176649
116.000000 12.138686
116.100000 12.100782
116.200000 12.062937
116.300000 12.025152
116.400000 11.987426
116.500000 11.949760
116.600000 11.912152
116.700000 11.874604
116.800000 11.837115
116.900000 11.799686
117.000000 11.762315
117.100000 11.725004
117.200000 11.687753
117.300000 11.650560
117.400000 11.613427
117.500000 11.576353
117.600000 11.539338
117.700000 11.502383
117.800000 11.465487
117.900000 11.428650
118.000000 11.391872
118.100000 11.355154
118.200000 11.318495
118.300000 11.281895
118.400000 11.245354
118.500000 11.208873
118.600000 11.172451
118.700000 11.136088
118.800000 11.099785
118.900000 11.063541
119.000000 11.027356
119.100000 10.991230
119.200000 10.955164
119.300000 10.919157
119.400000 10.883209
119.500000 10.847320
119.600000 10.811491
119.700000 10.775721
119.800000 10.740010
119.900000 10.704359
120.000000 10.668767
120.100000 10.633234
120.200000 10.597760
120.300000 10.562346
120.400000 10.526991
120.500000 10.491695
120.600000 10.456458
120.700000 10.421281
120.800000 10.386163
120.900000 10.351104
121.000000 10.316105
121.100000 10.281165
121.200000 10.246284
121.300000 10.211462
121.400000 10.176700
121.500000 10.141996
121.600000 10.107353
121.700000 10.072768
121.800000 10.038243
121.900000 10.003777
122.000000 9.969370
122.100000 9.935022
122.200000 9.900734
122.300000 9.866505
122.400000 9.832335
122.500000 9.798225
122.600000 9.764174
122.700000 9.730182
122.800000 9.696249
122.900000 9.662376
123.000000 9.628562
123.100000 9.594807
123.200000 9.561112
123.300000 9.527475
123.400000 9.493898
123.500000 9.460381
123.600000 9.426922
123.700000 9.393523
123.800000 9.360183
123.900000 9.326903
124.000000 9.293681
124.100000 9.260519
124.200000 9.227416
124.300000 9.194373
124.400000 9.161389
124.500000 9.128464
124.600000 9.095598
124.700000 9.062791
124.800000 9.030044
124.900000 8.997356
125.000000 8.964728
125.100000 8.932158
125.200000 8.899648
125.300000 8.867197
125.400000 8.834806
125.500000 8.802473
125.600000 8.770200
125.700000 8.737987
125.800000 8.705832
125.900000 8.673737
126.000000 8.641701
126.100000 8.609724
126.200000 8.577807
126.300000 8.545949
126.400000 8.514150
126.500000 8.482410
126.600000 8.450730
126.700000 8.419109
126.800000 8.387547
126.900000 8.356045
127.000000 8.324602
127.100000 8.293218
127.200000 8.261893
127.300000 8.230628
127.400000 8.199421
127.500000 8.168275
127.600000 8.137187
127.700000 8.106159
127.800000 8.075190
127.900000 8.044280
128.000000 8.013429
128.100000 7.982638
128.200000 7.951906
128.300000 7.921233
128.400000 7.890620
128.500000 7.860066
128.600000 7.829571
128.700000 7.799135
128.800000 7.768759
128.900000 7.738442
129.000000 7.708184
129.100000 7.677985
129.200000 7.647846
129.300000 7.617766
129.400000 7.587745
129.500000 7.557784
129.600000 7.527882
129.700000 7.498039
129.800000 7.468255
129.900000 7.438531
130.000000 7.408866
130.100000 7.379260
130.200000 7.349713
130.300000 7.320226
130.400000 7.290798
130.500000 7.261429
130.600000 7.232120
130.700000 7.202870
130.800000 7.173679
130.900000 7.144547
131.000000 7.115475
131.100000 7.086462
131.200000 7.057508
131.300000 7.028613
131.400000 6.999778
131.500000 6.971002
131.600000 6.942285
131.700000 6.913628
131.800000 6.885029
131.900000 6.856490
132.000000 6.828011
132.100000 6.799590
132.200000 6.771229
132.300000 6.742927
132.400000 6.714685
132.500000 6.686501
132.600000 6.658377
132.700000 6.630313
132.800000 6.602307
132.900000 6.574361
133.000000 6.546474
133.100000 6.518646
133.200000 6.490878
133.300000 6.463169
133.400000 6.435519
133.500000 6.407928
133.600000 6.380397
133.700000 6.352925
133.800000 6.325512
133.900000 6.298158
134.000000 6.270864
134.100000 6.243629
134.200000 6.216453
134.300000 6.189337
134.400000 6.162280
134.500000 6.135282
134.600000 6.108343
134.700000 6.081464
134.800000 6.054644
134.900000 6.027883
135.000000 6.001181
135.100000 5.974539
135.200000 5.947956
135.300000 5.921432
135.400000 5.894968
135.500000 5.868563
135.600000 5.842217
135.700000 5.815930
135.800000 5.789703
135.900000 5.763535
136.000000 5.737426
136.100000 5.711376
136.200000 5.685386
136.300000 5.659455
136.400000 5.633583
136.500000 5.607771
136.600000 5.582017
136.700000 5.556323
136.800000 5.530689
136.900000 5.505113
137.000000 5.479597
137.100000 5.454140
137.200000 5.428743
137.300000 5.403404
137.400000 5.378125
137.500000 5.352906
137.600000 5.327745
137.700000 5.302644
137.800000 5.277602
137.900000 5.252619
138.000000 5.227696
138.100000 5.202832
138.200000 5.178027
138.300000 5.153281
138.400000 5.128595
138.500000 5.103968
138.600000 5.079400
138.700000 5.054891
138.800000 5.030442
138.900000 5.006052
139.000000 4.981721
139.100000 4.957450
139.200000 4.933238
139.300000 4.909085
139.400000 4.884991
139.500000 4.860957
139.600000 4.836982
139.700000 4.813066
139.800000 4.789209
139.900000 4.765412
140.000000 4.741674
140.100000 4.717995
140.200000 4.694376
140.300000 4.670816
140.400000 4.647315
140.500000 4.623873
140.600000 4.600491
140.700000 4.577168
140.800000 4.553904
140.900000 4.530699
141.000000 4.507554
141.100000 4.484468
141.200000 4.461441
141.300000 4.438474
141.400000 4.415565
141.500000 4.392717
141.600000 4.369927
141.700000 4.347196
141.800000 4.324525
141.900000 4.301913
142.000000 4.279361
142.100000 4.256868
142.200000 4.234434
142.300000 4.212059
142.400000 4.189743
142.500000 4.167487
142.600000 4.145290
142.700000 4.123152
142.800000 4.101074
142.900000 4.079055
143.000000 4.057095
143.100000 4.035194
143.200000 4.013353
143.300000 3.991571
143.400000 3.969848
143.500000 3.948185
143.600000 3.926580
143.700000 3.905035
143.800000 3.883550
143.900000 3.862123
144.000000 3.840756
144.100000 3.819448
144.200000 3.798200
144.300000 3.777010
144.400000 3.755880
144.500000 3.734809
144.600000 3.713798
144.700000 3.692845
144.800000 3.671952
144.900000 3.651119
145.000000 3.630344
145.100000 3.609629
145.200000 3.588973
145.300000 3.568376
145.400000 3.547839
145.500000 3.527361
145.600000 3.506942
145.700000 3.486583
145.800000 3.466282
145.900000 3.446041
146.000000 3.425860
146.100000 3.405737
146.200000 3.385674
146.300000 3.365670
146.400000 3.345725
146.500000 3.325840
146.600000 3.306014
146.700000 3.286247
146.800000 3.266539
146.900000 3.246891
147.000000 3.227302
147.100000 3.207772
147.200000 3.188302
147.300000 3.168890
147.400000 3.149538
147.500000 3.130246
147.600000 3.111012
147.700000 3.091838
147.800000 3.072723
147.900000 3.053668
148.000000 3.034671
148.100000 3.015734
148.200000 2.996857
148.300000 2.978038
148.400000 2.959279
148.500000 2.940579
148.600000 2.921938
148.700000 2.903357
148.800000 2.884835
148.900000 2.866372
149.000000 2.847968
149.100000 2.829624
149.200000 2.811339
149.300000 2.793113
149.400000 2.774946
149.500000 2.756839
149.600000 2.738791
149.700000 2.720802
149.800000 2.702873
149.900000 2.685003
150.000000 2.667192
150.100000 2.649440
150.200000 2.631748
150.300000 2.614115
150.400000 2.596541
150.500000 2.579026
150.600000 2.561571
150.700000 2.544175
150.800000 2.526838
150.900000 2.509561
151.000000 2.492342
151.100000 2.475184
151.200000 2.458084
151.300000 2.441043
151.400000 2.424062
151.500000 2.407140
151.600000 2.390278
151.700000 2.373475
151.800000 2.356731
151.900000 2.340046
152.000000 2.323420
152.100000 2.306854
152.200000 2.290347
152.300000 2.273899
152.400000 2.257511
152.500000 2.241182
152.600000 2.224912
152.700000 2.208701
152.800000 2.192550
152.900000 2.176458
153.000000 2.160425
153.100000 2.144452
153.200000 2.128538
153.300000 2.112683
153.400000 2.096887
153.500000 2.081150
153.600000 2.065473
153.700000 2.049855
153.800000 2.034297
153.900000 2.018797
154.000000 2.003357
154.100000 1.987977
154.200000 1.972655
154.300000 1.957393
154.400000 1.942190
154.500000 1.927046
154.600000 1.911962
154.700000 1.896936
154.800000 1.881970
154.900000 1.867064
155.000000 1.852216
155.100000 1.837428
155.200000 1.822700
155.300000 1.808030
155.400000 1.793420
155.500000 1.778869
155.600000 1.764377
155.700000 1.749944
155.800000 1.735571
155.900000 1.721257
156.000000 1.707003
156.100000 1.692807
156.200000 1.678671
156.300000 1.664594
156.400000 1.650577
156.500000 1.636618
156.600000 1.622719
156.700000 1.608880
156.800000 1.595099
156.900000 1.581378
157.000000 1.567716
157.100000 1.554113
157.200000 1.540570
157.300000 1.527086
157.400000 1.513661
157.500000 1.500295
157.600000 1.486989
157.700000 1.473742
157.800000 1.460554
157.900000 1.447426
158.000000 1.434356
158.100000 1.421346
158.200000 1.408396
158.300000 1.395504
158.400000 1.382672
158.500000 1.369899
158.600000 1.357186
158.700000 1.344531
158.800000 1.331936
158.900000 1.319400
159.000000 1.306924
159.100000 1.294507
159.200000 1.282149
159.300000 1.269850
159.400000 1.257611
159.500000 1.245430
159.600000 1.233309
159.700000 1.221248
159.800000 1.209245
159.900000 1.197302
160.000000 1.185419
160.100000 1.173594
160.200000 1.161829
160.300000 1.150123
160.400000 1.138476
160.500000 1.126888
160.600000 1.115360
160.700000 1.103891
160.800000 1.092482
160.900000 1.081131
161.000000 1.069840
161.100000 1.058608
161.200000 1.047436
161.300000 1.036323
161.400000 1.025268
161.500000 1.014274
161.600000 1.003338
161.700000 0.992462
161.800000 0.981645
161.900000 0.970887
162.000000 0.960189
162.100000 0.949550
162.200000 0.938970
162.300000 0.928449
162.400000 0.917988
162.500000 0.907586
162.600000 0.897243
162.700000 0.886960
162.800000 0.876736
162.900000 0.866571
163.000000 0.856465
163.100000 0.846418
163.200000 0.836431
163.300000 0.826503
163.400000 0.816635
163.500000 0.806825
163.600000 0.797075
163.700000 0.787385
163.800000 0.777753
163.900000 0.768181
164.000000 0.758668
164.100000 0.749214
164.200000 0.739820
164.300000 0.730485
164.400000 0.721209
164.500000 0.711992
164.600000 0.702835
164.700000 0.693737
164.800000 0.684698
164.900000 0.675718
165.000000 0.666798
165.100000 0.657937
165.200000 0.649135
165.300000 0.640393
165.400000 0.631710
165.500000 0.623086
165.600000 0.614521
165.700000 0.606016
165.800000 0.597569
165.900000 0.589183
166.000000 0.580855
166.100000 0.572587
166.200000 0.564378
166.300000 0.556228
166.400000 0.548138
166.500000 0.540106
166.600000 0.532134
166.700000 0.524222
166.800000 0.516368
166.900000 0.508574
167.000000 0.500839
167.100000 0.493164
167.200000 0.485547
167.300000 0.477990
167.400000 0.470493
167.500000 0.463054
167.600000 0.455675
167.700000 0.448355
167.800000 0.441094
167.900000 0.433893
168.000000 0.426751
168.100000 0.419668
168.200000 0.412644
168.300000 0.405680
168.400000 0.398775
168.500000 0.391929
168.600000 0.385142
168.700000 0.378415
168.800000 0.371747
168.900000 0.365139
169.000000 0.358589
169.100000 0.352099
169.200000 0.345668
169.300000 0.339296
169.400000 0.332984
169.500000 0.326731
169.600000 0.320537
169.700000 0.314403
169.800000 0.308327
169.900000 0.302311
170.000000 0.296355
170.100000 0.290457
170.200000 0.284619
170.300000 0.278840
170.400000 0.273120
170.500000 0.267460
170.600000 0.261859
170.700000 0.256317
170.800000 0.250835
170.900000 0.245411
171.000000 0.240047
171.100000 0.234743
171.200000 0.229497
171.300000 0.224311
171.400000 0.219184
171.500000 0.214116
171.600000 0.209108
171.700000 0.204159
171.800000 0.199269
171.900000 0.194438
172.000000 0.189667
172.100000 0.184955
172.200000 0.180302
172.300000 0.175709
172.400000 0.171174
172.500000 0.166699
172.600000 0.162284
172.700000 0.157927
172.800000 0.153630
172.900000 0.149392
173.000000 0.145214
173.100000 0.141094
173.200000 0.137034
173.300000 0.133034
173.400000 0.129092
173.500000 0.125210
173.600000 0.121387
173.700000 0.117623
173.800000 0.113919
173.900000 0.110274
174.000000 0.106688
174.100000 0.103161
174.200000 0.099694
174.300000 0.096286
174.400000 0.092937
174.500000 0.089647
174.600000 0.086417
174.700000 0.083246
174.800000 0.080134
174.900000 0.077082
175.000000 0.074089
175.100000 0.071155
175.200000 0.068280
175.300000 0.065465
175.400000 0.062709
175.500000 0.060012
175.600000 0.057374
175.700000 0.054796
175.800000 0.052277
175.900000 0.049817
176.000000 0.047417
176.100000 0.045076
176.200000 0.042794
176.300000 0.040571
176.400000 0.038408
176.500000 0.036303
176.600000 0.034259
176.700000 0.032273
176.800000 0.030347
176.900000 0.028480
177.000000 0.026672
177.100000 0.024923
177.200000 0.023234
177.300000 0.021604
177.400000 0.020034
177.500000 0.018522
177.600000 0.017070
177.700000 0.015677
177.800000 0.014344
177.900000 0.013069
178.000000 0.011854
178.100000 0.010698
178.200000 0.009602
178.300000 0.008565
178.400000 0.007587
178.500000 0.006668
178.600000 0.005809
178.700000 0.005008
178.800000 0.004268
178.900000 0.003586
179.000000 0.002964
179.100000 0.002400
179.200000 0.001897
179.300000 0.001452
179.400000 0.001067
179.500000 0.000741
179.600000 0.000474
179.700000 0.000267
179.800000 0.000119
179.900000 0.000030
180.000000 0.000000
180.100000 0.000030
180.200000 0.000119
180.300000 0.000267
180.400000 0.000474
180.500000 0.000741
180.600000 0.001067
180.700000 0.001452
180.800000 0.001897
180.900000 0.002400
181.000000 0.002964
