0.000000000000000000e+00 1.492359495068114711e+03
1.000000000000000056e-01 1.469517625836228945e+03
2.000000000000000111e-01 1.446852056608063094e+03
3.000000000000000444e-01 1.424362787383615569e+03
4.000000000000000222e-01 1.402049818162887959e+03
5.000000000000000000e-01 1.379913148945879811e+03
6.000000000000000888e-01 1.357952779732590898e+03
7.000000000000000666e-01 1.336168710523021218e+03
8.000000000000000444e-01 1.314560941317170546e+03
9.000000000000000222e-01 1.293129472115040016e+03
1.000000000000000000e+00 1.271874302916628267e+03
1.100000000000000089e+00 1.250795433721935751e+03
1.200000000000000178e+00 1.229892864530962925e+03
1.300000000000000044e+00 1.209166595343709105e+03
1.400000000000000133e+00 1.188616626160174746e+03
1.500000000000000000e+00 1.168242956980359622e+03
1.600000000000000089e+00 1.148045587804263960e+03
1.700000000000000178e+00 1.128024518631887531e+03
1.800000000000000044e+00 1.108179749463230564e+03
1.900000000000000133e+00 1.088511280298292832e+03
2.000000000000000000e+00 1.069019111137074333e+03
2.100000000000000089e+00 1.049703241979575523e+03
2.200000000000000178e+00 1.030563672825795720e+03
2.300000000000000266e+00 1.011600403675735151e+03
2.400000000000000355e+00 9.928134345293942715e+02
2.500000000000000000e+00 9.742027653867725121e+02
2.600000000000000089e+00 9.557683962478702142e+02
2.700000000000000178e+00 9.375103271126870368e+02
2.800000000000000266e+00 9.194285579812232072e+02
2.900000000000000355e+00 9.015230888534787255e+02
3.000000000000000000e+00 8.837939197294537053e+02
3.100000000000000089e+00 8.662410506091480329e+02
3.200000000000000178e+00 8.488644814925617084e+02
3.300000000000000266e+00 8.316642123796943906e+02
3.400000000000000355e+00 8.146402432705466481e+02
3.500000000000000000e+00 7.977925741651182534e+02
3.600000000000000089e+00 7.811212050634093202e+02
3.700000000000000178e+00 7.646261359654195076e+02
3.800000000000000266e+00 7.483073668711488153e+02
3.900000000000000355e+00 7.321648977805975846e+02
4.000000000000000000e+00 7.161987286937659292e+02
4.100000000000000533e+00 7.004088596106533942e+02
4.200000000000000178e+00 6.847952905312604344e+02
4.299999999999999822e+00 6.693580214555863677e+02
4.400000000000000355e+00 6.540970523836321036e+02
4.500000000000000000e+00 6.390123833153970736e+02
4.600000000000000533e+00 6.241040142508809367e+02
4.700000000000000178e+00 6.093719451900848298e+02
4.800000000000000711e+00 5.948161761330075024e+02
4.900000000000000355e+00 5.804367070796497501e+02
5.000000000000000000e+00 5.662335380300112320e+02
5.100000000000000533e+00 5.522066689840919480e+02
5.200000000000000178e+00 5.383560999418921256e+02
5.300000000000000711e+00 5.246818309034116510e+02
5.400000000000000355e+00 5.111838618686505242e+02
5.500000000000000000e+00 4.978621928376086316e+02
5.600000000000000533e+00 4.847168238102860300e+02
5.700000000000000178e+00 4.717477547866830037e+02
5.800000000000000711e+00 4.589549857667989841e+02
5.900000000000000355e+00 4.463385167506345397e+02
6.000000000000000000e+00 4.338983477381893863e+02
6.100000000000000533e+00 4.216344787294634102e+02
6.200000000000000178e+00 4.095469097244568957e+02
6.300000000000000711e+00 3.976356407231697290e+02
6.400000000000000355e+00 3.859006717256018533e+02
6.500000000000000000e+00 3.743420027317533822e+02
6.600000000000000533e+00 3.629596337416240885e+02
6.700000000000000178e+00 3.517535647552141995e+02
6.800000000000000711e+00 3.407237957725236015e+02
6.900000000000000355e+00 3.298703267935524082e+02
7.000000000000000000e+00 3.191931578183005058e+02
7.100000000000000533e+00 3.086922888467678945e+02
7.200000000000000178e+00 2.983677198789546878e+02
7.300000000000000711e+00 2.882194509148607722e+02
7.400000000000000355e+00 2.782474819544861475e+02
7.500000000000000000e+00 2.684518129978309844e+02
7.600000000000000533e+00 2.588324440448949986e+02
7.700000000000000178e+00 2.493893750956784459e+02
7.800000000000000711e+00 2.401226061501810989e+02
7.900000000000000355e+00 2.310321372084032419e+02
8.000000000000000000e+00 2.221179682703446474e+02
8.099999999999999645e+00 2.133800993360054292e+02
8.200000000000001066e+00 2.048185304053853031e+02
8.300000000000000711e+00 1.964332614784847522e+02
8.400000000000000355e+00 1.882242925553034922e+02
8.500000000000000000e+00 1.801916236358415517e+02
8.599999999999999645e+00 1.723352547200989591e+02
8.700000000000001066e+00 1.646551858080755721e+02
8.800000000000000711e+00 1.571514168997715899e+02
8.900000000000000355e+00 1.498239479951870123e+02
9.000000000000000000e+00 1.426727790943217542e+02
9.099999999999999645e+00 1.356979101971757586e+02
9.200000000000001066e+00 1.288993413037490257e+02
9.300000000000000711e+00 1.222770724140417116e+02
9.400000000000000355e+00 1.158311035280537595e+02
9.500000000000000000e+00 1.095614346457851269e+02
9.600000000000001421e+00 1.034680657672356858e+02
9.700000000000001066e+00 9.755099689240572047e+01
9.800000000000000711e+00 9.181022802129506033e+01
9.900000000000000355e+00 8.624575915390376224e+01
1.000000000000000000e+01 8.085759029023176936e+01
1.010000000000000142e+01 7.564572143027899642e+01
1.020000000000000107e+01 7.061015257404567080e+01
1.030000000000000071e+01 6.575088372153167882e+01
1.040000000000000036e+01 6.106791487273699204e+01
1.050000000000000000e+01 5.656124602766163889e+01
1.060000000000000142e+01 5.223087718630554832e+01
1.070000000000000107e+01 4.807680834866886244e+01
1.080000000000000071e+01 4.409903951475150308e+01
1.090000000000000036e+01 4.029757068455347024e+01
1.100000000000000000e+01 3.667240185807476394e+01
1.110000000000000142e+01 3.322353303531532731e+01
1.120000000000000107e+01 2.995096421627528827e+01
1.130000000000000071e+01 2.685469540095456864e+01
1.140000000000000036e+01 2.393472658935318620e+01
1.150000000000000000e+01 2.119105778147112673e+01
1.160000000000000142e+01 1.862368897730835826e+01
1.170000000000000107e+01 1.623262017686495540e+01
1.180000000000000071e+01 1.401785138014088794e+01
1.190000000000000036e+01 1.197938258713614701e+01
1.200000000000000000e+01 1.011721379785073260e+01
1.210000000000000142e+01 8.431345012284619855e+00
1.220000000000000107e+01 6.921776230437869160e+00
1.230000000000000071e+01 5.588507452310444101e+00
1.240000000000000036e+01 4.431538677902349121e+00
1.250000000000000000e+01 3.450869907213582000e+00
1.260000000000000142e+01 2.646501140244130301e+00
1.270000000000000107e+01 2.018432376994022448e+00
1.280000000000000071e+01 1.566663617463243341e+00
1.290000000000000036e+01 1.291194861651792536e+00
1.300000000000000000e+01 1.192026109559670477e+00
1.310000000000000142e+01 1.181007359327212125e+00
1.320000000000000107e+01 1.169988609094754217e+00
1.330000000000000071e+01 1.158969858862296087e+00
1.340000000000000036e+01 1.147951108629838179e+00
1.350000000000000000e+01 1.136932358397380272e+00
1.360000000000000142e+01 1.125913608164922142e+00
1.370000000000000107e+01 1.114894857932464012e+00
1.380000000000000071e+01 1.103876107700006104e+00
1.390000000000000036e+01 1.092857357467547752e+00
1.400000000000000000e+01 1.081838607235089844e+00
1.410000000000000142e+01 1.070819857002631492e+00
1.420000000000000107e+01 1.059801106770173362e+00
1.430000000000000071e+01 1.048782356537715454e+00
1.440000000000000036e+01 1.037763606305257325e+00
1.450000000000000000e+01 1.026744856072799417e+00
1.460000000000000142e+01 1.015726105840341065e+00
1.470000000000000107e+01 1.004707355607882935e+00
1.480000000000000071e+01 9.936886053754248049e-01
1.490000000000000036e+01 9.826698551429666750e-01
1.500000000000000000e+01 9.716511049105086562e-01
1.510000000000000142e+01 9.606323546780504152e-01
1.520000000000000107e+01 9.496136044455922853e-01
1.530000000000000071e+01 9.385948542131342665e-01
1.540000000000000036e+01 9.275761039806762476e-01
1.550000000000000000e+01 9.165573537482182287e-01
1.560000000000000142e+01 9.055386035157599878e-01
1.570000000000000107e+01 8.945198532833019689e-01
1.580000000000000071e+01 8.835011030508438390e-01
1.590000000000000036e+01 8.724823528183857091e-01
1.600000000000000000e+01 8.614636025859276902e-01
1.610000000000000142e+01 8.504448523534692272e-01
1.619999999999999929e+01 8.394261021210115414e-01
1.630000000000000071e+01 8.284073518885531895e-01
1.640000000000000213e+01 8.173886016560949486e-01
1.650000000000000000e+01 8.063698514236372628e-01
1.660000000000000142e+01 7.953511011911789108e-01
1.669999999999999929e+01 7.843323509587210030e-01
1.680000000000000071e+01 7.733136007262627620e-01
1.690000000000000213e+01 7.622948504938045211e-01
1.700000000000000000e+01 7.512761002613466133e-01
1.710000000000000142e+01 7.402573500288882613e-01
1.719999999999999929e+01 7.292385997964304645e-01
1.730000000000000071e+01 7.182198495639722235e-01
1.740000000000000213e+01 7.072010993315139826e-01
1.750000000000000000e+01 6.961823490990562968e-01
1.760000000000000142e+01 6.851635988665979449e-01
1.769999999999999929e+01 6.741448486341399260e-01
1.780000000000000071e+01 6.631260984016816851e-01
1.790000000000000213e+01 6.521073481692234441e-01
1.800000000000000000e+01 6.410926470464781701e-01
1.810000000000000142e+01 6.300779459237323410e-01
1.819999999999999929e+01 6.191538156714021524e-01
1.830000000000000071e+01 6.082296854190716306e-01
1.840000000000000213e+01 5.973501532465905761e-01
1.850000000000000000e+01 5.864706210741098547e-01
1.860000000000000142e+01 5.755956852277149816e-01
1.869999999999999929e+01 5.647207493813205526e-01
1.880000000000000071e+01 5.538159175102859155e-01
1.890000000000000213e+01 5.429110856392513895e-01
1.900000000000000000e+01 5.319470040072036277e-01
1.910000000000000142e+01 5.209829223751555327e-01
1.920000000000000284e+01 5.099350857148859939e-01
1.930000000000000071e+01 4.988872490546167326e-01
1.940000000000000213e+01 4.877357091250240084e-01
1.950000000000000000e+01 4.765841691954316173e-01
1.960000000000000142e+01 4.653133265239862704e-01
1.970000000000000284e+01 4.540424838525409790e-01
1.980000000000000071e+01 4.426408765463399342e-01
1.990000000000000213e+01 4.312392692401384453e-01
2.000000000000000000e+01 4.196994026087831342e-01
2.010000000000000142e+01 4.081595359774273235e-01
2.020000000000000284e+01 3.964795576780101305e-01
2.030000000000000071e+01 3.847995793785933261e-01
2.040000000000000213e+01 3.732075115720201453e-01
2.050000000000000000e+01 3.616154437654474085e-01
2.060000000000000142e+01 3.504618349160111279e-01
2.070000000000000284e+01 3.393082260665747918e-01
2.080000000000000071e+01 3.286951628241011059e-01
2.090000000000000213e+01 3.180820995816269203e-01
2.100000000000000000e+01 3.079747631569965671e-01
2.110000000000000142e+01 2.978674267323659364e-01
2.120000000000000284e+01 2.882371702963587023e-01
2.130000000000000071e+01 2.786069138603518014e-01
2.140000000000000213e+01 2.694309587115406024e-01
2.150000000000000000e+01 2.602550035627297920e-01
2.160000000000000142e+01 2.515161518176792232e-01
2.170000000000000284e+01 2.427773000726286823e-01
2.180000000000000071e+01 2.344636626347151032e-01
2.190000000000000213e+01 2.261500251968012742e-01
2.200000000000000000e+01 2.182547710039924038e-01
2.210000000000000142e+01 2.103595168111832558e-01
2.220000000000000284e+01 2.028806375182424238e-01
2.230000000000000071e+01 1.954017582253018415e-01
2.240000000000000213e+01 1.883418460187760990e-01
2.250000000000000000e+01 1.812819338122505786e-01
2.260000000000000142e+01 1.746479728048481450e-01
2.270000000000000284e+01 1.680140117974457392e-01
2.280000000000000071e+01 1.618171807671568707e-01
2.290000000000000213e+01 1.556203497368678634e-01
2.300000000000000000e+01 1.498697872349228355e-01
2.310000000000000142e+01 1.441192247329775578e-01
2.320000000000000284e+01 1.386997726450988344e-01
2.330000000000000071e+01 1.332803205572203054e-01
2.340000000000000213e+01 1.281713677858257461e-01
2.350000000000000000e+01 1.230624150144313533e-01
2.360000000000000142e+01 1.182447520322400802e-01
2.370000000000000284e+01 1.134270890500488349e-01
2.380000000000000071e+01 1.088828305157453352e-01
2.390000000000000213e+01 1.043385719814416968e-01
2.400000000000000000e+01 1.000510803289363926e-01
2.410000000000000142e+01 9.576358867643094963e-02
2.420000000000000284e+01 9.171737455790465732e-02
2.430000000000000071e+01 8.767116043937846215e-02
2.440000000000000213e+01 8.385183688355223042e-02
2.450000000000000000e+01 8.003251332772613746e-02
2.460000000000000142e+01 7.642670932821128693e-02
2.470000000000000284e+01 7.282090532869645028e-02
2.480000000000000071e+01 6.941621169783382395e-02
2.490000000000000213e+01 6.601151806697107272e-02
2.500000000000000000e+01 6.279641318809475736e-02
2.510000000000000142e+01 5.958130830921831017e-02
2.520000000000000284e+01 5.654234052668682953e-02
2.530000000000000071e+01 5.350337274415545297e-02
2.540000000000000213e+01 5.062982973171194223e-02
2.550000000000000000e+01 4.775628671926853558e-02
2.560000000000000142e+01 4.503813976125916468e-02
2.570000000000000284e+01 4.231999280324977991e-02
2.580000000000000071e+01 3.974786594395255529e-02
2.590000000000000213e+01 3.717573908465525434e-02
2.600000000000000000e+01 3.474086298294572217e-02
2.610000000000000142e+01 3.230598688123610673e-02
2.620000000000000284e+01 3.000015511596506104e-02
2.630000000000000071e+01 2.769432335069410209e-02
2.640000000000000213e+01 2.550985304808652682e-02
2.650000000000000000e+01 2.332538274547903481e-02
2.660000000000000142e+01 2.125508476331518584e-02
2.670000000000000284e+01 1.918478678115134381e-02
2.680000000000000071e+01 1.722193193808596590e-02
2.690000000000000213e+01 1.525907709502052727e-02
2.700000000000000000e+01 1.339736298769827853e-02
2.710000000000000142e+01 1.153564888037596214e-02
2.720000000000000284e+01 9.769173265078727117e-03
2.730000000000000071e+01 8.002697649781552805e-03
2.740000000000000213e+01 6.324000304881171285e-03
2.750000000000000000e+01 4.645302959980851347e-03
2.760000000000000142e+01 3.050144715619562165e-03
2.770000000000000284e+01 1.454986471258272549e-03
2.780000000000000071e+01 -6.064777843625181604e-05
2.790000000000000213e+01 -1.576282028130826908e-03
2.800000000000000000e+01 -3.016194448508914723e-03
2.810000000000000142e+01 -4.456106868887054796e-03
2.820000000000000284e+01 -5.834267599992634321e-03
2.830000000000000071e+01 -7.212428331098165273e-03
2.840000000000000213e+01 -8.532778360090026784e-03
2.850000000000000000e+01 -9.853128389081838856e-03
2.860000000000000142e+01 -1.111703615504976671e-02
2.870000000000000284e+01 -1.238094392101769456e-02
2.880000000000000071e+01 -1.359096342448102082e-02
2.890000000000000213e+01 -1.480098292794438698e-02
2.900000000000000000e+01 -1.595633977271481221e-02
2.910000000000000142e+01 -1.711169661748527387e-02
2.920000000000000284e+01 -1.820676522640253883e-02
2.930000000000000071e+01 -1.930183383531976216e-02
2.940000000000000213e+01 -2.032422318543573858e-02
2.950000000000000000e+01 -2.134661253555167684e-02
2.960000000000000142e+01 -2.229357587799906532e-02
2.970000000000000284e+01 -2.324053922044645379e-02
2.980000000000000071e+01 -2.410512840551898642e-02
2.990000000000000213e+01 -2.496971759059154680e-02
3.000000000000000000e+01 -2.577648067653066227e-02
3.010000000000000142e+01 -2.658324376246980203e-02
3.020000000000000284e+01 -2.733927708921699007e-02
3.030000000000000071e+01 -2.809531041596415729e-02
3.040000000000000213e+01 -2.880114453814880751e-02
3.050000000000000000e+01 -2.950697866033343345e-02
3.060000000000000142e+01 -3.009665215648663419e-02
3.070000000000000284e+01 -3.068632565263983494e-02
3.080000000000000071e+01 -3.111274744899172537e-02
3.090000000000000213e+01 -3.153916924534362620e-02
3.100000000000000000e+01 -3.177944111259333598e-02
3.110000000000000142e+01 -3.201971297984305270e-02
3.120000000000000284e+01 -3.204905087971176431e-02
3.130000000000000071e+01 -3.207838877958046897e-02
3.140000000000000213e+01 -3.188378000661170469e-02
3.150000000000000000e+01 -3.168917123364294736e-02
3.160000000000000142e+01 -3.126786580987461761e-02
3.170000000000000284e+01 -3.084656038610629133e-02
3.180000000000000071e+01 -3.020480102456367735e-02
3.190000000000000213e+01 -2.956304166302102521e-02
3.200000000000000000e+01 -2.871501017444981485e-02
3.210000000000000142e+01 -2.786697868587856633e-02
3.220000000000000284e+01 -2.683389422889081652e-02
3.230000000000000426e+01 -2.580080977190306324e-02
3.239999999999999858e+01 -2.460728910730795860e-02
3.250000000000000000e+01 -2.341376844271277416e-02
3.260000000000000142e+01 -2.209231549759518159e-02
3.270000000000000284e+01 -2.077086255247758556e-02
3.280000000000000426e+01 -1.935873998699593618e-02
3.289999999999999858e+01 -1.794661742151438394e-02
3.300000000000000000e+01 -1.648481807565248258e-02
3.310000000000000142e+01 -1.502301872979057602e-02
3.320000000000000284e+01 -1.354031741181457686e-02
3.330000000000000426e+01 -1.205761609383857597e-02
3.339999999999999858e+01 -1.058779476954655775e-02
3.350000000000000000e+01 -9.117973445254431986e-03
3.360000000000000142e+01 -7.694775766865245836e-03
3.370000000000000284e+01 -6.271578088476059687e-03
3.380000000000000426e+01 -4.923474686341596136e-03
3.389999999999999858e+01 -3.575371284207227562e-03
3.400000000000000000e+01 -2.328675486246866658e-03
3.410000000000000142e+01 -1.081979688286513345e-03
3.420000000000000284e+01 3.629312656045984535e-05
3.430000000000000426e+01 1.154565941407422044e-03
3.439999999999999858e+01 2.110893255375183210e-03
3.450000000000000000e+01 3.067220569343011814e-03
3.460000000000000142e+01 3.838826143361603448e-03
3.470000000000000284e+01 4.610431717380195082e-03
3.480000000000000426e+01 5.173898491754700887e-03
3.489999999999999858e+01 5.737365266129166794e-03
3.500000000000000000e+01 6.118499245005041762e-03
3.510000000000000142e+01 6.499633223880904587e-03
3.520000000000000284e+01 6.738423992585759574e-03
3.530000000000000426e+01 6.977214761290608490e-03
3.539999999999999858e+01 7.139012777511918699e-03
3.550000000000000000e+01 7.300810793733239316e-03
3.560000000000000142e+01 7.391219475145881061e-03
3.570000000000000284e+01 7.481628156558524541e-03
3.580000000000000426e+01 7.506571780436842832e-03
3.589999999999999858e+01 7.531515404315159389e-03
3.600000000000000000e+01 7.510376161355806351e-03
3.610000000000000142e+01 7.489236918396449845e-03
3.620000000000000284e+01 7.430395347816735711e-03
3.630000000000000426e+01 7.371553777237020710e-03
3.639999999999999858e+01 7.282646493441181403e-03
3.650000000000000000e+01 7.193739209645336891e-03
3.660000000000000142e+01 7.081568560203498064e-03
3.670000000000000284e+01 6.969397910761659237e-03
3.680000000000000426e+01 6.839843949337860891e-03
3.689999999999999858e+01 6.710289987914070352e-03
3.700000000000000000e+01 6.568287120222282560e-03
3.710000000000000142e+01 6.426284252530493901e-03
3.720000000000000284e+01 6.275827813684339840e-03
3.730000000000000426e+01 6.125371374838184911e-03
3.739999999999999858e+01 5.969638060637867324e-03
3.750000000000000000e+01 5.813904746437537595e-03
3.760000000000000142e+01 5.655941998697562416e-03
3.770000000000000284e+01 5.497979250957586370e-03
3.780000000000000426e+01 5.340635752161903768e-03
3.789999999999999858e+01 5.183292253366232442e-03
3.800000000000000000e+01 5.028881592969385202e-03
3.810000000000000142e+01 4.874470932572537961e-03
3.820000000000000284e+01 4.724790740679069706e-03
3.830000000000000426e+01 4.575110548785603186e-03
3.840000000000000568e+01 4.431448483316093034e-03
3.850000000000000000e+01 4.287786417846594159e-03
3.860000000000000142e+01 4.150936412666788797e-03
3.870000000000000284e+01 4.014086407486983435e-03
3.880000000000000426e+01 3.884400525669638986e-03
3.890000000000000568e+01 3.754714643852294538e-03
3.900000000000000000e+01 3.632216196959945492e-03
3.910000000000000142e+01 3.509717750067587773e-03
3.920000000000000284e+01 3.394239678093964076e-03
3.930000000000000426e+01 3.278761606120339945e-03
3.940000000000000568e+01 3.169908444672679682e-03
3.950000000000000000e+01 3.061055283225027224e-03
3.960000000000000142e+01 2.958363079556697913e-03
3.970000000000000284e+01 2.855670875888369036e-03
3.980000000000000426e+01 2.758710672477804934e-03
3.990000000000000568e+01 2.661750469067241266e-03
4.000000000000000000e+01 2.570199619633790466e-03
4.010000000000000142e+01 2.478648770200333161e-03
4.020000000000000284e+01 2.392156053675183539e-03
4.030000000000000426e+01 2.305663337150034350e-03
4.040000000000000568e+01 2.223853209272024217e-03
4.050000000000000000e+01 2.142043081394021456e-03
4.060000000000000142e+01 2.064610740884587764e-03
4.070000000000000284e+01 1.987178400375154072e-03
4.080000000000000426e+01 1.913941676856395751e-03
4.090000000000000568e+01 1.840704953337637213e-03
4.100000000000000000e+01 1.771503912149255660e-03
4.110000000000000142e+01 1.702302870960869336e-03
4.120000000000000284e+01 1.636984033598681311e-03
4.130000000000000426e+01 1.571665196236493069e-03
4.140000000000000568e+01 1.510080469521907914e-03
4.150000000000000000e+01 1.448495742807326880e-03
4.160000000000000142e+01 1.390501720652503751e-03
4.170000000000000284e+01 1.332507698497680838e-03
4.180000000000000426e+01 1.277963698753491932e-03
4.190000000000000568e+01 1.223419699009303026e-03
4.200000000000000000e+01 1.172190959503737352e-03
4.210000000000000142e+01 1.120962219998168424e-03
4.220000000000000284e+01 1.072916234001754319e-03
4.230000000000000426e+01 1.024870248005340431e-03
4.240000000000000568e+01 9.798780870457818228e-04
4.250000000000000000e+01 9.348859260862260340e-04
4.260000000000000142e+01 8.928229475099086791e-04
4.270000000000000284e+01 8.507599689335913241e-04
4.280000000000000426e+01 8.115020581222670603e-04
4.290000000000000568e+01 7.722441473109430132e-04
4.300000000000000000e+01 7.356742201949620537e-04
4.310000000000000142e+01 6.991042930789787089e-04
4.320000000000000284e+01 6.651023336501879794e-04
4.330000000000000426e+01 6.311003742213972499e-04
4.340000000000000568e+01 5.995565555966693699e-04
4.350000000000000000e+01 5.680127369719437666e-04
4.360000000000000142e+01 5.388115504294562885e-04
4.370000000000000284e+01 5.096103638869689187e-04
4.380000000000000426e+01 4.826476116160654129e-04
4.390000000000000568e+01 4.556848593451619071e-04
4.400000000000000000e+01 4.308505766055947426e-04
4.410000000000000142e+01 4.060162938660257350e-04
4.420000000000000284e+01 3.832094180882501333e-04
4.430000000000000426e+01 3.604025423104745317e-04
4.440000000000000568e+01 3.395188097018182055e-04
4.450000000000000000e+01 3.186350770931632888e-04
4.460000000000000142e+01 2.995755346024548110e-04
4.470000000000000284e+01 2.805159921117463331e-04
4.480000000000000426e+01 2.631825244068486630e-04
4.490000000000000568e+01 2.458490567019509386e-04
4.500000000000000000e+01 2.301455297604391699e-04
4.510000000000000142e+01 2.144420028189263170e-04
4.520000000000000284e+01 2.002750630946499501e-04
4.530000000000000426e+01 1.861081233703736103e-04
4.540000000000000568e+01 1.733858336103851687e-04
4.550000000000000000e+01 1.606635438503976486e-04
4.560000000000000142e+01 1.492950747783307981e-04
4.570000000000000284e+01 1.379266057062638934e-04
4.580000000000000426e+01 1.278241752760492234e-04
4.590000000000000568e+01 1.177217448458346076e-04
4.600000000000000000e+01 1.087971526444672925e-04
4.610000000000000142e+01 9.987256044309932696e-05
4.620000000000000284e+01 9.204204501297988590e-05
4.630000000000000426e+01 8.421152958286041773e-05
4.640000000000000568e+01 7.739206738358575175e-05
4.650000000000000000e+01 7.057260518431157366e-05
4.660000000000000142e+01 6.467868537902133849e-05
4.670000000000000284e+01 5.878476557373108299e-05
4.680000000000000426e+01 5.373586967868890658e-05
4.690000000000000568e+01 4.868697378364673017e-05
4.700000000000000000e+01 4.439755341812210164e-05
4.710000000000000142e+01 4.010813305259715463e-05
4.720000000000000284e+01 3.649738376742138517e-05
4.730000000000000426e+01 3.288663448224561571e-05
4.740000000000000568e+01 2.987312980464522949e-05
4.750000000000000000e+01 2.685962512704505333e-05
4.760000000000000142e+01 2.441184327664810605e-05
4.770000000000000284e+01 2.196406142625115877e-05
4.780000000000000426e+01 2.000089815754817367e-05
4.790000000000000568e+01 1.803773488884518857e-05
4.800000000000000000e+01 1.648793447448832598e-05
4.810000000000000142e+01 1.493813406013135836e-05
4.820000000000000284e+01 1.373073551588456907e-05
4.830000000000000426e+01 1.252333697163778488e-05
4.840000000000000568e+01 1.158765463650288453e-05
4.850000000000000000e+01 1.065197230136804856e-05
4.860000000000000142e+01 9.917577697236180329e-06
4.870000000000000284e+01 9.183183093104310403e-06
4.880000000000000426e+01 8.579887979629133215e-06
4.890000000000000568e+01 7.976592866153956027e-06
4.900000000000000000e+01 7.434433412096168729e-06
4.910000000000000142e+01 6.892273958038340774e-06
4.920000000000000284e+01 6.341495955519892747e-06
4.930000000000000426e+01 5.790717953001443874e-06
4.940000000000000568e+01 5.161763005955319989e-06
4.950000000000000000e+01 4.532808058909240998e-06
4.960000000000000142e+01 3.756300681536834839e-06
4.970000000000000284e+01 2.979793304164428680e-06
4.980000000000000426e+01 1.986528869442928736e-06
4.990000000000000568e+01 9.932644347214292163e-07
5.000000000000000000e+01 0.000000000000000000e+00
