0.000000 102.650775
0.100000 102.536750
0.200000 102.422789
0.300000 102.308891
0.400000 102.195056
0.500000 102.081285
0.600000 101.967577
0.700000 101.853932
0.800000 101.740351
0.900000 101.626833
1.000000 101.513379
1.100000 101.399988
1.200000 101.286660
1.300000 101.173396
1.400000 101.060195
1.500000 100.947057
1.600000 100.833983
1.700000 100.720972
1.800000 100.608024
1.900000 100.495140
2.000000 100.382319
2.100000 100.269562
2.200000 100.156868
2.300000 100.044237
2.400000 99.931670
2.500000 99.819166
2.600000 99.706725
2.700000 99.594348
2.800000 99.482034
2.900000 99.369784
3.000000 99.257596
3.100000 99.145473
3.200000 99.033412
3.300000 98.921415
3.400000 98.809481
3.500000 98.697611
3.600000 98.585804
3.700000 98.474060
3.800000 98.362380
3.900000 98.250763
4.000000 98.139210
4.100000 98.027720
4.200000 97.916293
4.300000 97.804929
4.400000 97.693629
4.500000 97.582393
4.600000 97.471219
4.700000 97.360109
4.800000 97.249063
4.900000 97.138080
5.000000 97.027160
5.100000 96.916303
5.200000 96.805510
5.300000 96.694780
5.400000 96.584114
5.500000 96.473511
5.600000 96.362971
5.700000 96.252495
5.800000 96.142082
5.900000 96.031732
6.000000 95.921446
6.100000 95.811223
6.200000 95.701064
6.300000 95.590968
6.400000 95.480935
6.500000 95.370966
6.600000 95.261060
6.700000 95.151217
6.800000 95.041438
6.900000 94.931722
7.000000 94.822069
7.100000 94.712480
7.200000 94.602954
7.300000 94.493492
7.400000 94.384092
7.500000 94.274757
7.600000 94.165484
7.700000 94.056275
7.800000 93.947130
7.900000 93.838047
8.000000 93.729028
8.100000 93.620073
8.200000 93.511181
8.300000 93.402352
8.400000 93.293586
8.500000 93.184884
8.600000 93.076246
8.700000 92.967670
8.800000 92.859158
8.900000 92.750709
9.000000 92.642324
9.100000 92.534002
9.200000 92.425744
9.300000 92.317549
9.400000 92.209417
9.500000 92.101348
9.600000 91.993343
9.700000 91.885401
9.800000 91.777523
9.900000 91.669708
10.000000 91.561956
10.100000 91.454268
10.200000 91.346643
10.300000 91.239082
10.400000 91.131584
10.500000 91.024149
10.600000 90.916777
10.700000 90.809469
10.800000 90.702225
10.900000 90.595043
11.000000 90.487925
11.100000 90.380871
11.200000 90.273879
11.300000 90.166951
11.400000 90.060087
11.500000 89.953286
11.600000 89.846548
11.700000 89.739874
11.800000 89.633262
11.900000 89.526715
12.000000 89.420230
12.100000 89.313809
12.200000 89.207452
12.300000 89.101158
12.400000 88.994927
12.500000 88.888759
12.600000 88.782655
12.700000 88.676614
12.800000 88.570637
12.900000 88.464723
13.000000 88.358872
13.100000 88.253085
13.200000 88.147361
13.300000 88.041700
13.400000 87.936103
13.500000 87.830569
13.600000 87.725099
13.700000 87.619692
13.800000 87.514348
13.900000 87.409067
14.000000 87.303850
14.100000 87.198697
14.200000 87.093606
14.300000 86.988579
14.400000 86.883616
14.500000 86.778716
14.600000 86.673879
14.700000 86.569105
14.800000 86.464395
14.900000 86.359748
15.000000 86.255165
15.100000 86.150645
15.200000 86.046188
15.300000 85.941795
15.400000 85.837465
15.500000 85.733198
15.600000 85.628995
15.700000 85.524855
15.800000 85.420779
15.900000 85.316766
16.000000 85.212816
16.100000 85.108930
16.200000 85.005107
16.300000 84.901347
16.400000 84.797651
16.500000 84.694018
16.600000 84.590448
16.700000 84.486942
16.800000 84.383499
16.900000 84.280120
17.000000 84.176804
17.100000 84.073551
17.200000 83.970361
17.300000 83.867235
17.400000 83.764173
17.500000 83.661173
17.600000 83.558238
17.700000 83.455365
17.800000 83.352556
17.900000 83.249810
18.000000 83.147128
18.100000 83.044508
18.200000 82.941953
18.300000 82.839460
18.400000 82.737031
18.500000 82.634666
18.600000 82.532363
18.700000 82.430125
18.800000 82.327949
18.900000 82.225837
19.000000 82.123788
19.100000 82.021803
19.200000 81.919881
19.300000 81.818022
19.400000 81.716226
19.500000 81.614494
19.600000 81.512826
19.700000 81.411221
19.800000 81.309679
19.900000 81.208200
20.000000 81.106785
20.100000 81.005433
20.200000 80.904145
20.300000 80.802920
20.400000 80.701758
20.500000 80.600660
20.600000 80.499625
20.700000 80.398653
20.800000 80.297745
20.900000 80.196900
21.000000 80.096118
21.100000 79.995400
21.200000 79.894745
21.300000 79.794154
21.400000 79.693626
21.500000 79.593161
21.600000 79.492760
21.700000 79.392422
21.800000 79.292147
21.900000 79.191936
22.000000 79.091788
22.100000 78.991704
22.200000 78.891683
22.300000 78.791725
22.400000 78.691830
22.500000 78.591999
22.600000 78.492232
22.700000 78.392527
22.800000 78.292886
22.900000 78.193309
23.000000 78.093795
23.100000 77.994344
23.200000 77.894956
23.300000 77.795632
23.400000 77.696371
23.500000 77.597174
23.600000 77.498040
23.700000 77.398969
23.800000 77.299962
23.900000 77.201018
24.000000 77.102137
24.100000 77.003320
24.200000 76.904566
24.300000 76.805876
24.400000 76.707249
24.500000 76.608685
24.600000 76.510185
24.700000 76.411748
24.800000 76.313374
24.900000 76.215064
25.000000 76.116817
25.100000 76.018633
25.200000 75.920513
25.300000 75.822456
25.400000 75.724463
25.500000 75.626533
25.600000 75.528666
25.700000 75.430862
25.800000 75.333122
25.900000 75.235446
26.000000 75.137833
26.100000 75.040283
26.200000 74.942796
26.300000 74.845373
26.400000 74.748013
26.500000 74.650717
26.600000 74.553483
26.700000 74.456314
26.800000 74.359207
26.900000 74.262164
27.000000 74.165185
27.100000 74.068268
27.200000 73.971416
27.300000 73.874626
27.400000 73.777900
27.500000 73.681237
27.600000 73.584638
27.700000 73.488102
27.800000 73.391629
27.900000 73.295219
28.000000 73.198873
28.100000 73.102591
28.200000 73.006372
28.300000 72.910216
28.400000 72.814123
28.500000 72.718094
28.600000 72.622128
28.700000 72.526226
28.800000 72.430387
28.900000 72.334611
29.000000 72.238899
29.100000 72.143250
29.200000 72.047664
29.300000 71.952142
29.400000 71.856683
29.500000 71.761287
29.600000 71.665955
29.700000 71.570686
29.800000 71.475481
29.900000 71.380339
30.000000 71.285260
30.100000 71.190245
30.200000 71.095293
30.300000 71.000404
30.400000 70.905579
30.500000 70.810817
30.600000 70.716119
30.700000 70.621484
30.800000 70.526912
30.900000 70.432403
31.000000 70.337958
31.100000 70.243577
31.200000 70.149258
31.300000 70.055003
31.400000 69.960812
31.500000 69.866684
31.600000 69.772619
31.700000 69.678617
31.800000 69.584679
31.900000 69.490804
32.000000 69.396993
32.100000 69.303245
32.200000 69.209560
32.300000 69.115939
32.400000 69.022381
32.500000 68.928886
32.600000 68.835455
32.700000 68.742087
32.800000 68.648783
32.900000 68.555542
33.000000 68.462364
33.100000 68.369250
33.200000 68.276199
33.300000 68.183211
33.400000 68.090287
33.500000 67.997426
33.600000 67.904628
33.700000 67.811894
33.800000 67.719223
33.900000 67.626616
34.000000 67.534071
34.100000 67.441591
34.200000 67.349173
34.300000 67.256819
34.400000 67.164529
34.500000 67.072301
34.600000 66.980137
34.700000 66.888037
34.800000 66.796000
34.900000 66.704026
35.000000 66.612115
35.100000 66.520268
35.200000 66.428485
35.300000 66.336764
35.400000 66.245107
35.500000 66.153514
35.600000 66.061983
35.700000 65.970516
35.800000 65.879113
35.900000 65.787773
36.000000 65.696496
36.100000 65.605282
36.200000 65.514132
36.300000 65.423046
36.400000 65.332022
36.500000 65.241062
36.600000 65.150166
36.700000 65.059332
36.800000 64.968562
36.900000 64.877856
37.000000 64.787213
37.100000 64.696633
37.200000 64.606117
37.300000 64.515663
37.400000 64.425274
37.500000 64.334947
37.600000 64.244684
37.700000 64.154485
37.800000 64.064349
37.900000 63.974276
38.000000 63.884266
38.100000 63.794320
38.200000 63.704437
38.300000 63.614618
38.400000 63.524862
38.500000 63.435169
38.600000 63.345540
38.700000 63.255974
38.800000 63.166471
38.900000 63.077032
39.000000 62.987656
39.100000 62.898343
39.200000 62.809094
39.300000 62.719909
39.400000 62.630786
39.500000 62.541727
39.600000 62.452731
39.700000 62.363799
39.800000 62.274930
39.900000 62.186124
40.000000 62.097382
40.100000 62.008703
40.200000 61.920088
40.300000 61.831536
40.400000 61.743047
40.500000 61.654622
40.600000 61.566260
40.700000 61.477961
40.800000 61.389726
40.900000 61.301554
41.000000 61.213445
41.100000 61.125400
41.200000 61.037418
41.300000 60.949499
41.400000 60.861644
41.500000 60.773853
41.600000 60.686124
41.700000 60.598459
41.800000 60.510858
41.900000 60.423319
42.000000 60.335844
42.100000 60.248433
42.200000 60.161084
42.300000 60.073800
42.400000 59.986578
42.500000 59.899420
42.600000 59.812325
42.700000 59.725294
42.800000 59.638326
42.900000 59.551421
43.000000 59.464580
43.100000 59.377802
43.200000 59.291087
43.300000 59.204436
43.400000 59.117848
43.500000 59.031324
43.600000 58.944863
43.700000 58.858465
43.800000 58.772131
43.900000 58.685860
44.000000 58.599652
44.100000 58.513508
44.200000 58.427427
44.300000 58.341409
44.400000 58.255455
44.500000 58.169564
44.600000 58.083737
44.700000 57.997973
44.800000 57.912272
44.900000 57.826635
45.000000 57.741061
45.100000 57.655550
45.200000 57.570103
45.300000 57.484719
45.400000 57.399398
45.500000 57.314141
45.600000 57.228947
45.700000 57.143817
45.800000 57.058750
45.900000 56.973746
46.000000 56.888806
46.100000 56.803929
46.200000 56.719115
46.300000 56.634365
46.400000 56.549678
46.500000 56.465055
46.600000 56.380494
46.700000 56.295998
46.800000 56.211564
46.900000 56.127194
47.000000 56.042887
47.100000 55.958644
47.200000 55.874464
47.300000 55.790348
47.400000 55.706294
47.500000 55.622304
47.600000 55.538378
47.700000 55.454515
47.800000 55.370715
47.900000 55.286979
48.000000 55.203306
48.100000 55.119696
48.200000 55.036150
48.300000 54.952667
48.400000 54.869247
48.500000 54.785891
48.600000 54.702598
48.700000 54.619368
48.800000 54.536202
48.900000 54.453099
49.000000 54.370060
49.100000 54.287084
49.200000 54.204171
49.300000 54.121322
49.400000 54.038536
49.500000 53.955813
49.600000 53.873154
49.700000 53.790558
49.800000 53.708026
49.900000 53.625557
50.000000 53.543151
50.100000 53.460809
50.200000 53.378530
50.300000 53.296314
50.400000 53.214162
50.500000 53.132073
50.600000 53.050047
50.700000 52.968085
50.800000 52.886186
50.900000 52.804351
51.000000 52.722578
51.100000 52.640870
51.200000 52.559224
51.300000 52.477642
51.400000 52.396124
51.500000 52.314668
51.600000 52.233276
51.700000 52.151948
51.800000 52.070683
51.900000 51.989481
52.000000 51.908342
52.100000 51.827267
52.200000 51.746256
52.300000 51.665307
52.400000 51.584422
52.500000 51.503601
52.600000 51.422842
52.700000 51.342147
52.800000 51.261516
52.900000 51.180948
53.000000 51.100443
53.100000 51.020001
53.200000 50.939623
53.300000 50.859309
53.400000 50.779057
53.500000 50.698869
53.600000 50.618745
53.700000 50.538683
53.800000 50.458685
53.900000 50.378751
54.000000 50.298880
54.100000 50.219072
54.200000 50.139327
54.300000 50.059646
54.400000 49.980029
54.500000 49.900474
54.600000 49.820983
54.700000 49.741556
54.800000 49.662191
54.900000 49.582890
55.000000 49.503653
55.100000 49.424479
55.200000 49.345368
55.300000 49.266321
55.400000 49.187336
55.500000 49.108416
55.600000 49.029558
55.700000 48.950764
55.800000 48.872034
55.900000 48.793367
56.000000 48.714763
56.100000 48.636222
56.200000 48.557745
56.300000 48.479331
56.400000 48.400981
56.500000 48.322694
56.600000 48.244470
56.700000 48.166310
56.800000 48.088213
56.900000 48.010179
57.000000 47.932209
57.100000 47.854302
57.200000 47.776459
57.300000 47.698678
57.400000 47.620962
57.500000 47.543308
57.600000 47.465718
57.700000 47.388192
57.800000 47.310728
57.900000 47.233328
58.000000 47.155992
58.100000 47.078718
58.200000 47.001509
58.300000 46.924362
58.400000 46.847279
58.500000 46.770259
58.600000 46.693303
58.700000 46.616410
58.800000 46.539580
58.900000 46.462814
59.000000 46.386111
59.100000 46.309471
59.200000 46.232895
59.300000 46.156382
59.400000 46.079933
59.500000 46.003547
59.600000 45.927224
59.700000 45.850965
59.800000 45.774769
59.900000 45.698636
60.000000 45.622567
60.100000 45.546561
60.200000 45.470618
60.300000 45.394739
60.400000 45.318923
60.500000 45.243171
60.600000 45.167481
60.700000 45.091856
60.800000 45.016293
60.900000 44.940794
61.000000 44.865359
61.100000 44.789986
61.200000 44.714677
61.300000 44.639432
61.400000 44.564250
61.500000 44.489131
61.600000 44.414075
61.700000 44.339083
61.800000 44.264155
61.900000 44.189289
62.000000 44.114487
62.100000 44.039749
62.200000 43.965073
62.300000 43.890461
62.400000 43.815913
62.500000 43.741428
62.600000 43.667006
62.700000 43.592647
62.800000 43.518352
62.900000 43.444121
63.000000 43.369952
63.100000 43.295847
63.200000 43.221806
63.300000 43.147827
63.400000 43.073913
63.500000 43.000061
63.600000 42.926273
63.700000 42.852548
63.800000 42.778887
63.900000 42.705289
64.000000 42.631754
64.100000 42.558283
64.200000 42.484875
64.300000 42.411530
64.400000 42.338249
64.500000 42.265031
64.600000 42.191876
64.700000 42.118785
64.800000 42.045757
64.900000 41.972793
65.000000 41.899892
65.100000 41.827054
65.200000 41.754280
65.300000 41.681569
65.400000 41.608921
65.500000 41.536337
65.600000 41.463816
65.700000 41.391359
65.800000 41.318965
65.900000 41.246634
66.000000 41.174366
66.100000 41.102162
66.200000 41.030022
66.300000 40.957944
66.400000 40.885930
66.500000 40.813980
66.600000 40.742092
66.700000 40.670269
66.800000 40.598508
66.900000 40.526811
67.000000 40.455177
67.100000 40.383607
67.200000 40.312100
67.300000 40.240656
67.400000 40.169276
67.500000 40.097959
67.600000 40.026705
67.700000 39.955515
67.800000 39.884388
67.900000 39.813325
68.000000 39.742325
68.100000 39.671388
68.200000 39.600515
68.300000 39.529704
68.400000 39.458958
68.500000 39.388275
68.600000 39.317655
68.700000 39.247098
68.800000 39.176605
68.900000 39.106175
69.000000 39.035809
69.100000 38.965505
69.200000 38.895266
69.300000 38.825089
69.400000 38.754976
69.500000 38.684927
69.600000 38.614940
69.700000 38.545017
69.800000 38.475158
69.900000 38.405362
70.000000 38.335629
70.100000 38.265959
70.200000 38.196353
70.300000 38.126811
70.400000 38.057331
70.500000 37.987915
70.600000 37.918563
70.700000 37.849273
70.800000 37.780047
70.900000 37.710885
71.000000 37.641786
71.100000 37.572750
71.200000 37.503777
71.300000 37.434868
71.400000 37.366023
71.500000 37.297240
71.600000 37.228521
71.700000 37.159866
71.800000 37.091273
71.900000 37.022744
72.000000 36.954279
72.100000 36.885877
72.200000 36.817538
72.300000 36.749263
72.400000 36.681050
72.500000 36.612902
72.600000 36.544816
72.700000 36.476794
72.800000 36.408836
72.900000 36.340941
73.000000 36.273109
73.100000 36.205340
73.200000 36.137635
73.300000 36.069993
73.400000 36.002415
73.500000 35.934900
73.600000 35.867448
73.700000 35.800060
73.800000 35.732735
73.900000 35.665473
74.000000 35.598275
74.100000 35.531140
74.200000 35.464068
74.300000 35.397060
74.400000 35.330116
74.500000 35.263234
74.600000 35.196416
74.700000 35.129661
74.800000 35.062970
74.900000 34.996342
75.000000 34.929778
75.100000 34.863276
75.200000 34.796838
75.300000 34.730464
75.400000 34.664153
75.500000 34.597905
75.600000 34.531721
75.700000 34.465600
75.800000 34.399542
75.900000 34.333548
76.000000 34.267617
76.100000 34.201749
76.200000 34.135945
76.300000 34.070204
76.400000 34.004527
76.500000 33.938912
76.600000 33.873362
76.700000 33.807874
76.800000 33.742450
76.900000 33.677090
77.000000 33.611792
77.100000 33.546558
77.200000 33.481388
77.300000 33.416281
77.400000 33.351237
77.500000 33.286256
77.600000 33.221339
77.700000 33.156485
77.800000 33.091695
77.900000 33.026968
78.000000 32.962304
78.100000 32.897704
78.200000 32.833167
78.300000 32.768694
78.400000 32.704283
78.500000 32.639937
78.600000 32.575653
78.700000 32.511433
78.800000 32.447276
78.900000 32.383183
79.000000 32.319153
79.100000 32.255186
79.200000 32.191283
79.300000 32.127443
79.400000 32.063667
79.500000 31.999953
79.600000 31.936304
79.700000 31.872717
79.800000 31.809194
79.900000 31.745734
80.000000 31.682338
80.100000 31.619005
80.200000 31.555735
80.300000 31.492529
80.400000 31.429386
80.500000 31.366307
80.600000 31.303290
80.700000 31.240338
80.800000 31.177448
80.900000 31.114622
81.000000 31.051859
81.100000 30.989160
81.200000 30.926524
81.300000 30.863951
81.400000 30.801442
81.500000 30.738996
81.600000 30.676614
81.700000 30.614295
81.800000 30.552039
81.900000 30.489846
82.000000 30.427717
82.100000 30.365652
82.200000 30.303649
82.300000 30.241710
82.400000 30.179835
82.500000 30.118022
82.600000 30.056274
82.700000 29.994588
82.800000 29.932966
82.900000 29.871407
83.000000 29.809912
83.100000 29.748480
83.200000 29.687111
83.300000 29.625806
83.400000 29.564564
83.500000 29.503385
83.600000 29.442270
83.700000 29.381218
83.800000 29.320230
83.900000 29.259304
84.000000 29.198443
84.100000 29.137644
84.200000 29.076909
84.300000 29.016237
84.400000 28.955629
84.500000 28.895084
84.600000 28.834603
84.700000 28.774184
84.800000 28.713830
84.900000 28.653538
85.000000 28.593310
85.100000 28.533145
85.200000 28.473044
85.300000 28.413006
85.400000 28.353031
85.500000 28.293120
85.600000 28.233272
85.700000 28.173487
85.800000 28.113766
85.900000 28.054108
86.000000 27.994514
86.100000 27.934983
86.200000 27.875515
86.300000 27.816111
86.400000 27.756769
86.500000 27.697492
86.600000 27.638278
86.700000 27.579127
86.800000 27.520039
86.900000 27.461015
87.000000 27.402054
87.100000 27.343157
87.200000 27.284322
87.300000 27.225552
87.400000 27.166844
87.500000 27.108200
87.600000 27.049620
87.700000 26.991102
87.800000 26.932649
87.900000 26.874258
88.000000 26.815931
88.100000 26.757667
88.200000 26.699467
88.300000 26.641329
88.400000 26.583256
88.500000 26.525245
88.600000 26.467298
88.700000 26.409415
88.800000 26.351594
88.900000 26.293838
89.000000 26.236144
89.100000 26.178514
89.200000 26.120947
89.300000 26.063444
89.400000 26.006004
89.500000 25.948627
89.600000 25.891313
89.700000 25.834063
89.800000 25.776877
89.900000 25.719754
90.000000 25.662694
90.100000 25.605697
90.200000 25.548764
90.300000 25.491894
90.400000 25.435088
90.500000 25.378345
90.600000 25.321665
90.700000 25.265049
90.800000 25.208496
90.900000 25.152006
91.000000 25.095580
91.100000 25.039217
91.200000 24.982917
91.300000 24.926681
91.400000 24.870509
91.500000 24.814399
91.600000 24.758353
91.700000 24.702370
91.800000 24.646451
91.900000 24.590595
92.000000 24.534802
92.100000 24.479073
92.200000 24.423407
92.300000 24.367805
92.400000 24.312266
92.500000 24.256790
92.600000 24.201378
92.700000 24.146028
92.800000 24.090743
92.900000 24.035520
93.000000 23.980362
93.100000 23.925266
93.200000 23.870234
93.300000 23.815265
93.400000 23.760359
93.500000 23.705517
93.600000 23.650739
93.700000 23.596023
93.800000 23.541371
93.900000 23.486782
94.000000 23.432257
94.100000 23.377795
94.200000 23.323397
94.300000 23.269061
94.400000 23.214790
94.500000 23.160581
94.600000 23.106436
94.700000 23.052354
94.800000 22.998336
94.900000 22.944381
95.000000 22.890489
95.100000 22.836661
95.200000 22.782896
95.300000 22.729194
95.400000 22.675556
95.500000 22.621981
95.600000 22.568470
95.700000 22.515022
95.800000 22.461637
95.900000 22.408316
96.000000 22.355058
96.100000 22.301863
96.200000 22.248732
96.300000 22.195664
96.400000 22.142659
96.500000 22.089718
96.600000 22.036840
96.700000 21.984026
96.800000 21.931275
96.900000 21.878587
97.000000 21.825963
97.100000 21.773402
97.200000 21.720904
97.300000 21.668470
97.400000 21.616099
97.500000 21.563791
97.600000 21.511547
97.700000 21.459366
97.800000 21.407249
97.900000 21.355195
98.000000 21.303204
98.100000 21.251277
98.200000 21.199413
98.300000 21.147612
98.400000 21.095875
98.500000 21.044201
98.600000 20.992590
98.700000 20.941043
98.800000 20.889559
98.900000 20.838139
99.000000 20.786782
99.100000 20.735488
99.200000 20.684258
99.300000 20.633091
99.400000 20.581987
99.500000 20.530947
99.600000 20.479970
99.700000 20.429057
99.800000 20.378206
99.900000 20.327420
100.000000 20.276696
100.100000 20.226036
100.200000 20.175439
100.300000 20.124906
100.400000 20.074436
100.500000 20.024030
100.600000 19.973686
100.700000 19.923406
100.800000 19.873190
100.900000 19.823037
101.000000 19.772947
101.100000 19.722921
101.200000 19.672958
101.300000 19.623058
101.400000 19.573222
101.500000 19.523449
101.600000 19.473739
101.700000 19.424093
101.800000 19.374510
101.900000 19.324990
102.000000 19.275534
102.100000 19.226142
102.200000 19.176812
102.300000 19.127546
102.400000 19.078343
102.500000 19.029204
102.600000 18.980128
102.700000 18.931116
102.800000 18.882166
102.900000 18.833281
103.000000 18.784458
103.100000 18.735699
103.200000 18.687003
103.300000 18.638371
103.400000 18.589802
103.500000 18.541296
103.600000 18.492854
103.700000 18.444475
103.800000 18.396159
103.900000 18.347907
104.000000 18.299718
104.100000 18.251593
104.200000 18.203531
104.300000 18.155532
104.400000 18.107597
104.500000 18.059725
104.600000 18.011916
104.700000 17.964171
104.800000 17.916489
104.900000 17.868870
105.000000 17.821315
105.100000 17.773823
105.200000 17.726395
105.300000 17.679030
105.400000 17.631728
105.500000 17.584490
105.600000 17.537315
105.700000 17.490203
105.800000 17.443155
105.900000 17.396170
106.000000 17.349248
106.100000 17.302390
106.200000 17.255595
106.300000 17.208864
106.400000 17.162196
106.500000 17.115591
106.600000 17.069050
106.700000 17.022572
106.800000 16.976157
106.900000 16.929806
107.000000 16.883518
107.100000 16.837293
107.200000 16.791132
107.300000 16.745034
107.400000 16.699000
107.500000 16.653029
107.600000 16.607121
107.700000 16.561277
107.800000 16.515496
107.900000 16.469778
108.000000 16.424124
108.100000 16.378533
108.200000 16.333006
108.300000 16.287541
108.400000 16.242141
108.500000 16.196803
108.600000 16.151529
108.700000 16.106318
108.800000 16.061171
108.900000 16.016087
109.000000 15.971067
109.100000 15.926109
109.200000 15.881215
109.300000 15.836385
109.400000 15.791618
109.500000 15.746914
109.600000 15.702274
109.700000 15.657697
109.800000 15.613183
109.900000 15.568733
110.000000 15.524346
110.100000 15.480022
110.200000 15.435762
110.300000 15.391565
110.400000 15.347431
110.500000 15.303361
110.600000 15.259354
110.700000 15.215411
110.800000 15.171531
110.900000 15.127714
111.000000 15.083961
111.100000 15.040271
111.200000 14.996645
111.300000 14.953081
111.400000 14.909581
111.500000 14.866145
111.600000 14.822772
111.700000 14.779462
111.800000 14.736216
111.900000 14.693033
112.000000 14.649913
112.100000 14.606857
112.200000 14.563864
112.300000 14.520934
112.400000 14.478068
112.500000 14.435265
112.600000 14.392526
112.700000 14.349850
112.800000 14.307237
112.900000 14.264687
113.000000 14.222201
113.100000 14.179779
113.200000 14.137420
113.300000 14.095124
113.400000 14.052891
113.500000 14.010722
113.600000 13.968616
113.700000 13.926574
113.800000 13.884594
113.900000 13.842679
114.000000 13.800826
114.100000 13.759037
114.200000 13.717312
114.300000 13.675649
114.400000 13.634051
114.500000 13.592515
114.600000 13.551043
114.700000 13.509634
114.800000 13.468289
114.900000 13.427006
115.000000 13.385788
115.100000 13.344632
115.200000 13.303540
115.300000 13.262512
115.400000 13.221547
115.500000 13.180645
115.600000 13.139806
115.700000 13.099031
115.800000 13.058319
115.900000 13.017671
116.000000 12.977086
116.100000 12.936564
116.200000 12.896106
116.300000 12.855711
116.400000 12.815379
116.500000 12.775111
116.600000 12.734906
116.700000 12.694764
116.800000 12.654686
116.900000 12.614671
117.000000 12.574720
117.100000 12.534832
117.200000 12.495007
117.300000 12.455246
117.400000 12.415548
117.500000 12.375913
117.600000 12.336342
117.700000 12.296834
117.800000 12.257390
117.900000 12.218008
118.000000 12.178691
118.100000 12.139436
118.200000 12.100245
118.300000 12.061118
118.400000 12.022053
118.500000 11.983052
118.600000 11.944115
118.700000 11.905240
118.800000 11.866430
118.900000 11.827682
119.000000 11.788998
119.100000 11.750377
119.200000 11.711820
119.300000 11.673326
119.400000 11.634895
119.500000 11.596528
119.600000 11.558224
119.700000 11.519983
119.800000 11.481806
119.900000 11.443692
120.000000 11.405642
120.100000 11.367655
120.200000 11.329731
120.300000 11.291870
120.400000 11.254073
120.500000 11.216340
120.600000 11.178669
120.700000 11.141062
120.800000 11.103519
120.900000 11.066039
121.000000 11.028622
121.100000 10.991268
121.200000 10.953978
121.300000 10.916751
121.400000 10.879588
121.500000 10.842488
121.600000 10.805451
121.700000 10.768478
121.800000 10.731568
121.900000 10.694722
122.000000 10.657938
122.100000 10.621219
122.200000 10.584562
122.300000 10.547969
122.400000 10.511439
122.500000 10.474973
122.600000 10.438570
122.700000 10.402230
122.800000 10.365954
122.900000 10.329741
123.000000 10.293592
123.100000 10.257505
123.200000 10.221483
123.300000 10.185523
123.400000 10.149627
123.500000 10.113794
123.600000 10.078025
123.700000 10.042319
123.800000 10.006676
123.900000 9.971097
124.000000 9.935581
124.100000 9.900129
124.200000 9.864739
124.300000 9.829414
124.400000 9.794151
124.500000 9.758952
124.600000 9.723816
124.700000 9.688744
124.800000 9.653735
124.900000 9.618789
125.000000 9.583907
125.100000 9.549088
125.200000 9.514333
125.300000 9.479641
125.400000 9.445012
125.500000 9.410446
125.600000 9.375944
125.700000 9.341506
125.800000 9.307130
125.900000 9.272818
126.000000 9.238570
126.100000 9.204384
126.200000 9.170263
126.300000 9.136204
126.400000 9.102209
126.500000 9.068277
126.600000 9.034409
126.700000 9.000604
126.800000 8.966862
126.900000 8.933184
127.000000 8.899569
127.100000 8.866017
127.200000 8.832529
127.300000 8.799104
127.400000 8.765743
127.500000 8.732444
127.600000 8.699210
127.700000 8.666038
127.800000 8.632930
127.900000 8.599885
128.000000 8.566904
128.100000 8.533986
128.200000 8.501132
128.300000 8.468340
128.400000 8.435613
128.500000 8.402948
128.600000 8.370347
128.700000 8.337809
128.800000 8.305335
128.900000 8.272924
129.000000 8.240576
129.100000 8.208292
129.200000 8.176071
129.300000 8.143913
129.400000 8.111819
129.500000 8.079788
129.600000 8.047821
129.700000 8.015917
129.800000 7.984076
129.900000 7.952298
130.000000 7.920584
130.100000 7.888934
130.200000 7.857347
130.300000 7.825823
130.400000 7.794362
130.500000 7.762965
130.600000 7.731631
130.700000 7.700361
130.800000 7.669153
130.900000 7.638010
131.000000 7.606929
131.100000 7.575912
131.200000 7.544959
131.300000 7.514068
131.400000 7.483241
131.500000 7.452478
131.600000 7.421778
131.700000 7.391141
131.800000 7.360567
131.900000 7.330057
132.000000 7.299611
132.100000 7.269227
132.200000 7.238907
132.300000 7.208651
132.400000 7.178457
132.500000 7.148327
132.600000 7.118261
132.700000 7.088258
132.800000 7.058318
132.900000 7.028442
133.000000 6.998628
133.100000 6.968879
133.200000 6.939192
133.300000 6.909569
133.400000 6.880010
133.500000 6.850514
133.600000 6.821081
133.700000 6.791711
133.800000 6.762405
133.900000 6.733162
134.000000 6.703983
134.100000 6.674867
134.200000 6.645814
134.300000 6.616825
134.400000 6.587899
134.500000 6.559036
134.600000 6.530237
134.700000 6.501501
134.800000 6.472828
134.900000 6.444219
135.000000 6.415673
135.100000 6.387191
135.200000 6.358772
135.300000 6.330416
135.400000 6.302124
135.500000 6.273895
135.600000 6.245729
135.700000 6.217627
135.800000 6.189588
135.900000 6.161613
136.000000 6.133701
136.100000 6.105852
136.200000 6.078066
136.300000 6.050344
136.400000 6.022686
136.500000 5.995090
136.600000 5.967558
136.700000 5.940090
136.800000 5.912685
136.900000 5.885343
137.000000 5.858064
137.100000 5.830849
137.200000 5.803697
137.300000 5.776609
137.400000 5.749584
137.500000 5.722622
137.600000 5.695724
137.700000 5.668889
137.800000 5.642117
137.900000 5.615409
138.000000 5.588764
138.100000 5.562183
138.200000 5.535665
138.300000 5.509210
138.400000 5.482819
138.500000 5.456491
138.600000 5.430226
138.700000 5.404025
138.800000 5.377887
138.900000 5.351812
139.000000 5.325801
139.100000 5.299853
139.200000 5.273969
139.300000 5.248148
139.400000 5.222390
139.500000 5.196695
139.600000 5.171064
139.700000 5.145497
139.800000 5.119993
139.900000 5.094552
140.000000 5.069174
140.100000 5.043860
140.200000 5.018609
140.300000 4.993422
140.400000 4.968297
140.500000 4.943237
140.600000 4.918239
140.700000 4.893305
140.800000 4.868435
140.900000 4.843627
141.000000 4.818884
141.100000 4.794203
141.200000 4.769586
141.300000 4.745032
141.400000 4.720542
141.500000 4.696115
141.600000 4.671751
141.700000 4.647450
141.800000 4.623213
141.900000 4.599040
142.000000 4.574930
142.100000 4.550883
142.200000 4.526899
142.300000 4.502979
142.400000 4.479122
142.500000 4.455329
142.600000 4.431599
142.700000 4.407932
142.800000 4.384329
142.900000 4.360789
143.000000 4.337312
143.100000 4.313899
143.200000 4.290549
143.300000 4.267262
143.400000 4.244039
143.500000 4.220879
143.600000 4.197783
143.700000 4.174750
143.800000 4.151780
143.900000 4.128874
144.000000 4.106031
144.100000 4.083251
144.200000 4.060535
144.300000 4.037882
144.400000 4.015293
144.500000 3.992767
144.600000 3.970304
144.700000 3.947904
144.800000 3.925568
144.900000 3.903296
145.000000 3.881086
145.100000 3.858940
145.200000 3.836858
145.300000 3.814839
145.400000 3.792883
145.500000 3.770990
145.600000 3.749161
145.700000 3.727395
145.800000 3.705693
145.900000 3.684054
146.000000 3.662478
146.100000 3.640966
146.200000 3.619517
146.300000 3.598131
146.400000 3.576809
146.500000 3.555550
146.600000 3.534355
146.700000 3.513223
146.800000 3.492154
146.900000 3.471149
147.000000 3.450207
147.100000 3.429328
147.200000 3.408513
147.300000 3.387761
147.400000 3.367072
147.500000 3.346447
147.600000 3.325885
147.700000 3.305387
147.800000 3.284952
147.900000 3.264580
148.000000 3.244271
148.100000 3.224026
148.200000 3.203845
148.300000 3.183726
148.400000 3.163672
148.500000 3.143680
148.600000 3.123752
148.700000 3.103887
148.800000 3.084085
148.900000 3.064347
149.000000 3.044673
149.100000 3.025061
149.200000 3.005513
149.300000 2.986029
149.400000 2.966607
149.500000 2.947249
149.600000 2.927955
149.700000 2.908724
149.800000 2.889556
149.900000 2.870451
150.000000 2.851410
150.100000 2.832433
150.200000 2.813518
150.300000 2.794667
150.400000 2.775880
150.500000 2.757155
150.600000 2.738495
150.700000 2.719897
150.800000 2.701363
150.900000 2.682892
151.000000 2.664485
151.100000 2.646141
151.200000 2.627860
151.300000 2.609642
151.400000 2.591489
151.500000 2.573398
151.600000 2.555371
151.700000 2.537407
151.800000 2.519506
151.900000 2.501669
152.000000 2.483895
152.100000 2.466185
152.200000 2.448538
152.300000 2.430954
152.400000 2.413434
152.500000 2.395977
152.600000 2.378583
152.700000 2.361253
152.800000 2.343986
152.900000 2.326783
153.000000 2.309642
153.100000 2.292566
153.200000 2.275552
153.300000 2.258602
153.400000 2.241715
153.500000 2.224892
153.600000 2.208132
153.700000 2.191436
153.800000 2.174802
153.900000 2.158233
154.000000 2.141726
154.100000 2.125283
154.200000 2.108903
154.300000 2.092587
154.400000 2.076334
154.500000 2.060144
154.600000 2.044018
154.700000 2.027955
154.800000 2.011955
154.900000 1.996019
155.000000 1.980146
155.100000 1.964337
155.200000 1.948591
155.300000 1.932908
155.400000 1.917288
155.500000 1.901732
155.600000 1.886240
155.700000 1.870810
155.800000 1.855444
155.900000 1.840142
156.000000 1.824903
156.100000 1.809727
156.200000 1.794614
156.300000 1.779565
156.400000 1.764579
156.500000 1.749657
156.600000 1.734798
156.700000 1.720002
156.800000 1.705270
156.900000 1.690601
157.000000 1.675996
157.100000 1.661453
157.200000 1.646975
157.300000 1.632559
157.400000 1.618207
157.500000 1.603918
157.600000 1.589693
157.700000 1.575531
157.800000 1.561432
157.900000 1.547397
158.000000 1.533425
158.100000 1.519517
158.200000 1.505671
158.300000 1.491890
158.400000 1.478171
158.500000 1.464516
158.600000 1.450924
158.700000 1.437396
158.800000 1.423931
158.900000 1.410529
159.000000 1.397191
159.100000 1.383916
159.200000 1.370705
159.300000 1.357556
159.400000 1.344472
159.500000 1.331450
159.600000 1.318492
159.700000 1.305597
159.800000 1.292766
159.900000 1.279998
160.000000 1.267294
160.100000 1.254652
160.200000 1.242074
160.300000 1.229560
160.400000 1.217109
160.500000 1.204721
160.600000 1.192396
160.700000 1.180135
160.800000 1.167938
160.900000 1.155803
161.000000 1.143732
161.100000 1.131725
161.200000 1.119781
161.300000 1.107900
161.400000 1.096082
161.500000 1.084328
161.600000 1.072637
161.700000 1.061010
161.800000 1.049446
161.900000 1.037945
162.000000 1.026508
162.100000 1.015134
162.200000 1.003823
162.300000 0.992576
162.400000 0.981392
162.500000 0.970272
162.600000 0.959214
162.700000 0.948221
162.800000 0.937290
162.900000 0.926423
163.000000 0.915620
163.100000 0.904879
163.200000 0.894202
163.300000 0.883589
163.400000 0.873039
163.500000 0.862552
163.600000 0.852128
163.700000 0.841768
163.800000 0.831471
163.900000 0.821238
164.000000 0.811068
164.100000 0.800961
164.200000 0.790918
164.300000 0.780938
164.400000 0.771021
164.500000 0.761168
164.600000 0.751378
164.700000 0.741652
164.800000 0.731989
164.900000 0.722389
165.000000 0.712853
165.100000 0.703380
165.200000 0.693970
165.300000 0.684624
165.400000 0.675341
165.500000 0.666121
165.600000 0.656965
165.700000 0.647872
165.800000 0.638843
165.900000 0.629877
166.000000 0.620974
166.100000 0.612134
166.200000 0.603358
166.300000 0.594646
166.400000 0.585997
166.500000 0.577411
166.600000 0.568888
166.700000 0.560429
166.800000 0.552033
166.900000 0.543701
167.000000 0.535432
167.100000 0.527226
167.200000 0.519083
167.300000 0.511004
167.400000 0.502989
167.500000 0.495037
167.600000 0.487148
167.700000 0.479322
167.800000 0.471560
167.900000 0.463861
168.000000 0.456226
168.100000 0.448654
168.200000 0.441145
168.300000 0.433700
168.400000 0.426318
168.500000 0.418999
168.600000 0.411744
168.700000 0.404552
168.800000 0.397423
168.900000 0.390358
169.000000 0.383356
169.100000 0.376418
169.200000 0.369543
169.300000 0.362731
169.400000 0.355983
169.500000 0.349298
169.600000 0.342676
169.700000 0.336118
169.800000 0.329623
169.900000 0.323192
170.000000 0.316823
170.100000 0.310519
170.200000 0.304277
170.300000 0.298099
170.400000 0.291984
170.500000 0.285933
170.600000 0.279945
170.700000 0.274021
170.800000 0.268159
170.900000 0.262361
171.000000 0.256627
171.100000 0.250956
171.200000 0.245348
171.300000 0.239804
171.400000 0.234323
171.500000 0.228905
171.600000 0.223551
171.700000 0.218260
171.800000 0.213032
171.900000 0.207868
172.000000 0.202767
172.100000 0.197729
172.200000 0.192755
172.300000 0.187845
172.400000 0.182997
172.500000 0.178213
172.600000 0.173492
172.700000 0.168835
172.800000 0.164241
172.900000 0.159711
173.000000 0.155243
173.100000 0.150840
173.200000 0.146499
173.300000 0.142222
173.400000 0.138008
173.500000 0.133858
173.600000 0.129771
173.700000 0.125747
173.800000 0.121787
173.900000 0.117890
174.000000 0.114056
174.100000 0.110286
174.200000 0.106579
174.300000 0.102936
174.400000 0.099356
174.500000 0.095839
174.600000 0.092386
174.700000 0.088996
174.800000 0.085669
174.900000 0.082406
175.000000 0.079206
175.100000 0.076069
175.200000 0.072996
175.300000 0.069986
175.400000 0.067040
175.500000 0.064157
175.600000 0.061337
175.700000 0.058581
175.800000 0.055888
175.900000 0.053258
176.000000 0.050692
176.100000 0.048189
176.200000 0.045749
176.300000 0.043373
176.400000 0.041060
176.500000 0.038811
176.600000 0.036625
176.700000 0.034502
176.800000 0.032443
176.900000 0.030447
177.000000 0.028514
177.100000 0.026645
177.200000 0.024839
177.300000 0.023096
177.400000 0.021417
177.500000 0.019801
177.600000 0.018249
177.700000 0.016760
177.800000 0.015334
177.900000 0.013972
178.000000 0.012673
178.100000 0.011437
178.200000 0.010265
178.300000 0.009156
178.400000 0.008111
178.500000 0.007129
178.600000 0.006210
178.700000 0.005354
178.800000 0.004562
178.900000 0.003834
179.000000 0.003168
179.100000 0.002566
179.200000 0.002028
179.300000 0.001552
179.400000 0.001141
179.500000 0.000792
179.600000 0.000507
179.700000 0.000285
179.800000 0.000127
179.900000 0.000032
180.000000 0.000000
180.100000 0.000032
180.200000 0.000127
180.300000 0.000285
180.400000 0.000507
180.500000 0.000792
180.600000 0.001141
180.700000 0.001552
180.800000 0.002028
180.900000 0.002566
181.000000 0.003168
