0.000000 95.457787
0.100000 95.351753
0.200000 95.245777
0.300000 95.139860
0.400000 95.034002
0.500000 94.928203
0.600000 94.822463
0.700000 94.716782
0.800000 94.611159
0.900000 94.505596
1.000000 94.400091
1.100000 94.294646
1.200000 94.189259
1.300000 94.083932
1.400000 93.978663
1.500000 93.873453
1.600000 93.768302
1.700000 93.663210
1.800000 93.558177
1.900000 93.453203
2.000000 93.348288
2.100000 93.243432
2.200000 93.138635
2.300000 93.033896
2.400000 92.929217
2.500000 92.824596
2.600000 92.720034
2.700000 92.615532
2.800000 92.511088
2.900000 92.406703
3.000000 92.302377
3.100000 92.198110
3.200000 92.093902
3.300000 91.989753
3.400000 91.885663
3.500000 91.781631
3.600000 91.677659
3.700000 91.573746
3.800000 91.469891
3.900000 91.366095
4.000000 91.262359
4.100000 91.158681
4.200000 91.055062
4.300000 90.951502
4.400000 90.848001
4.500000 90.744559
4.600000 90.641176
4.700000 90.537852
4.800000 90.434586
4.900000 90.331380
5.000000 90.228233
5.100000 90.125144
5.200000 90.022115
5.300000 89.919144
5.400000 89.816232
5.500000 89.713379
5.600000 89.610585
5.700000 89.507850
5.800000 89.405174
5.900000 89.302557
6.000000 89.199999
6.100000 89.097500
6.200000 88.995059
6.300000 88.892678
6.400000 88.790356
6.500000 88.688092
6.600000 88.585887
6.700000 88.483742
6.800000 88.381655
6.900000 88.279627
7.000000 88.177658
7.100000 88.075748
7.200000 87.973897
7.300000 87.872105
7.400000 87.770371
7.500000 87.668697
7.600000 87.567082
7.700000 87.465525
7.800000 87.364028
7.900000 87.262589
8.000000 87.161209
8.100000 87.059889
8.200000 86.958627
8.300000 86.857424
8.400000 86.756280
8.500000 86.655195
8.600000 86.554168
8.700000 86.453201
8.800000 86.352293
8.900000 86.251444
9.000000 86.150653
9.100000 86.049922
9.200000 85.949249
9.300000 85.848635
9.400000 85.748080
9.500000 85.647585
9.600000 85.547148
9.700000 85.446770
9.800000 85.346451
9.900000 85.246191
10.000000 85.145989
10.100000 85.045847
10.200000 84.945764
10.300000 84.845739
10.400000 84.745774
10.500000 84.645867
10.600000 84.546019
10.700000 84.446231
10.800000 84.346501
10.900000 84.246830
11.000000 84.147218
11.100000 84.047665
11.200000 83.948171
11.300000 83.848736
11.400000 83.749359
11.500000 83.650042
11.600000 83.550784
11.700000 83.451584
11.800000 83.352444
11.900000 83.253362
12.000000 83.154339
12.100000 83.055375
12.200000 82.956471
12.300000 82.857625
12.400000 82.758838
12.500000 82.660109
12.600000 82.561440
12.700000 82.462830
12.800000 82.364279
12.900000 82.265786
13.000000 82.167353
13.100000 82.068978
13.200000 81.970663
13.300000 81.872406
13.400000 81.774208
13.500000 81.676069
13.600000 81.577989
13.700000 81.479968
13.800000 81.382006
13.900000 81.284103
14.000000 81.186259
14.100000 81.088474
14.200000 80.990747
14.300000 80.893080
14.400000 80.795471
14.500000 80.697922
14.600000 80.600431
14.700000 80.502999
14.800000 80.405626
14.900000 80.308312
15.000000 80.211057
15.100000 80.113861
15.200000 80.016724
15.300000 79.919646
15.400000 79.822627
15.500000 79.725666
15.600000 79.628765
15.700000 79.531922
15.800000 79.435139
15.900000 79.338414
16.000000 79.241748
16.100000 79.145142
16.200000 79.048594
16.300000 78.952105
16.400000 78.855675
16.500000 78.759304
16.600000 78.662991
16.700000 78.566738
16.800000 78.470544
16.900000 78.374408
17.000000 78.278332
17.100000 78.182314
17.200000 78.086356
17.300000 77.990456
17.400000 77.894615
17.500000 77.798833
17.600000 77.703110
17.700000 77.607446
17.800000 77.511841
17.900000 77.416295
18.000000 77.320808
18.100000 77.225379
18.200000 77.130010
18.300000 77.034700
18.400000 76.939448
18.500000 76.844255
18.600000 76.749122
18.700000 76.654047
18.800000 76.559031
18.900000 76.464074
19.000000 76.369176
19.100000 76.274337
19.200000 76.179557
19.300000 76.084836
19.400000 75.990173
19.500000 75.895570
19.600000 75.801025
19.700000 75.706540
19.800000 75.612113
19.900000 75.517746
20.000000 75.423437
20.100000 75.329187
20.200000 75.234996
20.300000 75.140864
20.400000 75.046791
20.500000 74.952777
20.600000 74.858822
20.700000 74.764925
20.800000 74.671088
20.900000 74.577310
21.000000 74.483590
21.100000 74.389930
21.200000 74.296328
21.300000 74.202785
21.400000 74.109301
21.500000 74.015876
21.600000 73.922511
21.700000 73.829203
21.800000 73.735955
21.900000 73.642766
22.000000 73.549636
22.100000 73.456565
22.200000 73.363552
22.300000 73.270599
22.400000 73.177704
22.500000 73.084868
22.600000 72.992092
22.700000 72.899374
22.800000 72.806715
22.900000 72.714115
23.000000 72.621574
23.100000 72.529092
23.200000 72.436669
23.300000 72.344305
23.400000 72.251999
23.500000 72.159753
23.600000 72.067565
23.700000 71.975437
23.800000 71.883367
23.900000 71.791356
24.000000 71.699405
24.100000 71.607512
24.200000 71.515678
24.300000 71.423903
24.400000 71.332187
24.500000 71.240530
24.600000 71.148931
24.700000 71.057392
24.800000 70.965912
24.900000 70.874490
25.000000 70.783128
25.100000 70.691824
25.200000 70.600580
25.300000 70.509394
25.400000 70.418267
25.500000 70.327199
25.600000 70.236190
25.700000 70.145240
25.800000 70.054349
25.900000 69.963517
26.000000 69.872743
26.100000 69.782029
26.200000 69.691374
26.300000 69.600777
26.400000 69.510239
26.500000 69.419761
26.600000 69.329341
26.700000 69.238980
26.800000 69.148678
26.900000 69.058435
27.000000 68.968251
27.100000 68.878126
27.200000 68.788060
27.300000 68.698053
27.400000 68.608104
27.500000 68.518215
27.600000 68.428385
27.700000 68.338613
27.800000 68.248900
27.900000 68.159247
28.000000 68.069652
28.100000 67.980116
28.200000 67.890639
28.300000 67.801221
28.400000 67.711862
28.500000 67.622562
28.600000 67.533320
28.700000 67.444138
28.800000 67.355015
28.900000 67.265950
29.000000 67.176945
29.100000 67.087998
29.200000 66.999110
29.300000 66.910282
29.400000 66.821512
29.500000 66.732801
29.600000 66.644149
29.700000 66.555556
29.800000 66.467022
29.900000 66.378546
30.000000 66.290130
30.100000 66.201773
30.200000 66.113474
30.300000 66.025235
30.400000 65.937054
30.500000 65.848932
30.600000 65.760870
30.700000 65.672866
30.800000 65.584921
30.900000 65.497035
31.000000 65.409208
31.100000 65.321440
31.200000 65.233731
31.300000 65.146080
31.400000 65.058489
31.500000 64.970957
31.600000 64.883483
31.700000 64.796068
31.800000 64.708713
31.900000 64.621416
32.000000 64.534178
32.100000 64.446999
32.200000 64.359879
32.300000 64.272818
32.400000 64.185816
32.500000 64.098873
32.600000 64.011989
32.700000 63.925163
32.800000 63.838397
32.900000 63.751690
33.000000 63.665041
33.100000 63.578451
33.200000 63.491921
33.300000 63.405449
33.400000 63.319036
33.500000 63.232682
33.600000 63.146387
33.700000 63.060151
33.800000 62.973974
33.900000 62.887855
34.000000 62.801796
34.100000 62.715796
34.200000 62.629854
34.300000 62.543972
34.400000 62.458148
34.500000 62.372383
34.600000 62.286678
34.700000 62.201031
34.800000 62.115443
34.900000 62.029914
35.000000 61.944444
35.100000 61.859033
35.200000 61.773680
35.300000 61.688387
35.400000 61.603153
35.500000 61.517977
35.600000 61.432861
35.700000 61.347803
35.800000 61.262804
35.900000 61.177865
36.000000 61.092984
36.100000 61.008162
36.200000 60.923399
36.300000 60.838695
36.400000 60.754050
36.500000 60.669464
36.600000 60.584936
36.700000 60.500468
36.800000 60.416059
36.900000 60.331708
37.000000 60.247416
37.100000 60.163184
37.200000 60.079010
37.300000 59.994895
37.400000 59.910839
37.500000 59.826842
37.600000 59.742904
37.700000 59.659025
37.800000 59.575205
37.900000 59.491444
38.000000 59.407741
38.100000 59.324098
38.200000 59.240514
38.300000 59.156988
38.400000 59.073521
38.500000 58.990114
38.600000 58.906765
38.700000 58.823475
38.800000 58.740244
38.900000 58.657072
39.000000 58.573959
39.100000 58.490905
39.200000 58.407910
39.300000 58.324973
39.400000 58.242096
39.500000 58.159277
39.600000 58.076518
39.700000 57.993817
39.800000 57.911176
39.900000 57.828593
40.000000 57.746069
40.100000 57.663604
40.200000 57.581198
40.300000 57.498851
40.400000 57.416563
40.500000 57.334334
40.600000 57.252163
40.700000 57.170052
40.800000 57.087999
40.900000 57.006006
41.000000 56.924071
41.100000 56.842196
41.200000 56.760379
41.300000 56.678621
41.400000 56.596922
41.500000 56.515282
41.600000 56.433701
41.700000 56.352179
41.800000 56.270716
41.900000 56.189311
42.000000 56.107966
42.100000 56.026680
42.200000 55.945452
42.300000 55.864284
42.400000 55.783174
42.500000 55.702123
42.600000 55.621131
42.700000 55.540199
42.800000 55.459325
42.900000 55.378510
43.000000 55.297753
43.100000 55.217056
43.200000 55.136418
43.300000 55.055839
43.400000 54.975318
43.500000 54.894857
43.600000 54.814454
43.700000 54.734111
43.800000 54.653826
43.900000 54.573600
44.000000 54.493433
44.100000 54.413325
44.200000 54.333276
44.300000 54.253286
44.400000 54.173355
44.500000 54.093483
44.600000 54.013669
44.700000 53.933915
44.800000 53.854220
44.900000 53.774583
45.000000 53.695005
45.100000 53.615487
45.200000 53.536027
45.300000 53.456626
45.400000 53.377284
45.500000 53.298001
45.600000 53.218777
45.700000 53.139612
45.800000 53.060506
45.900000 52.981458
46.000000 52.902470
46.100000 52.823541
46.200000 52.744670
46.300000 52.665858
46.400000 52.587106
46.500000 52.508412
46.600000 52.429777
46.700000 52.351201
46.800000 52.272684
46.900000 52.194226
47.000000 52.115827
47.100000 52.037487
47.200000 51.959206
47.300000 51.880983
47.400000 51.802820
47.500000 51.724715
47.600000 51.646670
47.700000 51.568683
47.800000 51.490755
47.900000 51.412887
48.000000 51.335077
48.100000 51.257326
48.200000 51.179634
48.300000 51.102001
48.400000 51.024426
48.500000 50.946911
48.600000 50.869455
48.700000 50.792057
48.800000 50.714719
48.900000 50.637439
49.000000 50.560219
49.100000 50.483057
49.200000 50.405954
49.300000 50.328910
49.400000 50.251925
49.500000 50.174999
49.600000 50.098132
49.700000 50.021324
49.800000 49.944575
49.900000 49.867885
50.000000 49.791253
50.100000 49.714681
50.200000 49.638167
50.300000 49.561713
50.400000 49.485317
50.500000 49.408980
50.600000 49.332702
50.700000 49.256483
50.800000 49.180323
50.900000 49.104222
51.000000 49.028180
51.100000 48.952197
51.200000 48.876273
51.300000 48.800407
51.400000 48.724601
51.500000 48.648853
51.600000 48.573165
51.700000 48.497535
51.800000 48.421964
51.900000 48.346453
52.000000 48.271000
52.100000 48.195606
52.200000 48.120271
52.300000 48.044994
52.400000 47.969777
52.500000 47.894619
52.600000 47.819520
52.700000 47.744479
52.800000 47.669498
52.900000 47.594575
53.000000 47.519711
53.100000 47.444907
53.200000 47.370161
53.300000 47.295474
53.400000 47.220846
53.500000 47.146277
53.600000 47.071767
53.700000 46.997316
53.800000 46.922924
53.900000 46.848590
54.000000 46.774316
54.100000 46.700100
54.200000 46.625944
54.300000 46.551846
54.400000 46.477807
54.500000 46.403828
54.600000 46.329907
54.700000 46.256045
54.800000 46.182242
54.900000 46.108498
55.000000 46.034813
55.100000 45.961186
55.200000 45.887619
55.300000 45.814111
55.400000 45.740661
55.500000 45.667271
55.600000 45.593939
55.700000 45.520666
55.800000 45.447453
55.900000 45.374298
56.000000 45.301202
56.100000 45.228165
56.200000 45.155187
56.300000 45.082268
56.400000 45.009407
56.500000 44.936606
56.600000 44.863864
56.700000 44.791180
56.800000 44.718556
56.900000 44.645990
57.000000 44.573483
57.100000 44.501036
57.200000 44.428647
57.300000 44.356317
57.400000 44.284046
57.500000 44.211834
57.600000 44.139681
57.700000 44.067587
57.800000 43.995551
57.900000 43.923575
58.000000 43.851658
58.100000 43.779799
58.200000 43.708000
58.300000 43.636259
58.400000 43.564577
58.500000 43.492954
58.600000 43.421390
58.700000 43.349886
58.800000 43.278439
58.900000 43.207052
59.000000 43.135724
59.100000 43.064455
59.200000 42.993245
59.300000 42.922093
59.400000 42.851001
59.500000 42.779967
59.600000 42.708993
59.700000 42.638077
59.800000 42.567220
59.900000 42.496422
60.000000 42.425683
60.100000 42.355003
60.200000 42.284382
60.300000 42.213820
60.400000 42.143317
60.500000 42.072872
60.600000 42.002487
60.700000 41.932161
60.800000 41.861893
60.900000 41.791684
61.000000 41.721535
61.100000 41.651444
61.200000 41.581412
61.300000 41.511439
61.400000 41.441525
61.500000 41.371670
61.600000 41.301874
61.700000 41.232137
61.800000 41.162459
61.900000 41.092839
62.000000 41.023279
62.100000 40.953777
62.200000 40.884335
62.300000 40.814951
62.400000 40.745626
62.500000 40.676360
62.600000 40.607153
62.700000 40.538006
62.800000 40.468916
62.900000 40.399886
63.000000 40.330915
63.100000 40.262003
63.200000 40.193150
63.300000 40.124355
63.400000 40.055620
63.500000 39.986943
63.600000 39.918325
63.700000 39.849767
63.800000 39.781267
63.900000 39.712826
64.000000 39.644444
64.100000 39.576121
64.200000 39.507857
64.300000 39.439652
64.400000 39.371505
64.500000 39.303418
64.600000 39.235390
64.700000 39.167420
64.800000 39.099510
64.900000 39.031658
65.000000 38.963865
65.100000 38.896132
65.200000 38.828457
65.300000 38.760841
65.400000 38.693284
65.500000 38.625786
65.600000 38.558347
65.700000 38.490966
65.800000 38.423645
65.900000 38.356383
66.000000 38.289179
66.100000 38.222035
66.200000 38.154949
66.300000 38.087922
66.400000 38.020955
66.500000 37.954046
66.600000 37.887196
66.700000 37.820405
66.800000 37.753673
66.900000 37.687000
67.000000 37.620385
67.100000 37.553830
67.200000 37.487334
67.300000 37.420896
67.400000 37.354518
67.500000 37.288198
67.600000 37.221938
67.700000 37.155736
67.800000 37.089593
67.900000 37.023509
68.000000 36.957484
68.100000 36.891518
68.200000 36.825611
68.300000 36.759763
68.400000 36.693973
68.500000 36.628243
68.600000 36.562572
68.700000 36.496959
68.800000 36.431406
68.900000 36.365911
69.000000 36.300475
69.100000 36.235098
69.200000 36.169781
69.300000 36.104522
69.400000 36.039322
69.500000 35.974180
69.600000 35.909098
69.700000 35.844075
69.800000 35.779111
69.900000 35.714205
70.000000 35.649359
70.100000 35.584571
70.200000 35.519843
70.300000 35.455173
70.400000 35.390562
70.500000 35.326010
70.600000 35.261517
70.700000 35.197083
70.800000 35.132708
70.900000 35.068392
71.000000 35.004135
71.100000 34.939937
71.200000 34.875797
71.300000 34.811717
71.400000 34.747695
71.500000 34.683733
71.600000 34.619829
71.700000 34.555984
71.800000 34.492198
71.900000 34.428471
72.000000 34.364803
72.100000 34.301194
72.200000 34.237644
72.300000 34.174153
72.400000 34.110721
72.500000 34.047347
72.600000 33.984033
72.700000 33.920777
72.800000 33.857581
72.900000 33.794443
73.000000 33.731364
73.100000 33.668345
73.200000 33.605384
73.300000 33.542482
73.400000 33.479639
73.500000 33.416855
73.600000 33.354129
73.700000 33.291463
73.800000 33.228856
73.900000 33.166307
74.000000 33.103818
74.100000 33.041387
74.200000 32.979016
74.300000 32.916703
74.400000 32.854449
74.500000 32.792254
74.600000 32.730118
74.700000 32.668041
74.800000 32.606023
74.900000 32.544064
75.000000 32.482164
75.100000 32.420322
75.200000 32.358540
75.300000 32.296817
75.400000 32.235152
75.500000 32.173546
75.600000 32.112000
75.700000 32.050512
75.800000 31.989083
75.900000 31.927713
76.000000 31.866402
76.100000 31.805150
76.200000 31.743957
76.300000 31.682823
76.400000 31.621747
76.500000 31.560731
76.600000 31.499773
76.700000 31.438875
76.800000 31.378035
76.900000 31.317255
77.000000 31.256533
77.100000 31.195870
77.200000 31.135266
77.300000 31.074721
77.400000 31.014235
77.500000 30.953808
77.600000 30.893440
77.700000 30.833130
77.800000 30.772880
77.900000 30.712689
78.000000 30.652556
78.100000 30.592483
78.200000 30.532468
78.300000 30.472512
78.400000 30.412615
78.500000 30.352777
78.600000 30.292998
78.700000 30.233278
78.800000 30.173617
78.900000 30.114015
79.000000 30.054472
79.100000 29.994988
79.200000 29.935562
79.300000 29.876196
79.400000 29.816888
79.500000 29.757639
79.600000 29.698450
79.700000 29.639319
79.800000 29.580247
79.900000 29.521234
80.000000 29.462280
80.100000 29.403385
80.200000 29.344549
80.300000 29.285772
80.400000 29.227053
80.500000 29.168394
80.600000 29.109793
80.700000 29.051252
80.800000 28.992769
80.900000 28.934345
81.000000 28.875981
81.100000 28.817675
81.200000 28.759428
81.300000 28.701240
81.400000 28.643111
81.500000 28.585041
81.600000 28.527029
81.700000 28.469077
81.800000 28.411184
81.900000 28.353349
82.000000 28.295574
82.100000 28.237857
82.200000 28.180199
82.300000 28.122601
82.400000 28.065061
82.500000 28.007580
82.600000 27.950158
82.700000 27.892795
82.800000 27.835491
82.900000 27.778246
83.000000 27.721059
83.100000 27.663932
83.200000 27.606863
83.300000 27.549854
83.400000 27.492903
83.500000 27.436012
83.600000 27.379179
83.700000 27.322405
83.800000 27.265690
83.900000 27.209034
84.000000 27.152437
84.100000 27.095899
84.200000 27.039420
84.300000 26.983000
84.400000 26.926638
84.500000 26.870336
84.600000 26.814092
84.700000 26.757908
84.800000 26.701782
84.900000 26.645716
85.000000 26.589708
85.100000 26.533759
85.200000 26.477869
85.300000 26.422038
85.400000 26.366266
85.500000 26.310553
85.600000 26.254898
85.700000 26.199303
85.800000 26.143767
85.900000 26.088289
86.000000 26.032871
86.100000 25.977511
86.200000 25.922210
86.300000 25.866969
86.400000 25.811786
86.500000 25.756662
86.600000 25.701597
86.700000 25.646591
86.800000 25.591644
86.900000 25.536755
87.000000 25.481926
87.100000 25.427156
87.200000 25.372444
87.300000 25.317792
87.400000 25.263198
87.500000 25.208663
87.600000 25.154188
87.700000 25.099771
87.800000 25.045413
87.900000 24.991114
88.000000 24.936874
88.100000 24.882693
88.200000 24.828570
88.300000 24.774507
88.400000 24.720503
88.500000 24.666557
88.600000 24.612671
88.700000 24.558843
88.800000 24.505075
88.900000 24.451365
89.000000 24.397714
89.100000 24.344122
89.200000 24.290589
89.300000 24.237115
89.400000 24.183700
89.500000 24.130344
89.600000 24.077047
89.700000 24.023808
89.800000 23.970629
89.900000 23.917508
90.000000 23.864447
90.100000 23.811444
90.200000 23.758500
90.300000 23.705616
90.400000 23.652790
90.500000 23.600023
90.600000 23.547315
90.700000 23.494666
90.800000 23.442076
90.900000 23.389544
91.000000 23.337072
91.100000 23.284659
91.200000 23.232304
91.300000 23.180009
91.400000 23.127772
91.500000 23.075594
91.600000 23.023476
91.700000 22.971416
91.800000 22.919415
91.900000 22.867473
92.000000 22.815590
92.100000 22.763766
92.200000 22.712000
92.300000 22.660294
92.400000 22.608647
92.500000 22.557058
92.600000 22.505529
92.700000 22.454058
92.800000 22.402646
92.900000 22.351294
93.000000 22.300000
93.100000 22.248765
93.200000 22.197589
93.300000 22.146472
93.400000 22.095414
93.500000 22.044414
93.600000 21.993474
93.700000 21.942593
93.800000 21.891770
93.900000 21.841007
94.000000 21.790302
94.100000 21.739657
94.200000 21.689070
94.300000 21.638542
94.400000 21.588073
94.500000 21.537663
94.600000 21.487312
94.700000 21.437020
94.800000 21.386787
94.900000 21.336613
95.000000 21.286497
95.100000 21.236441
95.200000 21.186443
95.300000 21.136505
95.400000 21.086625
95.500000 21.036805
95.600000 20.987043
95.700000 20.937340
95.800000 20.887696
95.900000 20.838111
96.000000 20.788585
96.100000 20.739118
96.200000 20.689709
96.300000 20.640360
96.400000 20.591070
96.500000 20.541838
96.600000 20.492666
96.700000 20.443552
96.800000 20.394497
96.900000 20.345502
97.000000 20.296565
97.100000 20.247687
97.200000 20.198868
97.300000 20.150108
97.400000 20.101407
97.500000 20.052764
97.600000 20.004181
97.700000 19.955657
97.800000 19.907191
97.900000 19.858785
98.000000 19.810437
98.100000 19.762148
98.200000 19.713919
98.300000 19.665748
98.400000 19.617636
98.500000 19.569583
98.600000 19.521589
98.700000 19.473654
98.800000 19.425778
98.900000 19.377960
99.000000 19.330202
99.100000 19.282503
99.200000 19.234862
99.300000 19.187280
99.400000 19.139758
99.500000 19.092294
99.600000 19.044889
99.700000 18.997543
99.800000 18.950256
99.900000 18.903028
100.000000 18.855859
100.100000 18.808749
100.200000 18.761698
100.300000 18.714705
100.400000 18.667772
100.500000 18.620898
100.600000 18.574082
100.700000 18.527325
100.800000 18.480628
100.900000 18.433989
101.000000 18.387409
101.100000 18.340888
101.200000 18.294426
101.300000 18.248023
101.400000 18.201679
101.500000 18.155394
101.600000 18.109167
101.700000 18.063000
101.800000 18.016891
101.900000 17.970842
102.000000 17.924851
102.100000 17.878919
102.200000 17.833047
102.300000 17.787233
102.400000 17.741478
102.500000 17.695782
102.600000 17.650145
102.700000 17.604567
102.800000 17.559048
102.900000 17.513587
103.000000 17.468186
103.100000 17.422843
103.200000 17.377560
103.300000 17.332335
103.400000 17.287170
103.500000 17.242063
103.600000 17.197015
103.700000 17.152026
103.800000 17.107096
103.900000 17.062225
104.000000 17.017413
104.100000 16.972660
104.200000 16.927965
104.300000 16.883330
104.400000 16.838754
104.500000 16.794236
104.600000 16.749778
104.700000 16.705378
104.800000 16.661037
104.900000 16.616755
105.000000 16.572533
105.100000 16.528369
105.200000 16.484264
105.300000 16.440217
105.400000 16.396230
105.500000 16.352302
105.600000 16.308433
105.700000 16.264622
105.800000 16.220871
105.900000 16.177178
106.000000 16.133545
106.100000 16.089970
106.200000 16.046454
106.300000 16.002997
106.400000 15.959599
106.500000 15.916260
106.600000 15.872980
106.700000 15.829759
106.800000 15.786597
106.900000 15.743493
107.000000 15.700449
107.100000 15.657464
107.200000 15.614537
107.300000 15.571669
107.400000 15.528861
107.500000 15.486111
107.600000 15.443420
107.700000 15.400788
107.800000 15.358215
107.900000 15.315701
108.000000 15.273246
108.100000 15.230850
108.200000 15.188512
108.300000 15.146234
108.400000 15.104015
108.500000 15.061854
108.600000 15.019753
108.700000 14.977710
108.800000 14.935726
108.900000 14.893801
109.000000 14.851935
109.100000 14.810128
109.200000 14.768380
109.300000 14.726691
109.400000 14.685061
109.500000 14.643490
109.600000 14.601977
109.700000 14.560524
109.800000 14.519129
109.900000 14.477794
110.000000 14.436517
110.100000 14.395299
110.200000 14.354141
110.300000 14.313041
110.400000 14.272000
110.500000 14.231018
110.600000 14.190095
110.700000 14.149231
110.800000 14.108425
110.900000 14.067679
111.000000 14.026992
111.100000 13.986363
111.200000 13.945793
111.300000 13.905283
111.400000 13.864831
111.500000 13.824438
111.600000 13.784104
111.700000 13.743830
111.800000 13.703614
111.900000 13.663456
112.000000 13.623358
112.100000 13.583319
112.200000 13.543339
112.300000 13.503417
112.400000 13.463555
112.500000 13.423751
112.600000 13.384007
112.700000 13.344321
112.800000 13.304694
112.900000 13.265126
113.000000 13.225618
113.100000 13.186168
113.200000 13.146776
113.300000 13.107444
113.400000 13.068171
113.500000 13.028957
113.600000 12.989801
113.700000 12.950705
113.800000 12.911667
113.900000 12.872689
114.000000 12.833769
114.100000 12.794908
114.200000 12.756107
114.300000 12.717364
114.400000 12.678680
114.500000 12.640055
114.600000 12.601489
114.700000 12.562981
114.800000 12.524533
114.900000 12.486144
115.000000 12.447813
115.100000 12.409542
115.200000 12.371329
115.300000 12.333176
115.400000 12.295081
115.500000 12.257045
115.600000 12.219068
115.700000 12.181150
115.800000 12.143291
115.900000 12.105491
116.000000 12.067750
116.100000 12.030068
116.200000 11.992444
116.300000 11.954880
116.400000 11.917374
116.500000 11.879928
116.600000 11.842540
116.700000 11.805212
116.800000 11.767942
116.900000 11.730731
117.000000 11.693579
117.100000 11.656486
117.200000 11.619452
117.300000 11.582477
117.400000 11.545560
117.500000 11.508703
117.600000 11.471905
117.700000 11.435165
117.800000 11.398485
117.900000 11.361863
118.000000 11.325300
118.100000 11.288797
118.200000 11.252352
118.300000 11.215966
118.400000 11.179639
118.500000 11.143371
118.600000 11.107162
118.700000 11.071012
118.800000 11.034920
118.900000 10.998888
119.000000 10.962914
119.100000 10.927000
119.200000 10.891144
119.300000 10.855348
119.400000 10.819610
119.500000 10.783931
119.600000 10.748311
119.700000 10.712750
119.800000 10.677248
119.900000 10.641805
120.000000 10.606421
120.100000 10.571096
120.200000 10.535829
120.300000 10.500622
120.400000 10.465473
120.500000 10.430384
120.600000 10.395353
120.700000 10.360381
120.800000 10.325469
120.900000 10.290615
121.000000 10.255820
121.100000 10.221084
121.200000 10.186407
121.300000 10.151788
121.400000 10.117229
121.500000 10.082729
121.600000 10.048287
121.700000 10.013905
121.800000 9.979581
121.900000 9.945317
122.000000 9.911111
122.100000 9.876964
122.200000 9.842876
122.300000 9.808847
122.400000 9.774877
122.500000 9.740966
122.600000 9.707114
122.700000 9.673321
122.800000 9.639587
122.900000 9.605911
123.000000 9.572295
123.100000 9.538737
123.200000 9.505239
123.300000 9.471799
123.400000 9.438418
123.500000 9.405096
123.600000 9.371833
123.700000 9.338629
123.800000 9.305484
123.900000 9.272398
124.000000 9.239371
124.100000 9.206403
124.200000 9.173493
124.300000 9.140643
124.400000 9.107851
124.500000 9.075119
124.600000 9.042445
124.700000 9.009830
124.800000 8.977275
124.900000 8.944778
125.000000 8.912340
125.100000 8.879961
125.200000 8.847641
125.300000 8.815379
125.400000 8.783177
125.500000 8.751034
125.600000 8.718949
125.700000 8.686924
125.800000 8.654957
125.900000 8.623050
126.000000 8.591201
126.100000 8.559411
126.200000 8.527680
126.300000 8.496008
126.400000 8.464395
126.500000 8.432841
126.600000 8.401346
126.700000 8.369910
126.800000 8.338532
126.900000 8.307214
127.000000 8.275954
127.100000 8.244754
127.200000 8.213612
127.300000 8.182530
127.400000 8.151506
127.500000 8.120541
127.600000 8.089635
127.700000 8.058788
127.800000 8.028000
127.900000 7.997271
128.000000 7.966601
128.100000 7.935989
128.200000 7.905437
128.300000 7.874943
128.400000 7.844509
128.500000 7.814133
128.600000 7.783817
128.700000 7.753559
128.800000 7.723360
128.900000 7.693220
129.000000 7.663139
129.100000 7.633117
129.200000 7.603154
129.300000 7.573250
129.400000 7.543404
129.500000 7.513618
129.600000 7.483891
129.700000 7.454222
129.800000 7.424612
129.900000 7.395062
130.000000 7.365570
130.100000 7.336137
130.200000 7.306763
130.300000 7.277448
130.400000 7.248192
130.500000 7.218995
130.600000 7.189857
130.700000 7.160778
130.800000 7.131757
130.900000 7.102796
131.000000 7.073893
131.100000 7.045050
131.200000 7.016265
131.300000 6.987539
131.400000 6.958873
131.500000 6.930265
131.600000 6.901716
131.700000 6.873226
131.800000 6.844795
131.900000 6.816423
132.000000 6.788109
132.100000 6.759855
132.200000 6.731660
132.300000 6.703523
132.400000 6.675446
132.500000 6.647427
132.600000 6.619467
132.700000 6.591566
132.800000 6.563725
132.900000 6.535942
133.000000 6.508218
133.100000 6.480553
133.200000 6.452946
133.300000 6.425399
133.400000 6.397911
133.500000 6.370482
133.600000 6.343111
133.700000 6.315800
133.800000 6.288547
133.900000 6.261353
134.000000 6.234218
134.100000 6.207143
134.200000 6.180126
134.300000 6.153168
134.400000 6.126269
134.500000 6.099429
134.600000 6.072647
134.700000 6.045925
134.800000 6.019262
134.900000 5.992657
135.000000 5.966112
135.100000 5.939625
135.200000 5.913197
135.300000 5.886829
135.400000 5.860519
135.500000 5.834268
135.600000 5.808076
135.700000 5.781943
135.800000 5.755869
135.900000 5.729854
136.000000 5.703897
136.100000 5.678000
136.200000 5.652162
136.300000 5.626382
136.400000 5.600662
136.500000 5.575000
136.600000 5.549397
136.700000 5.523853
136.800000 5.498369
136.900000 5.472943
137.000000 5.447576
137.100000 5.422267
137.200000 5.397018
137.300000 5.371828
137.400000 5.346697
137.500000 5.321624
137.600000 5.296611
137.700000 5.271656
137.800000 5.246761
137.900000 5.221924
138.000000 5.197146
138.100000 5.172427
138.200000 5.147767
138.300000 5.123166
138.400000 5.098624
138.500000 5.074141
138.600000 5.049717
138.700000 5.025352
138.800000 5.001045
138.900000 4.976798
139.000000 4.952609
139.100000 4.928480
139.200000 4.904409
139.300000 4.880397
139.400000 4.856444
139.500000 4.832550
139.600000 4.808715
139.700000 4.784939
139.800000 4.761222
139.900000 4.737564
140.000000 4.713965
140.100000 4.690424
140.200000 4.666943
140.300000 4.643520
140.400000 4.620157
140.500000 4.596852
140.600000 4.573607
140.700000 4.550420
140.800000 4.527292
140.900000 4.504223
141.000000 4.481213
141.100000 4.458262
141.200000 4.435369
141.300000 4.412536
141.400000 4.389762
141.500000 4.367046
141.600000 4.344390
141.700000 4.321792
141.800000 4.299254
141.900000 4.276774
142.000000 4.254353
142.100000 4.231991
142.200000 4.209688
142.300000 4.187444
142.400000 4.165259
142.500000 4.143133
142.600000 4.121066
142.700000 4.099058
142.800000 4.077108
142.900000 4.055218
143.000000 4.033386
143.100000 4.011614
143.200000 3.989900
143.300000 3.968245
143.400000 3.946649
143.500000 3.925112
143.600000 3.903634
143.700000 3.882215
143.800000 3.860855
143.900000 3.839554
144.000000 3.818311
144.100000 3.797128
144.200000 3.776004
144.300000 3.754938
144.400000 3.733932
144.500000 3.712984
144.600000 3.692095
144.700000 3.671265
144.800000 3.650494
144.900000 3.629782
145.000000 3.609129
145.100000 3.588535
145.200000 3.568000
145.300000 3.547524
145.400000 3.527106
145.500000 3.506748
145.600000 3.486448
145.700000 3.466208
145.800000 3.446026
145.900000 3.425903
146.000000 3.405840
146.100000 3.385835
146.200000 3.365889
146.300000 3.346002
146.400000 3.326174
146.500000 3.306404
146.600000 3.286694
146.700000 3.267043
146.800000 3.247450
146.900000 3.227917
147.000000 3.208442
147.100000 3.189027
147.200000 3.169670
147.300000 3.150372
147.400000 3.131133
147.500000 3.111953
147.600000 3.092832
147.700000 3.073770
147.800000 3.054767
147.900000 3.035823
148.000000 3.016937
148.100000 2.998111
148.200000 2.979344
148.300000 2.960635
148.400000 2.941985
148.500000 2.923395
148.600000 2.904863
148.700000 2.886390
148.800000 2.867976
148.900000 2.849621
149.000000 2.831325
149.100000 2.813088
149.200000 2.794910
149.300000 2.776790
149.400000 2.758730
149.500000 2.740729
149.600000 2.722786
149.700000 2.704902
149.800000 2.687078
149.900000 2.669312
150.000000 2.651605
150.100000 2.633957
150.200000 2.616368
150.300000 2.598838
150.400000 2.581367
150.500000 2.563955
150.600000 2.546602
150.700000 2.529307
150.800000 2.512072
150.900000 2.494895
151.000000 2.477778
151.100000 2.460719
151.200000 2.443719
151.300000 2.426779
151.400000 2.409897
151.500000 2.393074
151.600000 2.376310
151.700000 2.359605
151.800000 2.342958
151.900000 2.326371
152.000000 2.309843
152.100000 2.293373
152.200000 2.276963
152.300000 2.260611
152.400000 2.244319
152.500000 2.228085
152.600000 2.211910
152.700000 2.195794
152.800000 2.179737
152.900000 2.163739
153.000000 2.147800
153.100000 2.131920
153.200000 2.116099
153.300000 2.100336
153.400000 2.084633
153.500000 2.068989
153.600000 2.053403
153.700000 2.037876
153.800000 2.022409
153.900000 2.007000
154.000000 1.991650
154.100000 1.976359
154.200000 1.961127
154.300000 1.945954
154.400000 1.930840
154.500000 1.915785
154.600000 1.900788
154.700000 1.885851
154.800000 1.870973
154.900000 1.856153
155.000000 1.841393
155.100000 1.826691
155.200000 1.812048
155.300000 1.797464
155.400000 1.782939
155.500000 1.768473
155.600000 1.754066
155.700000 1.739718
155.800000 1.725429
155.900000 1.711199
156.000000 1.697027
156.100000 1.682915
156.200000 1.668861
156.300000 1.654867
156.400000 1.640931
156.500000 1.627054
156.600000 1.613237
156.700000 1.599478
156.800000 1.585778
156.900000 1.572137
157.000000 1.558555
157.100000 1.545031
157.200000 1.531567
157.300000 1.518162
157.400000 1.504815
157.500000 1.491528
157.600000 1.478299
157.700000 1.465130
157.800000 1.452019
157.900000 1.438967
158.000000 1.425974
158.100000 1.413040
158.200000 1.400165
158.300000 1.387349
158.400000 1.374592
158.500000 1.361894
158.600000 1.349255
158.700000 1.336674
158.800000 1.324153
158.900000 1.311690
159.000000 1.299287
159.100000 1.286942
159.200000 1.274656
159.300000 1.262429
159.400000 1.250261
159.500000 1.238152
159.600000 1.226102
159.700000 1.214111
159.800000 1.202179
159.900000 1.190306
160.000000 1.178491
160.100000 1.166736
160.200000 1.155039
160.300000 1.143402
160.400000 1.131823
160.500000 1.120303
160.600000 1.108842
160.700000 1.097440
160.800000 1.086097
160.900000 1.074813
161.000000 1.063588
161.100000 1.052422
161.200000 1.041315
161.300000 1.030266
161.400000 1.019277
161.500000 1.008347
161.600000 0.997475
161.700000 0.986662
161.800000 0.975909
161.900000 0.965214
162.000000 0.954578
162.100000 0.944001
162.200000 0.933483
162.300000 0.923024
162.400000 0.912624
162.500000 0.902282
162.600000 0.892000
162.700000 0.881777
162.800000 0.871612
162.900000 0.861507
163.000000 0.851460
163.100000 0.841472
163.200000 0.831543
163.300000 0.821674
163.400000 0.811863
163.500000 0.802111
163.600000 0.792417
163.700000 0.782783
163.800000 0.773208
163.900000 0.763692
164.000000 0.754234
164.100000 0.744836
164.200000 0.735496
164.300000 0.726216
164.400000 0.716994
164.500000 0.707831
164.600000 0.698727
164.700000 0.689683
164.800000 0.680697
164.900000 0.671769
165.000000 0.662901
165.100000 0.654092
165.200000 0.645342
165.300000 0.636650
165.400000 0.628018
165.500000 0.619444
165.600000 0.610930
165.700000 0.602474
165.800000 0.594077
165.900000 0.585740
166.000000 0.577461
166.100000 0.569241
166.200000 0.561080
166.300000 0.552978
166.400000 0.544934
166.500000 0.536950
166.600000 0.529025
166.700000 0.521158
166.800000 0.513351
166.900000 0.505602
167.000000 0.497913
167.100000 0.490282
167.200000 0.482710
167.300000 0.475197
167.400000 0.467743
167.500000 0.460348
167.600000 0.453012
167.700000 0.445735
167.800000 0.438517
167.900000 0.431357
168.000000 0.424257
168.100000 0.417215
168.200000 0.410233
168.300000 0.403309
168.400000 0.396444
168.500000 0.389639
168.600000 0.382892
168.700000 0.376204
168.800000 0.369575
168.900000 0.363005
169.000000 0.356494
169.100000 0.350041
169.200000 0.343648
169.300000 0.337314
169.400000 0.331038
169.500000 0.324822
169.600000 0.318664
169.700000 0.312565
169.800000 0.306526
169.900000 0.300545
170.000000 0.294623
170.100000 0.288760
170.200000 0.282956
170.300000 0.277211
170.400000 0.271524
170.500000 0.265897
170.600000 0.260329
170.700000 0.254819
170.800000 0.249369
170.900000 0.243977
171.000000 0.238644
171.100000 0.233371
171.200000 0.228156
171.300000 0.223000
171.400000 0.217903
171.500000 0.212865
171.600000 0.207886
171.700000 0.202966
171.800000 0.198104
171.900000 0.193302
172.000000 0.188559
172.100000 0.183874
172.200000 0.179249
172.300000 0.174682
172.400000 0.170174
172.500000 0.165725
172.600000 0.161335
172.700000 0.157004
172.800000 0.152732
172.900000 0.148519
173.000000 0.144365
173.100000 0.140270
173.200000 0.136234
173.300000 0.132256
173.400000 0.128338
173.500000 0.124478
173.600000 0.120677
173.700000 0.116936
173.800000 0.113253
173.900000 0.109629
174.000000 0.106064
174.100000 0.102558
174.200000 0.099111
174.300000 0.095723
174.400000 0.092394
174.500000 0.089123
174.600000 0.085912
174.700000 0.082760
174.800000 0.079666
174.900000 0.076631
175.000000 0.073656
175.100000 0.070739
175.200000 0.067881
175.300000 0.065082
175.400000 0.062342
175.500000 0.059661
175.600000 0.057039
175.700000 0.054476
175.800000 0.051971
175.900000 0.049526
176.000000 0.047140
176.100000 0.044812
176.200000 0.042544
176.300000 0.040334
176.400000 0.038183
176.500000 0.036091
176.600000 0.034058
176.700000 0.032084
176.800000 0.030169
176.900000 0.028313
177.000000 0.026516
177.100000 0.024778
177.200000 0.023098
177.300000 0.021478
177.400000 0.019917
177.500000 0.018414
177.600000 0.016970
177.700000 0.015586
177.800000 0.014260
177.900000 0.012993
178.000000 0.011785
178.100000 0.010636
178.200000 0.009546
178.300000 0.008515
178.400000 0.007542
178.500000 0.006629
178.600000 0.005775
178.700000 0.004979
178.800000 0.004243
178.900000 0.003565
179.000000 0.002946
179.100000 0.002386
179.200000 0.001886
179.300000 0.001444
179.400000 0.001061
179.500000 0.000737
179.600000 0.000471
179.700000 0.000265
179.800000 0.000118
179.900000 0.000029
180.000000 0.000000
180.100000 0.000029
180.200000 0.000118
180.300000 0.000265
180.400000 0.000471
180.500000 0.000737
180.600000 0.001061
180.700000 0.001444
180.800000 0.001886
180.900000 0.002386
181.000000 0.002946
