-180.000000 0.000000
-179.900000 0.000032
-179.800000 0.000127
-179.700000 0.000286
-179.600000 0.000509
-179.500000 0.000795
-179.400000 0.001145
-179.300000 0.001558
-179.200000 0.002035
-179.100000 0.002575
-179.000000 0.003179
-178.900000 0.003847
-178.800000 0.004578
-178.700000 0.005373
-178.600000 0.006231
-178.500000 0.007153
-178.400000 0.008139
-178.300000 0.009188
-178.200000 0.010301
-178.100000 0.011477
-178.000000 0.012717
-177.900000 0.014021
-177.800000 0.015388
-177.700000 0.016818
-177.600000 0.018313
-177.500000 0.019870
-177.400000 0.021492
-177.300000 0.023177
-177.200000 0.024925
-177.100000 0.026738
-177.000000 0.028613
-176.900000 0.030553
-176.800000 0.032556
-176.700000 0.034622
-176.600000 0.036752
-176.500000 0.038946
-176.400000 0.041203
-176.300000 0.043524
-176.200000 0.045909
-176.100000 0.048357
-176.000000 0.050868
-175.900000 0.053443
-175.800000 0.056082
-175.700000 0.058785
-175.600000 0.061551
-175.500000 0.064380
-175.400000 0.067273
-175.300000 0.070230
-175.200000 0.073250
-175.100000 0.076334
-175.000000 0.079482
-174.900000 0.082693
-174.800000 0.085967
-174.700000 0.089306
-174.600000 0.092707
-174.500000 0.096173
-174.400000 0.099702
-174.300000 0.103294
-174.200000 0.106951
-174.100000 0.110670
-174.000000 0.114454
-173.900000 0.118301
-173.800000 0.122211
-173.700000 0.126185
-173.600000 0.130223
-173.500000 0.134324
-173.400000 0.138489
-173.300000 0.142717
-173.200000 0.147009
-173.100000 0.151365
-173.000000 0.155784
-172.900000 0.160267
-172.800000 0.164813
-172.700000 0.169423
-172.600000 0.174097
-172.500000 0.178834
-172.400000 0.183635
-172.300000 0.188499
-172.200000 0.193427
-172.100000 0.198418
-172.000000 0.203473
-171.900000 0.208592
-171.800000 0.213774
-171.700000 0.219020
-171.600000 0.224329
-171.500000 0.229702
-171.400000 0.235139
-171.300000 0.240639
-171.200000 0.246202
-171.100000 0.251830
-171.000000 0.257521
-170.900000 0.263275
-170.800000 0.269093
-170.700000 0.274975
-170.600000 0.280920
-170.500000 0.286929
-170.400000 0.293001
-170.300000 0.299137
-170.200000 0.305337
-170.100000 0.311600
-170.000000 0.317927
-169.900000 0.324317
-169.800000 0.330771
-169.700000 0.337289
-169.600000 0.343870
-169.500000 0.350514
-169.400000 0.357223
-169.300000 0.363994
-169.200000 0.370830
-169.100000 0.377729
-169.000000 0.384691
-168.900000 0.391718
-168.800000 0.398807
-168.700000 0.405961
-168.600000 0.413178
-168.500000 0.420458
-168.400000 0.427802
-168.300000 0.435210
-168.200000 0.442681
-168.100000 0.450216
-168.000000 0.457815
-167.900000 0.465477
-167.800000 0.473202
-167.700000 0.480991
-167.600000 0.488844
-167.500000 0.496761
-167.400000 0.504741
-167.300000 0.512784
-167.200000 0.520891
-167.100000 0.529062
-167.000000 0.537296
-166.900000 0.545594
-166.800000 0.553956
-166.700000 0.562381
-166.600000 0.570869
-166.500000 0.579422
-166.400000 0.588037
-166.300000 0.596717
-166.200000 0.605460
-166.100000 0.614266
-166.000000 0.623136
-165.900000 0.632070
-165.800000 0.641068
-165.700000 0.650128
-165.600000 0.659253
-165.500000 0.668441
-165.400000 0.677693
-165.300000 0.687008
-165.200000 0.696387
-165.100000 0.705829
-165.000000 0.715335
-164.900000 0.724905
-164.800000 0.734538
-164.700000 0.744235
-164.600000 0.753995
-164.500000 0.763819
-164.400000 0.773707
-164.300000 0.783658
-164.200000 0.793672
-164.100000 0.803751
-164.000000 0.813893
-163.900000 0.824098
-163.800000 0.834367
-163.700000 0.844700
-163.600000 0.855096
-163.500000 0.865556
-163.400000 0.876079
-163.300000 0.886666
-163.200000 0.897317
-163.100000 0.908031
-163.000000 0.918808
-162.900000 0.929650
-162.800000 0.940555
-162.700000 0.951523
-162.600000 0.962555
-162.500000 0.973651
-162.400000 0.984810
-162.300000 0.996033
-162.200000 1.007319
-162.100000 1.018669
-162.000000 1.030083
-161.900000 1.041560
-161.800000 1.053101
-161.700000 1.064705
-161.600000 1.076373
-161.500000 1.088104
-161.400000 1.099899
-161.300000 1.111758
-161.200000 1.123680
-161.100000 1.135666
-161.000000 1.147716
-160.900000 1.159829
-160.800000 1.172005
-160.700000 1.184245
-160.600000 1.196549
-160.500000 1.208917
-160.400000 1.221347
-160.300000 1.233842
-160.200000 1.246400
-160.100000 1.259022
-160.000000 1.271707
-159.900000 1.284456
-159.800000 1.297268
-159.700000 1.310144
-159.600000 1.323084
-159.500000 1.336087
-159.400000 1.349154
-159.300000 1.362284
-159.200000 1.375478
-159.100000 1.388736
-159.000000 1.402057
-158.900000 1.415442
-158.800000 1.428890
-158.700000 1.442402
-158.600000 1.455977
-158.500000 1.469616
-158.400000 1.483319
-158.300000 1.497085
-158.200000 1.510915
-158.100000 1.524809
-158.000000 1.538766
-157.900000 1.552786
-157.800000 1.566870
-157.700000 1.581018
-157.600000 1.595229
-157.500000 1.609504
-157.400000 1.623843
-157.300000 1.638245
-157.200000 1.652711
-157.100000 1.667240
-157.000000 1.681833
-156.900000 1.696489
-156.800000 1.711209
-156.700000 1.725993
-156.600000 1.740840
-156.500000 1.755751
-156.400000 1.770725
-156.300000 1.785763
-156.200000 1.800864
-156.100000 1.816029
-156.000000 1.831258
-155.900000 1.846550
-155.800000 1.861906
-155.700000 1.877326
-155.600000 1.892809
-155.500000 1.908355
-155.400000 1.923966
-155.300000 1.939639
-155.200000 1.955377
-155.100000 1.971178
-155.000000 1.987042
-154.900000 2.002970
-154.800000 2.018962
-154.700000 2.035017
-154.600000 2.051136
-154.500000 2.067319
-154.400000 2.083565
-154.300000 2.099875
-154.200000 2.116248
-154.100000 2.132685
-154.000000 2.149185
-153.900000 2.165749
-153.800000 2.182377
-153.700000 2.199068
-153.600000 2.215822
-153.500000 2.232641
-153.400000 2.249523
-153.300000 2.266468
-153.200000 2.283477
-153.100000 2.300550
-153.000000 2.317686
-152.900000 2.334886
-152.800000 2.352149
-152.700000 2.369476
-152.600000 2.386867
-152.500000 2.404321
-152.400000 2.421839
-152.300000 2.439420
-152.200000 2.457065
-152.100000 2.474774
-152.000000 2.492546
-151.900000 2.510382
-151.800000 2.528281
-151.700000 2.546244
-151.600000 2.564270
-151.500000 2.582360
-151.400000 2.600514
-151.300000 2.618731
-151.200000 2.637012
-151.100000 2.655356
-151.000000 2.673764
-150.900000 2.692236
-150.800000 2.710771
-150.700000 2.729370
-150.600000 2.748032
-150.500000 2.766758
-150.400000 2.785547
-150.300000 2.804400
-150.200000 2.823317
-150.100000 2.842297
-150.000000 2.861341
-149.900000 2.880448
-149.800000 2.899619
-149.700000 2.918854
-149.600000 2.938152
-149.500000 2.957514
-149.400000 2.976939
-149.300000 2.996428
-149.200000 3.015980
-149.100000 3.035597
-149.000000 3.055276
-148.900000 3.075019
-148.800000 3.094826
-148.700000 3.114697
-148.600000 3.134631
-148.500000 3.154628
-148.400000 3.174690
-148.300000 3.194814
-148.200000 3.215003
-148.100000 3.235255
-148.000000 3.255570
-147.900000 3.275949
-147.800000 3.296392
-147.700000 3.316898
-147.600000 3.337468
-147.500000 3.358101
-147.400000 3.378799
-147.300000 3.399559
-147.200000 3.420383
-147.100000 3.441271
-147.000000 3.462223
-146.900000 3.483237
-146.800000 3.504316
-146.700000 3.525458
-146.600000 3.546664
-146.500000 3.567933
-146.400000 3.589266
-146.300000 3.610663
-146.200000 3.632123
-146.100000 3.653646
-146.000000 3.675233
-145.900000 3.696884
-145.800000 3.718599
-145.700000 3.740377
-145.600000 3.762218
-145.500000 3.784123
-145.400000 3.806092
-145.300000 3.828124
-145.200000 3.850220
-145.100000 3.872380
-145.000000 3.894603
-144.900000 3.916890
-144.800000 3.939240
-144.700000 3.961654
-144.600000 3.984131
-144.500000 4.006672
-144.400000 4.029277
-144.300000 4.051945
-144.200000 4.074677
-144.100000 4.097472
-144.000000 4.120331
-143.900000 4.143253
-143.800000 4.166240
-143.700000 4.189289
-143.600000 4.212403
-143.500000 4.235579
-143.400000 4.258820
-143.300000 4.282124
-143.200000 4.305491
-143.100000 4.328923
-143.000000 4.352417
-142.900000 4.375976
-142.800000 4.399598
-142.700000 4.423283
-142.600000 4.447032
-142.500000 4.470845
-142.400000 4.494721
-142.300000 4.518661
-142.200000 4.542665
-142.100000 4.566732
-142.000000 4.590863
-141.900000 4.615057
-141.800000 4.639315
-141.700000 4.663636
-141.600000 4.688021
-141.500000 4.712470
-141.400000 4.736982
-141.300000 4.761557
-141.200000 4.786197
-141.100000 4.810900
-141.000000 4.835666
-140.900000 4.860496
-140.800000 4.885390
-140.700000 4.910347
-140.600000 4.935368
-140.500000 4.960452
-140.400000 4.985600
-140.300000 5.010812
-140.200000 5.036087
-140.100000 5.061426
-140.000000 5.086828
-139.900000 5.112294
-139.800000 5.137824
-139.700000 5.163417
-139.600000 5.189074
-139.500000 5.214794
-139.400000 5.240578
-139.300000 5.266425
-139.200000 5.292336
-139.100000 5.318311
-139.000000 5.344349
-138.900000 5.370451
-138.800000 5.396616
-138.700000 5.422845
-138.600000 5.449138
-138.500000 5.475494
-138.400000 5.501913
-138.300000 5.528397
-138.200000 5.554944
-138.100000 5.581554
-138.000000 5.608228
-137.900000 5.634966
-137.800000 5.661767
-137.700000 5.688632
-137.600000 5.715560
-137.500000 5.742552
-137.400000 5.769608
-137.300000 5.796727
-137.200000 5.823910
-137.100000 5.851156
-137.000000 5.878466
-136.900000 5.905839
-136.800000 5.933277
-136.700000 5.960777
-136.600000 5.988341
-136.500000 6.015969
-136.400000 6.043661
-136.300000 6.071416
-136.200000 6.099234
-136.100000 6.127116
-136.000000 6.155062
-135.900000 6.183072
-135.800000 6.211145
-135.700000 6.239281
-135.600000 6.267481
-135.500000 6.295745
-135.400000 6.324072
-135.300000 6.352463
-135.200000 6.380917
-135.100000 6.409435
-135.000000 6.438017
-134.900000 6.466662
-134.800000 6.495371
-134.700000 6.524143
-134.600000 6.552979
-134.500000 6.581879
-134.400000 6.610842
-134.300000 6.639869
-134.200000 6.668959
-134.100000 6.698113
-134.000000 6.727330
-133.900000 6.756611
-133.800000 6.785956
-133.700000 6.815364
-133.600000 6.844836
-133.500000 6.874372
-133.400000 6.903971
-133.300000 6.933633
-133.200000 6.963359
-133.100000 6.993149
-133.000000 7.023002
-132.900000 7.052919
-132.800000 7.082900
-132.700000 7.112944
-132.600000 7.143051
-132.500000 7.173223
-132.400000 7.203458
-132.300000 7.233756
-132.200000 7.264118
-132.100000 7.294544
-132.000000 7.325033
-131.900000 7.355585
-131.800000 7.386202
-131.700000 7.416882
-131.600000 7.447625
-131.500000 7.478432
-131.400000 7.509303
-131.300000 7.540237
-131.200000 7.571235
-131.100000 7.602297
-131.000000 7.633422
-130.900000 7.664610
-130.800000 7.695863
-130.700000 7.727178
-130.600000 7.758558
-130.500000 7.790001
-130.400000 7.821507
-130.300000 7.853077
-130.200000 7.884711
-130.100000 7.916408
-130.000000 7.948169
-129.900000 7.979994
-129.800000 8.011882
-129.700000 8.043833
-129.600000 8.075849
-129.500000 8.107927
-129.400000 8.140070
-129.300000 8.172276
-129.200000 8.204545
-129.100000 8.236878
-129.000000 8.269275
-128.900000 8.301736
-128.800000 8.334259
-128.700000 8.366847
-128.600000 8.399498
-128.500000 8.432213
-128.400000 8.464991
-128.300000 8.497833
-128.200000 8.530738
-128.100000 8.563707
-128.000000 8.596740
-127.900000 8.629836
-127.800000 8.662996
-127.700000 8.696219
-127.600000 8.729506
-127.500000 8.762857
-127.400000 8.796271
-127.300000 8.829748
-127.200000 8.863290
-127.100000 8.896894
-127.000000 8.930563
-126.900000 8.964295
-126.800000 8.998091
-126.700000 9.031950
-126.600000 9.065873
-126.500000 9.099859
-126.400000 9.133909
-126.300000 9.168022
-126.200000 9.202200
-126.100000 9.236440
-126.000000 9.270745
-125.900000 9.305112
-125.800000 9.339544
-125.700000 9.374039
-125.600000 9.408598
-125.500000 9.443220
-125.400000 9.477906
-125.300000 9.512655
-125.200000 9.547468
-125.100000 9.582345
-125.000000 9.617285
-124.900000 9.652288
-124.800000 9.687356
-124.700000 9.722487
-124.600000 9.757681
-124.500000 9.792939
-124.400000 9.828261
-124.300000 9.863646
-124.200000 9.899095
-124.100000 9.934607
-124.000000 9.970183
-123.900000 10.005823
-123.800000 10.041526
-123.700000 10.077293
-123.600000 10.113123
-123.500000 10.149017
-123.400000 10.184975
-123.300000 10.220996
-123.200000 10.257081
-123.100000 10.293229
-123.000000 10.329441
-122.900000 10.365716
-122.800000 10.402055
-122.700000 10.438458
-122.600000 10.474924
-122.500000 10.511454
-122.400000 10.548047
-122.300000 10.584704
-122.200000 10.621425
-122.100000 10.658209
-122.000000 10.695056
-121.900000 10.731968
-121.800000 10.768943
-121.700000 10.805981
-121.600000 10.843083
-121.500000 10.880249
-121.400000 10.917478
-121.300000 10.954771
-121.200000 10.992127
-121.100000 11.029547
-121.000000 11.067031
-120.900000 11.104578
-120.800000 11.142189
-120.700000 11.179863
-120.600000 11.217601
-120.500000 11.255402
-120.400000 11.293267
-120.300000 11.331196
-120.200000 11.369188
-120.100000 11.407244
-120.000000 11.445364
-119.900000 11.483547
-119.800000 11.521793
-119.700000 11.560103
-119.600000 11.598477
-119.500000 11.636915
-119.400000 11.675415
-119.300000 11.713980
-119.200000 11.752608
-119.100000 11.791300
-119.000000 11.830055
-118.900000 11.868874
-118.800000 11.907756
-118.700000 11.946702
-118.600000 11.985712
-118.500000 12.024785
-118.400000 12.063922
-118.300000 12.103122
-118.200000 12.142386
-118.100000 12.181714
-118.000000 12.221105
-117.900000 12.260560
-117.800000 12.300078
-117.700000 12.339660
-117.600000 12.379305
-117.500000 12.419014
-117.400000 12.458787
-117.300000 12.498623
-117.200000 12.538523
-117.100000 12.578486
-117.000000 12.618513
-116.900000 12.658604
-116.800000 12.698758
-116.700000 12.738976
-116.600000 12.779257
-116.500000 12.819602
-116.400000 12.860011
-116.300000 12.900483
-116.200000 12.941018
-116.100000 12.981618
-116.000000 13.022280
-115.900000 13.063007
-115.800000 13.103797
-115.700000 13.144650
-115.600000 13.185568
-115.500000 13.226548
-115.400000 13.267593
-115.300000 13.308701
-115.200000 13.349872
-115.100000 13.391107
-115.000000 13.432406
-114.900000 13.473768
-114.800000 13.515194
-114.700000 13.556684
-114.600000 13.598237
-114.500000 13.639853
-114.400000 13.681533
-114.300000 13.723277
-114.200000 13.765085
-114.100000 13.806955
-114.000000 13.848890
-113.900000 13.890888
-113.800000 13.932950
-113.700000 13.975075
-113.600000 14.017264
-113.500000 14.059516
-113.400000 14.101833
-113.300000 14.144212
-113.200000 14.186655
-113.100000 14.229162
-113.000000 14.271733
-112.900000 14.314367
-112.800000 14.357064
-112.700000 14.399825
-112.600000 14.442650
-112.500000 14.485538
-112.400000 14.528490
-112.300000 14.571506
-112.200000 14.614585
-112.100000 14.657728
-112.000000 14.700934
-111.900000 14.744204
-111.800000 14.787537
-111.700000 14.830934
-111.600000 14.874395
-111.500000 14.917919
-111.400000 14.961507
-111.300000 15.005158
-111.200000 15.048873
-111.100000 15.092651
-111.000000 15.136493
-110.900000 15.180399
-110.800000 15.224368
-110.700000 15.268401
-110.600000 15.312498
-110.500000 15.356658
-110.400000 15.400881
-110.300000 15.445169
-110.200000 15.489519
-110.100000 15.533934
-110.000000 15.578412
-109.900000 15.622953
-109.800000 15.667558
-109.700000 15.712227
-109.600000 15.756959
-109.500000 15.801755
-109.400000 15.846615
-109.300000 15.891538
-109.200000 15.936524
-109.100000 15.981575
-109.000000 16.026688
-108.900000 16.071866
-108.800000 16.117107
-108.700000 16.162411
-108.600000 16.207779
-108.500000 16.253211
-108.400000 16.298707
-108.300000 16.344265
-108.200000 16.389888
-108.100000 16.435574
-108.000000 16.481324
-107.900000 16.527137
-107.800000 16.573014
-107.700000 16.618954
-107.600000 16.664958
-107.500000 16.711026
-107.400000 16.757157
-107.300000 16.803352
-107.200000 16.849610
-107.100000 16.895932
-107.000000 16.942317
-106.900000 16.988767
-106.800000 17.035279
-106.700000 17.081856
-106.600000 17.128495
-106.500000 17.175199
-106.400000 17.221966
-106.300000 17.268796
-106.200000 17.315691
-106.100000 17.362648
-106.000000 17.409670
-105.900000 17.456755
-105.800000 17.503903
-105.700000 17.551115
-105.600000 17.598391
-105.500000 17.645730
-105.400000 17.693133
-105.300000 17.740600
-105.200000 17.788130
-105.100000 17.835723
-105.000000 17.883381
-104.900000 17.931102
-104.800000 17.978886
-104.700000 18.026734
-104.600000 18.074645
-104.500000 18.122621
-104.400000 18.170659
-104.300000 18.218762
-104.200000 18.266928
-104.100000 18.315157
-104.000000 18.363450
-103.900000 18.411807
-103.800000 18.460227
-103.700000 18.508711
-103.600000 18.557258
-103.500000 18.605869
-103.400000 18.654544
-103.300000 18.703282
-103.200000 18.752084
-103.100000 18.800949
-103.000000 18.849878
-102.900000 18.898871
-102.800000 18.947927
-102.700000 18.997046
-102.600000 19.046230
-102.500000 19.095477
-102.400000 19.144787
-102.300000 19.194161
-102.200000 19.243599
-102.100000 19.293100
-102.000000 19.342665
-101.900000 19.392293
-101.800000 19.441985
-101.700000 19.491740
-101.600000 19.541560
-101.500000 19.591442
-101.400000 19.641389
-101.300000 19.691398
-101.200000 19.741472
-101.100000 19.791609
-101.000000 19.841810
-100.900000 19.892074
-100.800000 19.942402
-100.700000 19.992793
-100.600000 20.043248
-100.500000 20.093767
-100.400000 20.144349
-100.300000 20.194994
-100.200000 20.245704
-100.100000 20.296477
-100.000000 20.347313
-99.900000 20.398213
-99.800000 20.449177
-99.700000 20.500204
-99.600000 20.551295
-99.500000 20.602449
-99.400000 20.653667
-99.300000 20.704949
-99.200000 20.756294
-99.100000 20.807703
-99.000000 20.859175
-98.900000 20.910711
-98.800000 20.962311
-98.700000 21.013974
-98.600000 21.065700
-98.500000 21.117491
-98.400000 21.169345
-98.300000 21.221262
-98.200000 21.273243
-98.100000 21.325288
-98.000000 21.377396
-97.900000 21.429568
-97.800000 21.481803
-97.700000 21.534102
-97.600000 21.586465
-97.500000 21.638891
-97.400000 21.691380
-97.300000 21.743934
-97.200000 21.796551
-97.100000 21.849231
-97.000000 21.901975
-96.900000 21.954783
-96.800000 22.007654
-96.700000 22.060589
-96.600000 22.113587
-96.500000 22.166649
-96.400000 22.219775
-96.300000 22.272964
-96.200000 22.326217
-96.100000 22.379533
-96.000000 22.432913
-95.900000 22.486356
-95.800000 22.539863
-95.700000 22.593434
-95.600000 22.647068
-95.500000 22.700766
-95.400000 22.754527
-95.300000 22.808352
-95.200000 22.862241
-95.100000 22.916193
-95.000000 22.970209
-94.900000 23.024288
-94.800000 23.078431
-94.700000 23.132638
-94.600000 23.186908
-94.500000 23.241242
-94.400000 23.295639
-94.300000 23.350100
-94.200000 23.404624
-94.100000 23.459212
-94.000000 23.513864
-93.900000 23.568579
-93.800000 23.623358
-93.700000 23.678200
-93.600000 23.733106
-93.500000 23.788076
-93.400000 23.843109
-93.300000 23.898205
-93.200000 23.953366
-93.100000 24.008590
-93.000000 24.063877
-92.900000 24.119228
-92.800000 24.174643
-92.700000 24.230121
-92.600000 24.285663
-92.500000 24.341268
-92.400000 24.396937
-92.300000 24.452670
-92.200000 24.508466
-92.100000 24.564326
-92.000000 24.620249
-91.900000 24.676236
-91.800000 24.732286
-91.700000 24.788400
-91.600000 24.844578
-91.500000 24.900819
-91.400000 24.957124
-91.300000 25.013493
-91.200000 25.069925
-91.100000 25.126420
-91.000000 25.182979
-90.900000 25.239602
-90.800000 25.296288
-90.700000 25.353038
-90.600000 25.409852
-90.500000 25.466729
-90.400000 25.523670
-90.300000 25.580674
-90.200000 25.637742
-90.100000 25.694873
-90.000000 25.752068
-89.900000 25.809327
-89.800000 25.866649
-89.700000 25.924035
-89.600000 25.981484
-89.500000 26.038997
-89.400000 26.096574
-89.300000 26.154214
-89.200000 26.211917
-89.100000 26.269685
-89.000000 26.327516
-88.900000 26.385410
-88.800000 26.443368
-88.700000 26.501390
-88.600000 26.559475
-88.500000 26.617624
-88.400000 26.675836
-88.300000 26.734112
-88.200000 26.792452
-88.100000 26.850855
-88.000000 26.909322
-87.900000 26.967852
-87.800000 27.026446
-87.700000 27.085103
-87.600000 27.143824
-87.500000 27.202609
-87.400000 27.261457
-87.300000 27.320369
-87.200000 27.379345
-87.100000 27.438384
-87.000000 27.497486
-86.900000 27.556652
-86.800000 27.615882
-86.700000 27.675175
-86.600000 27.734532
-86.500000 27.793953
-86.400000 27.853437
-86.300000 27.912985
-86.200000 27.972596
-86.100000 28.032271
-86.000000 28.092009
-85.900000 28.151811
-85.800000 28.211677
-85.700000 28.271606
-85.600000 28.331599
-85.500000 28.391655
-85.400000 28.451775
-85.300000 28.511959
-85.200000 28.572206
-85.100000 28.632517
-85.000000 28.692891
-84.900000 28.753329
-84.800000 28.813830
-84.700000 28.874395
-84.600000 28.935024
-84.500000 28.995716
-84.400000 29.056472
-84.300000 29.117291
-84.200000 29.178174
-84.100000 29.239121
-84.000000 29.300131
-83.900000 29.361205
-83.800000 29.422342
-83.700000 29.483543
-83.600000 29.544807
-83.500000 29.606135
-83.400000 29.667527
-83.300000 29.728982
-83.200000 29.790501
-83.100000 29.852084
-83.000000 29.913730
-82.900000 29.975439
-82.800000 30.037212
-82.700000 30.099049
-82.600000 30.160949
-82.500000 30.222913
-82.400000 30.284941
-82.300000 30.347032
-82.200000 30.409187
-82.100000 30.471405
-82.000000 30.533687
-81.900000 30.596032
-81.800000 30.658441
-81.700000 30.720914
-81.600000 30.783450
-81.500000 30.846050
-81.400000 30.908713
-81.300000 30.971440
-81.200000 31.034231
-81.100000 31.097085
-81.000000 31.160003
-80.900000 31.222984
-80.800000 31.286029
-80.700000 31.349137
-80.600000 31.412309
-80.500000 31.475545
-80.400000 31.538844
-80.300000 31.602207
-80.200000 31.665633
-80.100000 31.729123
-80.000000 31.792677
-79.900000 31.856294
-79.800000 31.919975
-79.700000 31.983719
-79.600000 32.047527
-79.500000 32.111398
-79.400000 32.175333
-79.300000 32.239332
-79.200000 32.303394
-79.100000 32.367520
-79.000000 32.431710
-78.900000 32.495963
-78.800000 32.560279
-78.700000 32.624659
-78.600000 32.689103
-78.500000 32.753610
-78.400000 32.818181
-78.300000 32.882816
-78.200000 32.947514
-78.100000 33.012276
-78.000000 33.077101
-77.900000 33.141990
-77.800000 33.206942
-77.700000 33.271958
-77.600000 33.337038
-77.500000 33.402181
-77.400000 33.467388
-77.300000 33.532658
-77.200000 33.597992
-77.100000 33.663390
-77.000000 33.728851
-76.900000 33.794376
-76.800000 33.859964
-76.700000 33.925616
-76.600000 33.991331
-76.500000 34.057110
-76.400000 34.122953
-76.300000 34.188859
-76.200000 34.254829
-76.100000 34.320862
-76.000000 34.386959
-75.900000 34.453120
-75.800000 34.519344
-75.700000 34.585632
-75.600000 34.651983
-75.500000 34.718398
-75.400000 34.784876
-75.300000 34.851418
-75.200000 34.918024
-75.100000 34.984693
-75.000000 35.051426
-74.900000 35.118223
-74.800000 35.185083
-74.700000 35.252006
-74.600000 35.318993
-74.500000 35.386044
-74.400000 35.453158
-74.300000 35.520336
-74.200000 35.587578
-74.100000 35.654883
-74.000000 35.722252
-73.900000 35.789684
-73.800000 35.857180
-73.700000 35.924739
-73.600000 35.992362
-73.500000 36.060049
-73.400000 36.127799
-73.300000 36.195613
-73.200000 36.263490
-73.100000 36.331431
-73.000000 36.399436
-72.900000 36.467504
-72.800000 36.535635
-72.700000 36.603831
-72.600000 36.672090
-72.500000 36.740412
-72.400000 36.808798
-72.300000 36.877248
-72.200000 36.945761
-72.100000 37.014338
-72.000000 37.082978
-71.900000 37.151682
-71.800000 37.220450
-71.700000 37.289281
-71.600000 37.358176
-71.500000 37.427134
-71.400000 37.496156
-71.300000 37.565241
-71.200000 37.634390
-71.100000 37.703603
-71.000000 37.772879
-70.900000 37.842219
-70.800000 37.911623
-70.700000 37.981090
-70.600000 38.050620
-70.500000 38.120214
-70.400000 38.189872
-70.300000 38.259593
-70.200000 38.329378
-70.100000 38.399227
-70.000000 38.469139
-69.900000 38.539115
-69.800000 38.609154
-69.700000 38.679257
-69.600000 38.749423
-69.500000 38.819653
-69.400000 38.889947
-69.300000 38.960304
-69.200000 39.030725
-69.100000 39.101209
-69.000000 39.171757
-68.900000 39.242369
-68.800000 39.313044
-68.700000 39.383782
-68.600000 39.454585
-68.500000 39.525451
-68.400000 39.596380
-68.300000 39.667373
-68.200000 39.738430
-68.100000 39.809550
-68.000000 39.880734
-67.900000 39.951981
-67.800000 40.023292
-67.700000 40.094667
-67.600000 40.166105
-67.500000 40.237607
-67.400000 40.309172
-67.300000 40.380801
-67.200000 40.452493
-67.100000 40.524249
-67.000000 40.596069
-66.900000 40.667952
-66.800000 40.739899
-66.700000 40.811909
-66.600000 40.883983
-66.500000 40.956121
-66.400000 41.028322
-66.300000 41.100587
-66.200000 41.172915
-66.100000 41.245307
-66.000000 41.317763
-65.900000 41.390282
-65.800000 41.462865
-65.700000 41.535511
-65.600000 41.608221
-65.500000 41.680994
-65.400000 41.753831
-65.300000 41.826732
-65.200000 41.899696
-65.100000 41.972724
-65.000000 42.045815
-64.900000 42.118970
-64.800000 42.192189
-64.700000 42.265471
-64.600000 42.338816
-64.500000 42.412226
-64.400000 42.485699
-64.300000 42.559235
-64.200000 42.632835
-64.100000 42.706499
-64.000000 42.780226
-63.900000 42.854017
-63.800000 42.927871
-63.700000 43.001789
-63.600000 43.075771
-63.500000 43.149816
-63.400000 43.223925
-63.300000 43.298097
-63.200000 43.372333
-63.100000 43.446632
-63.000000 43.520995
-62.900000 43.595422
-62.800000 43.669912
-62.700000 43.744466
-62.600000 43.819083
-62.500000 43.893764
-62.400000 43.968509
-62.300000 44.043317
-62.200000 44.118189
-62.100000 44.193124
-62.000000 44.268123
-61.900000 44.343186
-61.800000 44.418312
-61.700000 44.493501
-61.600000 44.568755
-61.500000 44.644072
-61.400000 44.719452
-61.300000 44.794896
-61.200000 44.870404
-61.100000 44.945975
-61.000000 45.021610
-60.900000 45.097308
-60.800000 45.173070
-60.700000 45.248895
-60.600000 45.324785
-60.500000 45.400737
-60.400000 45.476754
-60.300000 45.552833
-60.200000 45.628977
-60.100000 45.705184
-60.000000 45.781455
-59.900000 45.857789
-59.800000 45.934187
-59.700000 46.010648
-59.600000 46.087173
-59.500000 46.163762
-59.400000 46.240414
-59.300000 46.317129
-59.200000 46.393909
-59.100000 46.470752
-59.000000 46.547658
-58.900000 46.624628
-58.800000 46.701662
-58.700000 46.778759
-58.600000 46.855920
-58.500000 46.933144
-58.400000 47.010432
-58.300000 47.087784
-58.200000 47.165199
-58.100000 47.242678
-58.000000 47.320220
-57.900000 47.397826
-57.800000 47.475496
-57.700000 47.553229
-57.600000 47.631025
-57.500000 47.708886
-57.400000 47.786809
-57.300000 47.864797
-57.200000 47.942848
-57.100000 48.020963
-57.000000 48.099141
-56.900000 48.177383
-56.800000 48.255688
-56.700000 48.334057
-56.600000 48.412489
-56.500000 48.490985
-56.400000 48.569545
-56.300000 48.648168
-56.200000 48.726855
-56.100000 48.805606
-56.000000 48.884420
-55.900000 48.963297
-55.800000 49.042239
-55.700000 49.121243
-55.600000 49.200312
-55.500000 49.279444
-55.400000 49.358639
-55.300000 49.437899
-55.200000 49.517221
-55.100000 49.596608
-55.000000 49.676058
-54.900000 49.755571
-54.800000 49.835148
-54.700000 49.914789
-54.600000 49.994493
-54.500000 50.074261
-54.400000 50.154092
-54.300000 50.233987
-54.200000 50.313946
-54.100000 50.393968
-54.000000 50.474054
-53.900000 50.554203
-53.800000 50.634416
-53.700000 50.714692
-53.600000 50.795033
-53.500000 50.875436
-53.400000 50.955903
-53.300000 51.036434
-53.200000 51.117029
-53.100000 51.197687
-53.000000 51.278408
-52.900000 51.359194
-52.800000 51.440042
-52.700000 51.520955
-52.600000 51.601931
-52.500000 51.682970
-52.400000 51.764073
-52.300000 51.845240
-52.200000 51.926470
-52.100000 52.007764
-52.000000 52.089122
-51.900000 52.170543
-51.800000 52.252027
-51.700000 52.333576
-51.600000 52.415187
-51.500000 52.496863
-51.400000 52.578602
-51.300000 52.660404
-51.200000 52.742270
-51.100000 52.824200
-51.000000 52.906193
-50.900000 52.988250
-50.800000 53.070371
-50.700000 53.152555
-50.600000 53.234803
-50.500000 53.317114
-50.400000 53.399489
-50.300000 53.481927
-50.200000 53.564429
-50.100000 53.646995
-50.000000 53.729624
-49.900000 53.812317
-49.800000 53.895073
-49.700000 53.977893
-49.600000 54.060776
-49.500000 54.143723
-49.400000 54.226734
-49.300000 54.309808
-49.200000 54.392946
-49.100000 54.476148
-49.000000 54.559413
-48.900000 54.642741
-48.800000 54.726133
-48.700000 54.809589
-48.600000 54.893109
-48.500000 54.976692
-48.400000 55.060338
-48.300000 55.144048
-48.200000 55.227822
-48.100000 55.311659
-48.000000 55.395560
-47.900000 55.479525
-47.800000 55.563553
-47.700000 55.647644
-47.600000 55.731799
-47.500000 55.816018
-47.400000 55.900301
-47.300000 55.984647
-47.200000 56.069056
-47.100000 56.153529
-47.000000 56.238066
-46.900000 56.322666
-46.800000 56.407330
-46.700000 56.492058
-46.600000 56.576849
-46.500000 56.661703
-46.400000 56.746622
-46.300000 56.831603
-46.200000 56.916649
-46.100000 57.001758
-46.000000 57.086930
-45.900000 57.172167
-45.800000 57.257466
-45.700000 57.342830
-45.600000 57.428257
-45.500000 57.513747
-45.400000 57.599301
-45.300000 57.684919
-45.200000 57.770600
-45.100000 57.856345
-45.000000 57.942153
-44.900000 58.028025
-44.800000 58.113961
-44.700000 58.199960
-44.600000 58.286023
-44.500000 58.372149
-44.400000 58.458339
-44.300000 58.544593
-44.200000 58.630910
-44.100000 58.717291
-44.000000 58.803735
-43.900000 58.890243
-43.800000 58.976814
-43.700000 59.063449
-43.600000 59.150148
-43.500000 59.236910
-43.400000 59.323736
-43.300000 59.410625
-43.200000 59.497578
-43.100000 59.584595
-43.000000 59.671675
-42.900000 59.758819
-42.800000 59.846026
-42.700000 59.933297
-42.600000 60.020632
-42.500000 60.108030
-42.400000 60.195491
-42.300000 60.283016
-42.200000 60.370605
-42.100000 60.458258
-42.000000 60.545974
-41.900000 60.633753
-41.800000 60.721596
-41.700000 60.809503
-41.600000 60.897474
-41.500000 60.985507
-41.400000 61.073605
-41.300000 61.161766
-41.200000 61.249991
-41.100000 61.338279
-41.000000 61.426631
-40.900000 61.515046
-40.800000 61.603525
-40.700000 61.692068
-40.600000 61.780674
-40.500000 61.869344
-40.400000 61.958077
-40.300000 62.046874
-40.200000 62.135735
-40.100000 62.224659
-40.000000 62.313647
-39.900000 62.402698
-39.800000 62.491813
-39.700000 62.580991
-39.600000 62.670233
-39.500000 62.759539
-39.400000 62.848908
-39.300000 62.938341
-39.200000 63.027837
-39.100000 63.117397
-39.000000 63.207021
-38.900000 63.296708
-38.800000 63.386459
-38.700000 63.476273
-38.600000 63.566151
-38.500000 63.656092
-38.400000 63.746097
-38.300000 63.836166
-38.200000 63.926298
-38.100000 64.016494
-38.000000 64.106754
-37.900000 64.197076
-37.800000 64.287463
-37.700000 64.377913
-37.600000 64.468427
-37.500000 64.559004
-37.400000 64.649645
-37.300000 64.740350
-37.200000 64.831118
-37.100000 64.921950
-37.000000 65.012845
-36.900000 65.103804
-36.800000 65.194826
-36.700000 65.285912
-36.600000 65.377062
-36.500000 65.468275
-36.400000 65.559552
-36.300000 65.650892
-36.200000 65.742296
-36.100000 65.833763
-36.000000 65.925295
-35.900000 66.016889
-35.800000 66.108548
-35.700000 66.200269
-35.600000 66.292055
-35.500000 66.383904
-35.400000 66.475817
-35.300000 66.567793
-35.200000 66.659833
-35.100000 66.751936
-35.000000 66.844103
-34.900000 66.936334
-34.800000 67.028628
-34.700000 67.120985
-34.600000 67.213407
-34.500000 67.305892
-34.400000 67.398440
-34.300000 67.491052
-34.200000 67.583728
-34.100000 67.676467
-34.000000 67.769270
-33.900000 67.862136
-33.800000 67.955066
-33.700000 68.048060
-33.600000 68.141117
-33.500000 68.234238
-33.400000 68.327422
-33.300000 68.420670
-33.200000 68.513982
-33.100000 68.607357
-33.000000 68.700795
-32.900000 68.794298
-32.800000 68.887863
-32.700000 68.981493
-32.600000 69.075186
-32.500000 69.168942
-32.400000 69.262763
-32.300000 69.356646
-32.200000 69.450594
-32.100000 69.544605
-32.000000 69.638679
-31.900000 69.732817
-31.800000 69.827019
-31.700000 69.921284
-31.600000 70.015613
-31.500000 70.110006
-31.400000 70.204462
-31.300000 70.298981
-31.200000 70.393565
-31.100000 70.488211
-31.000000 70.582922
-30.900000 70.677696
-30.800000 70.772533
-30.700000 70.867434
-30.600000 70.962399
-30.500000 71.057427
-30.400000 71.152519
-30.300000 71.247675
-30.200000 71.342894
-30.100000 71.438177
-30.000000 71.533523
-29.900000 71.628933
-29.800000 71.724406
-29.700000 71.819943
-29.600000 71.915544
-29.500000 72.011208
-29.400000 72.106936
-29.300000 72.202727
-29.200000 72.298582
-29.100000 72.394500
-29.000000 72.490482
-28.900000 72.586528
-28.800000 72.682637
-28.700000 72.778810
-28.600000 72.875047
-28.500000 72.971347
-28.400000 73.067710
-28.300000 73.164137
-28.200000 73.260628
-28.100000 73.357183
-28.000000 73.453800
-27.900000 73.550482
-27.800000 73.647227
-27.700000 73.744036
-27.600000 73.840908
-27.500000 73.937844
-27.400000 74.034843
-27.300000 74.131906
-27.200000 74.229033
-27.100000 74.326223
-27.000000 74.423477
-26.900000 74.520795
-26.800000 74.618175
-26.700000 74.715620
-26.600000 74.813128
-26.500000 74.910700
-26.400000 75.008335
-26.300000 75.106034
-26.200000 75.203797
-26.100000 75.301623
-26.000000 75.399512
-25.900000 75.497466
-25.800000 75.595482
-25.700000 75.693563
-25.600000 75.791707
-25.500000 75.889914
-25.400000 75.988186
-25.300000 76.086520
-25.200000 76.184919
-25.100000 76.283381
-25.000000 76.381906
-24.900000 76.480495
-24.800000 76.579148
-24.700000 76.677864
-24.600000 76.776644
-24.500000 76.875487
-24.400000 76.974394
-24.300000 77.073365
-24.200000 77.172399
-24.100000 77.271497
-24.000000 77.370658
-23.900000 77.469883
-23.800000 77.569172
-23.700000 77.668524
-23.600000 77.767940
-23.500000 77.867419
-23.400000 77.966962
-23.300000 78.066568
-23.200000 78.166238
-23.100000 78.265972
-23.000000 78.365769
-22.900000 78.465630
-22.800000 78.565554
-22.700000 78.665542
-22.600000 78.765594
-22.500000 78.865709
-22.400000 78.965888
-22.300000 79.066130
-22.200000 79.166436
-22.100000 79.266805
-22.000000 79.367238
-21.900000 79.467735
-21.800000 79.568295
-21.700000 79.668919
-21.600000 79.769606
-21.500000 79.870357
-21.400000 79.971172
-21.300000 80.072050
-21.200000 80.172992
-21.100000 80.273997
-21.000000 80.375066
-20.900000 80.476199
-20.800000 80.577395
-20.700000 80.678654
-20.600000 80.779978
-20.500000 80.881365
-20.400000 80.982815
-20.300000 81.084329
-20.200000 81.185907
-20.100000 81.287548
-20.000000 81.389253
-19.900000 81.491021
-19.800000 81.592853
-19.700000 81.694748
-19.600000 81.796708
-19.500000 81.898730
-19.400000 82.000817
-19.300000 82.102966
-19.200000 82.205180
-19.100000 82.307457
-19.000000 82.409798
-18.900000 82.512202
-18.800000 82.614670
-18.700000 82.717201
-18.600000 82.819796
-18.500000 82.922454
-18.400000 83.025177
-18.300000 83.127962
-18.200000 83.230812
-18.100000 83.333725
-18.000000 83.436701
-17.900000 83.539741
-17.800000 83.642845
-17.700000 83.746012
-17.600000 83.849243
-17.500000 83.952537
-17.400000 84.055895
-17.300000 84.159317
-17.200000 84.262802
-17.100000 84.366351
-17.000000 84.469963
-16.900000 84.573639
-16.800000 84.677378
-16.700000 84.781182
-16.600000 84.885048
-16.500000 84.988978
-16.400000 85.092972
-16.300000 85.197030
-16.200000 85.301151
-16.100000 85.405335
-16.000000 85.509584
-15.900000 85.613895
-15.800000 85.718271
-15.700000 85.822710
-15.600000 85.927212
-15.500000 86.031778
-15.400000 86.136408
-15.300000 86.241101
-15.200000 86.345858
-15.100000 86.450679
-15.000000 86.555563
-14.900000 86.660510
-14.800000 86.765521
-14.700000 86.870596
-14.600000 86.975735
-14.500000 87.080937
-14.400000 87.186202
-14.300000 87.291531
-14.200000 87.396924
-14.100000 87.502380
-14.000000 87.607900
-13.900000 87.713484
-13.800000 87.819131
-13.700000 87.924841
-13.600000 88.030616
-13.500000 88.136453
-13.400000 88.242355
-13.300000 88.348320
-13.200000 88.454348
-13.100000 88.560441
-13.000000 88.666596
-12.900000 88.772816
-12.800000 88.879099
-12.700000 88.985445
-12.600000 89.091855
-12.500000 89.198329
-12.400000 89.304866
-12.300000 89.411467
-12.200000 89.518131
-12.100000 89.624859
-12.000000 89.731651
-11.900000 89.838506
-11.800000 89.945425
-11.700000 90.052407
-11.600000 90.159453
-11.500000 90.266563
-11.400000 90.373736
-11.300000 90.480973
-11.200000 90.588273
-11.100000 90.695637
-11.000000 90.803064
-10.900000 90.910555
-10.800000 91.018110
-10.700000 91.125728
-10.600000 91.233410
-10.500000 91.341155
-10.400000 91.448964
-10.300000 91.556837
-10.200000 91.664773
-10.100000 91.772773
-10.000000 91.880836
-9.900000 91.988963
-9.800000 92.097153
-9.700000 92.205407
-9.600000 92.313725
-9.500000 92.422106
-9.400000 92.530551
-9.300000 92.639060
-9.200000 92.747631
-9.100000 92.856267
-9.000000 92.964966
-8.900000 93.073729
-8.800000 93.182555
-8.700000 93.291445
-8.600000 93.400399
-8.500000 93.509416
-8.400000 93.618496
-8.300000 93.727641
-8.200000 93.836849
-8.100000 93.946120
-8.000000 94.055455
-7.900000 94.164854
-7.800000 94.274316
-7.700000 94.383842
-7.600000 94.493431
-7.500000 94.603084
-7.400000 94.712800
-7.300000 94.822581
-7.200000 94.932424
-7.100000 95.042332
-7.000000 95.152302
-6.900000 95.262337
-6.800000 95.372435
-6.700000 95.482597
-6.600000 95.592822
-6.500000 95.703111
-6.400000 95.813463
-6.300000 95.923879
-6.200000 96.034358
-6.100000 96.144902
-6.000000 96.255508
-5.900000 96.366179
-5.800000 96.476912
-5.700000 96.587710
-5.600000 96.698571
-5.500000 96.809496
-5.400000 96.920484
-5.300000 97.031536
-5.200000 97.142651
-5.100000 97.253830
-5.000000 97.365073
-4.900000 97.476379
-4.800000 97.587749
-4.700000 97.699182
-4.600000 97.810679
-4.500000 97.922239
-4.400000 98.033863
-4.300000 98.145551
-4.200000 98.257302
-4.100000 98.369117
-4.000000 98.480996
-3.900000 98.592938
-3.800000 98.704943
-3.700000 98.817012
-3.600000 98.929145
-3.500000 99.041342
-3.400000 99.153602
-3.300000 99.265925
-3.200000 99.378312
-3.100000 99.490763
-3.000000 99.603277
-2.900000 99.715855
-2.800000 99.828496
-2.700000 99.941202
-2.600000 100.053970
-2.500000 100.166802
-2.400000 100.279698
-2.300000 100.392658
-2.200000 100.505680
-2.100000 100.618767
-2.000000 100.731917
-1.900000 100.845131
-1.800000 100.958408
-1.700000 101.071749
-1.600000 101.185154
-1.500000 101.298622
-1.400000 101.412153
-1.300000 101.525749
-1.200000 101.639407
-1.100000 101.753130
-1.000000 101.866916
-0.900000 101.980765
-0.800000 102.094678
-0.700000 102.208655
-0.600000 102.322696
-0.500000 102.436799
-0.400000 102.550967
-0.300000 102.665198
-0.200000 102.779493
-0.100000 102.893851
-0.000000 103.008273
0.100000 102.893851
0.200000 102.779493
0.300000 102.665198
0.400000 102.550967
0.500000 102.436799
0.600000 102.322696
0.700000 102.208655
0.800000 102.094678
0.900000 101.980765
1.000000 101.866916
1.100000 101.753130
1.200000 101.639407
1.300000 101.525749
1.400000 101.412153
1.500000 101.298622
1.600000 101.185154
1.700000 101.071749
1.800000 100.958408
1.900000 100.845131
2.000000 100.731917
2.100000 100.618767
2.200000 100.505680
2.300000 100.392658
2.400000 100.279698
2.500000 100.166802
2.600000 100.053970
2.700000 99.941202
2.800000 99.828496
2.900000 99.715855
3.000000 99.603277
3.100000 99.490763
3.200000 99.378312
3.300000 99.265925
3.400000 99.153602
3.500000 99.041342
3.600000 98.929145
3.700000 98.817012
3.800000 98.704943
3.900000 98.592938
4.000000 98.480996
4.100000 98.369117
4.200000 98.257302
4.300000 98.145551
4.400000 98.033863
4.500000 97.922239
4.600000 97.810679
4.700000 97.699182
4.800000 97.587749
4.900000 97.476379
5.000000 97.365073
5.100000 97.253830
5.200000 97.142651
5.300000 97.031536
5.400000 96.920484
5.500000 96.809496
5.600000 96.698571
5.700000 96.587710
5.800000 96.476912
5.900000 96.366179
6.000000 96.255508
6.100000 96.144902
6.200000 96.034358
6.300000 95.923879
6.400000 95.813463
6.500000 95.703111
6.600000 95.592822
6.700000 95.482597
6.800000 95.372435
6.900000 95.262337
7.000000 95.152302
7.100000 95.042332
7.200000 94.932424
7.300000 94.822581
7.400000 94.712800
7.500000 94.603084
7.600000 94.493431
7.700000 94.383842
7.800000 94.274316
7.900000 94.164854
8.000000 94.055455
8.100000 93.946120
8.200000 93.836849
8.300000 93.727641
8.400000 93.618496
8.500000 93.509416
8.600000 93.400399
8.700000 93.291445
8.800000 93.182555
8.900000 93.073729
9.000000 92.964966
9.100000 92.856267
9.200000 92.747631
9.300000 92.639060
9.400000 92.530551
9.500000 92.422106
9.600000 92.313725
9.700000 92.205407
9.800000 92.097153
9.900000 91.988963
10.000000 91.880836
10.100000 91.772773
10.200000 91.664773
10.300000 91.556837
10.400000 91.448964
10.500000 91.341155
10.600000 91.233410
10.700000 91.125728
10.800000 91.018110
10.900000 90.910555
11.000000 90.803064
11.100000 90.695637
11.200000 90.588273
11.300000 90.480973
11.400000 90.373736
11.500000 90.266563
11.600000 90.159453
11.700000 90.052407
11.800000 89.945425
11.900000 89.838506
12.000000 89.731651
12.100000 89.624859
12.200000 89.518131
12.300000 89.411467
12.400000 89.304866
12.500000 89.198329
12.600000 89.091855
12.700000 88.985445
12.800000 88.879099
12.900000 88.772816
13.000000 88.666596
13.100000 88.560441
13.200000 88.454348
13.300000 88.348320
13.400000 88.242355
13.500000 88.136453
13.600000 88.030616
13.700000 87.924841
13.800000 87.819131
13.900000 87.713484
14.000000 87.607900
14.100000 87.502380
14.200000 87.396924
14.300000 87.291531
14.400000 87.186202
14.500000 87.080937
14.600000 86.975735
14.700000 86.870596
14.800000 86.765521
14.900000 86.660510
15.000000 86.555563
15.100000 86.450679
15.200000 86.345858
15.300000 86.241101
15.400000 86.136408
15.500000 86.031778
15.600000 85.927212
15.700000 85.822710
15.800000 85.718271
15.900000 85.613895
16.000000 85.509584
16.100000 85.405335
16.200000 85.301151
16.300000 85.197030
16.400000 85.092972
16.500000 84.988978
16.600000 84.885048
16.700000 84.781182
16.800000 84.677378
16.900000 84.573639
17.000000 84.469963
17.100000 84.366351
17.200000 84.262802
17.300000 84.159317
17.400000 84.055895
17.500000 83.952537
17.600000 83.849243
17.700000 83.746012
17.800000 83.642845
17.900000 83.539741
18.000000 83.436701
18.100000 83.333725
18.200000 83.230812
18.300000 83.127962
18.400000 83.025177
18.500000 82.922454
18.600000 82.819796
18.700000 82.717201
18.800000 82.614670
18.900000 82.512202
19.000000 82.409798
19.100000 82.307457
19.200000 82.205180
19.300000 82.102966
19.400000 82.000817
19.500000 81.898730
19.600000 81.796708
19.700000 81.694748
19.800000 81.592853
19.900000 81.491021
20.000000 81.389253
20.100000 81.287548
20.200000 81.185907
20.300000 81.084329
20.400000 80.982815
20.500000 80.881365
20.600000 80.779978
20.700000 80.678654
20.800000 80.577395
20.900000 80.476199
21.000000 80.375066
21.100000 80.273997
21.200000 80.172992
21.300000 80.072050
21.400000 79.971172
21.500000 79.870357
21.600000 79.769606
21.700000 79.668919
21.800000 79.568295
21.900000 79.467735
22.000000 79.367238
22.100000 79.266805
22.200000 79.166436
22.300000 79.066130
22.400000 78.965888
22.500000 78.865709
22.600000 78.765594
22.700000 78.665542
22.800000 78.565554
22.900000 78.465630
23.000000 78.365769
23.100000 78.265972
23.200000 78.166238
23.300000 78.066568
23.400000 77.966962
23.500000 77.867419
23.600000 77.767940
23.700000 77.668524
23.800000 77.569172
23.900000 77.469883
24.000000 77.370658
24.100000 77.271497
24.200000 77.172399
24.300000 77.073365
24.400000 76.974394
24.500000 76.875487
24.600000 76.776644
24.700000 76.677864
24.800000 76.579148
24.900000 76.480495
25.000000 76.381906
25.100000 76.283381
25.200000 76.184919
25.300000 76.086520
25.400000 75.988186
25.500000 75.889914
25.600000 75.791707
25.700000 75.693563
25.800000 75.595482
25.900000 75.497466
26.000000 75.399512
26.100000 75.301623
26.200000 75.203797
26.300000 75.106034
26.400000 75.008335
26.500000 74.910700
26.600000 74.813128
26.700000 74.715620
26.800000 74.618175
26.900000 74.520795
27.000000 74.423477
27.100000 74.326223
27.200000 74.229033
27.300000 74.131906
27.400000 74.034843
27.500000 73.937844
27.600000 73.840908
27.700000 73.744036
27.800000 73.647227
27.900000 73.550482
28.000000 73.453800
28.100000 73.357183
28.200000 73.260628
28.300000 73.164137
28.400000 73.067710
28.500000 72.971347
28.600000 72.875047
28.700000 72.778810
28.800000 72.682637
28.900000 72.586528
29.000000 72.490482
29.100000 72.394500
29.200000 72.298582
29.300000 72.202727
29.400000 72.106936
29.500000 72.011208
29.600000 71.915544
29.700000 71.819943
29.800000 71.724406
29.900000 71.628933
30.000000 71.533523
30.100000 71.438177
30.200000 71.342894
30.300000 71.247675
30.400000 71.152519
30.500000 71.057427
30.600000 70.962399
30.700000 70.867434
30.800000 70.772533
30.900000 70.677696
31.000000 70.582922
31.100000 70.488211
31.200000 70.393565
31.300000 70.298981
31.400000 70.204462
31.500000 70.110006
31.600000 70.015613
31.700000 69.921284
31.800000 69.827019
31.900000 69.732817
32.000000 69.638679
32.100000 69.544605
32.200000 69.450594
32.300000 69.356646
32.400000 69.262763
32.500000 69.168942
32.600000 69.075186
32.700000 68.981493
32.800000 68.887863
32.900000 68.794298
33.000000 68.700795
33.100000 68.607357
33.200000 68.513982
33.300000 68.420670
33.400000 68.327422
33.500000 68.234238
33.600000 68.141117
33.700000 68.048060
33.800000 67.955066
33.900000 67.862136
34.000000 67.769270
34.100000 67.676467
34.200000 67.583728
34.300000 67.491052
34.400000 67.398440
34.500000 67.305892
34.600000 67.213407
34.700000 67.120985
34.800000 67.028628
34.900000 66.936334
35.000000 66.844103
35.100000 66.751936
35.200000 66.659833
35.300000 66.567793
35.400000 66.475817
35.500000 66.383904
35.600000 66.292055
35.700000 66.200269
35.800000 66.108548
35.900000 66.016889
36.000000 65.925295
36.100000 65.833763
36.200000 65.742296
36.300000 65.650892
36.400000 65.559552
36.500000 65.468275
36.600000 65.377062
36.700000 65.285912
36.800000 65.194826
36.900000 65.103804
37.000000 65.012845
37.100000 64.921950
37.200000 64.831118
37.300000 64.740350
37.400000 64.649645
37.500000 64.559004
37.600000 64.468427
37.700000 64.377913
37.800000 64.287463
37.900000 64.197076
38.000000 64.106754
38.100000 64.016494
38.200000 63.926298
38.300000 63.836166
38.400000 63.746097
38.500000 63.656092
38.600000 63.566151
38.700000 63.476273
38.800000 63.386459
38.900000 63.296708
39.000000 63.207021
39.100000 63.117397
39.200000 63.027837
39.300000 62.938341
39.400000 62.848908
39.500000 62.759539
39.600000 62.670233
39.700000 62.580991
39.800000 62.491813
39.900000 62.402698
40.000000 62.313647
40.100000 62.224659
40.200000 62.135735
40.300000 62.046874
40.400000 61.958077
40.500000 61.869344
40.600000 61.780674
40.700000 61.692068
40.800000 61.603525
40.900000 61.515046
41.000000 61.426631
41.100000 61.338279
41.200000 61.249991
41.300000 61.161766
41.400000 61.073605
41.500000 60.985507
41.600000 60.897474
41.700000 60.809503
41.800000 60.721596
41.900000 60.633753
42.000000 60.545974
42.100000 60.458258
42.200000 60.370605
42.300000 60.283016
42.400000 60.195491
42.500000 60.108030
42.600000 60.020632
42.700000 59.933297
42.800000 59.846026
42.900000 59.758819
43.000000 59.671675
43.100000 59.584595
43.200000 59.497578
43.300000 59.410625
43.400000 59.323736
43.500000 59.236910
43.600000 59.150148
43.700000 59.063449
43.800000 58.976814
43.900000 58.890243
44.000000 58.803735
44.100000 58.717291
44.200000 58.630910
44.300000 58.544593
44.400000 58.458339
44.500000 58.372149
44.600000 58.286023
44.700000 58.199960
44.800000 58.113961
44.900000 58.028025
45.000000 57.942153
45.100000 57.856345
45.200000 57.770600
45.300000 57.684919
45.400000 57.599301
45.500000 57.513747
45.600000 57.428257
45.700000 57.342830
45.800000 57.257466
45.900000 57.172167
46.000000 57.086930
46.100000 57.001758
46.200000 56.916649
46.300000 56.831603
46.400000 56.746622
46.500000 56.661703
46.600000 56.576849
46.700000 56.492058
46.800000 56.407330
46.900000 56.322666
47.000000 56.238066
47.100000 56.153529
47.200000 56.069056
47.300000 55.984647
47.400000 55.900301
47.500000 55.816018
47.600000 55.731799
47.700000 55.647644
47.800000 55.563553
47.900000 55.479525
48.000000 55.395560
48.100000 55.311659
48.200000 55.227822
48.300000 55.144048
48.400000 55.060338
48.500000 54.976692
48.600000 54.893109
48.700000 54.809589
48.800000 54.726133
48.900000 54.642741
49.000000 54.559413
49.100000 54.476148
49.200000 54.392946
49.300000 54.309808
49.400000 54.226734
49.500000 54.143723
49.600000 54.060776
49.700000 53.977893
49.800000 53.895073
49.900000 53.812317
50.000000 53.729624
50.100000 53.646995
50.200000 53.564429
50.300000 53.481927
50.400000 53.399489
50.500000 53.317114
50.600000 53.234803
50.700000 53.152555
50.800000 53.070371
50.900000 52.988250
51.000000 52.906193
51.100000 52.824200
51.200000 52.742270
51.300000 52.660404
51.400000 52.578602
51.500000 52.496863
51.600000 52.415187
51.700000 52.333576
51.800000 52.252027
51.900000 52.170543
52.000000 52.089122
52.100000 52.007764
52.200000 51.926470
52.300000 51.845240
52.400000 51.764073
52.500000 51.682970
52.600000 51.601931
52.700000 51.520955
52.800000 51.440042
52.900000 51.359194
53.000000 51.278408
53.100000 51.197687
53.200000 51.117029
53.300000 51.036434
53.400000 50.955903
53.500000 50.875436
53.600000 50.795033
53.700000 50.714692
53.800000 50.634416
53.900000 50.554203
54.000000 50.474054
54.100000 50.393968
54.200000 50.313946
54.300000 50.233987
54.400000 50.154092
54.500000 50.074261
54.600000 49.994493
54.700000 49.914789
54.800000 49.835148
54.900000 49.755571
55.000000 49.676058
55.100000 49.596608
55.200000 49.517221
55.300000 49.437899
55.400000 49.358639
55.500000 49.279444
55.600000 49.200312
55.700000 49.121243
55.800000 49.042239
55.900000 48.963297
56.000000 48.884420
56.100000 48.805606
56.200000 48.726855
56.300000 48.648168
56.400000 48.569545
56.500000 48.490985
56.600000 48.412489
56.700000 48.334057
56.800000 48.255688
56.900000 48.177383
57.000000 48.099141
57.100000 48.020963
57.200000 47.942848
57.300000 47.864797
57.400000 47.786809
57.500000 47.708886
57.600000 47.631025
57.700000 47.553229
57.800000 47.475496
57.900000 47.397826
58.000000 47.320220
58.100000 47.242678
58.200000 47.165199
58.300000 47.087784
58.400000 47.010432
58.500000 46.933144
58.600000 46.855920
58.700000 46.778759
58.800000 46.701662
58.900000 46.624628
59.000000 46.547658
59.100000 46.470752
59.200000 46.393909
59.300000 46.317129
59.400000 46.240414
59.500000 46.163762
59.600000 46.087173
59.700000 46.010648
59.800000 45.934187
59.900000 45.857789
60.000000 45.781455
60.100000 45.705184
60.200000 45.628977
60.300000 45.552833
60.400000 45.476754
60.500000 45.400737
60.600000 45.324785
60.700000 45.248895
60.800000 45.173070
60.900000 45.097308
61.000000 45.021610
61.100000 44.945975
61.200000 44.870404
61.300000 44.794896
61.400000 44.719452
61.500000 44.644072
61.600000 44.568755
61.700000 44.493501
61.800000 44.418312
61.900000 44.343186
62.000000 44.268123
62.100000 44.193124
62.200000 44.118189
62.300000 44.043317
62.400000 43.968509
62.500000 43.893764
62.600000 43.819083
62.700000 43.744466
62.800000 43.669912
62.900000 43.595422
63.000000 43.520995
63.100000 43.446632
63.200000 43.372333
63.300000 43.298097
63.400000 43.223925
63.500000 43.149816
63.600000 43.075771
63.700000 43.001789
63.800000 42.927871
63.900000 42.854017
64.000000 42.780226
64.100000 42.706499
64.200000 42.632835
64.300000 42.559235
64.400000 42.485699
64.500000 42.412226
64.600000 42.338816
64.700000 42.265471
64.800000 42.192189
64.900000 42.118970
65.000000 42.045815
65.100000 41.972724
65.200000 41.899696
65.300000 41.826732
65.400000 41.753831
65.500000 41.680994
65.600000 41.608221
65.700000 41.535511
65.800000 41.462865
65.900000 41.390282
66.000000 41.317763
66.100000 41.245307
66.200000 41.172915
66.300000 41.100587
66.400000 41.028322
66.500000 40.956121
66.600000 40.883983
66.700000 40.811909
66.800000 40.739899
66.900000 40.667952
67.000000 40.596069
67.100000 40.524249
67.200000 40.452493
67.300000 40.380801
67.400000 40.309172
67.500000 40.237607
67.600000 40.166105
67.700000 40.094667
67.800000 40.023292
67.900000 39.951981
68.000000 39.880734
68.100000 39.809550
68.200000 39.738430
68.300000 39.667373
68.400000 39.596380
68.500000 39.525451
68.600000 39.454585
68.700000 39.383782
68.800000 39.313044
68.900000 39.242369
69.000000 39.171757
69.100000 39.101209
69.200000 39.030725
69.300000 38.960304
69.400000 38.889947
69.500000 38.819653
69.600000 38.749423
69.700000 38.679257
69.800000 38.609154
69.900000 38.539115
70.000000 38.469139
70.100000 38.399227
70.200000 38.329378
70.300000 38.259593
70.400000 38.189872
70.500000 38.120214
70.600000 38.050620
70.700000 37.981090
70.800000 37.911623
70.900000 37.842219
71.000000 37.772879
71.100000 37.703603
71.200000 37.634390
71.300000 37.565241
71.400000 37.496156
71.500000 37.427134
71.600000 37.358176
71.700000 37.289281
71.800000 37.220450
71.900000 37.151682
72.000000 37.082978
72.100000 37.014338
72.200000 36.945761
72.300000 36.877248
72.400000 36.808798
72.500000 36.740412
72.600000 36.672090
72.700000 36.603831
72.800000 36.535635
72.900000 36.467504
73.000000 36.399436
73.100000 36.331431
73.200000 36.263490
73.300000 36.195613
73.400000 36.127799
73.500000 36.060049
73.600000 35.992362
73.700000 35.924739
73.800000 35.857180
73.900000 35.789684
74.000000 35.722252
74.100000 35.654883
74.200000 35.587578
74.300000 35.520336
74.400000 35.453158
74.500000 35.386044
74.600000 35.318993
74.700000 35.252006
74.800000 35.185083
74.900000 35.118223
75.000000 35.051426
75.100000 34.984693
75.200000 34.918024
75.300000 34.851418
75.400000 34.784876
75.500000 34.718398
75.600000 34.651983
75.700000 34.585632
75.800000 34.519344
75.900000 34.453120
76.000000 34.386959
76.100000 34.320862
76.200000 34.254829
76.300000 34.188859
76.400000 34.122953
76.500000 34.057110
76.600000 33.991331
76.700000 33.925616
76.800000 33.859964
76.900000 33.794376
77.000000 33.728851
77.100000 33.663390
77.200000 33.597992
77.300000 33.532658
77.400000 33.467388
77.500000 33.402181
77.600000 33.337038
77.700000 33.271958
77.800000 33.206942
77.900000 33.141990
78.000000 33.077101
78.100000 33.012276
78.200000 32.947514
78.300000 32.882816
78.400000 32.818181
78.500000 32.753610
78.600000 32.689103
78.700000 32.624659
78.800000 32.560279
78.900000 32.495963
79.000000 32.431710
79.100000 32.367520
79.200000 32.303394
79.300000 32.239332
79.400000 32.175333
79.500000 32.111398
79.600000 32.047527
79.700000 31.983719
79.800000 31.919975
79.900000 31.856294
80.000000 31.792677
80.100000 31.729123
80.200000 31.665633
80.300000 31.602207
80.400000 31.538844
80.500000 31.475545
80.600000 31.412309
80.700000 31.349137
80.800000 31.286029
80.900000 31.222984
81.000000 31.160003
81.100000 31.097085
81.200000 31.034231
81.300000 30.971440
81.400000 30.908713
81.500000 30.846050
81.600000 30.783450
81.700000 30.720914
81.800000 30.658441
81.900000 30.596032
82.000000 30.533687
82.100000 30.471405
82.200000 30.409187
82.300000 30.347032
82.400000 30.284941
82.500000 30.222913
82.600000 30.160949
82.700000 30.099049
82.800000 30.037212
82.900000 29.975439
83.000000 29.913730
83.100000 29.852084
83.200000 29.790501
83.300000 29.728982
83.400000 29.667527
83.500000 29.606135
83.600000 29.544807
83.700000 29.483543
83.800000 29.422342
83.900000 29.361205
84.000000 29.300131
84.100000 29.239121
84.200000 29.178174
84.300000 29.117291
84.400000 29.056472
84.500000 28.995716
84.600000 28.935024
84.700000 28.874395
84.800000 28.813830
84.900000 28.753329
85.000000 28.692891
85.100000 28.632517
85.200000 28.572206
85.300000 28.511959
85.400000 28.451775
85.500000 28.391655
85.600000 28.331599
85.700000 28.271606
85.800000 28.211677
85.900000 28.151811
86.000000 28.092009
86.100000 28.032271
86.200000 27.972596
86.300000 27.912985
86.400000 27.853437
86.500000 27.793953
86.600000 27.734532
86.700000 27.675175
86.800000 27.615882
86.900000 27.556652
87.000000 27.497486
87.100000 27.438384
87.200000 27.379345
87.300000 27.320369
87.400000 27.261457
87.500000 27.202609
87.600000 27.143824
87.700000 27.085103
87.800000 27.026446
87.900000 26.967852
88.000000 26.909322
88.100000 26.850855
88.200000 26.792452
88.300000 26.734112
88.400000 26.675836
88.500000 26.617624
88.600000 26.559475
88.700000 26.501390
88.800000 26.443368
88.900000 26.385410
89.000000 26.327516
89.100000 26.269685
89.200000 26.211917
89.300000 26.154214
89.400000 26.096574
89.500000 26.038997
89.600000 25.981484
89.700000 25.924035
89.800000 25.866649
89.900000 25.809327
90.000000 25.752068
90.100000 25.694873
90.200000 25.637742
90.300000 25.580674
90.400000 25.523670
90.500000 25.466729
90.600000 25.409852
90.700000 25.353038
90.800000 25.296288
90.900000 25.239602
91.000000 25.182979
91.100000 25.126420
91.200000 25.069925
91.300000 25.013493
91.400000 24.957124
91.500000 24.900819
91.600000 24.844578
91.700000 24.788400
91.800000 24.732286
91.900000 24.676236
92.000000 24.620249
92.100000 24.564326
92.200000 24.508466
92.300000 24.452670
92.400000 24.396937
92.500000 24.341268
92.600000 24.285663
92.700000 24.230121
92.800000 24.174643
92.900000 24.119228
93.000000 24.063877
93.100000 24.008590
93.200000 23.953366
93.300000 23.898205
93.400000 23.843109
93.500000 23.788076
93.600000 23.733106
93.700000 23.678200
93.800000 23.623358
93.900000 23.568579
94.000000 23.513864
94.100000 23.459212
94.200000 23.404624
94.300000 23.350100
94.400000 23.295639
94.500000 23.241242
94.600000 23.186908
94.700000 23.132638
94.800000 23.078431
94.900000 23.024288
95.000000 22.970209
95.100000 22.916193
95.200000 22.862241
95.300000 22.808352
95.400000 22.754527
95.500000 22.700766
95.600000 22.647068
95.700000 22.593434
95.800000 22.539863
95.900000 22.486356
96.000000 22.432913
96.100000 22.379533
96.200000 22.326217
96.300000 22.272964
96.400000 22.219775
96.500000 22.166649
96.600000 22.113587
96.700000 22.060589
96.800000 22.007654
96.900000 21.954783
97.000000 21.901975
97.100000 21.849231
97.200000 21.796551
97.300000 21.743934
97.400000 21.691380
97.500000 21.638891
97.600000 21.586465
97.700000 21.534102
97.800000 21.481803
97.900000 21.429568
98.000000 21.377396
98.100000 21.325288
98.200000 21.273243
98.300000 21.221262
98.400000 21.169345
98.500000 21.117491
98.600000 21.065700
98.700000 21.013974
98.800000 20.962311
98.900000 20.910711
99.000000 20.859175
99.100000 20.807703
99.200000 20.756294
99.300000 20.704949
99.400000 20.653667
99.500000 20.602449
99.600000 20.551295
99.700000 20.500204
99.800000 20.449177
99.900000 20.398213
100.000000 20.347313
100.100000 20.296477
100.200000 20.245704
100.300000 20.194994
100.400000 20.144349
100.500000 20.093767
100.600000 20.043248
100.700000 19.992793
100.800000 19.942402
100.900000 19.892074
101.000000 19.841810
101.100000 19.791609
101.200000 19.741472
101.300000 19.691398
101.400000 19.641389
101.500000 19.591442
101.600000 19.541560
101.700000 19.491740
101.800000 19.441985
101.900000 19.392293
102.000000 19.342665
102.100000 19.293100
102.200000 19.243599
102.300000 19.194161
102.400000 19.144787
102.500000 19.095477
102.600000 19.046230
102.700000 18.997046
102.800000 18.947927
102.900000 18.898871
103.000000 18.849878
103.100000 18.800949
103.200000 18.752084
103.300000 18.703282
103.400000 18.654544
103.500000 18.605869
103.600000 18.557258
103.700000 18.508711
103.800000 18.460227
103.900000 18.411807
104.000000 18.363450
104.100000 18.315157
104.200000 18.266928
104.300000 18.218762
104.400000 18.170659
104.500000 18.122621
104.600000 18.074645
104.700000 18.026734
104.800000 17.978886
104.900000 17.931102
105.000000 17.883381
105.100000 17.835723
105.200000 17.788130
105.300000 17.740600
105.400000 17.693133
105.500000 17.645730
105.600000 17.598391
105.700000 17.551115
105.800000 17.503903
105.900000 17.456755
106.000000 17.409670
106.100000 17.362648
106.200000 17.315691
106.300000 17.268796
106.400000 17.221966
106.500000 17.175199
106.600000 17.128495
106.700000 17.081856
106.800000 17.035279
106.900000 16.988767
107.000000 16.942317
107.100000 16.895932
107.200000 16.849610
107.300000 16.803352
107.400000 16.757157
107.500000 16.711026
107.600000 16.664958
107.700000 16.618954
107.800000 16.573014
107.900000 16.527137
108.000000 16.481324
108.100000 16.435574
108.200000 16.389888
108.300000 16.344265
108.400000 16.298707
108.500000 16.253211
108.600000 16.207779
108.700000 16.162411
108.800000 16.117107
108.900000 16.071866
109.000000 16.026688
109.100000 15.981575
109.200000 15.936524
109.300000 15.891538
109.400000 15.846615
109.500000 15.801755
109.600000 15.756959
109.700000 15.712227
109.800000 15.667558
109.900000 15.622953
110.000000 15.578412
110.100000 15.533934
110.200000 15.489519
110.300000 15.445169
110.400000 15.400881
110.500000 15.356658
110.600000 15.312498
110.700000 15.268401
110.800000 15.224368
110.900000 15.180399
111.000000 15.136493
111.100000 15.092651
111.200000 15.048873
111.300000 15.005158
111.400000 14.961507
111.500000 14.917919
111.600000 14.874395
111.700000 14.830934
111.800000 14.787537
111.900000 14.744204
112.000000 14.700934
112.100000 14.657728
112.200000 14.614585
112.300000 14.571506
112.400000 14.528490
112.500000 14.485538
112.600000 14.442650
112.700000 14.399825
112.800000 14.357064
112.900000 14.314367
113.000000 14.271733
113.100000 14.229162
113.200000 14.186655
113.300000 14.144212
113.400000 14.101833
113.500000 14.059516
113.600000 14.017264
113.700000 13.975075
113.800000 13.932950
113.900000 13.890888
114.000000 13.848890
114.100000 13.806955
114.200000 13.765085
114.300000 13.723277
114.400000 13.681533
114.500000 13.639853
114.600000 13.598237
114.700000 13.556684
114.800000 13.515194
114.900000 13.473768
115.000000 13.432406
115.100000 13.391107
115.200000 13.349872
115.300000 13.308701
115.400000 13.267593
115.500000 13.226548
115.600000 13.185568
115.700000 13.144650
115.800000 13.103797
115.900000 13.063007
116.000000 13.022280
116.100000 12.981618
116.200000 12.941018
116.300000 12.900483
116.400000 12.860011
116.500000 12.819602
116.600000 12.779257
116.700000 12.738976
116.800000 12.698758
116.900000 12.658604
117.000000 12.618513
117.100000 12.578486
117.200000 12.538523
117.300000 12.498623
117.400000 12.458787
117.500000 12.419014
117.600000 12.379305
117.700000 12.339660
117.800000 12.300078
117.900000 12.260560
118.000000 12.221105
118.100000 12.181714
118.200000 12.142386
118.300000 12.103122
118.400000 12.063922
118.500000 12.024785
118.600000 11.985712
118.700000 11.946702
118.800000 11.907756
118.900000 11.868874
119.000000 11.830055
119.100000 11.791300
119.200000 11.752608
119.300000 11.713980
119.400000 11.675415
119.500000 11.636915
119.600000 11.598477
119.700000 11.560103
119.800000 11.521793
119.900000 11.483547
120.000000 11.445364
120.100000 11.407244
120.200000 11.369188
120.300000 11.331196
120.400000 11.293267
120.500000 11.255402
120.600000 11.217601
120.700000 11.179863
120.800000 11.142189
120.900000 11.104578
121.000000 11.067031
121.100000 11.029547
121.200000 10.992127
121.300000 10.954771
121.400000 10.917478
121.500000 10.880249
121.600000 10.843083
121.700000 10.805981
121.800000 10.768943
121.900000 10.731968
122.000000 10.695056
122.100000 10.658209
122.200000 10.621425
122.300000 10.584704
122.400000 10.548047
122.500000 10.511454
122.600000 10.474924
122.700000 10.438458
122.800000 10.402055
122.900000 10.365716
123.000000 10.329441
123.100000 10.293229
123.200000 10.257081
123.300000 10.220996
123.400000 10.184975
123.500000 10.149017
123.600000 10.113123
123.700000 10.077293
123.800000 10.041526
123.900000 10.005823
124.000000 9.970183
124.100000 9.934607
124.200000 9.899095
124.300000 9.863646
124.400000 9.828261
124.500000 9.792939
124.600000 9.757681
124.700000 9.722487
124.800000 9.687356
124.900000 9.652288
125.000000 9.617285
125.100000 9.582345
125.200000 9.547468
125.300000 9.512655
125.400000 9.477906
125.500000 9.443220
125.600000 9.408598
125.700000 9.374039
125.800000 9.339544
125.900000 9.305112
126.000000 9.270745
126.100000 9.236440
126.200000 9.202200
126.300000 9.168022
126.400000 9.133909
126.500000 9.099859
126.600000 9.065873
126.700000 9.031950
126.800000 8.998091
126.900000 8.964295
127.000000 8.930563
127.100000 8.896894
127.200000 8.863290
127.300000 8.829748
127.400000 8.796271
127.500000 8.762857
127.600000 8.729506
127.700000 8.696219
127.800000 8.662996
127.900000 8.629836
128.000000 8.596740
128.100000 8.563707
128.200000 8.530738
128.300000 8.497833
128.400000 8.464991
128.500000 8.432213
128.600000 8.399498
128.700000 8.366847
128.800000 8.334259
128.900000 8.301736
129.000000 8.269275
129.100000 8.236878
129.200000 8.204545
129.300000 8.172276
129.400000 8.140070
129.500000 8.107927
129.600000 8.075849
129.700000 8.043833
129.800000 8.011882
129.900000 7.979994
130.000000 7.948169
130.100000 7.916408
130.200000 7.884711
130.300000 7.853077
130.400000 7.821507
130.500000 7.790001
130.600000 7.758558
130.700000 7.727178
130.800000 7.695863
130.900000 7.664610
131.000000 7.633422
131.100000 7.602297
131.200000 7.571235
131.300000 7.540237
131.400000 7.509303
131.500000 7.478432
131.600000 7.447625
131.700000 7.416882
131.800000 7.386202
131.900000 7.355585
132.000000 7.325033
132.100000 7.294544
132.200000 7.264118
132.300000 7.233756
132.400000 7.203458
132.500000 7.173223
132.600000 7.143051
132.700000 7.112944
132.800000 7.082900
132.900000 7.052919
133.000000 7.023002
133.100000 6.993149
133.200000 6.963359
133.300000 6.933633
133.400000 6.903971
133.500000 6.874372
133.600000 6.844836
133.700000 6.815364
133.800000 6.785956
133.900000 6.756611
134.000000 6.727330
134.100000 6.698113
134.200000 6.668959
134.300000 6.639869
134.400000 6.610842
134.500000 6.581879
134.600000 6.552979
134.700000 6.524143
134.800000 6.495371
134.900000 6.466662
135.000000 6.438017
135.100000 6.409435
135.200000 6.380917
135.300000 6.352463
135.400000 6.324072
135.500000 6.295745
135.600000 6.267481
135.700000 6.239281
135.800000 6.211145
135.900000 6.183072
136.000000 6.155062
136.100000 6.127116
136.200000 6.099234
136.300000 6.071416
136.400000 6.043661
136.500000 6.015969
136.600000 5.988341
136.700000 5.960777
136.800000 5.933277
136.900000 5.905839
137.000000 5.878466
137.100000 5.851156
137.200000 5.823910
137.300000 5.796727
137.400000 5.769608
137.500000 5.742552
137.600000 5.715560
137.700000 5.688632
137.800000 5.661767
137.900000 5.634966
138.000000 5.608228
138.100000 5.581554
138.200000 5.554944
138.300000 5.528397
138.400000 5.501913
138.500000 5.475494
138.600000 5.449138
138.700000 5.422845
138.800000 5.396616
138.900000 5.370451
139.000000 5.344349
139.100000 5.318311
139.200000 5.292336
139.300000 5.266425
139.400000 5.240578
139.500000 5.214794
139.600000 5.189074
139.700000 5.163417
139.800000 5.137824
139.900000 5.112294
140.000000 5.086828
140.100000 5.061426
140.200000 5.036087
140.300000 5.010812
140.400000 4.985600
140.500000 4.960452
140.600000 4.935368
140.700000 4.910347
140.800000 4.885390
140.900000 4.860496
141.000000 4.835666
141.100000 4.810900
141.200000 4.786197
141.300000 4.761557
141.400000 4.736982
141.500000 4.712470
141.600000 4.688021
141.700000 4.663636
141.800000 4.639315
141.900000 4.615057
142.000000 4.590863
142.100000 4.566732
142.200000 4.542665
142.300000 4.518661
142.400000 4.494721
142.500000 4.470845
142.600000 4.447032
142.700000 4.423283
142.800000 4.399598
142.900000 4.375976
143.000000 4.352417
143.100000 4.328923
143.200000 4.305491
143.300000 4.282124
143.400000 4.258820
143.500000 4.235579
143.600000 4.212403
143.700000 4.189289
143.800000 4.166240
143.900000 4.143253
144.000000 4.120331
144.100000 4.097472
144.200000 4.074677
144.300000 4.051945
144.400000 4.029277
144.500000 4.006672
144.600000 3.984131
144.700000 3.961654
144.800000 3.939240
144.900000 3.916890
145.000000 3.894603
145.100000 3.872380
145.200000 3.850220
145.300000 3.828124
145.400000 3.806092
145.500000 3.784123
145.600000 3.762218
145.700000 3.740377
145.800000 3.718599
145.900000 3.696884
146.000000 3.675233
146.100000 3.653646
146.200000 3.632123
146.300000 3.610663
146.400000 3.589266
146.500000 3.567933
146.600000 3.546664
146.700000 3.525458
146.800000 3.504316
146.900000 3.483237
147.000000 3.462223
147.100000 3.441271
147.200000 3.420383
147.300000 3.399559
147.400000 3.378799
147.500000 3.358101
147.600000 3.337468
147.700000 3.316898
147.800000 3.296392
147.900000 3.275949
148.000000 3.255570
148.100000 3.235255
148.200000 3.215003
148.300000 3.194814
148.400000 3.174690
148.500000 3.154628
148.600000 3.134631
148.700000 3.114697
148.800000 3.094826
148.900000 3.075019
149.000000 3.055276
149.100000 3.035597
149.200000 3.015980
149.300000 2.996428
149.400000 2.976939
149.500000 2.957514
149.600000 2.938152
149.700000 2.918854
149.800000 2.899619
149.900000 2.880448
150.000000 2.861341
150.100000 2.842297
150.200000 2.823317
150.300000 2.804400
150.400000 2.785547
150.500000 2.766758
150.600000 2.748032
150.700000 2.729370
150.800000 2.710771
150.900000 2.692236
151.000000 2.673764
151.100000 2.655356
151.200000 2.637012
151.300000 2.618731
151.400000 2.600514
151.500000 2.582360
151.600000 2.564270
151.700000 2.546244
151.800000 2.528281
151.900000 2.510382
152.000000 2.492546
152.100000 2.474774
152.200000 2.457065
152.300000 2.439420
152.400000 2.421839
152.500000 2.404321
152.600000 2.386867
152.700000 2.369476
152.800000 2.352149
152.900000 2.334886
153.000000 2.317686
153.100000 2.300550
153.200000 2.283477
153.300000 2.266468
153.400000 2.249523
153.500000 2.232641
153.600000 2.215822
153.700000 2.199068
153.800000 2.182377
153.900000 2.165749
154.000000 2.149185
154.100000 2.132685
154.200000 2.116248
154.300000 2.099875
154.400000 2.083565
154.500000 2.067319
154.600000 2.051136
154.700000 2.035017
154.800000 2.018962
154.900000 2.002970
155.000000 1.987042
155.100000 1.971178
155.200000 1.955377
155.300000 1.939639
155.400000 1.923966
155.500000 1.908355
155.600000 1.892809
155.700000 1.877326
155.800000 1.861906
155.900000 1.846550
156.000000 1.831258
156.100000 1.816029
156.200000 1.800864
156.300000 1.785763
156.400000 1.770725
156.500000 1.755751
156.600000 1.740840
156.700000 1.725993
156.800000 1.711209
156.900000 1.696489
157.000000 1.681833
157.100000 1.667240
157.200000 1.652711
157.300000 1.638245
157.400000 1.623843
157.500000 1.609504
157.600000 1.595229
157.700000 1.581018
157.800000 1.566870
157.900000 1.552786
158.000000 1.538766
158.100000 1.524809
158.200000 1.510915
158.300000 1.497085
158.400000 1.483319
158.500000 1.469616
158.600000 1.455977
158.700000 1.442402
158.800000 1.428890
158.900000 1.415442
159.000000 1.402057
159.100000 1.388736
159.200000 1.375478
159.300000 1.362284
159.400000 1.349154
159.500000 1.336087
159.600000 1.323084
159.700000 1.310144
159.800000 1.297268
159.900000 1.284456
160.000000 1.271707
160.100000 1.259022
160.200000 1.246400
160.300000 1.233842
160.400000 1.221347
160.500000 1.208917
160.600000 1.196549
160.700000 1.184245
160.800000 1.172005
160.900000 1.159829
161.000000 1.147716
161.100000 1.135666
161.200000 1.123680
161.300000 1.111758
161.400000 1.099899
161.500000 1.088104
161.600000 1.076373
161.700000 1.064705
161.800000 1.053101
161.900000 1.041560
162.000000 1.030083
162.100000 1.018669
162.200000 1.007319
162.300000 0.996033
162.400000 0.984810
162.500000 0.973651
162.600000 0.962555
162.700000 0.951523
162.800000 0.940555
162.900000 0.929650
163.000000 0.918808
163.100000 0.908031
163.200000 0.897317
163.300000 0.886666
163.400000 0.876079
163.500000 0.865556
163.600000 0.855096
163.700000 0.844700
163.800000 0.834367
163.900000 0.824098
164.000000 0.813893
164.100000 0.803751
164.200000 0.793672
164.300000 0.783658
164.400000 0.773707
164.500000 0.763819
164.600000 0.753995
164.700000 0.744235
164.800000 0.734538
164.900000 0.724905
165.000000 0.715335
165.100000 0.705829
165.200000 0.696387
165.300000 0.687008
165.400000 0.677693
165.500000 0.668441
165.600000 0.659253
165.700000 0.650128
165.800000 0.641068
165.900000 0.632070
166.000000 0.623136
166.100000 0.614266
166.200000 0.605460
166.300000 0.596717
166.400000 0.588037
166.500000 0.579422
166.600000 0.570869
166.700000 0.562381
166.800000 0.553956
166.900000 0.545594
167.000000 0.537296
167.100000 0.529062
167.200000 0.520891
167.300000 0.512784
167.400000 0.504741
167.500000 0.496761
167.600000 0.488844
167.700000 0.480991
167.800000 0.473202
167.900000 0.465477
168.000000 0.457815
168.100000 0.450216
168.200000 0.442681
168.300000 0.435210
168.400000 0.427802
168.500000 0.420458
168.600000 0.413178
168.700000 0.405961
168.800000 0.398807
168.900000 0.391718
169.000000 0.384691
169.100000 0.377729
169.200000 0.370830
169.300000 0.363994
169.400000 0.357223
169.500000 0.350514
169.600000 0.343870
169.700000 0.337289
169.800000 0.330771
169.900000 0.324317
170.000000 0.317927
170.100000 0.311600
170.200000 0.305337
170.300000 0.299137
170.400000 0.293001
170.500000 0.286929
170.600000 0.280920
170.700000 0.274975
170.800000 0.269093
170.900000 0.263275
171.000000 0.257521
171.100000 0.251830
171.200000 0.246202
171.300000 0.240639
171.400000 0.235139
171.500000 0.229702
171.600000 0.224329
171.700000 0.219020
171.800000 0.213774
171.900000 0.208592
172.000000 0.203473
172.100000 0.198418
172.200000 0.193427
172.300000 0.188499
172.400000 0.183635
172.500000 0.178834
172.600000 0.174097
172.700000 0.169423
172.800000 0.164813
172.900000 0.160267
173.000000 0.155784
173.100000 0.151365
173.200000 0.147009
173.300000 0.142717
173.400000 0.138489
173.500000 0.134324
173.600000 0.130223
173.700000 0.126185
173.800000 0.122211
173.900000 0.118301
174.000000 0.114454
174.100000 0.110670
174.200000 0.106951
174.300000 0.103294
174.400000 0.099702
174.500000 0.096173
174.600000 0.092707
174.700000 0.089306
174.800000 0.085967
174.900000 0.082693
175.000000 0.079482
175.100000 0.076334
175.200000 0.073250
175.300000 0.070230
175.400000 0.067273
175.500000 0.064380
175.600000 0.061551
175.700000 0.058785
175.800000 0.056082
175.900000 0.053443
176.000000 0.050868
176.100000 0.048357
176.200000 0.045909
176.300000 0.043524
176.400000 0.041203
176.500000 0.038946
176.600000 0.036752
176.700000 0.034622
176.800000 0.032556
176.900000 0.030553
177.000000 0.028613
177.100000 0.026738
177.200000 0.024925
177.300000 0.023177
177.400000 0.021492
177.500000 0.019870
177.600000 0.018313
177.700000 0.016818
177.800000 0.015388
177.900000 0.014021
178.000000 0.012717
178.100000 0.011477
178.200000 0.010301
178.300000 0.009188
178.400000 0.008139
178.500000 0.007153
178.600000 0.006231
178.700000 0.005373
178.800000 0.004578
178.900000 0.003847
179.000000 0.003179
179.100000 0.002575
179.200000 0.002035
179.300000 0.001558
179.400000 0.001145
179.500000 0.000795
179.600000 0.000509
179.700000 0.000286
179.800000 0.000127
179.900000 0.000032
180.000000 0.000000
