0.000000000000000000e+00 9.785409170067351852e+02
1.000000000000000056e-01 9.635634911665242726e+02
2.000000000000000111e-01 9.487016653327984841e+02
3.000000000000000444e-01 9.339554395055574787e+02
4.000000000000000222e-01 9.193248136848014838e+02
5.000000000000000000e-01 9.048097878705303856e+02
6.000000000000000888e-01 8.904103620627446389e+02
7.000000000000000666e-01 8.761265362614436754e+02
8.000000000000000444e-01 8.619583104666272675e+02
9.000000000000000222e-01 8.479056846782964385e+02
1.000000000000000000e+00 8.339686588964502789e+02
1.100000000000000089e+00 8.201472331210893572e+02
1.200000000000000178e+00 8.064414073522133322e+02
1.300000000000000044e+00 7.928511815898219766e+02
1.400000000000000133e+00 7.793765558339159725e+02
1.500000000000000000e+00 7.660175300844948652e+02
1.600000000000000089e+00 7.527741043415587683e+02
1.700000000000000178e+00 7.396462786051075682e+02
1.800000000000000044e+00 7.266340528751411512e+02
1.900000000000000133e+00 7.137374271516600857e+02
2.000000000000000000e+00 7.009564014346639169e+02
2.100000000000000089e+00 6.882909757241527586e+02
2.200000000000000178e+00 6.757411500201266108e+02
2.300000000000000266e+00 6.633069243225851324e+02
2.400000000000000355e+00 6.509882986315290054e+02
2.500000000000000000e+00 6.387852729469576616e+02
2.600000000000000089e+00 6.266978472688715556e+02
2.700000000000000178e+00 6.147260215972701189e+02
2.800000000000000266e+00 6.028697959321536928e+02
2.900000000000000355e+00 5.911291702735223907e+02
3.000000000000000000e+00 5.795041446213760992e+02
3.100000000000000089e+00 5.679947189757147044e+02
3.200000000000000178e+00 5.566008933365384337e+02
3.300000000000000266e+00 5.453226677038468324e+02
3.400000000000000355e+00 5.341600420776405826e+02
3.500000000000000000e+00 5.231130164579191160e+02
3.600000000000000089e+00 5.121815908446827734e+02
3.700000000000000178e+00 5.013657652379313845e+02
3.800000000000000266e+00 4.906655396376647786e+02
3.900000000000000355e+00 4.800809140438831832e+02
4.000000000000000000e+00 4.696118884565867688e+02
4.100000000000000533e+00 4.592584628757751375e+02
4.200000000000000178e+00 4.490206373014488577e+02
4.299999999999999822e+00 4.388984117336071336e+02
4.400000000000000355e+00 4.288917861722507041e+02
4.500000000000000000e+00 4.190007606173791146e+02
4.600000000000000533e+00 4.092253350689924218e+02
4.700000000000000178e+00 3.995655095270910806e+02
4.800000000000000711e+00 3.900212839916743519e+02
4.900000000000000355e+00 3.805926584627427474e+02
5.000000000000000000e+00 3.712796329402960964e+02
5.100000000000000533e+00 3.620822074243343991e+02
5.200000000000000178e+00 3.530003819148577691e+02
5.300000000000000711e+00 3.440341564118660358e+02
5.400000000000000355e+00 3.351835309153593698e+02
5.500000000000000000e+00 3.264485054253376575e+02
5.600000000000000533e+00 3.178290799418008987e+02
5.700000000000000178e+00 3.093252544647492073e+02
5.800000000000000711e+00 3.009370289941824126e+02
5.900000000000000355e+00 2.926644035301006284e+02
6.000000000000000000e+00 2.845073780725039114e+02
6.100000000000000533e+00 2.764659526213920344e+02
6.200000000000000178e+00 2.685401271767652247e+02
6.300000000000000711e+00 2.607299017386234254e+02
6.400000000000000355e+00 2.530352763069665514e+02
6.500000000000000000e+00 2.454562508817947446e+02
6.600000000000000533e+00 2.379928254631078630e+02
6.700000000000000178e+00 2.306450000509059350e+02
6.800000000000000711e+00 2.234127746451889891e+02
6.900000000000000355e+00 2.162961492459571105e+02
7.000000000000000000e+00 2.092951238532102423e+02
7.100000000000000533e+00 2.024096984669482708e+02
7.200000000000000178e+00 1.956398730871713383e+02
7.300000000000000711e+00 1.889856477138793309e+02
7.400000000000000355e+00 1.824470223470723340e+02
7.500000000000000000e+00 1.760239969867503476e+02
7.600000000000000533e+00 1.697165716329132863e+02
7.700000000000000178e+00 1.635247462855612923e+02
7.800000000000000711e+00 1.574485209446941951e+02
7.900000000000000355e+00 1.514878956103121936e+02
8.000000000000000000e+00 1.456428702824151173e+02
8.099999999999999645e+00 1.399134449610030799e+02
8.200000000000001066e+00 1.342996196460758540e+02
8.300000000000000711e+00 1.288013943376337522e+02
8.400000000000000355e+00 1.234187690356766609e+02
8.500000000000000000e+00 1.181517437402045232e+02
8.599999999999999645e+00 1.130003184512173817e+02
8.700000000000001066e+00 1.079644931687151370e+02
8.800000000000000711e+00 1.030442678926979312e+02
8.900000000000000355e+00 9.823964262316576423e+01
9.000000000000000000e+00 9.355061736011855089e+01
9.099999999999999645e+00 8.897719210355634800e+01
9.200000000000001066e+00 8.451936685347902767e+01
9.300000000000000711e+00 8.017714160988676042e+01
9.400000000000000355e+00 7.595051637277950363e+01
9.500000000000000000e+00 7.183949114215722886e+01
9.600000000000001421e+00 6.784406591801985087e+01
9.700000000000001066e+00 6.396424070036756149e+01
9.800000000000000711e+00 6.020001548920021861e+01
9.900000000000000355e+00 5.655139028451790040e+01
1.000000000000000000e+01 5.301836508632053580e+01
1.010000000000000142e+01 4.960093989460809638e+01
1.020000000000000107e+01 4.629911470938071716e+01
1.030000000000000071e+01 4.311288953063832707e+01
1.040000000000000036e+01 4.004226435838091191e+01
1.050000000000000000e+01 3.708723919260847879e+01
1.060000000000000142e+01 3.424781403332098506e+01
1.070000000000000107e+01 3.152398888051852666e+01
1.080000000000000071e+01 2.891576373420104673e+01
1.090000000000000036e+01 2.642313859436855950e+01
1.100000000000000000e+01 2.404611346102105784e+01
1.110000000000000142e+01 2.178468833415849559e+01
1.120000000000000107e+01 1.963886321378096156e+01
1.130000000000000071e+01 1.760863809988841311e+01
1.140000000000000036e+01 1.569401299248085024e+01
1.150000000000000000e+01 1.389498789155826941e+01
1.160000000000000142e+01 1.221156279712064752e+01
1.170000000000000107e+01 1.064373770916803785e+01
1.180000000000000071e+01 9.191512627700415550e+00
1.190000000000000036e+01 7.854887552717777943e+00
1.200000000000000000e+01 6.633862484220121480e+00
1.210000000000000142e+01 5.528437422207434615e+00
1.220000000000000107e+01 4.538612366679751098e+00
1.230000000000000071e+01 3.664387317637052277e+00
1.240000000000000036e+01 2.905762275079339929e+00
1.250000000000000000e+01 2.262737239006610501e+00
1.260000000000000142e+01 1.735312209418857776e+00
1.270000000000000107e+01 1.323487186316099962e+00
1.280000000000000071e+01 1.027262169698326844e+00
1.290000000000000036e+01 8.466371595655384219e-01
1.300000000000000000e+01 7.816121559177344746e-01
1.310000000000000142e+01 7.743871555124228756e-01
1.320000000000000107e+01 7.671621551071112766e-01
1.330000000000000071e+01 7.599371547017997885e-01
1.340000000000000036e+01 7.527121542964883005e-01
1.350000000000000000e+01 7.454871538911768125e-01
1.360000000000000142e+01 7.382621534858653245e-01
1.370000000000000107e+01 7.310371530805537255e-01
1.380000000000000071e+01 7.238121526752421264e-01
1.390000000000000036e+01 7.165871522699304164e-01
1.400000000000000000e+01 7.093621518646188173e-01
1.410000000000000142e+01 7.021371514593072183e-01
1.420000000000000107e+01 6.949121510539956192e-01
1.430000000000000071e+01 6.876871506486841312e-01
1.440000000000000036e+01 6.804621502433725322e-01
1.450000000000000000e+01 6.732371498380609331e-01
1.460000000000000142e+01 6.660121494327492231e-01
1.470000000000000107e+01 6.587871490274376240e-01
1.480000000000000071e+01 6.515621486221261360e-01
1.490000000000000036e+01 6.443371482168145370e-01
1.500000000000000000e+01 6.371121478115029380e-01
1.510000000000000142e+01 6.298871474061912279e-01
1.520000000000000107e+01 6.226621470008796289e-01
1.530000000000000071e+01 6.154371465955681408e-01
1.540000000000000036e+01 6.082121461902566528e-01
1.550000000000000000e+01 6.009871457849450538e-01
1.560000000000000142e+01 5.937621453796333437e-01
1.570000000000000107e+01 5.865371449743218557e-01
1.580000000000000071e+01 5.793121445690101456e-01
1.590000000000000036e+01 5.720871441636985466e-01
1.600000000000000000e+01 5.648621437583870586e-01
1.610000000000000142e+01 5.576371433530752375e-01
1.619999999999999929e+01 5.504121429477639715e-01
1.630000000000000071e+01 5.431871425424522615e-01
1.640000000000000213e+01 5.359621421371405514e-01
1.650000000000000000e+01 5.287371417318291744e-01
1.660000000000000142e+01 5.215121413265174644e-01
1.669999999999999929e+01 5.142871409212059763e-01
1.680000000000000071e+01 5.070621405158943773e-01
1.690000000000000213e+01 4.998371401105826672e-01
1.700000000000000000e+01 4.926121397052710682e-01
1.710000000000000142e+01 4.853871392999594137e-01
1.719999999999999929e+01 4.781621388946480367e-01
1.730000000000000071e+01 4.709371384893363266e-01
1.740000000000000213e+01 4.637121380840246720e-01
1.750000000000000000e+01 4.564871376787132951e-01
1.760000000000000142e+01 4.492621372734015850e-01
1.769999999999999929e+01 4.420371368680899860e-01
1.780000000000000071e+01 4.348121364627783314e-01
1.790000000000000213e+01 4.275871360574666769e-01
1.800000000000000000e+01 4.203647906555537661e-01
1.810000000000000142e+01 4.131424452536404668e-01
1.819999999999999929e+01 4.059794872197732829e-01
1.830000000000000071e+01 3.988165291859057660e-01
1.840000000000000213e+01 3.916828141367861837e-01
1.850000000000000000e+01 3.845490990876668791e-01
1.860000000000000142e+01 3.774183978520139759e-01
1.869999999999999929e+01 3.702876966163612393e-01
1.880000000000000071e+01 3.631373925414040915e-01
1.890000000000000213e+01 3.559870884664469992e-01
1.900000000000000000e+01 3.487979342915871750e-01
1.910000000000000142e+01 3.416087801167271287e-01
1.920000000000000284e+01 3.343647077251835076e-01
1.930000000000000071e+01 3.271206353336401640e-01
1.940000000000000213e+01 3.198085646530814952e-01
1.950000000000000000e+01 3.124964939725230484e-01
1.960000000000000142e+01 3.051061964204902499e-01
1.970000000000000284e+01 2.977158988684575625e-01
1.980000000000000071e+01 2.902398588756597841e-01
1.990000000000000213e+01 2.827638188828617283e-01
2.000000000000000000e+01 2.751971221768067521e-01
2.010000000000000142e+01 2.676304254707513874e-01
2.020000000000000284e+01 2.599718574692064244e-01
2.030000000000000071e+01 2.523132894676616833e-01
2.040000000000000213e+01 2.447123644231699036e-01
2.050000000000000000e+01 2.371114393786783736e-01
2.060000000000000142e+01 2.297980121062746517e-01
2.070000000000000284e+01 2.224845848338709020e-01
2.080000000000000071e+01 2.155255936043034282e-01
2.090000000000000213e+01 2.085666023747357045e-01
2.100000000000000000e+01 2.019392164894052433e-01
2.110000000000000142e+01 1.953118306040745600e-01
2.120000000000000284e+01 1.889972663217798221e-01
2.130000000000000071e+01 1.826827020394853063e-01
2.140000000000000213e+01 1.766660233535494173e-01
2.150000000000000000e+01 1.706493446676137504e-01
2.160000000000000142e+01 1.649192749166940031e-01
2.170000000000000284e+01 1.591892051657742557e-01
2.180000000000000071e+01 1.537379486628723257e-01
2.190000000000000213e+01 1.482866921599702570e-01
2.200000000000000000e+01 1.431097697740676133e-01
2.210000000000000142e+01 1.379328473881648309e-01
2.220000000000000284e+01 1.330289422462184734e-01
2.230000000000000071e+01 1.281250371042722547e-01
2.240000000000000213e+01 1.234958489043838370e-01
2.250000000000000000e+01 1.188666607044955859e-01
2.260000000000000142e+01 1.145167689330935518e-01
2.270000000000000284e+01 1.101668771616915177e-01
2.280000000000000071e+01 1.061036117494673220e-01
2.290000000000000213e+01 1.020403463372430014e-01
2.300000000000000000e+01 9.826969943711322264e-02
2.310000000000000142e+01 9.449905253698327734e-02
2.320000000000000284e+01 9.094551491198572812e-02
2.330000000000000071e+01 8.739197728698828993e-02
2.340000000000000213e+01 8.404203422944345192e-02
2.350000000000000000e+01 8.069209117189873881e-02
2.360000000000000142e+01 7.753314698452137832e-02
2.370000000000000284e+01 7.437420279714400395e-02
2.380000000000000071e+01 7.139453005209267511e-02
2.390000000000000213e+01 6.841485730704124912e-02
2.400000000000000000e+01 6.560354674335582004e-02
2.410000000000000142e+01 6.279223617967027993e-02
2.420000000000000284e+01 6.013913142372297876e-02
2.430000000000000071e+01 5.748602666777575393e-02
2.440000000000000213e+01 5.498169417482436094e-02
2.450000000000000000e+01 5.247736168187304429e-02
2.460000000000000142e+01 5.011303407589579734e-02
2.470000000000000284e+01 4.774870646991855733e-02
2.480000000000000071e+01 4.551624703994773535e-02
2.490000000000000213e+01 4.328378760997683011e-02
2.500000000000000000e+01 4.117564162581845849e-02
2.510000000000000142e+01 3.906749564166000360e-02
2.520000000000000284e+01 3.707484284553426435e-02
2.530000000000000071e+01 3.508219004940858754e-02
2.540000000000000213e+01 3.319800636327441962e-02
2.550000000000000000e+01 3.131382267714032108e-02
2.560000000000000142e+01 2.953153226679373911e-02
2.570000000000000284e+01 2.774924185644715713e-02
2.580000000000000071e+01 2.606269690271971473e-02
2.590000000000000213e+01 2.437615194899222723e-02
2.600000000000000000e+01 2.277960239023066324e-02
2.610000000000000142e+01 2.118305283146904375e-02
2.620000000000000284e+01 1.967111771294815029e-02
2.630000000000000071e+01 1.815918259442731580e-02
2.640000000000000213e+01 1.672682425171443527e-02
2.650000000000000000e+01 1.529446590900160503e-02
2.660000000000000142e+01 1.393697041770824291e-02
2.670000000000000284e+01 1.257947492641488599e-02
2.680000000000000071e+01 1.129242995874331357e-02
2.690000000000000213e+01 1.000538499107169951e-02
2.700000000000000000e+01 8.784658057779838949e-03
2.710000000000000142e+01 7.563931124487935885e-03
2.720000000000000284e+01 6.405652121221300753e-03
2.730000000000000071e+01 5.247373117954706387e-03
2.740000000000000213e+01 4.146650373412102443e-03
2.750000000000000000e+01 3.045927628869537964e-03
2.760000000000000142e+01 1.999981517113867853e-03
2.770000000000000284e+01 9.540354053581975250e-04
2.780000000000000071e+01 -3.976678067285821836e-05
2.790000000000000213e+01 -1.033568966703947043e-03
2.800000000000000000e+01 -1.977720308858842233e-03
2.810000000000000142e+01 -2.921871651013771467e-03
2.820000000000000284e+01 -3.825532377571598964e-03
2.830000000000000071e+01 -4.729193104129395669e-03
2.840000000000000213e+01 -5.594947322472473492e-03
2.850000000000000000e+01 -6.460701540815519221e-03
2.860000000000000142e+01 -7.289446537185002850e-03
2.870000000000000284e+01 -8.118191533554489081e-03
2.880000000000000071e+01 -8.911601967453320478e-03
2.890000000000000213e+01 -9.705012401352181364e-03
2.900000000000000000e+01 -1.046258050078660053e-02
2.910000000000000142e+01 -1.122014860022104397e-02
2.920000000000000284e+01 -1.193818567124613032e-02
2.930000000000000071e+01 -1.265622274227119239e-02
2.940000000000000213e+01 -1.332660398452994478e-02
2.950000000000000000e+01 -1.399698522678867463e-02
2.960000000000000142e+01 -1.461790959558356522e-02
2.970000000000000284e+01 -1.523883396437845580e-02
2.980000000000000071e+01 -1.580574555424063207e-02
2.990000000000000213e+01 -1.637265714410282916e-02
3.000000000000000000e+01 -1.690165212991622326e-02
3.010000000000000142e+01 -1.743064711572963818e-02
3.020000000000000284e+01 -1.792637857137939147e-02
3.030000000000000071e+01 -1.842211002702913089e-02
3.040000000000000213e+01 -1.888492583746874745e-02
3.050000000000000000e+01 -1.934774164790835360e-02
3.060000000000000142e+01 -1.973439087389393387e-02
3.070000000000000284e+01 -2.012104009987951761e-02
3.080000000000000071e+01 -2.040064509921970040e-02
3.090000000000000213e+01 -2.068025009855989360e-02
3.100000000000000000e+01 -2.083779649008717094e-02
3.110000000000000142e+01 -2.099534288161445175e-02
3.120000000000000284e+01 -2.101457975820850144e-02
3.130000000000000071e+01 -2.103381663480254765e-02
3.140000000000000213e+01 -2.090621155855399912e-02
3.150000000000000000e+01 -2.077860648230545407e-02
3.160000000000000142e+01 -2.050235629119761052e-02
3.170000000000000284e+01 -2.022610610008976698e-02
3.180000000000000071e+01 -1.980530414438344197e-02
3.190000000000000213e+01 -1.938450218867709268e-02
3.200000000000000000e+01 -1.882844748924343906e-02
3.210000000000000142e+01 -1.827239278980976114e-02
3.220000000000000284e+01 -1.759499876026994827e-02
3.230000000000000426e+01 -1.691760473073012153e-02
3.239999999999999858e+01 -1.613501259427839452e-02
3.250000000000000000e+01 -1.535242045782661026e-02
3.260000000000000142e+01 -1.448594305679154655e-02
3.270000000000000284e+01 -1.361946565575648284e-02
3.280000000000000426e+01 -1.269353613628151911e-02
3.289999999999999858e+01 -1.176760661680662130e-02
3.300000000000000000e+01 -1.080910400593653418e-02
3.310000000000000142e+01 -9.850601395066447066e-03
3.320000000000000284e+01 -8.878393349931110179e-03
3.330000000000000426e+01 -7.906185304795773292e-03
3.339999999999999858e+01 -6.942422678389781159e-03
3.350000000000000000e+01 -5.978660051983719637e-03
3.360000000000000142e+01 -5.045468575067331429e-03
3.370000000000000284e+01 -4.112277098150941487e-03
3.380000000000000426e+01 -3.228324978233382617e-03
3.389999999999999858e+01 -2.344372858315886196e-03
3.400000000000000000e+01 -1.526913758550588847e-03
3.410000000000000142e+01 -7.094546587852962674e-04
3.420000000000000284e+01 2.379742244605273087e-05
3.430000000000000426e+01 7.570495036773944785e-04
3.439999999999999858e+01 1.384113833593349696e-03
3.450000000000000000e+01 2.011178163509349474e-03
3.460000000000000142e+01 2.517120350001886709e-03
3.470000000000000284e+01 3.023062536494423944e-03
3.480000000000000426e+01 3.392528001029891140e-03
3.489999999999999858e+01 3.761993465565331880e-03
3.500000000000000000e+01 4.011903218827968590e-03
3.510000000000000142e+01 4.261812972090595758e-03
3.520000000000000284e+01 4.418388206511928741e-03
3.530000000000000426e+01 4.574963440933258255e-03
3.539999999999999858e+01 4.681054486479790076e-03
3.550000000000000000e+01 4.787145532026328837e-03
3.560000000000000142e+01 4.846426552656588928e-03
3.570000000000000284e+01 4.905707573286849019e-03
3.580000000000000426e+01 4.922063120769894912e-03
3.589999999999999858e+01 4.938418668252939070e-03
3.600000000000000000e+01 4.924557655367884507e-03
3.610000000000000142e+01 4.910696642482827341e-03
3.620000000000000284e+01 4.872114193265011939e-03
3.630000000000000426e+01 4.833531744047194802e-03
3.639999999999999858e+01 4.775235190635185659e-03
3.650000000000000000e+01 4.716938637223172179e-03
3.660000000000000142e+01 4.643388282547371813e-03
3.670000000000000284e+01 4.569837927871571448e-03
3.680000000000000426e+01 4.484889326256172835e-03
3.689999999999999858e+01 4.399940724640779427e-03
3.700000000000000000e+01 4.306829368544662535e-03
3.710000000000000142e+01 4.213718012448545644e-03
3.720000000000000284e+01 4.115063645237002250e-03
3.730000000000000426e+01 4.016409278025458857e-03
3.739999999999999858e+01 3.914294860829271167e-03
3.750000000000000000e+01 3.812180443633075237e-03
3.760000000000000142e+01 3.708604185675656601e-03
3.770000000000000284e+01 3.605027927718237098e-03
3.780000000000000426e+01 3.501857711623925298e-03
3.789999999999999858e+01 3.398687495529620871e-03
3.800000000000000000e+01 3.297440343137930836e-03
3.810000000000000142e+01 3.196193190746241235e-03
3.820000000000000284e+01 3.098047809075658507e-03
3.830000000000000426e+01 2.999902427405076212e-03
3.840000000000000568e+01 2.905703134441017712e-03
3.850000000000000000e+01 2.811503841476966584e-03
3.860000000000000142e+01 2.721771220078721739e-03
3.870000000000000284e+01 2.632038598680476460e-03
3.880000000000000426e+01 2.547003496792657300e-03
3.890000000000000568e+01 2.461968394904838139e-03
3.900000000000000000e+01 2.381646097931434513e-03
3.910000000000000142e+01 2.301323800958024815e-03
3.920000000000000284e+01 2.225604767563808036e-03
3.930000000000000426e+01 2.149885734169590824e-03
3.940000000000000568e+01 2.078510658141268473e-03
3.950000000000000000e+01 2.007135582112950459e-03
3.960000000000000142e+01 1.939800249387063288e-03
3.970000000000000284e+01 1.872464916661175684e-03
3.980000000000000426e+01 1.808888059562006835e-03
3.990000000000000568e+01 1.745311202462838419e-03
4.000000000000000000e+01 1.685281261652051867e-03
4.010000000000000142e+01 1.625251320841260977e-03
4.020000000000000284e+01 1.568538000476678990e-03
4.030000000000000426e+01 1.511824680112097219e-03
4.040000000000000568e+01 1.458181735621345105e-03
4.050000000000000000e+01 1.404538791130597111e-03
4.060000000000000142e+01 1.353766364152725939e-03
4.070000000000000284e+01 1.302993937174854334e-03
4.080000000000000426e+01 1.254972578495896400e-03
4.090000000000000568e+01 1.206951219816938250e-03
4.100000000000000000e+01 1.161576060194819933e-03
4.110000000000000142e+01 1.116200900572698581e-03
4.120000000000000284e+01 1.073371304070354229e-03
4.130000000000000426e+01 1.030541707568010095e-03
4.140000000000000568e+01 9.901605694092390723e-04
4.150000000000000000e+01 9.497794312504708684e-04
4.160000000000000142e+01 9.117527199869763371e-04
4.170000000000000284e+01 8.737260087234820227e-04
4.180000000000000426e+01 8.379614789950349564e-04
4.190000000000000568e+01 8.021969492665879985e-04
4.200000000000000000e+01 7.686062374451127456e-04
4.210000000000000142e+01 7.350155256236352158e-04
4.220000000000000284e+01 7.035117469759322607e-04
4.230000000000000426e+01 6.720079683282293055e-04
4.240000000000000568e+01 6.425065843862376880e-04
4.250000000000000000e+01 6.130052004442480221e-04
4.260000000000000142e+01 5.854244829535033313e-04
4.270000000000000284e+01 5.578437654627584237e-04
4.280000000000000426e+01 5.321023324018668912e-04
4.290000000000000568e+01 5.063608993409753588e-04
4.300000000000000000e+01 4.823819786230098194e-04
4.310000000000000142e+01 4.584030579050425995e-04
4.320000000000000284e+01 4.361079549694352664e-04
4.330000000000000426e+01 4.138128520338278790e-04
4.340000000000000568e+01 3.931295533347255156e-04
4.350000000000000000e+01 3.724462546356246701e-04
4.360000000000000142e+01 3.532990210425110021e-04
4.370000000000000284e+01 3.341517874493973340e-04
4.380000000000000426e+01 3.164722964022411182e-04
4.390000000000000568e+01 2.987928053550847939e-04
4.400000000000000000e+01 2.825089529150456445e-04
4.410000000000000142e+01 2.662251004750051941e-04
4.420000000000000284e+01 2.512706198613212866e-04
4.430000000000000426e+01 2.363161392476374062e-04
4.440000000000000568e+01 2.226226646358346335e-04
4.450000000000000000e+01 2.089291900240328095e-04
4.460000000000000142e+01 1.964318378456721581e-04
4.470000000000000284e+01 1.839344856673115068e-04
4.480000000000000426e+01 1.725689216467716017e-04
4.490000000000000568e+01 1.612033576262317236e-04
4.500000000000000000e+01 1.509065466337265325e-04
4.510000000000000142e+01 1.406097356412206096e-04
4.520000000000000284e+01 1.313204657067402440e-04
4.530000000000000426e+01 1.220311957722598783e-04
4.540000000000000568e+01 1.136891835900032821e-04
4.550000000000000000e+01 1.053471714077473093e-04
4.560000000000000142e+01 9.789286017274877454e-05
4.570000000000000284e+01 9.043854893775019911e-05
4.580000000000000426e+01 8.381437991557516261e-05
4.590000000000000568e+01 7.719021089340012611e-05
4.600000000000000000e+01 7.133835102619129603e-05
4.610000000000000142e+01 6.548649115898204582e-05
4.620000000000000284e+01 6.035201801430939184e-05
4.630000000000000426e+01 5.521754486963673786e-05
4.640000000000000568e+01 5.074601986776953045e-05
4.650000000000000000e+01 4.627449486590263475e-05
4.660000000000000142e+01 4.240984850549627254e-05
4.670000000000000284e+01 3.854520214508989678e-05
4.680000000000000426e+01 3.523463841340632939e-05
4.690000000000000568e+01 3.192407468172274844e-05
4.700000000000000000e+01 2.911149945988167291e-05
4.710000000000000142e+01 2.629892423804039070e-05
4.720000000000000284e+01 2.393135400561724140e-05
4.730000000000000426e+01 2.156378377319409211e-05
4.740000000000000568e+01 1.958782714855481305e-05
4.750000000000000000e+01 1.761187052391567968e-05
4.760000000000000142e+01 1.600685865885528026e-05
4.770000000000000284e+01 1.440184679379487745e-05
4.780000000000000426e+01 1.311459959126819654e-05
4.790000000000000568e+01 1.182735238874151564e-05
4.800000000000000000e+01 1.081114743031562314e-05
4.810000000000000142e+01 9.794942471889659486e-06
4.820000000000000284e+01 9.003250602347243707e-06
4.830000000000000426e+01 8.211558732804831315e-06
4.840000000000000568e+01 7.598031326522528969e-06
4.850000000000000000e+01 6.984503920240267281e-06
4.860000000000000142e+01 6.502960986552432316e-06
4.870000000000000284e+01 6.021418052864595656e-06
4.880000000000000426e+01 5.625837125134620094e-06
4.890000000000000568e+01 5.230256197404645380e-06
4.900000000000000000e+01 4.874761954167117223e-06
4.910000000000000142e+01 4.519267710929563655e-06
4.920000000000000284e+01 4.158122280868865624e-06
4.930000000000000426e+01 3.796976850808167593e-06
4.940000000000000568e+01 3.384570756517632814e-06
4.950000000000000000e+01 2.972164662227126409e-06
4.960000000000000142e+01 2.463008360660654157e-06
4.970000000000000284e+01 1.953852059094181905e-06
4.980000000000000426e+01 1.302568039396105882e-06
4.990000000000000568e+01 6.512840196980297535e-07
5.000000000000000000e+01 0.000000000000000000e+00
