0.000000000000000000e+00 1.322638492257880500e+02
1.000000000000000056e-01 1.302394351632880785e+02
2.000000000000000111e-01 1.282306461007880785e+02
3.000000000000000444e-01 1.262374820382880785e+02
4.000000000000000222e-01 1.242599429757880785e+02
5.000000000000000000e-01 1.222980289132880785e+02
6.000000000000000888e-01 1.203517398507880785e+02
7.000000000000000666e-01 1.184210757882880927e+02
8.000000000000000444e-01 1.165060367257880500e+02
9.000000000000000222e-01 1.146066226632880785e+02
1.000000000000000000e+00 1.127228336007880785e+02
1.100000000000000089e+00 1.108546695382880785e+02
1.200000000000000178e+00 1.090021304757880927e+02
1.300000000000000044e+00 1.071652164132880785e+02
1.400000000000000133e+00 1.053439273507880785e+02
1.500000000000000000e+00 1.035382632882880785e+02
1.600000000000000089e+00 1.017482242257880785e+02
1.700000000000000178e+00 9.997381016328807846e+01
1.800000000000000044e+00 9.821502110078805003e+01
1.900000000000000133e+00 9.647185703828807846e+01
2.000000000000000000e+00 9.474431797578807846e+01
2.100000000000000089e+00 9.303240391328807846e+01
2.200000000000000178e+00 9.133611485078809267e+01
2.300000000000000266e+00 8.965545078828805003e+01
2.400000000000000355e+00 8.799041172578807846e+01
2.500000000000000000e+00 8.634099766328807846e+01
2.600000000000000089e+00 8.470720860078807846e+01
2.700000000000000178e+00 8.308904453828807846e+01
2.800000000000000266e+00 8.148650547578807846e+01
2.900000000000000355e+00 7.989959141328806425e+01
3.000000000000000000e+00 7.832830235078807846e+01
3.100000000000000089e+00 7.677263828828807846e+01
3.200000000000000178e+00 7.523259922578809267e+01
3.300000000000000266e+00 7.370818516328806425e+01
3.400000000000000355e+00 7.219939610078807846e+01
3.500000000000000000e+00 7.070623203828807846e+01
3.600000000000000089e+00 6.922869297578807846e+01
3.700000000000000178e+00 6.776677891328807846e+01
3.800000000000000266e+00 6.632048985078807846e+01
3.900000000000000355e+00 6.488982578828805003e+01
4.000000000000000000e+00 6.347478672578806425e+01
4.100000000000000533e+00 6.207537266328805714e+01
4.200000000000000178e+00 6.069158360078807846e+01
4.299999999999999822e+00 5.932341953828805003e+01
4.400000000000000355e+00 5.797088047578807135e+01
4.500000000000000000e+00 5.663396641328807846e+01
4.600000000000000533e+00 5.531267735078805714e+01
4.700000000000000178e+00 5.400701328828808556e+01
4.800000000000000711e+00 5.271697422578807135e+01
4.900000000000000355e+00 5.144256016328807135e+01
5.000000000000000000e+00 5.018377110078807846e+01
5.100000000000000533e+00 4.894060703828806425e+01
5.200000000000000178e+00 4.771306797578807846e+01
5.300000000000000711e+00 4.650115391328807135e+01
5.400000000000000355e+00 4.530486485078807135e+01
5.500000000000000000e+00 4.412420078828807846e+01
5.600000000000000533e+00 4.295916172578806425e+01
5.700000000000000178e+00 4.180974766328807846e+01
5.800000000000000711e+00 4.067595860078806425e+01
5.900000000000000355e+00 3.955779453828807135e+01
6.000000000000000000e+00 3.845525547578807846e+01
6.100000000000000533e+00 3.736834141328806425e+01
6.200000000000000178e+00 3.629705235078806425e+01
6.300000000000000711e+00 3.524138828828806425e+01
6.400000000000000355e+00 3.420134922578807135e+01
6.500000000000000000e+00 3.317693516328807846e+01
6.600000000000000533e+00 3.216814610078807135e+01
6.700000000000000178e+00 3.117498203828806425e+01
6.800000000000000711e+00 3.019744297578806425e+01
6.900000000000000355e+00 2.923552891328806780e+01
7.000000000000000000e+00 2.828923985078807490e+01
7.100000000000000533e+00 2.735857578828806780e+01
7.200000000000000178e+00 2.644353672578807490e+01
7.300000000000000711e+00 2.554412266328807135e+01
7.400000000000000355e+00 2.466033360078807135e+01
7.500000000000000000e+00 2.379216953828807135e+01
7.600000000000000533e+00 2.293963047578806780e+01
7.700000000000000178e+00 2.210271641328807490e+01
7.800000000000000711e+00 2.128142735078806780e+01
7.900000000000000355e+00 2.047576328828807135e+01
8.000000000000000000e+00 1.968572422578807135e+01
8.099999999999999645e+00 1.891131016328807846e+01
8.200000000000001066e+00 1.815252110078806425e+01
8.300000000000000711e+00 1.740935703828806780e+01
8.400000000000000355e+00 1.668181797578807135e+01
8.500000000000000000e+00 1.596990391328807313e+01
8.599999999999999645e+00 1.527361485078807490e+01
8.700000000000001066e+00 1.459295078828806602e+01
8.800000000000000711e+00 1.392791172578806780e+01
8.900000000000000355e+00 1.327849766328807135e+01
9.000000000000000000e+00 1.264470860078807490e+01
9.099999999999999645e+00 1.202654453828807490e+01
9.200000000000001066e+00 1.142400547578806602e+01
9.300000000000000711e+00 1.083709141328806780e+01
9.400000000000000355e+00 1.026580235078807135e+01
9.500000000000000000e+00 9.710138288288073127e+00
9.600000000000001421e+00 9.170099225788064246e+00
9.700000000000001066e+00 8.645685163288067798e+00
9.800000000000000711e+00 8.136896100788069575e+00
9.900000000000000355e+00 7.643732038288071351e+00
1.000000000000000000e+01 7.166192975788073127e+00
1.010000000000000142e+01 6.704278913288065134e+00
1.020000000000000107e+01 6.257989850788067798e+00
1.030000000000000071e+01 5.827325788288070463e+00
1.040000000000000036e+01 5.412286725788071351e+00
1.050000000000000000e+01 5.012872663288073127e+00
1.060000000000000142e+01 4.629083600788067798e+00
1.070000000000000107e+01 4.260919538288068686e+00
1.080000000000000071e+01 3.908380475788070463e+00
1.090000000000000036e+01 3.571466413288071351e+00
1.100000000000000000e+01 3.250177350788072683e+00
1.110000000000000142e+01 2.944513288288068242e+00
1.120000000000000107e+01 2.654474225788069575e+00
1.130000000000000071e+01 2.380060163288070463e+00
1.140000000000000036e+01 2.121271100788071795e+00
1.150000000000000000e+01 1.878107038288072461e+00
1.160000000000000142e+01 1.650567975788069575e+00
1.170000000000000107e+01 1.438653913288070463e+00
1.180000000000000071e+01 1.242364850788071129e+00
1.190000000000000036e+01 1.061700788288071795e+00
1.200000000000000000e+01 8.966617257880724612e-01
1.210000000000000142e+01 7.472476632880703518e-01
1.220000000000000107e+01 6.134586007880711289e-01
1.230000000000000071e+01 4.952945382880716285e-01
1.240000000000000036e+01 3.927554757880721836e-01
1.250000000000000000e+01 3.058414132880724612e-01
1.260000000000000142e+01 2.345523507880715730e-01
1.270000000000000107e+01 1.788882882880719616e-01
1.280000000000000071e+01 1.388492257880722114e-01
1.290000000000000036e+01 1.144351632880723918e-01
1.300000000000000000e+01 1.056461007880724612e-01
1.310000000000000142e+01 1.046695382880724612e-01
1.320000000000000107e+01 1.036929757880724473e-01
1.330000000000000071e+01 1.027164132880724473e-01
1.340000000000000036e+01 1.017398507880724751e-01
1.350000000000000000e+01 1.007632882880724889e-01
1.360000000000000142e+01 9.978672578807248894e-02
1.370000000000000107e+01 9.881016328807250282e-02
1.380000000000000071e+01 9.783360078807250282e-02
1.390000000000000036e+01 9.685703828807248894e-02
1.400000000000000000e+01 9.588047578807248894e-02
1.410000000000000142e+01 9.490391328807247506e-02
1.420000000000000107e+01 9.392735078807248894e-02
1.430000000000000071e+01 9.295078828807248894e-02
1.440000000000000036e+01 9.197422578807250282e-02
1.450000000000000000e+01 9.099766328807248894e-02
1.460000000000000142e+01 9.002110078807248894e-02
1.470000000000000107e+01 8.904453828807248894e-02
1.480000000000000071e+01 8.806797578807248894e-02
1.490000000000000036e+01 8.709141328807248894e-02
1.500000000000000000e+01 8.611485078807247506e-02
1.510000000000000142e+01 8.513828828807247506e-02
1.520000000000000107e+01 8.416172578807246119e-02
1.530000000000000071e+01 8.318516328807248894e-02
1.540000000000000036e+01 8.220860078807248894e-02
1.550000000000000000e+01 8.123203828807248894e-02
1.560000000000000142e+01 8.025547578807247506e-02
1.570000000000000107e+01 7.927891328807248894e-02
1.580000000000000071e+01 7.830235078807248894e-02
1.590000000000000036e+01 7.732578828807248894e-02
1.600000000000000000e+01 7.634922578807248894e-02
1.610000000000000142e+01 7.537266328807246119e-02
1.619999999999999929e+01 7.439610078807250282e-02
1.630000000000000071e+01 7.341953828807248894e-02
1.640000000000000213e+01 7.244297578807247506e-02
1.650000000000000000e+01 7.146641328807250282e-02
1.660000000000000142e+01 7.048985078807247506e-02
1.669999999999999929e+01 6.951328828807250282e-02
1.680000000000000071e+01 6.853672578807248894e-02
1.690000000000000213e+01 6.756016328807247506e-02
1.700000000000000000e+01 6.658360078807248894e-02
1.710000000000000142e+01 6.560703828807246119e-02
1.719999999999999929e+01 6.463047578807250282e-02
1.730000000000000071e+01 6.365391328807248894e-02
1.740000000000000213e+01 6.267735078807247506e-02
1.750000000000000000e+01 6.170078828807250976e-02
1.760000000000000142e+01 6.072422578807247506e-02
1.769999999999999929e+01 5.974766328807248894e-02
1.780000000000000071e+01 5.877110078807248894e-02
1.790000000000000213e+01 5.779453828807247506e-02
1.800000000000000000e+01 5.681833464988714916e-02
1.810000000000000142e+01 5.584213101170178162e-02
1.819999999999999929e+01 5.487395442865191514e-02
1.830000000000000071e+01 5.390577784560201396e-02
1.840000000000000213e+01 5.294155387164427295e-02
1.850000000000000000e+01 5.197732989768656664e-02
1.860000000000000142e+01 5.101351328387393469e-02
1.869999999999999929e+01 5.004969667006133049e-02
1.880000000000000071e+01 4.908323045117131411e-02
1.890000000000000213e+01 4.811676423228130467e-02
1.900000000000000000e+01 4.714504686480196216e-02
1.910000000000000142e+01 4.617332949732259190e-02
1.920000000000000284e+01 4.519418914465686554e-02
1.930000000000000071e+01 4.421504879199117388e-02
1.940000000000000213e+01 4.322671749463464358e-02
1.950000000000000000e+01 4.223838619727814103e-02
1.960000000000000142e+01 4.123948141550799751e-02
1.970000000000000284e+01 4.024057663373785398e-02
1.980000000000000071e+01 3.923008253049888039e-02
1.990000000000000213e+01 3.821958842725986516e-02
2.000000000000000000e+01 3.719684076809372242e-02
2.010000000000000142e+01 3.617409310892753804e-02
2.020000000000000284e+01 3.513892772561345856e-02
2.030000000000000071e+01 3.410376234229940684e-02
2.040000000000000213e+01 3.307638823193886912e-02
2.050000000000000000e+01 3.204901412157837304e-02
2.060000000000000142e+01 3.106049946136379275e-02
2.070000000000000284e+01 3.007198480114921940e-02
2.080000000000000071e+01 2.913137725908895859e-02
2.090000000000000213e+01 2.819076971702867002e-02
2.100000000000000000e+01 2.729498339653448763e-02
2.110000000000000142e+01 2.639919707604027749e-02
2.120000000000000284e+01 2.554569308489932494e-02
2.130000000000000071e+01 2.469218909375840015e-02
2.140000000000000213e+01 2.387894861630255466e-02
2.150000000000000000e+01 2.306570813884674387e-02
2.160000000000000142e+01 2.229120697244975011e-02
2.170000000000000284e+01 2.151670580605275634e-02
2.180000000000000071e+01 2.077989025173091961e-02
2.190000000000000213e+01 2.004307469740906206e-02
2.200000000000000000e+01 1.934333933631948721e-02
2.210000000000000142e+01 1.864360397522988808e-02
2.220000000000000284e+01 1.798077081308067926e-02
2.230000000000000071e+01 1.731793765093149473e-02
2.240000000000000213e+01 1.669223642631563476e-02
2.250000000000000000e+01 1.606653520169979907e-02
2.260000000000000142e+01 1.547858489793416115e-02
2.270000000000000284e+01 1.489063459416852322e-02
2.280000000000000071e+01 1.434142595658726912e-02
2.290000000000000213e+01 1.379221731900599941e-02
2.300000000000000000e+01 1.328256027307685334e-02
2.310000000000000142e+01 1.277290322714768472e-02
2.320000000000000284e+01 1.229259161576556555e-02
2.330000000000000071e+01 1.181228000438346026e-02
2.340000000000000213e+01 1.135948712083862701e-02
2.350000000000000000e+01 1.090669423729380763e-02
2.360000000000000142e+01 1.047971759232119680e-02
2.370000000000000284e+01 1.005274094734858424e-02
2.380000000000000071e+01 9.649995410760107972e-03
2.390000000000000213e+01 9.247249874171616091e-03
2.400000000000000000e+01 8.867260902775750062e-03
2.410000000000000142e+01 8.487271931379871889e-03
2.420000000000000284e+01 8.128666745513719871e-03
2.430000000000000071e+01 7.770061559647579129e-03
2.440000000000000213e+01 7.431565080346360860e-03
2.450000000000000000e+01 7.093068601045153000e-03
2.460000000000000142e+01 6.773495791607702168e-03
2.470000000000000284e+01 6.453922982170248734e-03
2.480000000000000071e+01 6.152174049328929667e-03
2.490000000000000213e+01 5.850425116487597589e-03
2.500000000000000000e+01 5.565478930029096709e-03
2.510000000000000142e+01 5.280532743570584553e-03
2.520000000000000284e+01 5.011197119065159862e-03
2.530000000000000071e+01 4.741861494559743845e-03
2.540000000000000213e+01 4.487187027048618673e-03
2.550000000000000000e+01 4.232512559537501308e-03
2.560000000000000142e+01 3.991610430649797543e-03
2.570000000000000284e+01 3.750708301762093778e-03
2.580000000000000071e+01 3.522747545501980944e-03
2.590000000000000213e+01 3.294786789241861170e-03
2.600000000000000000e+01 3.078990202250411062e-03
2.610000000000000142e+01 2.863193615258952281e-03
2.620000000000000284e+01 2.658833884276088320e-03
2.630000000000000071e+01 2.454474153293232166e-03
2.640000000000000213e+01 2.260870365668915180e-03
2.650000000000000000e+01 2.067266578044605566e-03
2.660000000000000142e+01 1.883781579242173061e-03
2.670000000000000284e+01 1.700296580439740555e-03
2.680000000000000071e+01 1.526333981030368646e-03
2.690000000000000213e+01 1.352371381620991317e-03
2.700000000000000000e+01 1.187372616372974485e-03
2.710000000000000142e+01 1.022373851124952016e-03
2.720000000000000284e+01 8.658158198899640031e-04
2.730000000000000071e+01 7.092577886549814112e-04
2.740000000000000213e+01 5.604793118500338723e-04
2.750000000000000000e+01 4.117008350450917543e-04
2.760000000000000142e+01 2.703262063308189533e-04
2.770000000000000284e+01 1.289515776165461251e-04
2.780000000000000071e+01 -5.375051151870945473e-06
2.790000000000000213e+01 -1.397016799202925087e-04
2.800000000000000000e+01 -2.673172845360787691e-04
2.810000000000000142e+01 -3.949328891518697187e-04
2.820000000000000284e+01 -5.170756059370973509e-04
2.830000000000000071e+01 -6.392183227223207547e-04
2.840000000000000213e+01 -7.562374308775403429e-04
2.850000000000000000e+01 -8.732565390327555943e-04
2.860000000000000142e+01 -9.852733196715618424e-04
2.870000000000000284e+01 -1.097290100310367982e-03
2.880000000000000071e+01 -1.204530907699764191e-03
2.890000000000000213e+01 -1.311771715089163869e-03
2.900000000000000000e+01 -1.414167916556507585e-03
2.910000000000000142e+01 -1.516564118023854338e-03
2.920000000000000284e+01 -1.613617133641324919e-03
2.930000000000000071e+01 -1.710670149258792030e-03
2.940000000000000213e+01 -1.801281795648738797e-03
2.950000000000000000e+01 -1.891893442038681877e-03
2.960000000000000142e+01 -1.975820282161136997e-03
2.970000000000000284e+01 -2.059747122283591900e-03
2.980000000000000071e+01 -2.136373360126814225e-03
2.990000000000000213e+01 -2.212999597970039586e-03
3.000000000000000000e+01 -2.284500862586385638e-03
3.010000000000000142e+01 -2.356002127202734726e-03
3.020000000000000284e+01 -2.423007348309996756e-03
3.030000000000000071e+01 -2.490012569417257050e-03
3.040000000000000213e+01 -2.552568768659843959e-03
3.050000000000000000e+01 -2.615124967902427832e-03
3.060000000000000142e+01 -2.667386160091975156e-03
3.070000000000000284e+01 -2.719647352281522046e-03
3.080000000000000071e+01 -2.757439980911329577e-03
3.090000000000000213e+01 -2.795232609541138408e-03
3.100000000000000000e+01 -2.816527265505828354e-03
3.110000000000000142e+01 -2.837821921470519166e-03
3.120000000000000284e+01 -2.840422061435225829e-03
3.130000000000000071e+01 -2.843022201399932492e-03
3.140000000000000213e+01 -2.825774543921275722e-03
3.150000000000000000e+01 -2.808526886442618952e-03
3.160000000000000142e+01 -2.771187708294556296e-03
3.170000000000000284e+01 -2.733848530146494073e-03
3.180000000000000071e+01 -2.676971106365679930e-03
3.190000000000000213e+01 -2.620093682584863186e-03
3.200000000000000000e+01 -2.544934909304177525e-03
3.210000000000000142e+01 -2.469776136023488396e-03
3.220000000000000284e+01 -2.378216610783025989e-03
3.230000000000000426e+01 -2.286657085542562716e-03
3.239999999999999858e+01 -2.180878526320366873e-03
3.250000000000000000e+01 -2.075099967098164092e-03
3.260000000000000142e+01 -1.957983110422802358e-03
3.270000000000000284e+01 -1.840866253747441058e-03
3.280000000000000426e+01 -1.715713589991531979e-03
3.289999999999999858e+01 -1.590560926235631573e-03
3.300000000000000000e+01 -1.461005541679573404e-03
3.310000000000000142e+01 -1.331450157123515235e-03
3.320000000000000284e+01 -1.200042286422290955e-03
3.330000000000000426e+01 -1.068634415721066893e-03
3.339999999999999858e+01 -9.383680645721201915e-04
3.350000000000000000e+01 -8.081017134231641662e-04
3.360000000000000142e+01 -6.819674918934064438e-04
3.370000000000000284e+01 -5.558332703636487213e-04
3.380000000000000426e+01 -4.363544546292760827e-04
3.389999999999999858e+01 -3.168756388949119551e-04
3.400000000000000000e+01 -2.063843091604992248e-04
3.410000000000000142e+01 -9.589297942608717199e-05
3.420000000000000284e+01 3.216563190832253416e-06
3.430000000000000426e+01 1.023261058077507132e-04
3.439999999999999858e+01 1.870828497981534045e-04
3.450000000000000000e+01 2.718395937885620590e-04
3.460000000000000142e+01 3.402249417164852018e-04
3.470000000000000284e+01 4.086102896444082362e-04
3.480000000000000426e+01 4.585488498478324892e-04
3.489999999999999858e+01 5.084874100512531102e-04
3.500000000000000000e+01 5.422662999792209493e-04
3.510000000000000142e+01 5.760451899071875959e-04
3.520000000000000284e+01 5.972085800506914035e-04
3.530000000000000426e+01 6.183719701941948858e-04
3.539999999999999858e+01 6.327116976481017173e-04
3.550000000000000000e+01 6.470514251020097413e-04
3.560000000000000142e+01 6.550641058579412430e-04
3.570000000000000284e+01 6.630767866138728532e-04
3.580000000000000426e+01 6.652874735955883936e-04
3.589999999999999858e+01 6.674981605773037171e-04
3.600000000000000000e+01 6.656246457487634575e-04
3.610000000000000142e+01 6.637511309202226558e-04
3.620000000000000284e+01 6.585361591623564020e-04
3.630000000000000426e+01 6.533211874044899314e-04
3.639999999999999858e+01 6.454415715224531315e-04
3.650000000000000000e+01 6.375619556404156811e-04
3.660000000000000142e+01 6.276205695907649193e-04
3.670000000000000284e+01 6.176791835411141575e-04
3.680000000000000426e+01 6.061971608267555014e-04
3.689999999999999858e+01 5.947151381123976042e-04
3.700000000000000000e+01 5.821298019758397099e-04
3.710000000000000142e+01 5.695444658392815988e-04
3.720000000000000284e+01 5.562099121956313140e-04
3.730000000000000426e+01 5.428753585519809207e-04
3.739999999999999858e+01 5.290731294933029294e-04
3.750000000000000000e+01 5.152709004346238538e-04
3.760000000000000142e+01 5.012710826163188074e-04
3.770000000000000284e+01 4.872712647980138151e-04
3.780000000000000426e+01 4.733263293651338412e-04
3.789999999999999858e+01 4.593813939322548973e-04
3.800000000000000000e+01 4.456963881591313389e-04
3.810000000000000142e+01 4.320113823860077806e-04
3.820000000000000284e+01 4.187456254433207133e-04
3.830000000000000426e+01 4.054798685006338085e-04
3.840000000000000568e+01 3.927474820819999561e-04
3.850000000000000000e+01 3.800150956633671336e-04
3.860000000000000142e+01 3.678864440137698645e-04
3.870000000000000284e+01 3.557577923641724871e-04
3.880000000000000426e+01 3.442640778965202304e-04
3.890000000000000568e+01 3.327703634288679737e-04
3.900000000000000000e+01 3.219136521848902461e-04
3.910000000000000142e+01 3.110569409409117596e-04
3.920000000000000284e+01 3.008224268369847710e-04
3.930000000000000426e+01 2.905879127330577281e-04
3.940000000000000568e+01 2.809405468128197184e-04
3.950000000000000000e+01 2.712931808925824135e-04
3.960000000000000142e+01 2.621918442591917968e-04
3.970000000000000284e+01 2.530905076258011259e-04
3.980000000000000426e+01 2.444971829160526256e-04
3.990000000000000568e+01 2.359038582063041796e-04
4.000000000000000000e+01 2.277899501392629459e-04
4.010000000000000142e+01 2.196760420722211431e-04
4.020000000000000284e+01 2.120104228595467467e-04
4.030000000000000426e+01 2.043448036468723504e-04
4.040000000000000568e+01 1.970941898004374454e-04
4.050000000000000000e+01 1.898435759540030555e-04
4.060000000000000142e+01 1.829809537479024182e-04
4.070000000000000284e+01 1.761183315418017538e-04
4.080000000000000426e+01 1.696275557003992102e-04
4.090000000000000568e+01 1.631367798589966936e-04
4.100000000000000000e+01 1.570036757991134075e-04
4.110000000000000142e+01 1.508705717392296876e-04
4.120000000000000284e+01 1.450815370696161856e-04
4.130000000000000426e+01 1.392925024000026565e-04
4.140000000000000568e+01 1.338344120164804965e-04
4.150000000000000000e+01 1.283763216329587430e-04
4.160000000000000142e+01 1.232364658357250667e-04
4.170000000000000284e+01 1.180966100384914312e-04
4.180000000000000426e+01 1.132625205431801621e-04
4.190000000000000568e+01 1.084284310478688659e-04
4.200000000000000000e+01 1.038881642419260817e-04
4.210000000000000142e+01 9.934789743598298572e-05
4.220000000000000284e+01 9.508970960072283716e-05
4.230000000000000426e+01 9.083152176546268860e-05
4.240000000000000568e+01 8.684398631360706303e-05
4.250000000000000000e+01 8.285645086175172206e-05
4.260000000000000142e+01 7.912852104672302568e-05
4.270000000000000284e+01 7.540059123169432929e-05
4.280000000000000426e+01 7.192126710528373734e-05
4.290000000000000568e+01 6.844194297887314538e-05
4.300000000000000000e+01 6.520084769167802739e-05
4.310000000000000142e+01 6.195975240448269256e-05
4.320000000000000284e+01 5.894624925719599339e-05
4.330000000000000426e+01 5.593274610990930777e-05
4.340000000000000568e+01 5.313710143825049580e-05
4.350000000000000000e+01 5.034145676659188034e-05
4.360000000000000142e+01 4.775343334004250779e-05
4.370000000000000284e+01 4.516540991349314880e-05
4.380000000000000426e+01 4.277577295748055620e-05
4.390000000000000568e+01 4.038613600146797038e-05
4.400000000000000000e+01 3.818513963380201293e-05
4.410000000000000142e+01 3.598414326613591318e-05
4.420000000000000284e+01 3.396283058031733060e-05
4.430000000000000426e+01 3.194151789449874802e-05
4.440000000000000568e+01 3.009064826814446540e-05
4.450000000000000000e+01 2.823977864179030476e-05
4.460000000000000142e+01 2.655058212939869272e-05
4.470000000000000284e+01 2.486138561700707730e-05
4.480000000000000426e+01 2.332516651788443991e-05
4.490000000000000568e+01 2.178894741876179574e-05
4.500000000000000000e+01 2.039718563041976570e-05
4.510000000000000142e+01 1.900542384207763740e-05
4.520000000000000284e+01 1.774984568823810563e-05
4.530000000000000426e+01 1.649426753439857724e-05
4.540000000000000568e+01 1.536672486107971009e-05
4.550000000000000000e+01 1.423918218776092257e-05
4.560000000000000142e+01 1.323162503799570645e-05
4.570000000000000284e+01 1.222406788823049034e-05
4.580000000000000426e+01 1.132871637296108270e-05
4.590000000000000568e+01 1.043336485769167506e-05
4.600000000000000000e+01 9.642402009112476850e-06
4.610000000000000142e+01 8.851439160533221043e-06
4.620000000000000284e+01 8.157441423639232096e-06
4.630000000000000426e+01 7.463443686745244843e-06
4.640000000000000568e+01 6.859052906168170933e-06
4.650000000000000000e+01 6.254662125591139375e-06
4.660000000000000142e+01 5.732299703499127326e-06
4.670000000000000284e+01 5.209937281407113583e-06
4.680000000000000426e+01 4.762467078935502935e-06
4.690000000000000568e+01 4.314996876463893134e-06
4.700000000000000000e+01 3.934836968367566832e-06
4.710000000000000142e+01 3.554677060271212578e-06
4.720000000000000284e+01 3.234665963330516504e-06
4.730000000000000426e+01 2.914654866389821277e-06
4.740000000000000568e+01 2.647575969088904403e-06
4.750000000000000000e+01 2.380497071788007010e-06
4.760000000000000142e+01 2.163556682646887228e-06
4.770000000000000284e+01 1.946616293505766598e-06
4.780000000000000426e+01 1.772626359153195635e-06
4.790000000000000568e+01 1.598636424800624884e-06
4.800000000000000000e+01 1.461281739812204251e-06
4.810000000000000142e+01 1.323927054823773665e-06
4.820000000000000284e+01 1.216918536072462878e-06
4.830000000000000426e+01 1.109910017321152091e-06
4.840000000000000568e+01 1.026982982845543406e-06
4.850000000000000000e+01 9.440559483699402267e-07
4.860000000000000142e+01 8.789685096434580874e-07
4.870000000000000284e+01 8.138810709169759481e-07
4.880000000000000426e+01 7.604126310463978503e-07
4.890000000000000568e+01 7.069441911758199642e-07
4.900000000000000000e+01 6.588940420496794789e-07
4.910000000000000142e+01 6.108438929235352878e-07
4.920000000000000284e+01 5.620299047908328736e-07
4.930000000000000426e+01 5.132159166581303536e-07
4.940000000000000568e+01 4.574733140474067769e-07
4.950000000000000000e+01 4.017307114366871706e-07
4.960000000000000142e+01 3.329109297266452293e-07
4.970000000000000284e+01 2.640911480166032881e-07
4.980000000000000426e+01 1.760607653444001009e-07
4.990000000000000568e+01 8.803038267219692704e-08
5.000000000000000000e+01 0.000000000000000000e+00
