0.000000000000000000e+00 4.549876615185726791e+02
1.000000000000000056e-01 4.480236768346716190e+02
2.000000000000000111e-01 4.411134421531548355e+02
3.000000000000000444e-01 4.342569574740219878e+02
4.000000000000000222e-01 4.274542227972734736e+02
5.000000000000000000e-01 4.207052381229092362e+02
6.000000000000000888e-01 4.140100034509291049e+02
7.000000000000000666e-01 4.073685187813331368e+02
8.000000000000000444e-01 4.007807841141212748e+02
9.000000000000000222e-01 3.942467994492938033e+02
1.000000000000000000e+00 3.877665647868503811e+02
1.100000000000000089e+00 3.813400801267911788e+02
1.200000000000000178e+00 3.749673454691161965e+02
1.300000000000000044e+00 3.686483608138252634e+02
1.400000000000000133e+00 3.623831261609186640e+02
1.500000000000000000e+00 3.561716415103961708e+02
1.600000000000000089e+00 3.500139068622578975e+02
1.700000000000000178e+00 3.439099222165037872e+02
1.800000000000000044e+00 3.378596875731338400e+02
1.900000000000000133e+00 3.318632029321481127e+02
2.000000000000000000e+00 3.259204682935466053e+02
2.100000000000000089e+00 3.200314836573292610e+02
2.200000000000000178e+00 3.141962490234960796e+02
2.300000000000000266e+00 3.084147643920470614e+02
2.400000000000000355e+00 3.026870297629823199e+02
2.500000000000000000e+00 2.970130451363016846e+02
2.600000000000000089e+00 2.913928105120053260e+02
2.700000000000000178e+00 2.858263258900930168e+02
2.800000000000000266e+00 2.803135912705649275e+02
2.900000000000000355e+00 2.748546066534210581e+02
3.000000000000000000e+00 2.694493720386614086e+02
3.100000000000000089e+00 2.640978874262859222e+02
3.200000000000000178e+00 2.588001528162946556e+02
3.300000000000000266e+00 2.535561682086874384e+02
3.400000000000000355e+00 2.483659336034645264e+02
3.500000000000000000e+00 2.432294490006257774e+02
3.600000000000000089e+00 2.381467144001712484e+02
3.700000000000000178e+00 2.331177298021008824e+02
3.800000000000000266e+00 2.281424952064145941e+02
3.900000000000000355e+00 2.232210106131125542e+02
4.000000000000000000e+00 2.183532760221947626e+02
4.100000000000000533e+00 2.135392914336611057e+02
4.200000000000000178e+00 2.087790568475116970e+02
4.299999999999999822e+00 2.040725722637463662e+02
4.400000000000000355e+00 1.994198376823653120e+02
4.500000000000000000e+00 1.948208531033684494e+02
4.600000000000000533e+00 1.902756185267556930e+02
4.700000000000000178e+00 1.857841339525272417e+02
4.800000000000000711e+00 1.813463993806828682e+02
4.900000000000000355e+00 1.769624148112227147e+02
5.000000000000000000e+00 1.726321802441467526e+02
5.100000000000000533e+00 1.683556956794549535e+02
5.200000000000000178e+00 1.641329611171473744e+02
5.300000000000000711e+00 1.599639765572239298e+02
5.400000000000000355e+00 1.558487419996847336e+02
5.500000000000000000e+00 1.517872574445297005e+02
5.600000000000000533e+00 1.477795228917588020e+02
5.700000000000000178e+00 1.438255383413721802e+02
5.800000000000000711e+00 1.399253037933696646e+02
5.900000000000000355e+00 1.360788192477513974e+02
6.000000000000000000e+00 1.322860847045172932e+02
6.100000000000000533e+00 1.285471001636673236e+02
6.200000000000000178e+00 1.248618656252016024e+02
6.300000000000000711e+00 1.212303810891200584e+02
6.400000000000000355e+00 1.176526465554226917e+02
6.500000000000000000e+00 1.141286620241095306e+02
6.600000000000000533e+00 1.106584274951805185e+02
6.700000000000000178e+00 1.072419429686357120e+02
6.800000000000000711e+00 1.038792084444750685e+02
6.900000000000000355e+00 1.005702239226986450e+02
7.000000000000000000e+00 9.731498940330639869e+01
7.100000000000000533e+00 9.411350488629832967e+01
7.200000000000000178e+00 9.096577037167446633e+01
7.300000000000000711e+00 8.787178585943476605e+01
7.400000000000000355e+00 8.483155134957924304e+01
7.500000000000000000e+00 8.184506684210793992e+01
7.600000000000000533e+00 7.891233233702078564e+01
7.700000000000000178e+00 7.603334783431785127e+01
7.800000000000000711e+00 7.320811333399905152e+01
7.900000000000000355e+00 7.043662883606450009e+01
8.000000000000000000e+00 6.771889434051411172e+01
8.099999999999999645e+00 6.505490984734791482e+01
8.200000000000001066e+00 6.244467535656583834e+01
8.300000000000000711e+00 5.988819086816802439e+01
8.400000000000000355e+00 5.738545638215438061e+01
8.500000000000000000e+00 5.493647189852492119e+01
8.599999999999999645e+00 5.254123741727965324e+01
8.700000000000001066e+00 5.019975293841852704e+01
8.800000000000000711e+00 4.791201846194162073e+01
8.900000000000000355e+00 4.567803398784892011e+01
9.000000000000000000e+00 4.349779951614038964e+01
9.099999999999999645e+00 4.137131504681604355e+01
9.200000000000001066e+00 3.929858057987584630e+01
9.300000000000000711e+00 3.727959611531986894e+01
9.400000000000000355e+00 3.531436165314809017e+01
9.500000000000000000e+00 3.340287719336048866e+01
9.600000000000001421e+00 3.154514273595703600e+01
9.700000000000001066e+00 2.974115828093781388e+01
9.800000000000000711e+00 2.799092382830276904e+01
9.900000000000000355e+00 2.629443937805191567e+01
1.000000000000000000e+01 2.465170493018524311e+01
1.010000000000000142e+01 2.306272048470272296e+01
1.020000000000000107e+01 2.152748604160442625e+01
1.030000000000000071e+01 2.004600160089031391e+01
1.040000000000000036e+01 1.861826716256037884e+01
1.050000000000000000e+01 1.724428272661463524e+01
1.060000000000000142e+01 1.592404829305305469e+01
1.070000000000000107e+01 1.465756386187568161e+01
1.080000000000000071e+01 1.344482943308249467e+01
1.090000000000000036e+01 1.228584500667349211e+01
1.100000000000000000e+01 1.118061058264867569e+01
1.110000000000000142e+01 1.012912616100802587e+01
1.120000000000000107e+01 9.131391741751581748e+00
1.130000000000000071e+01 8.187407324879321990e+00
1.140000000000000036e+01 7.297172910391248379e+00
1.150000000000000000e+01 6.460688498287360026e+00
1.160000000000000142e+01 5.677954088567645385e+00
1.170000000000000107e+01 4.948969681232127549e+00
1.180000000000000071e+01 4.273735276280796747e+00
1.190000000000000036e+01 3.652250873713651202e+00
1.200000000000000000e+01 3.084516473530690028e+00
1.210000000000000142e+01 2.570532075731906563e+00
1.220000000000000107e+01 2.110297680317318569e+00
1.230000000000000071e+01 1.703813287286915168e+00
1.240000000000000036e+01 1.351078896640697913e+00
1.250000000000000000e+01 1.052094508378665472e+00
1.260000000000000142e+01 8.068601225008147360e-01
1.270000000000000107e+01 6.153757390071541433e-01
1.280000000000000071e+01 4.776413578976789753e-01
1.290000000000000036e+01 3.936569791723892320e-01
1.300000000000000000e+01 3.634226028312849133e-01
1.310000000000000142e+01 3.600632276822732791e-01
1.320000000000000107e+01 3.567038525332617005e-01
1.330000000000000071e+01 3.533444773842500664e-01
1.340000000000000036e+01 3.499851022352385432e-01
1.350000000000000000e+01 3.466257270862269646e-01
1.360000000000000142e+01 3.432663519372153860e-01
1.370000000000000107e+01 3.399069767882037518e-01
1.380000000000000071e+01 3.365476016391921732e-01
1.390000000000000036e+01 3.331882264901805391e-01
1.400000000000000000e+01 3.298288513411689604e-01
1.410000000000000142e+01 3.264694761921572708e-01
1.420000000000000107e+01 3.231101010431456366e-01
1.430000000000000071e+01 3.197507258941340580e-01
1.440000000000000036e+01 3.163913507451224794e-01
1.450000000000000000e+01 3.130319755961109007e-01
1.460000000000000142e+01 3.096726004470992111e-01
1.470000000000000107e+01 3.063132252980876324e-01
1.480000000000000071e+01 3.029538501490759983e-01
1.490000000000000036e+01 2.995944750000644197e-01
1.500000000000000000e+01 2.962350998510527855e-01
1.510000000000000142e+01 2.928757247020411514e-01
1.520000000000000107e+01 2.895163495530295172e-01
1.530000000000000071e+01 2.861569744040179386e-01
1.540000000000000036e+01 2.827975992550063600e-01
1.550000000000000000e+01 2.794382241059947258e-01
1.560000000000000142e+01 2.760788489569830917e-01
1.570000000000000107e+01 2.727194738079715131e-01
1.580000000000000071e+01 2.693600986589599344e-01
1.590000000000000036e+01 2.660007235099483003e-01
1.600000000000000000e+01 2.626413483609366661e-01
1.610000000000000142e+01 2.592819732119249765e-01
1.619999999999999929e+01 2.559225980629135089e-01
1.630000000000000071e+01 2.525632229139018192e-01
1.640000000000000213e+01 2.492038477648901573e-01
1.650000000000000000e+01 2.458444726158786620e-01
1.660000000000000142e+01 2.424850974668669723e-01
1.669999999999999929e+01 2.391257223178554214e-01
1.680000000000000071e+01 2.357663471688437595e-01
1.690000000000000213e+01 2.324069720198321254e-01
1.700000000000000000e+01 2.290475968708205468e-01
1.710000000000000142e+01 2.256882217218088571e-01
1.719999999999999929e+01 2.223288465727973617e-01
1.730000000000000071e+01 2.189694714237856998e-01
1.740000000000000213e+01 2.156100962747740657e-01
1.750000000000000000e+01 2.122507211257625426e-01
1.760000000000000142e+01 2.088913459767508529e-01
1.769999999999999929e+01 2.055319708277392743e-01
1.780000000000000071e+01 2.021725956787276401e-01
1.790000000000000213e+01 1.988132205297160060e-01
1.800000000000000000e+01 1.954550798654016153e-01
1.810000000000000142e+01 1.920969392010871135e-01
1.819999999999999929e+01 1.887664116076635534e-01
1.830000000000000071e+01 1.854358840142398823e-01
1.840000000000000213e+01 1.821189533966963425e-01
1.850000000000000000e+01 1.788020227791529138e-01
1.860000000000000142e+01 1.754864934805707155e-01
1.869999999999999929e+01 1.721709641819886283e-01
1.880000000000000071e+01 1.688463202415359243e-01
1.890000000000000213e+01 1.655216763010832759e-01
1.900000000000000000e+01 1.621789684086820116e-01
1.910000000000000142e+01 1.588362605162806362e-01
1.920000000000000284e+01 1.554680175537055953e-01
1.930000000000000071e+01 1.520997745911306931e-01
1.940000000000000213e+01 1.486999147774168140e-01
1.950000000000000000e+01 1.453000549637030736e-01
1.960000000000000142e+01 1.418638223619929917e-01
1.970000000000000284e+01 1.384275897602829097e-01
1.980000000000000071e+01 1.349514898909516813e-01
1.990000000000000213e+01 1.314753900216203142e-01
2.000000000000000000e+01 1.279571379180298729e-01
2.010000000000000142e+01 1.244388858144392929e-01
2.020000000000000284e+01 1.208779167378851438e-01
2.030000000000000071e+01 1.173169476613311335e-01
2.040000000000000213e+01 1.137827805649260227e-01
2.050000000000000000e+01 1.102486134685210645e-01
2.060000000000000142e+01 1.068481228865475474e-01
2.070000000000000284e+01 1.034476323045740304e-01
2.080000000000000071e+01 1.002119422163614409e-01
2.090000000000000213e+01 9.697625212814871276e-02
2.100000000000000000e+01 9.389474704896258461e-02
2.110000000000000142e+01 9.081324196977635932e-02
2.120000000000000284e+01 8.787718811001710151e-02
2.130000000000000071e+01 8.494113425025795472e-02
2.140000000000000213e+01 8.214358688371918571e-02
2.150000000000000000e+01 7.934603951718055548e-02
2.160000000000000142e+01 7.668175538659538493e-02
2.170000000000000284e+01 7.401747125601024213e-02
2.180000000000000071e+01 7.148282563671398693e-02
2.190000000000000213e+01 6.894818001741767621e-02
2.200000000000000000e+01 6.654109026849838737e-02
2.210000000000000142e+01 6.413400051957901526e-02
2.220000000000000284e+01 6.185385434064542831e-02
2.230000000000000071e+01 5.957370816171191075e-02
2.240000000000000213e+01 5.742129585355893601e-02
2.250000000000000000e+01 5.526888354540602372e-02
2.260000000000000142e+01 5.324633441073813034e-02
2.270000000000000284e+01 5.122378527607024390e-02
2.280000000000000071e+01 4.933450747898814048e-02
2.290000000000000213e+01 4.744522968190598156e-02
2.300000000000000000e+01 4.569200936614222636e-02
2.310000000000000142e+01 4.393878905037839483e-02
2.320000000000000284e+01 4.228651703393416367e-02
2.330000000000000071e+01 4.063424501748999496e-02
2.340000000000000213e+01 3.907663742900505111e-02
2.350000000000000000e+01 3.751902984052016971e-02
2.360000000000000142e+01 3.605023011666291799e-02
2.370000000000000284e+01 3.458143039280567321e-02
2.380000000000000071e+01 3.319598568548721290e-02
2.390000000000000213e+01 3.181054097816871096e-02
2.400000000000000000e+01 3.050337885858521794e-02
2.410000000000000142e+01 2.919621673900168329e-02
2.420000000000000284e+01 2.796261484490331073e-02
2.430000000000000071e+01 2.672901295080497286e-02
2.440000000000000213e+01 2.556458501035831915e-02
2.450000000000000000e+01 2.440015706991170361e-02
2.460000000000000142e+01 2.330082655668392483e-02
2.470000000000000284e+01 2.220149604345614952e-02
2.480000000000000071e+01 2.116347966843877548e-02
2.490000000000000213e+01 2.012546329342135981e-02
2.500000000000000000e+01 1.914524836852478373e-02
2.510000000000000142e+01 1.816503344362816255e-02
2.520000000000000284e+01 1.723851885423214811e-02
2.530000000000000071e+01 1.631200426483616142e-02
2.540000000000000213e+01 1.543592405773764990e-02
2.550000000000000000e+01 1.455984385063916788e-02
2.560000000000000142e+01 1.373114049050672136e-02
2.570000000000000284e+01 1.290243713037427312e-02
2.580000000000000071e+01 1.211825209405543134e-02
2.590000000000000213e+01 1.133406705773656875e-02
2.600000000000000000e+01 1.059172676555803286e-02
2.610000000000000142e+01 9.849386473379469209e-03
2.620000000000000284e+01 9.146388967615598845e-03
2.630000000000000071e+01 8.443391461851752766e-03
2.640000000000000213e+01 7.777394402882508578e-03
2.650000000000000000e+01 7.111397343913290411e-03
2.660000000000000142e+01 6.480208920035332096e-03
2.670000000000000284e+01 5.849020496157376382e-03
2.680000000000000071e+01 5.250589127644551130e-03
2.690000000000000213e+01 4.652157759131705927e-03
2.700000000000000000e+01 4.084561981501715414e-03
2.710000000000000142e+01 3.516966203871704083e-03
2.720000000000000284e+01 2.978406552534485462e-03
2.730000000000000071e+01 2.439846901197285922e-03
2.740000000000000213e+01 1.928048918286472601e-03
2.750000000000000000e+01 1.416250935375677495e-03
2.760000000000000142e+01 9.299221910265228520e-04
2.770000000000000284e+01 4.435934466773678838e-04
2.780000000000000071e+01 -1.849017678260376791e-05
2.790000000000000213e+01 -4.805738002425908695e-04
2.800000000000000000e+01 -9.195714995934916799e-04
2.810000000000000142e+01 -1.358569198944408266e-03
2.820000000000000284e+01 -1.778740163323091171e-03
2.830000000000000071e+01 -2.198911127701759331e-03
2.840000000000000213e+01 -2.601456877611413050e-03
2.850000000000000000e+01 -3.004002627521052023e-03
2.860000000000000142e+01 -3.389340370010950065e-03
2.870000000000000284e+01 -3.774678112500847674e-03
2.880000000000000071e+01 -4.143586506284019366e-03
2.890000000000000213e+01 -4.512494900067202767e-03
2.900000000000000000e+01 -4.864737848739284637e-03
2.910000000000000142e+01 -5.216980797411378649e-03
2.920000000000000284e+01 -5.550843185944592806e-03
2.930000000000000071e+01 -5.884705574477794819e-03
2.940000000000000213e+01 -6.196409651885450079e-03
2.950000000000000000e+01 -6.508113729293094063e-03
2.960000000000000142e+01 -6.796822072120560498e-03
2.970000000000000284e+01 -7.085530414948026066e-03
2.980000000000000071e+01 -7.349124684820945892e-03
2.990000000000000213e+01 -7.612718954693875259e-03
3.000000000000000000e+01 -7.858683315884334303e-03
3.010000000000000142e+01 -8.104647677074802020e-03
3.020000000000000284e+01 -8.335145647907968997e-03
3.030000000000000071e+01 -8.565643618741129034e-03
3.040000000000000213e+01 -8.780836953680945176e-03
3.050000000000000000e+01 -8.996030288620754378e-03
3.060000000000000142e+01 -9.175808797727221661e-03
3.070000000000000284e+01 -9.355587306833688943e-03
3.080000000000000071e+01 -9.485593955086923240e-03
3.090000000000000213e+01 -9.615600603340162741e-03
3.100000000000000000e+01 -9.688854223108002775e-03
3.110000000000000142e+01 -9.762107842875846278e-03
3.120000000000000284e+01 -9.771052324751188303e-03
3.130000000000000071e+01 -9.779996806626528594e-03
3.140000000000000213e+01 -9.720664862268165243e-03
3.150000000000000000e+01 -9.661332917909801893e-03
3.160000000000000142e+01 -9.532886139382960866e-03
3.170000000000000284e+01 -9.404439360856119839e-03
3.180000000000000071e+01 -9.208781014371314119e-03
3.190000000000000213e+01 -9.013122667886497991e-03
3.200000000000000000e+01 -8.754576476332619206e-03
3.210000000000000142e+01 -8.496030284778730013e-03
3.220000000000000284e+01 -8.181065503980665746e-03
3.230000000000000426e+01 -7.866100723182598009e-03
3.239999999999999858e+01 -7.502222463317716888e-03
3.250000000000000000e+01 -7.138344203452810614e-03
3.260000000000000142e+01 -6.735462198618953102e-03
3.270000000000000284e+01 -6.332580193785095589e-03
3.280000000000000426e+01 -5.902055011367987082e-03
3.289999999999999858e+01 -5.471529828950908933e-03
3.300000000000000000e+01 -5.025859286309487112e-03
3.310000000000000142e+01 -4.580188743668062688e-03
3.320000000000000284e+01 -4.128145648404602311e-03
3.330000000000000426e+01 -3.676102553141141066e-03
3.339999999999999858e+01 -3.227986285311697408e-03
3.350000000000000000e+01 -2.779870017482220790e-03
3.360000000000000142e+01 -2.345968276173298998e-03
3.370000000000000284e+01 -1.912066534864377857e-03
3.380000000000000426e+01 -1.501059390507115477e-03
3.389999999999999858e+01 -1.090052246149882369e-03
3.400000000000000000e+01 -7.099620550038637313e-04
3.410000000000000142e+01 -3.298718638578473699e-04
3.420000000000000284e+01 1.106497786727154459e-05
3.430000000000000426e+01 3.520018195923870744e-04
3.439999999999999858e+01 6.435650318522250900e-04
3.450000000000000000e+01 9.351282441120837598e-04
3.460000000000000142e+01 1.170373851418915132e-03
3.470000000000000284e+01 1.405619458725746720e-03
3.480000000000000426e+01 1.577408113445545471e-03
3.489999999999999858e+01 1.749196768165332079e-03
3.500000000000000000e+01 1.865396154671790851e-03
3.510000000000000142e+01 1.981595541178245937e-03
3.520000000000000284e+01 2.054397606501176012e-03
3.530000000000000426e+01 2.127199671824104785e-03
3.539999999999999858e+01 2.176528336453613724e-03
3.550000000000000000e+01 2.225857001083125265e-03
3.560000000000000142e+01 2.253420624106168123e-03
3.570000000000000284e+01 2.280984247129210982e-03
3.580000000000000426e+01 2.288589010683636429e-03
3.589999999999999858e+01 2.296193774238061442e-03
3.600000000000000000e+01 2.289748882942006705e-03
3.610000000000000142e+01 2.283303991645951100e-03
3.620000000000000284e+01 2.265364488003149355e-03
3.630000000000000426e+01 2.247424984360347176e-03
3.639999999999999858e+01 2.220319104523806823e-03
3.650000000000000000e+01 2.193213224687264300e-03
3.660000000000000142e+01 2.159014855159530327e-03
3.670000000000000284e+01 2.124816485631796353e-03
3.680000000000000426e+01 2.085318325742384956e-03
3.689999999999999858e+01 2.045820165852976161e-03
3.700000000000000000e+01 2.002526607622847135e-03
3.710000000000000142e+01 1.959233049392717675e-03
3.720000000000000284e+01 1.913362182823868940e-03
3.730000000000000426e+01 1.867491316255019988e-03
3.739999999999999858e+01 1.820011646187114735e-03
3.750000000000000000e+01 1.772531976119205797e-03
3.760000000000000142e+01 1.724372600688033877e-03
3.770000000000000284e+01 1.676213225256861956e-03
3.780000000000000426e+01 1.628242645239926607e-03
3.789999999999999858e+01 1.580272065222994944e-03
3.800000000000000000e+01 1.533195643275283519e-03
3.810000000000000142e+01 1.486119221327572093e-03
3.820000000000000284e+01 1.440485015420534887e-03
3.830000000000000426e+01 1.394850809513498331e-03
3.840000000000000568e+01 1.351051398290589777e-03
3.850000000000000000e+01 1.307251987067684692e-03
3.860000000000000142e+01 1.265529423542384804e-03
3.870000000000000284e+01 1.223806860017084483e-03
3.880000000000000426e+01 1.184268480494559111e-03
3.890000000000000568e+01 1.144730100972033522e-03
3.900000000000000000e+01 1.107383012636147749e-03
3.910000000000000142e+01 1.070035924300259157e-03
3.920000000000000284e+01 1.034829194221087260e-03
3.930000000000000426e+01 9.996224641419151468e-04
3.940000000000000568e+01 9.664355239042252046e-04
3.950000000000000000e+01 9.332485836665377560e-04
3.960000000000000142e+01 9.019399842589200661e-04
3.970000000000000284e+01 8.706313848513024846e-04
3.980000000000000426e+01 8.410703465385304788e-04
3.990000000000000568e+01 8.115093082257585815e-04
4.000000000000000000e+01 7.835974632370525843e-04
4.010000000000000142e+01 7.556856182483446356e-04
4.020000000000000284e+01 7.293158869870640035e-04
4.030000000000000426e+01 7.029461557257834798e-04
4.040000000000000568e+01 6.780040429876913778e-04
4.050000000000000000e+01 6.530619302496014442e-04
4.060000000000000142e+01 6.294545088134620610e-04
4.070000000000000284e+01 6.058470873773227862e-04
4.080000000000000426e+01 5.835188174924842890e-04
4.090000000000000568e+01 5.611905476076457918e-04
4.100000000000000000e+01 5.400926687058098469e-04
4.110000000000000142e+01 5.189947898039723841e-04
4.120000000000000284e+01 4.990805096571653736e-04
4.130000000000000426e+01 4.791662295103582547e-04
4.140000000000000568e+01 4.603903977582035731e-04
4.150000000000000000e+01 4.416145660060501383e-04
4.160000000000000142e+01 4.239334612792866131e-04
4.170000000000000284e+01 4.062523565525231421e-04
4.180000000000000426e+01 3.896230879510288042e-04
4.190000000000000568e+01 3.729938193495344664e-04
4.200000000000000000e+01 3.573753008443015643e-04
4.210000000000000142e+01 3.417567823390675781e-04
4.220000000000000284e+01 3.271086155360247109e-04
4.230000000000000426e+01 3.124604487329819521e-04
4.240000000000000568e+01 2.987433261701490182e-04
4.250000000000000000e+01 2.850262036073169516e-04
4.260000000000000142e+01 2.722021244747813195e-04
4.270000000000000284e+01 2.593780453422456873e-04
4.280000000000000426e+01 2.474091698164904889e-04
4.290000000000000568e+01 2.354402942907353447e-04
4.300000000000000000e+01 2.242909260082322340e-04
4.310000000000000142e+01 2.131415577257283643e-04
4.320000000000000284e+01 2.027751064392380479e-04
4.330000000000000426e+01 1.924086551527477587e-04
4.340000000000000568e+01 1.827916370556599253e-04
4.350000000000000000e+01 1.731746189585727696e-04
4.360000000000000142e+01 1.642718179763418928e-04
4.370000000000000284e+01 1.553690169941110161e-04
4.380000000000000426e+01 1.471486655007980728e-04
4.390000000000000568e+01 1.389283140074851024e-04
4.400000000000000000e+01 1.313568861668688425e-04
4.410000000000000142e+01 1.237854583262520405e-04
4.420000000000000284e+01 1.168321423786082883e-04
4.430000000000000426e+01 1.098788264309645362e-04
4.440000000000000568e+01 1.035118346338855021e-04
4.450000000000000000e+01 9.714484283680690168e-05
4.460000000000000142e+01 9.133400657642881735e-05
4.470000000000000284e+01 8.552317031605073303e-05
4.480000000000000426e+01 8.023857638066043052e-05
4.490000000000000568e+01 7.495398244527011445e-05
4.500000000000000000e+01 7.016632168100752037e-05
4.510000000000000142e+01 6.537866091674460103e-05
4.520000000000000284e+01 6.105947187595059898e-05
4.530000000000000426e+01 5.674028283515659694e-05
4.540000000000000568e+01 5.286153586689033813e-05
4.550000000000000000e+01 4.898278889862435037e-05
4.560000000000000142e+01 4.551679214969099206e-05
4.570000000000000284e+01 4.205079540075762020e-05
4.580000000000000426e+01 3.897078605161105038e-05
4.590000000000000568e+01 3.589077670246450090e-05
4.600000000000000000e+01 3.316986438266070393e-05
4.610000000000000142e+01 3.044895206285671045e-05
4.620000000000000284e+01 2.806159974204574411e-05
4.630000000000000426e+01 2.567424742123477100e-05
4.640000000000000568e+01 2.359514304382692270e-05
4.650000000000000000e+01 2.151603866641922349e-05
4.660000000000000142e+01 1.971911185471652108e-05
4.670000000000000284e+01 1.792218504301380851e-05
4.680000000000000426e+01 1.638288747823293489e-05
4.690000000000000568e+01 1.484358991345206297e-05
4.700000000000000000e+01 1.353583977159290318e-05
4.710000000000000142e+01 1.222808962973364683e-05
4.720000000000000284e+01 1.112725140742783357e-05
4.730000000000000426e+01 1.002641318512202200e-05
4.740000000000000568e+01 9.107661737653864189e-06
4.750000000000000000e+01 8.188910290185770754e-06
4.760000000000000142e+01 7.442635318437841610e-06
4.770000000000000284e+01 6.696360346689911619e-06
4.780000000000000426e+01 6.097834945968310603e-06
4.790000000000000568e+01 5.499309545246710434e-06
4.800000000000000000e+01 5.026809407927881201e-06
4.810000000000000142e+01 4.554309270609018087e-06
4.820000000000000284e+01 4.186199949776304390e-06
4.830000000000000426e+01 3.818090628943592387e-06
4.840000000000000568e+01 3.532821617693836281e-06
4.850000000000000000e+01 3.247552606444100502e-06
4.860000000000000142e+01 3.023651807293447090e-06
4.870000000000000284e+01 2.799751008142792831e-06
4.880000000000000426e+01 2.615819566829368122e-06
4.890000000000000568e+01 2.431888125515943837e-06
4.900000000000000000e+01 2.266595605190149234e-06
4.910000000000000142e+01 2.101303084864342773e-06
4.920000000000000284e+01 1.933382958239422546e-06
4.930000000000000426e+01 1.765462831614502743e-06
4.940000000000000568e+01 1.573708270127967196e-06
4.950000000000000000e+01 1.381953708641445624e-06
4.960000000000000142e+01 1.145213649057836175e-06
4.970000000000000284e+01 9.084735894742265137e-07
4.980000000000000426e+01 6.056490596494771780e-07
4.990000000000000568e+01 3.028245298247278423e-07
5.000000000000000000e+01 0.000000000000000000e+00
