0.000000 78.457057
0.100000 78.369907
0.200000 78.282805
0.300000 78.195752
0.400000 78.108747
0.500000 78.021790
0.600000 77.934882
0.700000 77.848022
0.800000 77.761211
0.900000 77.674448
1.000000 77.587734
1.100000 77.501068
1.200000 77.414450
1.300000 77.327881
1.400000 77.241360
1.500000 77.154888
1.600000 77.068464
1.700000 76.982089
1.800000 76.895762
1.900000 76.809483
2.000000 76.723253
2.100000 76.637072
2.200000 76.550938
2.300000 76.464853
2.400000 76.378817
2.500000 76.292829
2.600000 76.206890
2.700000 76.120998
2.800000 76.035156
2.900000 75.949362
3.000000 75.863616
3.100000 75.777918
3.200000 75.692269
3.300000 75.606669
3.400000 75.521117
3.500000 75.435613
3.600000 75.350158
3.700000 75.264751
3.800000 75.179393
3.900000 75.094083
4.000000 75.008821
4.100000 74.923608
4.200000 74.838443
4.300000 74.753327
4.400000 74.668259
4.500000 74.583240
4.600000 74.498269
4.700000 74.413347
4.800000 74.328473
4.900000 74.243647
5.000000 74.158870
5.100000 74.074141
5.200000 73.989461
5.300000 73.904829
5.400000 73.820245
5.500000 73.735710
5.600000 73.651224
5.700000 73.566785
5.800000 73.482396
5.900000 73.398054
6.000000 73.313761
6.100000 73.229517
6.200000 73.145321
6.300000 73.061173
6.400000 72.977074
6.500000 72.893023
6.600000 72.809021
6.700000 72.725067
6.800000 72.641162
6.900000 72.557305
7.000000 72.473496
7.100000 72.389736
7.200000 72.306024
7.300000 72.222361
7.400000 72.138746
7.500000 72.055179
7.600000 71.971661
7.700000 71.888192
7.800000 71.804771
7.900000 71.721398
8.000000 71.638074
8.100000 71.554798
8.200000 71.471570
8.300000 71.388391
8.400000 71.305261
8.500000 71.222179
8.600000 71.139145
8.700000 71.056160
8.800000 70.973223
8.900000 70.890334
9.000000 70.807494
9.100000 70.724703
9.200000 70.641960
9.300000 70.559265
9.400000 70.476619
9.500000 70.394021
9.600000 70.311471
9.700000 70.228970
9.800000 70.146518
9.900000 70.064114
10.000000 69.981758
10.100000 69.899451
10.200000 69.817192
10.300000 69.734981
10.400000 69.652819
10.500000 69.570706
10.600000 69.488641
10.700000 69.406624
10.800000 69.324656
10.900000 69.242736
11.000000 69.160865
11.100000 69.079042
11.200000 68.997267
11.300000 68.915541
11.400000 68.833863
11.500000 68.752234
11.600000 68.670653
11.700000 68.589121
11.800000 68.507637
11.900000 68.426201
12.000000 68.344814
12.100000 68.263476
12.200000 68.182185
12.300000 68.100944
12.400000 68.019750
12.500000 67.938605
12.600000 67.857509
12.700000 67.776461
12.800000 67.695461
12.900000 67.614510
13.000000 67.533607
13.100000 67.452753
13.200000 67.371947
13.300000 67.291189
13.400000 67.210480
13.500000 67.129820
13.600000 67.049207
13.700000 66.968644
13.800000 66.888128
13.900000 66.807661
14.000000 66.727243
14.100000 66.646873
14.200000 66.566551
14.300000 66.486278
14.400000 66.406053
14.500000 66.325877
14.600000 66.245749
14.700000 66.165670
14.800000 66.085639
14.900000 66.005656
15.000000 65.925722
15.100000 65.845836
15.200000 65.765999
15.300000 65.686210
15.400000 65.606469
15.500000 65.526777
15.600000 65.447134
15.700000 65.367539
15.800000 65.287992
15.900000 65.208493
16.000000 65.129044
16.100000 65.049642
16.200000 64.970289
16.300000 64.890985
16.400000 64.811728
16.500000 64.732521
16.600000 64.653361
16.700000 64.574251
16.800000 64.495188
16.900000 64.416174
17.000000 64.337209
17.100000 64.258291
17.200000 64.179423
17.300000 64.100602
17.400000 64.021831
17.500000 63.943107
17.600000 63.864432
17.700000 63.785806
17.800000 63.707227
17.900000 63.628698
18.000000 63.550216
18.100000 63.471784
18.200000 63.393399
18.300000 63.315063
18.400000 63.236776
18.500000 63.158537
18.600000 63.080346
18.700000 63.002204
18.800000 62.924110
18.900000 62.846064
19.000000 62.768067
19.100000 62.690119
19.200000 62.612219
19.300000 62.534367
19.400000 62.456564
19.500000 62.378809
19.600000 62.301103
19.700000 62.223445
19.800000 62.145835
19.900000 62.068274
20.000000 61.990761
20.100000 61.913297
20.200000 61.835881
20.300000 61.758514
20.400000 61.681195
20.500000 61.603924
20.600000 61.526702
20.700000 61.449529
20.800000 61.372403
20.900000 61.295327
21.000000 61.218298
21.100000 61.141318
21.200000 61.064387
21.300000 60.987504
21.400000 60.910669
21.500000 60.833883
21.600000 60.757145
21.700000 60.680456
21.800000 60.603815
21.900000 60.527222
22.000000 60.450678
22.100000 60.374183
22.200000 60.297736
22.300000 60.221337
22.400000 60.144986
22.500000 60.068684
22.600000 59.992431
22.700000 59.916226
22.800000 59.840069
22.900000 59.763961
23.000000 59.687901
23.100000 59.611890
23.200000 59.535927
23.300000 59.460013
23.400000 59.384147
23.500000 59.308329
23.600000 59.232560
23.700000 59.156839
23.800000 59.081167
23.900000 59.005543
24.000000 58.929967
24.100000 58.854440
24.200000 58.778962
24.300000 58.703532
24.400000 58.628150
24.500000 58.552817
24.600000 58.477532
24.700000 58.402295
24.800000 58.327107
24.900000 58.251968
25.000000 58.176877
25.100000 58.101834
25.200000 58.026840
25.300000 57.951894
25.400000 57.876996
25.500000 57.802147
25.600000 57.727347
25.700000 57.652595
25.800000 57.577891
25.900000 57.503236
26.000000 57.428629
26.100000 57.354070
26.200000 57.279560
26.300000 57.205099
26.400000 57.130686
26.500000 57.056321
26.600000 56.982005
26.700000 56.907737
26.800000 56.833517
26.900000 56.759346
27.000000 56.685224
27.100000 56.611150
27.200000 56.537124
27.300000 56.463147
27.400000 56.389218
27.500000 56.315338
27.600000 56.241506
27.700000 56.167722
27.800000 56.093987
27.900000 56.020300
28.000000 55.946662
28.100000 55.873072
28.200000 55.799531
28.300000 55.726038
28.400000 55.652593
28.500000 55.579197
28.600000 55.505850
28.700000 55.432550
28.800000 55.359300
28.900000 55.286097
29.000000 55.212943
29.100000 55.139838
29.200000 55.066781
29.300000 54.993772
29.400000 54.920812
29.500000 54.847900
29.600000 54.775037
29.700000 54.702222
29.800000 54.629455
29.900000 54.556737
30.000000 54.484068
30.100000 54.411446
30.200000 54.338874
30.300000 54.266349
30.400000 54.193873
30.500000 54.121446
30.600000 54.049067
30.700000 53.976736
30.800000 53.904454
30.900000 53.832220
31.000000 53.760035
31.100000 53.687898
31.200000 53.615809
31.300000 53.543769
31.400000 53.471778
31.500000 53.399835
31.600000 53.327940
31.700000 53.256094
31.800000 53.184296
31.900000 53.112546
32.000000 53.040845
32.100000 52.969193
32.200000 52.897588
32.300000 52.826033
32.400000 52.754525
32.500000 52.683066
32.600000 52.611656
32.700000 52.540294
32.800000 52.468980
32.900000 52.397715
33.000000 52.326498
33.100000 52.255330
33.200000 52.184210
33.300000 52.113139
33.400000 52.042116
33.500000 51.971141
33.600000 51.900215
33.700000 51.829337
33.800000 51.758508
33.900000 51.687727
34.000000 51.616995
34.100000 51.546311
34.200000 51.475675
34.300000 51.405088
34.400000 51.334549
34.500000 51.264059
34.600000 51.193617
34.700000 51.123224
34.800000 51.052879
34.900000 50.982582
35.000000 50.912334
35.100000 50.842135
35.200000 50.771983
35.300000 50.701880
35.400000 50.631826
35.500000 50.561820
35.600000 50.491863
35.700000 50.421953
35.800000 50.352093
35.900000 50.282280
36.000000 50.212517
36.100000 50.142801
36.200000 50.073134
36.300000 50.003516
36.400000 49.933946
36.500000 49.864424
36.600000 49.794951
36.700000 49.725526
36.800000 49.656150
36.900000 49.586822
37.000000 49.517542
37.100000 49.448311
37.200000 49.379128
37.300000 49.309994
37.400000 49.240908
37.500000 49.171871
37.600000 49.102882
37.700000 49.033942
37.800000 48.965049
37.900000 48.896206
38.000000 48.827411
38.100000 48.758664
38.200000 48.689965
38.300000 48.621316
38.400000 48.552714
38.500000 48.484161
38.600000 48.415656
38.700000 48.347200
38.800000 48.278792
38.900000 48.210433
39.000000 48.142122
39.100000 48.073860
39.200000 48.005646
39.300000 47.937480
39.400000 47.869363
39.500000 47.801294
39.600000 47.733274
39.700000 47.665302
39.800000 47.597378
39.900000 47.529503
40.000000 47.461677
40.100000 47.393898
40.200000 47.326169
40.300000 47.258487
40.400000 47.190855
40.500000 47.123270
40.600000 47.055734
40.700000 46.988246
40.800000 46.920807
40.900000 46.853417
41.000000 46.786074
41.100000 46.718780
41.200000 46.651535
41.300000 46.584338
41.400000 46.517189
41.500000 46.450089
41.600000 46.383037
41.700000 46.316034
41.800000 46.249079
41.900000 46.182173
42.000000 46.115315
42.100000 46.048505
42.200000 45.981744
42.300000 45.915031
42.400000 45.848367
42.500000 45.781751
42.600000 45.715184
42.700000 45.648665
42.800000 45.582194
42.900000 45.515772
43.000000 45.449398
43.100000 45.383073
43.200000 45.316796
43.300000 45.250568
43.400000 45.184388
43.500000 45.118256
43.600000 45.052173
43.700000 44.986139
43.800000 44.920152
43.900000 44.854214
44.000000 44.788325
44.100000 44.722484
44.200000 44.656692
44.300000 44.590947
44.400000 44.525252
44.500000 44.459605
44.600000 44.394006
44.700000 44.328455
44.800000 44.262953
44.900000 44.197500
45.000000 44.132095
45.100000 44.066738
45.200000 44.001430
45.300000 43.936170
45.400000 43.870959
45.500000 43.805796
45.600000 43.740681
45.700000 43.675615
45.800000 43.610597
45.900000 43.545628
46.000000 43.480707
46.100000 43.415835
46.200000 43.351011
46.300000 43.286236
46.400000 43.221509
46.500000 43.156830
46.600000 43.092200
46.700000 43.027618
46.800000 42.963085
46.900000 42.898600
47.000000 42.834163
47.100000 42.769775
47.200000 42.705435
47.300000 42.641144
47.400000 42.576902
47.500000 42.512707
47.600000 42.448561
47.700000 42.384464
47.800000 42.320415
47.900000 42.256414
48.000000 42.192462
48.100000 42.128558
48.200000 42.064703
48.300000 42.000896
48.400000 41.937137
48.500000 41.873427
48.600000 41.809766
48.700000 41.746153
48.800000 41.682588
48.900000 41.619072
49.000000 41.555604
49.100000 41.492184
49.200000 41.428813
49.300000 41.365491
49.400000 41.302216
49.500000 41.238991
49.600000 41.175813
49.700000 41.112685
49.800000 41.049604
49.900000 40.986572
50.000000 40.923589
50.100000 40.860653
50.200000 40.797767
50.300000 40.734928
50.400000 40.672139
50.500000 40.609397
50.600000 40.546704
50.700000 40.484060
50.800000 40.421463
50.900000 40.358916
51.000000 40.296416
51.100000 40.233966
51.200000 40.171563
51.300000 40.109209
51.400000 40.046904
51.500000 39.984646
51.600000 39.922438
51.700000 39.860277
51.800000 39.798166
51.900000 39.736102
52.000000 39.674087
52.100000 39.612121
52.200000 39.550203
52.300000 39.488333
52.400000 39.426512
52.500000 39.364739
52.600000 39.303014
52.700000 39.241338
52.800000 39.179711
52.900000 39.118132
53.000000 39.056601
53.100000 38.995119
53.200000 38.933685
53.300000 38.872300
53.400000 38.810963
53.500000 38.749674
53.600000 38.688434
53.700000 38.627242
53.800000 38.566099
53.900000 38.505004
54.000000 38.443958
54.100000 38.382960
54.200000 38.322011
54.300000 38.261110
54.400000 38.200257
54.500000 38.139453
54.600000 38.078697
54.700000 38.017990
54.800000 37.957331
54.900000 37.896720
55.000000 37.836158
55.100000 37.775644
55.200000 37.715179
55.300000 37.654762
55.400000 37.594394
55.500000 37.534074
55.600000 37.473803
55.700000 37.413580
55.800000 37.353405
55.900000 37.293279
56.000000 37.233201
56.100000 37.173172
56.200000 37.113191
56.300000 37.053258
56.400000 36.993374
56.500000 36.933539
56.600000 36.873751
56.700000 36.814013
56.800000 36.754322
56.900000 36.694680
57.000000 36.635087
57.100000 36.575542
57.200000 36.516045
57.300000 36.456597
57.400000 36.397197
57.500000 36.337846
57.600000 36.278543
57.700000 36.219289
57.800000 36.160083
57.900000 36.100925
58.000000 36.041816
58.100000 35.982755
58.200000 35.923743
58.300000 35.864779
58.400000 35.805864
58.500000 35.746997
58.600000 35.688178
58.700000 35.629408
58.800000 35.570686
58.900000 35.512013
59.000000 35.453388
59.100000 35.394812
59.200000 35.336284
59.300000 35.277804
59.400000 35.219373
59.500000 35.160990
59.600000 35.102656
59.700000 35.044370
59.800000 34.986133
59.900000 34.927944
60.000000 34.869803
60.100000 34.811711
60.200000 34.753667
60.300000 34.695672
60.400000 34.637725
60.500000 34.579827
60.600000 34.521977
60.700000 34.464175
60.800000 34.406422
60.900000 34.348718
61.000000 34.291061
61.100000 34.233454
61.200000 34.175894
61.300000 34.118383
61.400000 34.060921
61.500000 34.003507
61.600000 33.946141
61.700000 33.888824
61.800000 33.831555
61.900000 33.774334
62.000000 33.717163
62.100000 33.660039
62.200000 33.602964
62.300000 33.545937
62.400000 33.488959
62.500000 33.432029
62.600000 33.375148
62.700000 33.318315
62.800000 33.261530
62.900000 33.204794
63.000000 33.148107
63.100000 33.091467
63.200000 33.034877
63.300000 32.978334
63.400000 32.921840
63.500000 32.865395
63.600000 32.808998
63.700000 32.752649
63.800000 32.696349
63.900000 32.640097
64.000000 32.583894
64.100000 32.527739
64.200000 32.471633
64.300000 32.415574
64.400000 32.359565
64.500000 32.303604
64.600000 32.247691
64.700000 32.191827
64.800000 32.136011
64.900000 32.080243
65.000000 32.024524
65.100000 31.968854
65.200000 31.913231
65.300000 31.857658
65.400000 31.802132
65.500000 31.746655
65.600000 31.691227
65.700000 31.635847
65.800000 31.580515
65.900000 31.525232
66.000000 31.469997
66.100000 31.414811
66.200000 31.359673
66.300000 31.304584
66.400000 31.249543
66.500000 31.194550
66.600000 31.139606
66.700000 31.084710
66.800000 31.029863
66.900000 30.975064
67.000000 30.920314
67.100000 30.865612
67.200000 30.810958
67.300000 30.756353
67.400000 30.701796
67.500000 30.647288
67.600000 30.592828
67.700000 30.538417
67.800000 30.484054
67.900000 30.429739
68.000000 30.375473
68.100000 30.321255
68.200000 30.267086
68.300000 30.212965
68.400000 30.158893
68.500000 30.104869
68.600000 30.050893
68.700000 29.996966
68.800000 29.943087
68.900000 29.889257
69.000000 29.835475
69.100000 29.781742
69.200000 29.728057
69.300000 29.674420
69.400000 29.620832
69.500000 29.567293
69.600000 29.513801
69.700000 29.460359
69.800000 29.406964
69.900000 29.353618
70.000000 29.300321
70.100000 29.247072
70.200000 29.193871
70.300000 29.140719
70.400000 29.087615
70.500000 29.034560
70.600000 28.981553
70.700000 28.928594
70.800000 28.875684
70.900000 28.822822
71.000000 28.770009
71.100000 28.717244
71.200000 28.664528
71.300000 28.611860
71.400000 28.559241
71.500000 28.506670
71.600000 28.454147
71.700000 28.401673
71.800000 28.349247
71.900000 28.296870
72.000000 28.244541
72.100000 28.192260
72.200000 28.140028
72.300000 28.087844
72.400000 28.035709
72.500000 27.983622
72.600000 27.931584
72.700000 27.879594
72.800000 27.827653
72.900000 27.775760
73.000000 27.723915
73.100000 27.672119
73.200000 27.620371
73.300000 27.568672
73.400000 27.517021
73.500000 27.465418
73.600000 27.413864
73.700000 27.362359
73.800000 27.310902
73.900000 27.259493
74.000000 27.208133
74.100000 27.156821
74.200000 27.105557
74.300000 27.054342
74.400000 27.003176
74.500000 26.952057
74.600000 26.900988
74.700000 26.849966
74.800000 26.798994
74.900000 26.748069
75.000000 26.697193
75.100000 26.646366
75.200000 26.595586
75.300000 26.544856
75.400000 26.494173
75.500000 26.443540
75.600000 26.392954
75.700000 26.342417
75.800000 26.291929
75.900000 26.241488
76.000000 26.191097
76.100000 26.140753
76.200000 26.090459
76.300000 26.040212
76.400000 25.990014
76.500000 25.939865
76.600000 25.889763
76.700000 25.839711
76.800000 25.789706
76.900000 25.739751
77.000000 25.689843
77.100000 25.639984
77.200000 25.590174
77.300000 25.540412
77.400000 25.490698
77.500000 25.441033
77.600000 25.391416
77.700000 25.341847
77.800000 25.292327
77.900000 25.242856
78.000000 25.193433
78.100000 25.144058
78.200000 25.094732
78.300000 25.045454
78.400000 24.996225
78.500000 24.947044
78.600000 24.897911
78.700000 24.848827
78.800000 24.799792
78.900000 24.750804
79.000000 24.701865
79.100000 24.652975
79.200000 24.604133
79.300000 24.555340
79.400000 24.506595
79.500000 24.457898
79.600000 24.409250
79.700000 24.360650
79.800000 24.312099
79.900000 24.263596
80.000000 24.215141
80.100000 24.166735
80.200000 24.118377
80.300000 24.070068
80.400000 24.021807
80.500000 23.973595
80.600000 23.925431
80.700000 23.877316
80.800000 23.829249
80.900000 23.781230
81.000000 23.733260
81.100000 23.685338
81.200000 23.637465
81.300000 23.589640
81.400000 23.541863
81.500000 23.494135
81.600000 23.446456
81.700000 23.398825
81.800000 23.351242
81.900000 23.303707
82.000000 23.256222
82.100000 23.208784
82.200000 23.161395
82.300000 23.114054
82.400000 23.066762
82.500000 23.019519
82.600000 22.972323
82.700000 22.925176
82.800000 22.878078
82.900000 22.831028
83.000000 22.784026
83.100000 22.737073
83.200000 22.690168
83.300000 22.643312
83.400000 22.596504
83.500000 22.549745
83.600000 22.503034
83.700000 22.456371
83.800000 22.409757
83.900000 22.363191
84.000000 22.316674
84.100000 22.270205
84.200000 22.223785
84.300000 22.177413
84.400000 22.131089
84.500000 22.084814
84.600000 22.038587
84.700000 21.992409
84.800000 21.946279
84.900000 21.900198
85.000000 21.854165
85.100000 21.808180
85.200000 21.762244
85.300000 21.716357
85.400000 21.670517
85.500000 21.624726
85.600000 21.578984
85.700000 21.533290
85.800000 21.487645
85.900000 21.442047
86.000000 21.396499
86.100000 21.350998
86.200000 21.305547
86.300000 21.260143
86.400000 21.214788
86.500000 21.169482
86.600000 21.124224
86.700000 21.079014
86.800000 21.033853
86.900000 20.988740
87.000000 20.943676
87.100000 20.898660
87.200000 20.853692
87.300000 20.808773
87.400000 20.763902
87.500000 20.719080
87.600000 20.674306
87.700000 20.629581
87.800000 20.584904
87.900000 20.540276
88.000000 20.495695
88.100000 20.451164
88.200000 20.406681
88.300000 20.362246
88.400000 20.317859
88.500000 20.273522
88.600000 20.229232
88.700000 20.184991
88.800000 20.140798
88.900000 20.096654
89.000000 20.052558
89.100000 20.008511
89.200000 19.964512
89.300000 19.920562
89.400000 19.876660
89.500000 19.832806
89.600000 19.789001
89.700000 19.745244
89.800000 19.701536
89.900000 19.657876
90.000000 19.614264
90.100000 19.570701
90.200000 19.527187
90.300000 19.483721
90.400000 19.440303
90.500000 19.396933
90.600000 19.353613
90.700000 19.310340
90.800000 19.267116
90.900000 19.223940
91.000000 19.180813
91.100000 19.137735
91.200000 19.094704
91.300000 19.051722
91.400000 19.008789
91.500000 18.965904
91.600000 18.923067
91.700000 18.880279
91.800000 18.837539
91.900000 18.794848
92.000000 18.752205
92.100000 18.709611
92.200000 18.667065
92.300000 18.624567
92.400000 18.582118
92.500000 18.539717
92.600000 18.497365
92.700000 18.455061
92.800000 18.412806
92.900000 18.370599
93.000000 18.328440
93.100000 18.286330
93.200000 18.244269
93.300000 18.202255
93.400000 18.160290
93.500000 18.118374
93.600000 18.076506
93.700000 18.034686
93.800000 17.992915
93.900000 17.951193
94.000000 17.909518
94.100000 17.867893
94.200000 17.826315
94.300000 17.784786
94.400000 17.743306
94.500000 17.701874
94.600000 17.660490
94.700000 17.619155
94.800000 17.577868
94.900000 17.536629
95.000000 17.495439
95.100000 17.454298
95.200000 17.413205
95.300000 17.372160
95.400000 17.331164
95.500000 17.290216
95.600000 17.249317
95.700000 17.208466
95.800000 17.167663
95.900000 17.126909
96.000000 17.086204
96.100000 17.045546
96.200000 17.004938
96.300000 16.964377
96.400000 16.923865
96.500000 16.883402
96.600000 16.842987
96.700000 16.802620
96.800000 16.762302
96.900000 16.722032
97.000000 16.681811
97.100000 16.641638
97.200000 16.601513
97.300000 16.561437
97.400000 16.521410
97.500000 16.481430
97.600000 16.441500
97.700000 16.401617
97.800000 16.361783
97.900000 16.321998
98.000000 16.282261
98.100000 16.242572
98.200000 16.202932
98.300000 16.163340
98.400000 16.123797
98.500000 16.084302
98.600000 16.044856
98.700000 16.005458
98.800000 15.966108
98.900000 15.926807
99.000000 15.887554
99.100000 15.848350
99.200000 15.809194
99.300000 15.770086
99.400000 15.731027
99.500000 15.692017
99.600000 15.653055
99.700000 15.614141
99.800000 15.575276
99.900000 15.536459
100.000000 15.497690
100.100000 15.458970
100.200000 15.420299
100.300000 15.381676
100.400000 15.343101
100.500000 15.304575
100.600000 15.266097
100.700000 15.227667
100.800000 15.189286
100.900000 15.150954
101.000000 15.112670
101.100000 15.074434
101.200000 15.036247
101.300000 14.998108
101.400000 14.960017
101.500000 14.921975
101.600000 14.883982
101.700000 14.846037
101.800000 14.808140
101.900000 14.770292
102.000000 14.732492
102.100000 14.694740
102.200000 14.657037
102.300000 14.619383
102.400000 14.581777
102.500000 14.544219
102.600000 14.506710
102.700000 14.469249
102.800000 14.431837
102.900000 14.394473
103.000000 14.357157
103.100000 14.319890
103.200000 14.282671
103.300000 14.245501
103.400000 14.208379
103.500000 14.171306
103.600000 14.134281
103.700000 14.097305
103.800000 14.060376
103.900000 14.023497
104.000000 13.986666
104.100000 13.949883
104.200000 13.913148
104.300000 13.876462
104.400000 13.839825
104.500000 13.803236
104.600000 13.766695
104.700000 13.730203
104.800000 13.693759
104.900000 13.657364
105.000000 13.621017
105.100000 13.584718
105.200000 13.548468
105.300000 13.512267
105.400000 13.476113
105.500000 13.440009
105.600000 13.403952
105.700000 13.367944
105.800000 13.331985
105.900000 13.296074
106.000000 13.260211
106.100000 13.224397
106.200000 13.188631
106.300000 13.152914
106.400000 13.117245
106.500000 13.081625
106.600000 13.046053
106.700000 13.010529
106.800000 12.975054
106.900000 12.939627
107.000000 12.904249
107.100000 12.868919
107.200000 12.833637
107.300000 12.798404
107.400000 12.763220
107.500000 12.728084
107.600000 12.692996
107.700000 12.657957
107.800000 12.622966
107.900000 12.588023
108.000000 12.553129
108.100000 12.518284
108.200000 12.483486
108.300000 12.448738
108.400000 12.414037
108.500000 12.379386
108.600000 12.344782
108.700000 12.310227
108.800000 12.275721
108.900000 12.241262
109.000000 12.206853
109.100000 12.172491
109.200000 12.138179
109.300000 12.103914
109.400000 12.069698
109.500000 12.035531
109.600000 12.001411
109.700000 11.967341
109.800000 11.933318
109.900000 11.899345
110.000000 11.865419
110.100000 11.831542
110.200000 11.797714
110.300000 11.763934
110.400000 11.730202
110.500000 11.696519
110.600000 11.662884
110.700000 11.629297
110.800000 11.595759
110.900000 11.562270
111.000000 11.528829
111.100000 11.495436
111.200000 11.462092
111.300000 11.428796
111.400000 11.395549
111.500000 11.362350
111.600000 11.329199
111.700000 11.296097
111.800000 11.263043
111.900000 11.230038
112.000000 11.197081
112.100000 11.164173
112.200000 11.131313
112.300000 11.098501
112.400000 11.065738
112.500000 11.033024
112.600000 11.000357
112.700000 10.967740
112.800000 10.935170
112.900000 10.902649
113.000000 10.870177
113.100000 10.837753
113.200000 10.805377
113.300000 10.773050
113.400000 10.740771
113.500000 10.708541
113.600000 10.676359
113.700000 10.644225
113.800000 10.612140
113.900000 10.580104
114.000000 10.548115
114.100000 10.516176
114.200000 10.484284
114.300000 10.452441
114.400000 10.420647
114.500000 10.388901
114.600000 10.357203
114.700000 10.325554
114.800000 10.293953
114.900000 10.262401
115.000000 10.230897
115.100000 10.199442
115.200000 10.168035
115.300000 10.136676
115.400000 10.105366
115.500000 10.074104
115.600000 10.042891
115.700000 10.011726
115.800000 9.980609
115.900000 9.949541
116.000000 9.918522
116.100000 9.887551
116.200000 9.856628
116.300000 9.825754
116.400000 9.794928
116.500000 9.764150
116.600000 9.733421
116.700000 9.702741
116.800000 9.672109
116.900000 9.641525
117.000000 9.610990
117.100000 9.580503
117.200000 9.550064
117.300000 9.519674
117.400000 9.489333
117.500000 9.459040
117.600000 9.428795
117.700000 9.398599
117.800000 9.368451
117.900000 9.338351
118.000000 9.308300
118.100000 9.278298
118.200000 9.248344
118.300000 9.218438
118.400000 9.188581
118.500000 9.158772
118.600000 9.129011
118.700000 9.099299
118.800000 9.069636
118.900000 9.040021
119.000000 9.010454
119.100000 8.980936
119.200000 8.951466
119.300000 8.922045
119.400000 8.892672
119.500000 8.863347
119.600000 8.834071
119.700000 8.804843
119.800000 8.775664
119.900000 8.746533
120.000000 8.717451
120.100000 8.688417
120.200000 8.659431
120.300000 8.630494
120.400000 8.601606
120.500000 8.572765
120.600000 8.543974
120.700000 8.515230
120.800000 8.486535
120.900000 8.457889
121.000000 8.429291
121.100000 8.400741
121.200000 8.372240
121.300000 8.343787
121.400000 8.315383
121.500000 8.287027
121.600000 8.258719
121.700000 8.230460
121.800000 8.202249
121.900000 8.174087
122.000000 8.145973
122.100000 8.117908
122.200000 8.089891
122.300000 8.061923
122.400000 8.034003
122.500000 8.006131
122.600000 7.978308
122.700000 7.950533
122.800000 7.922807
122.900000 7.895129
123.000000 7.867499
123.100000 7.839918
123.200000 7.812386
123.300000 7.784902
123.400000 7.757466
123.500000 7.730078
123.600000 7.702740
123.700000 7.675449
123.800000 7.648207
123.900000 7.621013
124.000000 7.593868
124.100000 7.566772
124.200000 7.539723
124.300000 7.512723
124.400000 7.485772
124.500000 7.458869
124.600000 7.432014
124.700000 7.405208
124.800000 7.378450
124.900000 7.351741
125.000000 7.325080
125.100000 7.298468
125.200000 7.271904
125.300000 7.245388
125.400000 7.218921
125.500000 7.192502
125.600000 7.166132
125.700000 7.139810
125.800000 7.113537
125.900000 7.087312
126.000000 7.061135
126.100000 7.035007
126.200000 7.008927
126.300000 6.982896
126.400000 6.956913
126.500000 6.930979
126.600000 6.905093
126.700000 6.879255
126.800000 6.853466
126.900000 6.827725
127.000000 6.802033
127.100000 6.776389
127.200000 6.750794
127.300000 6.725247
127.400000 6.699748
127.500000 6.674298
127.600000 6.648897
127.700000 6.623543
127.800000 6.598239
127.900000 6.572982
128.000000 6.547774
128.100000 6.522615
128.200000 6.497504
128.300000 6.472441
128.400000 6.447427
128.500000 6.422461
128.600000 6.397543
128.700000 6.372674
128.800000 6.347854
128.900000 6.323082
129.000000 6.298358
129.100000 6.273683
129.200000 6.249056
129.300000 6.224478
129.400000 6.199948
129.500000 6.175466
129.600000 6.151033
129.700000 6.126649
129.800000 6.102312
129.900000 6.078025
130.000000 6.053785
130.100000 6.029594
130.200000 6.005452
130.300000 5.981358
130.400000 5.957312
130.500000 5.933315
130.600000 5.909366
130.700000 5.885466
130.800000 5.861614
130.900000 5.837810
131.000000 5.814055
131.100000 5.790349
131.200000 5.766691
131.300000 5.743081
131.400000 5.719519
131.500000 5.696007
131.600000 5.672542
131.700000 5.649126
131.800000 5.625758
131.900000 5.602439
132.000000 5.579169
132.100000 5.555946
132.200000 5.532772
132.300000 5.509647
132.400000 5.486570
132.500000 5.463541
132.600000 5.440561
132.700000 5.417629
132.800000 5.394746
132.900000 5.371911
133.000000 5.349125
133.100000 5.326387
133.200000 5.303697
133.300000 5.281056
133.400000 5.258463
133.500000 5.235919
133.600000 5.213423
133.700000 5.190976
133.800000 5.168577
133.900000 5.146226
134.000000 5.123924
134.100000 5.101670
134.200000 5.079465
134.300000 5.057308
134.400000 5.035200
134.500000 5.013140
134.600000 4.991128
134.700000 4.969165
134.800000 4.947250
134.900000 4.925384
135.000000 4.903566
135.100000 4.881797
135.200000 4.860076
135.300000 4.838403
135.400000 4.816779
135.500000 4.795203
135.600000 4.773676
135.700000 4.752197
135.800000 4.730767
135.900000 4.709385
136.000000 4.688051
136.100000 4.666766
136.200000 4.645530
136.300000 4.624341
136.400000 4.603201
136.500000 4.582110
136.600000 4.561067
136.700000 4.540073
136.800000 4.519127
136.900000 4.498229
137.000000 4.477380
137.100000 4.456579
137.200000 4.435826
137.300000 4.415122
137.400000 4.394467
137.500000 4.373860
137.600000 4.353301
137.700000 4.332791
137.800000 4.312329
137.900000 4.291916
138.000000 4.271551
138.100000 4.251234
138.200000 4.230966
138.300000 4.210747
138.400000 4.190575
138.500000 4.170453
138.600000 4.150378
138.700000 4.130352
138.800000 4.110375
138.900000 4.090446
139.000000 4.070565
139.100000 4.050733
139.200000 4.030949
139.300000 4.011214
139.400000 3.991527
139.500000 3.971889
139.600000 3.952298
139.700000 3.932757
139.800000 3.913264
139.900000 3.893819
140.000000 3.874423
140.100000 3.855075
140.200000 3.835775
140.300000 3.816524
140.400000 3.797322
140.500000 3.778167
140.600000 3.759062
140.700000 3.740004
140.800000 3.720995
140.900000 3.702035
141.000000 3.683123
141.100000 3.664259
141.200000 3.645444
141.300000 3.626677
141.400000 3.607959
141.500000 3.589289
141.600000 3.570668
141.700000 3.552095
141.800000 3.533570
141.900000 3.515094
142.000000 3.496666
142.100000 3.478287
142.200000 3.459956
142.300000 3.441674
142.400000 3.423440
142.500000 3.405254
142.600000 3.387117
142.700000 3.369028
142.800000 3.350988
142.900000 3.332996
143.000000 3.315053
143.100000 3.297158
143.200000 3.279311
143.300000 3.261513
143.400000 3.243763
143.500000 3.226062
143.600000 3.208409
143.700000 3.190805
143.800000 3.173249
143.900000 3.155741
144.000000 3.138282
144.100000 3.120872
144.200000 3.103509
144.300000 3.086196
144.400000 3.068930
144.500000 3.051713
144.600000 3.034545
144.700000 3.017425
144.800000 3.000353
144.900000 2.983330
145.000000 2.966355
145.100000 2.949428
145.200000 2.932550
145.300000 2.915721
145.400000 2.898940
145.500000 2.882207
145.600000 2.865523
145.700000 2.848887
145.800000 2.832300
145.900000 2.815761
146.000000 2.799270
146.100000 2.782828
146.200000 2.766435
146.300000 2.750089
146.400000 2.733793
146.500000 2.717544
146.600000 2.701344
146.700000 2.685193
146.800000 2.669090
146.900000 2.653035
147.000000 2.637029
147.100000 2.621071
147.200000 2.605162
147.300000 2.589301
147.400000 2.573488
147.500000 2.557724
147.600000 2.542009
147.700000 2.526341
147.800000 2.510723
147.900000 2.495152
148.000000 2.479630
148.100000 2.464157
148.200000 2.448732
148.300000 2.433355
148.400000 2.418027
148.500000 2.402747
148.600000 2.387516
148.700000 2.372333
148.800000 2.357199
148.900000 2.342113
149.000000 2.327075
149.100000 2.312086
149.200000 2.297145
149.300000 2.282253
149.400000 2.267409
149.500000 2.252614
149.600000 2.237866
149.700000 2.223168
149.800000 2.208518
149.900000 2.193916
150.000000 2.179363
150.100000 2.164858
150.200000 2.150401
150.300000 2.135993
150.400000 2.121634
150.500000 2.107323
150.600000 2.093060
150.700000 2.078846
150.800000 2.064680
150.900000 2.050562
151.000000 2.036493
151.100000 2.022473
151.200000 2.008501
151.300000 1.994577
151.400000 1.980702
151.500000 1.966875
151.600000 1.953096
151.700000 1.939366
151.800000 1.925685
151.900000 1.912052
152.000000 1.898467
152.100000 1.884931
152.200000 1.871443
152.300000 1.858004
152.400000 1.844613
152.500000 1.831270
152.600000 1.817976
152.700000 1.804730
152.800000 1.791533
152.900000 1.778384
153.000000 1.765284
153.100000 1.752232
153.200000 1.739228
153.300000 1.726273
153.400000 1.713367
153.500000 1.700508
153.600000 1.687698
153.700000 1.674937
153.800000 1.662224
153.900000 1.649560
154.000000 1.636944
154.100000 1.624376
154.200000 1.611857
154.300000 1.599386
154.400000 1.586963
154.500000 1.574590
154.600000 1.562264
154.700000 1.549987
154.800000 1.537758
154.900000 1.525578
155.000000 1.513446
155.100000 1.501363
155.200000 1.489328
155.300000 1.477342
155.400000 1.465403
155.500000 1.453514
155.600000 1.441673
155.700000 1.429880
155.800000 1.418136
155.900000 1.406440
156.000000 1.394792
156.100000 1.383193
156.200000 1.371642
156.300000 1.360140
156.400000 1.348687
156.500000 1.337281
156.600000 1.325924
156.700000 1.314616
156.800000 1.303356
156.900000 1.292144
157.000000 1.280981
157.100000 1.269866
157.200000 1.258800
157.300000 1.247782
157.400000 1.236813
157.500000 1.225892
157.600000 1.215019
157.700000 1.204195
157.800000 1.193419
157.900000 1.182692
158.000000 1.172013
158.100000 1.161382
158.200000 1.150800
158.300000 1.140267
158.400000 1.129782
158.500000 1.119345
158.600000 1.108957
158.700000 1.098617
158.800000 1.088325
158.900000 1.078082
159.000000 1.067888
159.100000 1.057742
159.200000 1.047644
159.300000 1.037595
159.400000 1.027594
159.500000 1.017641
159.600000 1.007737
159.700000 0.997882
159.800000 0.988075
159.900000 0.978316
160.000000 0.968606
160.100000 0.958944
160.200000 0.949330
160.300000 0.939765
160.400000 0.930249
160.500000 0.920781
160.600000 0.911361
160.700000 0.901990
160.800000 0.892667
160.900000 0.883393
161.000000 0.874167
161.100000 0.864989
161.200000 0.855860
161.300000 0.846779
161.400000 0.837747
161.500000 0.828763
161.600000 0.819828
161.700000 0.810941
161.800000 0.802102
161.900000 0.793312
162.000000 0.784571
162.100000 0.775877
162.200000 0.767233
162.300000 0.758636
162.400000 0.750088
162.500000 0.741589
162.600000 0.733138
162.700000 0.724735
162.800000 0.716381
162.900000 0.708075
163.000000 0.699818
163.100000 0.691609
163.200000 0.683448
163.300000 0.675336
163.400000 0.667272
163.500000 0.659257
163.600000 0.651290
163.700000 0.643372
163.800000 0.635502
163.900000 0.627681
164.000000 0.619908
164.100000 0.612183
164.200000 0.604507
164.300000 0.596879
164.400000 0.589300
164.500000 0.581769
164.600000 0.574286
164.700000 0.566852
164.800000 0.559467
164.900000 0.552129
165.000000 0.544841
165.100000 0.537600
165.200000 0.530408
165.300000 0.523265
165.400000 0.516170
165.500000 0.509123
165.600000 0.502125
165.700000 0.495175
165.800000 0.488274
165.900000 0.481421
166.000000 0.474617
166.100000 0.467861
166.200000 0.461153
166.300000 0.454494
166.400000 0.447883
166.500000 0.441321
166.600000 0.434807
166.700000 0.428342
166.800000 0.421925
166.900000 0.415556
167.000000 0.409236
167.100000 0.402964
167.200000 0.396741
167.300000 0.390566
167.400000 0.384440
167.500000 0.378362
167.600000 0.372332
167.700000 0.366351
167.800000 0.360418
167.900000 0.354534
168.000000 0.348698
168.100000 0.342911
168.200000 0.337172
168.300000 0.331481
168.400000 0.325839
168.500000 0.320245
168.600000 0.314700
168.700000 0.309203
168.800000 0.303755
168.900000 0.298355
169.000000 0.293003
169.100000 0.287700
169.200000 0.282445
169.300000 0.277239
169.400000 0.272081
169.500000 0.266972
169.600000 0.261911
169.700000 0.256898
169.800000 0.251934
169.900000 0.247019
170.000000 0.242151
170.100000 0.237333
170.200000 0.232562
170.300000 0.227840
170.400000 0.223167
170.500000 0.218542
170.600000 0.213965
170.700000 0.209437
170.800000 0.204957
170.900000 0.200526
171.000000 0.196143
171.100000 0.191808
171.200000 0.187522
171.300000 0.183284
171.400000 0.179095
171.500000 0.174954
171.600000 0.170862
171.700000 0.166818
171.800000 0.162823
171.900000 0.158876
172.000000 0.154977
172.100000 0.151127
172.200000 0.147325
172.300000 0.143572
172.400000 0.139867
172.500000 0.136210
172.600000 0.132602
172.700000 0.129042
172.800000 0.125531
172.900000 0.122069
173.000000 0.118654
173.100000 0.115288
173.200000 0.111971
173.300000 0.108702
173.400000 0.105481
173.500000 0.102309
173.600000 0.099185
173.700000 0.096110
173.800000 0.093083
173.900000 0.090105
174.000000 0.087175
174.100000 0.084293
174.200000 0.081460
174.300000 0.078675
174.400000 0.075939
174.500000 0.073251
174.600000 0.070611
174.700000 0.068020
174.800000 0.065478
174.900000 0.062984
175.000000 0.060538
175.100000 0.058141
175.200000 0.055792
175.300000 0.053491
175.400000 0.051239
175.500000 0.049036
175.600000 0.046881
175.700000 0.044774
175.800000 0.042716
175.900000 0.040706
176.000000 0.038744
176.100000 0.036831
176.200000 0.034967
176.300000 0.033151
176.400000 0.031383
176.500000 0.029664
176.600000 0.027993
176.700000 0.026370
176.800000 0.024796
176.900000 0.023271
177.000000 0.021794
177.100000 0.020365
177.200000 0.018985
177.300000 0.017653
177.400000 0.016369
177.500000 0.015134
177.600000 0.013948
177.700000 0.012810
177.800000 0.011720
177.900000 0.010679
178.000000 0.009686
178.100000 0.008742
178.200000 0.007846
178.300000 0.006998
178.400000 0.006199
178.500000 0.005448
178.600000 0.004746
178.700000 0.004092
178.800000 0.003487
178.900000 0.002930
179.000000 0.002422
179.100000 0.001961
179.200000 0.001550
179.300000 0.001187
179.400000 0.000872
179.500000 0.000605
179.600000 0.000387
179.700000 0.000218
179.800000 0.000097
179.900000 0.000024
180.000000 0.000000
180.100000 0.000024
180.200000 0.000097
180.300000 0.000218
180.400000 0.000387
180.500000 0.000605
180.600000 0.000872
180.700000 0.001187
180.800000 0.001550
180.900000 0.001961
181.000000 0.002422
