-180.000000 3.964694
-179.900000 3.969095
-179.800000 3.973480
-179.700000 3.977848
-179.600000 3.982199
-179.500000 3.986533
-179.400000 3.990851
-179.300000 3.995153
-179.200000 3.999438
-179.100000 4.003707
-179.000000 4.007959
-178.900000 4.012195
-178.800000 4.016415
-178.700000 4.020619
-178.600000 4.024807
-178.500000 4.028978
-178.400000 4.033133
-178.300000 4.037273
-178.200000 4.041396
-178.100000 4.045504
-178.000000 4.049596
-177.900000 4.053672
-177.800000 4.057732
-177.700000 4.061776
-177.600000 4.065805
-177.500000 4.069818
-177.400000 4.073816
-177.300000 4.077798
-177.200000 4.081764
-177.100000 4.085716
-177.000000 4.089652
-176.900000 4.093572
-176.800000 4.097477
-176.700000 4.101367
-176.600000 4.105242
-176.500000 4.109102
-176.400000 4.112946
-176.300000 4.116776
-176.200000 4.120591
-176.100000 4.124390
-176.000000 4.128175
-175.900000 4.131945
-175.800000 4.135700
-175.700000 4.139440
-175.600000 4.143166
-175.500000 4.146877
-175.400000 4.150573
-175.300000 4.154255
-175.200000 4.157922
-175.100000 4.161575
-175.000000 4.165213
-174.900000 4.168837
-174.800000 4.172447
-174.700000 4.176042
-174.600000 4.179623
-174.500000 4.183190
-174.400000 4.186743
-174.300000 4.190282
-174.200000 4.193806
-174.100000 4.197317
-174.000000 4.200814
-173.900000 4.204296
-173.800000 4.207765
-173.700000 4.211220
-173.600000 4.214661
-173.500000 4.218089
-173.400000 4.221503
-173.300000 4.224903
-173.200000 4.228289
-173.100000 4.231662
-173.000000 4.235022
-172.900000 4.238368
-172.800000 4.241701
-172.700000 4.245020
-172.600000 4.248326
-172.500000 4.251618
-172.400000 4.254898
-172.300000 4.258164
-172.200000 4.261417
-172.100000 4.264657
-172.000000 4.267884
-171.900000 4.271098
-171.800000 4.274299
-171.700000 4.277487
-171.600000 4.280662
-171.500000 4.283824
-171.400000 4.286973
-171.300000 4.290110
-171.200000 4.293234
-171.100000 4.296345
-171.000000 4.299444
-170.900000 4.302530
-170.800000 4.305604
-170.700000 4.308665
-170.600000 4.311713
-170.500000 4.314750
-170.400000 4.317773
-170.300000 4.320785
-170.200000 4.323784
-170.100000 4.326771
-170.000000 4.329746
-169.900000 4.332709
-169.800000 4.335659
-169.700000 4.338598
-169.600000 4.341525
-169.500000 4.344439
-169.400000 4.347342
-169.300000 4.350232
-169.200000 4.353111
-169.100000 4.355978
-169.000000 4.358834
-168.900000 4.361677
-168.800000 4.364509
-168.700000 4.367329
-168.600000 4.370138
-168.500000 4.372935
-168.400000 4.375720
-168.300000 4.378494
-168.200000 4.381257
-168.100000 4.384008
-168.000000 4.386748
-167.900000 4.389476
-167.800000 4.392194
-167.700000 4.394900
-167.600000 4.397594
-167.500000 4.400278
-167.400000 4.402951
-167.300000 4.405612
-167.200000 4.408263
-167.100000 4.410902
-167.000000 4.413530
-166.900000 4.416148
-166.800000 4.418755
-166.700000 4.421350
-166.600000 4.423936
-166.500000 4.426510
-166.400000 4.429073
-166.300000 4.431626
-166.200000 4.434168
-166.100000 4.436700
-166.000000 4.439221
-165.900000 4.441732
-165.800000 4.444232
-165.700000 4.446721
-165.600000 4.449201
-165.500000 4.451669
-165.400000 4.454128
-165.300000 4.456576
-165.200000 4.459014
-165.100000 4.461442
-165.000000 4.463859
-164.900000 4.466267
-164.800000 4.468664
-164.700000 4.471051
-164.600000 4.473428
-164.500000 4.475796
-164.400000 4.478153
-164.300000 4.480500
-164.200000 4.482838
-164.100000 4.485165
-164.000000 4.487483
-163.900000 4.489791
-163.800000 4.492089
-163.700000 4.494378
-163.600000 4.496657
-163.500000 4.498926
-163.400000 4.501186
-163.300000 4.503436
-163.200000 4.505676
-163.100000 4.507908
-163.000000 4.510129
-162.900000 4.512342
-162.800000 4.514544
-162.700000 4.516738
-162.600000 4.518922
-162.500000 4.521097
-162.400000 4.523263
-162.300000 4.525419
-162.200000 4.527567
-162.100000 4.529705
-162.000000 4.531834
-161.900000 4.533954
-161.800000 4.536065
-161.700000 4.538167
-161.600000 4.540260
-161.500000 4.542345
-161.400000 4.544420
-161.300000 4.546486
-161.200000 4.548544
-161.100000 4.550593
-161.000000 4.552633
-160.900000 4.554664
-160.800000 4.556687
-160.700000 4.558701
-160.600000 4.560706
-160.500000 4.562703
-160.400000 4.564691
-160.300000 4.566671
-160.200000 4.568642
-160.100000 4.570605
-160.000000 4.572559
-159.900000 4.574505
-159.800000 4.576443
-159.700000 4.578372
-159.600000 4.580293
-159.500000 4.582206
-159.400000 4.584110
-159.300000 4.586007
-159.200000 4.587895
-159.100000 4.589775
-159.000000 4.591647
-158.900000 4.593510
-158.800000 4.595366
-158.700000 4.597214
-158.600000 4.599054
-158.500000 4.600886
-158.400000 4.602710
-158.300000 4.604526
-158.200000 4.606334
-158.100000 4.608134
-158.000000 4.609927
-157.900000 4.611712
-157.800000 4.613489
-157.700000 4.615258
-157.600000 4.617020
-157.500000 4.618774
-157.400000 4.620521
-157.300000 4.622260
-157.200000 4.623991
-157.100000 4.625715
-157.000000 4.627431
-156.900000 4.629140
-156.800000 4.630842
-156.700000 4.632536
-156.600000 4.634222
-156.500000 4.635902
-156.400000 4.637574
-156.300000 4.639239
-156.200000 4.640896
-156.100000 4.642546
-156.000000 4.644190
-155.900000 4.645825
-155.800000 4.647454
-155.700000 4.649076
-155.600000 4.650691
-155.500000 4.652298
-155.400000 4.653899
-155.300000 4.655492
-155.200000 4.657079
-155.100000 4.658658
-155.000000 4.660231
-154.900000 4.661797
-154.800000 4.663356
-154.700000 4.664908
-154.600000 4.666453
-154.500000 4.667992
-154.400000 4.669524
-154.300000 4.671049
-154.200000 4.672567
-154.100000 4.674079
-154.000000 4.675584
-153.900000 4.677082
-153.800000 4.678574
-153.700000 4.680060
-153.600000 4.681538
-153.500000 4.683011
-153.400000 4.684477
-153.300000 4.685936
-153.200000 4.687389
-153.100000 4.688835
-153.000000 4.690275
-152.900000 4.691709
-152.800000 4.693137
-152.700000 4.694558
-152.600000 4.695973
-152.500000 4.697381
-152.400000 4.698784
-152.300000 4.700180
-152.200000 4.701570
-152.100000 4.702954
-152.000000 4.704332
-151.900000 4.705704
-151.800000 4.707069
-151.700000 4.708429
-151.600000 4.709782
-151.500000 4.711130
-151.400000 4.712472
-151.300000 4.713807
-151.200000 4.715137
-151.100000 4.716461
-151.000000 4.717779
-150.900000 4.719091
-150.800000 4.720397
-150.700000 4.721698
-150.600000 4.722992
-150.500000 4.724281
-150.400000 4.725565
-150.300000 4.726842
-150.200000 4.728114
-150.100000 4.729380
-150.000000 4.730641
-149.900000 4.731896
-149.800000 4.733145
-149.700000 4.734389
-149.600000 4.735627
-149.500000 4.736860
-149.400000 4.738087
-149.300000 4.739308
-149.200000 4.740525
-149.100000 4.741736
-149.000000 4.742941
-148.900000 4.744141
-148.800000 4.745336
-148.700000 4.746525
-148.600000 4.747709
-148.500000 4.748888
-148.400000 4.750061
-148.300000 4.751230
-148.200000 4.752393
-148.100000 4.753550
-148.000000 4.754703
-147.900000 4.755850
-147.800000 4.756993
-147.700000 4.758130
-147.600000 4.759262
-147.500000 4.760389
-147.400000 4.761511
-147.300000 4.762628
-147.200000 4.763740
-147.100000 4.764846
-147.000000 4.765948
-146.900000 4.767045
-146.800000 4.768137
-146.700000 4.769224
-146.600000 4.770307
-146.500000 4.771384
-146.400000 4.772457
-146.300000 4.773524
-146.200000 4.774587
-146.100000 4.775645
-146.000000 4.776699
-145.900000 4.777747
-145.800000 4.778791
-145.700000 4.779830
-145.600000 4.780865
-145.500000 4.781894
-145.400000 4.782920
-145.300000 4.783940
-145.200000 4.784956
-145.100000 4.785967
-145.000000 4.786974
-144.900000 4.787976
-144.800000 4.788974
-144.700000 4.789967
-144.600000 4.790956
-144.500000 4.791940
-144.400000 4.792920
-144.300000 4.793895
-144.200000 4.794866
-144.100000 4.795832
-144.000000 4.796795
-143.900000 4.797752
-143.800000 4.798706
-143.700000 4.799655
-143.600000 4.800600
-143.500000 4.801540
-143.400000 4.802476
-143.300000 4.803408
-143.200000 4.804336
-143.100000 4.805260
-143.000000 4.806179
-142.900000 4.807094
-142.800000 4.808005
-142.700000 4.808912
-142.600000 4.809815
-142.500000 4.810713
-142.400000 4.811608
-142.300000 4.812498
-142.200000 4.813385
-142.100000 4.814267
-142.000000 4.815146
-141.900000 4.816020
-141.800000 4.816890
-141.700000 4.817757
-141.600000 4.818619
-141.500000 4.819478
-141.400000 4.820332
-141.300000 4.821183
-141.200000 4.822030
-141.100000 4.822873
-141.000000 4.823712
-140.900000 4.824547
-140.800000 4.825379
-140.700000 4.826206
-140.600000 4.827030
-140.500000 4.827850
-140.400000 4.828667
-140.300000 4.829479
-140.200000 4.830288
-140.100000 4.831094
-140.000000 4.831895
-139.900000 4.832693
-139.800000 4.833487
-139.700000 4.834278
-139.600000 4.835065
-139.500000 4.835848
-139.400000 4.836628
-139.300000 4.837404
-139.200000 4.838176
-139.100000 4.838946
-139.000000 4.839711
-138.900000 4.840473
-138.800000 4.841232
-138.700000 4.841987
-138.600000 4.842738
-138.500000 4.843486
-138.400000 4.844231
-138.300000 4.844972
-138.200000 4.845710
-138.100000 4.846445
-138.000000 4.847176
-137.900000 4.847903
-137.800000 4.848628
-137.700000 4.849349
-137.600000 4.850067
-137.500000 4.850781
-137.400000 4.851492
-137.300000 4.852200
-137.200000 4.852905
-137.100000 4.853606
-137.000000 4.854304
-136.900000 4.854999
-136.800000 4.855691
-136.700000 4.856379
-136.600000 4.857064
-136.500000 4.857747
-136.400000 4.858426
-136.300000 4.859101
-136.200000 4.859774
-136.100000 4.860444
-136.000000 4.861110
-135.900000 4.861774
-135.800000 4.862434
-135.700000 4.863092
-135.600000 4.863746
-135.500000 4.864397
-135.400000 4.865045
-135.300000 4.865691
-135.200000 4.866333
-135.100000 4.866972
-135.000000 4.867609
-134.900000 4.868242
-134.800000 4.868872
-134.700000 4.869500
-134.600000 4.870125
-134.500000 4.870746
-134.400000 4.871365
-134.300000 4.871981
-134.200000 4.872594
-134.100000 4.873205
-134.000000 4.873812
-133.900000 4.874417
-133.800000 4.875018
-133.700000 4.875617
-133.600000 4.876214
-133.500000 4.876807
-133.400000 4.877398
-133.300000 4.877986
-133.200000 4.878571
-133.100000 4.879154
-133.000000 4.879733
-132.900000 4.880311
-132.800000 4.880885
-132.700000 4.881457
-132.600000 4.882026
-132.500000 4.882592
-132.400000 4.883156
-132.300000 4.883717
-132.200000 4.884276
-132.100000 4.884832
-132.000000 4.885385
-131.900000 4.885936
-131.800000 4.886484
-131.700000 4.887030
-131.600000 4.887573
-131.500000 4.888113
-131.400000 4.888652
-131.300000 4.889187
-131.200000 4.889720
-131.100000 4.890251
-131.000000 4.890779
-130.900000 4.891304
-130.800000 4.891828
-130.700000 4.892348
-130.600000 4.892867
-130.500000 4.893382
-130.400000 4.893896
-130.300000 4.894407
-130.200000 4.894916
-130.100000 4.895422
-130.000000 4.895926
-129.900000 4.896427
-129.800000 4.896927
-129.700000 4.897423
-129.600000 4.897918
-129.500000 4.898410
-129.400000 4.898900
-129.300000 4.899388
-129.200000 4.899873
-129.100000 4.900356
-129.000000 4.900837
-128.900000 4.901315
-128.800000 4.901792
-128.700000 4.902266
-128.600000 4.902738
-128.500000 4.903207
-128.400000 4.903675
-128.300000 4.904140
-128.200000 4.904603
-128.100000 4.905064
-128.000000 4.905523
-127.900000 4.905979
-127.800000 4.906433
-127.700000 4.906886
-127.600000 4.907336
-127.500000 4.907784
-127.400000 4.908230
-127.300000 4.908674
-127.200000 4.909115
-127.100000 4.909555
-127.000000 4.909993
-126.900000 4.910428
-126.800000 4.910862
-126.700000 4.911293
-126.600000 4.911722
-126.500000 4.912150
-126.400000 4.912575
-126.300000 4.912999
-126.200000 4.913420
-126.100000 4.913839
-126.000000 4.914257
-125.900000 4.914672
-125.800000 4.915086
-125.700000 4.915497
-125.600000 4.915907
-125.500000 4.916314
-125.400000 4.916720
-125.300000 4.917124
-125.200000 4.917526
-125.100000 4.917926
-125.000000 4.918324
-124.900000 4.918720
-124.800000 4.919115
-124.700000 4.919507
-124.600000 4.919898
-124.500000 4.920287
-124.400000 4.920673
-124.300000 4.921059
-124.200000 4.921442
-124.100000 4.921823
-124.000000 4.922203
-123.900000 4.922581
-123.800000 4.922957
-123.700000 4.923331
-123.600000 4.923704
-123.500000 4.924075
-123.400000 4.924444
-123.300000 4.924811
-123.200000 4.925177
-123.100000 4.925540
-123.000000 4.925903
-122.900000 4.926263
-122.800000 4.926622
-122.700000 4.926979
-122.600000 4.927334
-122.500000 4.927687
-122.400000 4.928039
-122.300000 4.928390
-122.200000 4.928738
-122.100000 4.929085
-122.000000 4.929430
-121.900000 4.929774
-121.800000 4.930116
-121.700000 4.930456
-121.600000 4.930795
-121.500000 4.931132
-121.400000 4.931468
-121.300000 4.931802
-121.200000 4.932134
-121.100000 4.932465
-121.000000 4.932794
-120.900000 4.933122
-120.800000 4.933448
-120.700000 4.933772
-120.600000 4.934095
-120.500000 4.934417
-120.400000 4.934737
-120.300000 4.935055
-120.200000 4.935372
-120.100000 4.935687
-120.000000 4.936001
-119.900000 4.936314
-119.800000 4.936625
-119.700000 4.936934
-119.600000 4.937242
-119.500000 4.937548
-119.400000 4.937853
-119.300000 4.938157
-119.200000 4.938459
-119.100000 4.938760
-119.000000 4.939059
-118.900000 4.939357
-118.800000 4.939653
-118.700000 4.939948
-118.600000 4.940242
-118.500000 4.940534
-118.400000 4.940825
-118.300000 4.941114
-118.200000 4.941402
-118.100000 4.941689
-118.000000 4.941974
-117.900000 4.942258
-117.800000 4.942540
-117.700000 4.942821
-117.600000 4.943101
-117.500000 4.943380
-117.400000 4.943657
-117.300000 4.943933
-117.200000 4.944207
-117.100000 4.944480
-117.000000 4.944752
-116.900000 4.945023
-116.800000 4.945292
-116.700000 4.945560
-116.600000 4.945827
-116.500000 4.946092
-116.400000 4.946357
-116.300000 4.946619
-116.200000 4.946881
-116.100000 4.947142
-116.000000 4.947401
-115.900000 4.947659
-115.800000 4.947915
-115.700000 4.948171
-115.600000 4.948425
-115.500000 4.948678
-115.400000 4.948930
-115.300000 4.949180
-115.200000 4.949430
-115.100000 4.949678
-115.000000 4.949925
-114.900000 4.950171
-114.800000 4.950415
-114.700000 4.950659
-114.600000 4.950901
-114.500000 4.951142
-114.400000 4.951382
-114.300000 4.951621
-114.200000 4.951858
-114.100000 4.952095
-114.000000 4.952330
-113.900000 4.952565
-113.800000 4.952798
-113.700000 4.953030
-113.600000 4.953261
-113.500000 4.953490
-113.400000 4.953719
-113.300000 4.953947
-113.200000 4.954173
-113.100000 4.954398
-113.000000 4.954623
-112.900000 4.954846
-112.800000 4.955068
-112.700000 4.955289
-112.600000 4.955509
-112.500000 4.955728
-112.400000 4.955946
-112.300000 4.956163
-112.200000 4.956379
-112.100000 4.956593
-112.000000 4.956807
-111.900000 4.957020
-111.800000 4.957231
-111.700000 4.957442
-111.600000 4.957652
-111.500000 4.957860
-111.400000 4.958068
-111.300000 4.958274
-111.200000 4.958480
-111.100000 4.958685
-111.000000 4.958888
-110.900000 4.959091
-110.800000 4.959293
-110.700000 4.959493
-110.600000 4.959693
-110.500000 4.959892
-110.400000 4.960090
-110.300000 4.960286
-110.200000 4.960482
-110.100000 4.960677
-110.000000 4.960871
-109.900000 4.961064
-109.800000 4.961257
-109.700000 4.961448
-109.600000 4.961638
-109.500000 4.961827
-109.400000 4.962016
-109.300000 4.962203
-109.200000 4.962390
-109.100000 4.962576
-109.000000 4.962761
-108.900000 4.962944
-108.800000 4.963127
-108.700000 4.963310
-108.600000 4.963491
-108.500000 4.963671
-108.400000 4.963851
-108.300000 4.964029
-108.200000 4.964207
-108.100000 4.964384
-108.000000 4.964560
-107.900000 4.964735
-107.800000 4.964910
-107.700000 4.965083
-107.600000 4.965256
-107.500000 4.965428
-107.400000 4.965599
-107.300000 4.965769
-107.200000 4.965938
-107.100000 4.966107
-107.000000 4.966275
-106.900000 4.966441
-106.800000 4.966608
-106.700000 4.966773
-106.600000 4.966937
-106.500000 4.967101
-106.400000 4.967264
-106.300000 4.967426
-106.200000 4.967587
-106.100000 4.967748
-106.000000 4.967908
-105.900000 4.968067
-105.800000 4.968225
-105.700000 4.968382
-105.600000 4.968539
-105.500000 4.968695
-105.400000 4.968850
-105.300000 4.969004
-105.200000 4.969158
-105.100000 4.969311
-105.000000 4.969463
-104.900000 4.969614
-104.800000 4.969765
-104.700000 4.969915
-104.600000 4.970064
-104.500000 4.970213
-104.400000 4.970360
-104.300000 4.970507
-104.200000 4.970654
-104.100000 4.970799
-104.000000 4.970944
-103.900000 4.971088
-103.800000 4.971232
-103.700000 4.971375
-103.600000 4.971517
-103.500000 4.971658
-103.400000 4.971799
-103.300000 4.971939
-103.200000 4.972078
-103.100000 4.972217
-103.000000 4.972355
-102.900000 4.972492
-102.800000 4.972629
-102.700000 4.972765
-102.600000 4.972900
-102.500000 4.973035
-102.400000 4.973169
-102.300000 4.973302
-102.200000 4.973435
-102.100000 4.973567
-102.000000 4.973698
-101.900000 4.973829
-101.800000 4.973959
-101.700000 4.974089
-101.600000 4.974218
-101.500000 4.974346
-101.400000 4.974473
-101.300000 4.974600
-101.200000 4.974727
-101.100000 4.974852
-101.000000 4.974978
-100.900000 4.975102
-100.800000 4.975226
-100.700000 4.975349
-100.600000 4.975472
-100.500000 4.975594
-100.400000 4.975715
-100.300000 4.975836
-100.200000 4.975957
-100.100000 4.976076
-100.000000 4.976196
-99.900000 4.976314
-99.800000 4.976432
-99.700000 4.976549
-99.600000 4.976666
-99.500000 4.976783
-99.400000 4.976898
-99.300000 4.977013
-99.200000 4.977128
-99.100000 4.977242
-99.000000 4.977355
-98.900000 4.977468
-98.800000 4.977580
-98.700000 4.977692
-98.600000 4.977803
-98.500000 4.977914
-98.400000 4.978024
-98.300000 4.978134
-98.200000 4.978243
-98.100000 4.978351
-98.000000 4.978459
-97.900000 4.978567
-97.800000 4.978674
-97.700000 4.978780
-97.600000 4.978886
-97.500000 4.978992
-97.400000 4.979096
-97.300000 4.979201
-97.200000 4.979305
-97.100000 4.979408
-97.000000 4.979511
-96.900000 4.979613
-96.800000 4.979715
-96.700000 4.979816
-96.600000 4.979917
-96.500000 4.980017
-96.400000 4.980117
-96.300000 4.980216
-96.200000 4.980315
-96.100000 4.980413
-96.000000 4.980511
-95.900000 4.980609
-95.800000 4.980706
-95.700000 4.980802
-95.600000 4.980898
-95.500000 4.980993
-95.400000 4.981089
-95.300000 4.981183
-95.200000 4.981277
-95.100000 4.981371
-95.000000 4.981464
-94.900000 4.981557
-94.800000 4.981649
-94.700000 4.981741
-94.600000 4.981832
-94.500000 4.981923
-94.400000 4.982013
-94.300000 4.982103
-94.200000 4.982193
-94.100000 4.982282
-94.000000 4.982371
-93.900000 4.982459
-93.800000 4.982547
-93.700000 4.982634
-93.600000 4.982721
-93.500000 4.982808
-93.400000 4.982894
-93.300000 4.982979
-93.200000 4.983064
-93.100000 4.983149
-93.000000 4.983234
-92.900000 4.983318
-92.800000 4.983401
-92.700000 4.983484
-92.600000 4.983567
-92.500000 4.983649
-92.400000 4.983731
-92.300000 4.983813
-92.200000 4.983894
-92.100000 4.983975
-92.000000 4.984055
-91.900000 4.984135
-91.800000 4.984215
-91.700000 4.984294
-91.600000 4.984372
-91.500000 4.984451
-91.400000 4.984529
-91.300000 4.984606
-91.200000 4.984684
-91.100000 4.984760
-91.000000 4.984837
-90.900000 4.984913
-90.800000 4.984989
-90.700000 4.985064
-90.600000 4.985139
-90.500000 4.985214
-90.400000 4.985288
-90.300000 4.985362
-90.200000 4.985435
-90.100000 4.985508
-90.000000 4.985581
-89.900000 4.985653
-89.800000 4.985725
-89.700000 4.985797
-89.600000 4.985868
-89.500000 4.985939
-89.400000 4.986010
-89.300000 4.986080
-89.200000 4.986150
-89.100000 4.986220
-89.000000 4.986289
-88.900000 4.986358
-88.800000 4.986426
-88.700000 4.986495
-88.600000 4.986562
-88.500000 4.986630
-88.400000 4.986697
-88.300000 4.986764
-88.200000 4.986831
-88.100000 4.986897
-88.000000 4.986963
-87.900000 4.987028
-87.800000 4.987093
-87.700000 4.987158
-87.600000 4.987223
-87.500000 4.987287
-87.400000 4.987351
-87.300000 4.987415
-87.200000 4.987478
-87.100000 4.987541
-87.000000 4.987604
-86.900000 4.987666
-86.800000 4.987728
-86.700000 4.987790
-86.600000 4.987851
-86.500000 4.987913
-86.400000 4.987973
-86.300000 4.988034
-86.200000 4.988094
-86.100000 4.988154
-86.000000 4.988214
-85.900000 4.988273
-85.800000 4.988332
-85.700000 4.988391
-85.600000 4.988449
-85.500000 4.988508
-85.400000 4.988565
-85.300000 4.988623
-85.200000 4.988680
-85.100000 4.988737
-85.000000 4.988794
-84.900000 4.988851
-84.800000 4.988907
-84.700000 4.988963
-84.600000 4.989018
-84.500000 4.989074
-84.400000 4.989129
-84.300000 4.989184
-84.200000 4.989238
-84.100000 4.989292
-84.000000 4.989346
-83.900000 4.989400
-83.800000 4.989453
-83.700000 4.989507
-83.600000 4.989560
-83.500000 4.989612
-83.400000 4.989665
-83.300000 4.989717
-83.200000 4.989769
-83.100000 4.989820
-83.000000 4.989872
-82.900000 4.989923
-82.800000 4.989974
-82.700000 4.990024
-82.600000 4.990075
-82.500000 4.990125
-82.400000 4.990174
-82.300000 4.990224
-82.200000 4.990273
-82.100000 4.990323
-82.000000 4.990371
-81.900000 4.990420
-81.800000 4.990468
-81.700000 4.990517
-81.600000 4.990564
-81.500000 4.990612
-81.400000 4.990660
-81.300000 4.990707
-81.200000 4.990754
-81.100000 4.990800
-81.000000 4.990847
-80.900000 4.990893
-80.800000 4.990939
-80.700000 4.990985
-80.600000 4.991030
-80.500000 4.991076
-80.400000 4.991121
-80.300000 4.991166
-80.200000 4.991210
-80.100000 4.991255
-80.000000 4.991299
-79.900000 4.991343
-79.800000 4.991387
-79.700000 4.991430
-79.600000 4.991474
-79.500000 4.991517
-79.400000 4.991560
-79.300000 4.991602
-79.200000 4.991645
-79.100000 4.991687
-79.000000 4.991729
-78.900000 4.991771
-78.800000 4.991813
-78.700000 4.991854
-78.600000 4.991895
-78.500000 4.991936
-78.400000 4.991977
-78.300000 4.992018
-78.200000 4.992058
-78.100000 4.992098
-78.000000 4.992138
-77.900000 4.992178
-77.800000 4.992218
-77.700000 4.992257
-77.600000 4.992296
-77.500000 4.992335
-77.400000 4.992374
-77.300000 4.992413
-77.200000 4.992451
-77.100000 4.992490
-77.000000 4.992528
-76.900000 4.992565
-76.800000 4.992603
-76.700000 4.992641
-76.600000 4.992678
-76.500000 4.992715
-76.400000 4.992752
-76.300000 4.992789
-76.200000 4.992825
-76.100000 4.992862
-76.000000 4.992898
-75.900000 4.992934
-75.800000 4.992970
-75.700000 4.993005
-75.600000 4.993041
-75.500000 4.993076
-75.400000 4.993111
-75.300000 4.993146
-75.200000 4.993181
-75.100000 4.993215
-75.000000 4.993250
-74.900000 4.993284
-74.800000 4.993318
-74.700000 4.993352
-74.600000 4.993386
-74.500000 4.993419
-74.400000 4.993453
-74.300000 4.993486
-74.200000 4.993519
-74.100000 4.993552
-74.000000 4.993584
-73.900000 4.993617
-73.800000 4.993649
-73.700000 4.993682
-73.600000 4.993714
-73.500000 4.993746
-73.400000 4.993777
-73.300000 4.993809
-73.200000 4.993840
-73.100000 4.993872
-73.000000 4.993903
-72.900000 4.993934
-72.800000 4.993965
-72.700000 4.993995
-72.600000 4.994026
-72.500000 4.994056
-72.400000 4.994086
-72.300000 4.994116
-72.200000 4.994146
-72.100000 4.994176
-72.000000 4.994206
-71.900000 4.994235
-71.800000 4.994264
-71.700000 4.994293
-71.600000 4.994322
-71.500000 4.994351
-71.400000 4.994380
-71.300000 4.994409
-71.200000 4.994437
-71.100000 4.994465
-71.000000 4.994493
-70.900000 4.994521
-70.800000 4.994549
-70.700000 4.994577
-70.600000 4.994605
-70.500000 4.994632
-70.400000 4.994659
-70.300000 4.994687
-70.200000 4.994714
-70.100000 4.994740
-70.000000 4.994767
-69.900000 4.994794
-69.800000 4.994820
-69.700000 4.994847
-69.600000 4.994873
-69.500000 4.994899
-69.400000 4.994925
-69.300000 4.994951
-69.200000 4.994976
-69.100000 4.995002
-69.000000 4.995027
-68.900000 4.995053
-68.800000 4.995078
-68.700000 4.995103
-68.600000 4.995128
-68.500000 4.995153
-68.400000 4.995177
-68.300000 4.995202
-68.200000 4.995226
-68.100000 4.995251
-68.000000 4.995275
-67.900000 4.995299
-67.800000 4.995323
-67.700000 4.995347
-67.600000 4.995370
-67.500000 4.995394
-67.400000 4.995418
-67.300000 4.995441
-67.200000 4.995464
-67.100000 4.995487
-67.000000 4.995510
-66.900000 4.995533
-66.800000 4.995556
-66.700000 4.995578
-66.600000 4.995601
-66.500000 4.995623
-66.400000 4.995646
-66.300000 4.995668
-66.200000 4.995690
-66.100000 4.995712
-66.000000 4.995734
-65.900000 4.995756
-65.800000 4.995777
-65.700000 4.995799
-65.600000 4.995820
-65.500000 4.995842
-65.400000 4.995863
-65.300000 4.995884
-65.200000 4.995905
-65.100000 4.995926
-65.000000 4.995947
-64.900000 4.995967
-64.800000 4.995988
-64.700000 4.996008
-64.600000 4.996029
-64.500000 4.996049
-64.400000 4.996069
-64.300000 4.996089
-64.200000 4.996109
-64.100000 4.996129
-64.000000 4.996149
-63.900000 4.996168
-63.800000 4.996188
-63.700000 4.996207
-63.600000 4.996227
-63.500000 4.996246
-63.400000 4.996265
-63.300000 4.996284
-63.200000 4.996303
-63.100000 4.996322
-63.000000 4.996341
-62.900000 4.996360
-62.800000 4.996378
-62.700000 4.996397
-62.600000 4.996415
-62.500000 4.996433
-62.400000 4.996452
-62.300000 4.996470
-62.200000 4.996488
-62.100000 4.996506
-62.000000 4.996524
-61.900000 4.996541
-61.800000 4.996559
-61.700000 4.996577
-61.600000 4.996594
-61.500000 4.996611
-61.400000 4.996629
-61.300000 4.996646
-61.200000 4.996663
-61.100000 4.996680
-61.000000 4.996697
-60.900000 4.996714
-60.800000 4.996731
-60.700000 4.996748
-60.600000 4.996764
-60.500000 4.996781
-60.400000 4.996797
-60.300000 4.996814
-60.200000 4.996830
-60.100000 4.996846
-60.000000 4.996862
-59.900000 4.996878
-59.800000 4.996894
-59.700000 4.996910
-59.600000 4.996926
-59.500000 4.996942
-59.400000 4.996957
-59.300000 4.996973
-59.200000 4.996988
-59.100000 4.997004
-59.000000 4.997019
-58.900000 4.997034
-58.800000 4.997050
-58.700000 4.997065
-58.600000 4.997080
-58.500000 4.997095
-58.400000 4.997110
-58.300000 4.997124
-58.200000 4.997139
-58.100000 4.997154
-58.000000 4.997168
-57.900000 4.997183
-57.800000 4.997197
-57.700000 4.997212
-57.600000 4.997226
-57.500000 4.997240
-57.400000 4.997254
-57.300000 4.997268
-57.200000 4.997282
-57.100000 4.997296
-57.000000 4.997310
-56.900000 4.997324
-56.800000 4.997338
-56.700000 4.997351
-56.600000 4.997365
-56.500000 4.997378
-56.400000 4.997392
-56.300000 4.997405
-56.200000 4.997418
-56.100000 4.997432
-56.000000 4.997445
-55.900000 4.997458
-55.800000 4.997471
-55.700000 4.997484
-55.600000 4.997497
-55.500000 4.997510
-55.400000 4.997522
-55.300000 4.997535
-55.200000 4.997548
-55.100000 4.997560
-55.000000 4.997573
-54.900000 4.997585
-54.800000 4.997598
-54.700000 4.997610
-54.600000 4.997622
-54.500000 4.997634
-54.400000 4.997646
-54.300000 4.997659
-54.200000 4.997671
-54.100000 4.997673
-54.000000 4.997661
-53.900000 4.997649
-53.800000 4.997637
-53.700000 4.997625
-53.600000 4.997613
-53.500000 4.997601
-53.400000 4.997588
-53.300000 4.997576
-53.200000 4.997563
-53.100000 4.997551
-53.000000 4.997538
-52.900000 4.997525
-52.800000 4.997513
-52.700000 4.997500
-52.600000 4.997487
-52.500000 4.997474
-52.400000 4.997461
-52.300000 4.997448
-52.200000 4.997435
-52.100000 4.997422
-52.000000 4.997408
-51.900000 4.997395
-51.800000 4.997381
-51.700000 4.997368
-51.600000 4.997354
-51.500000 4.997341
-51.400000 4.997327
-51.300000 4.997313
-51.200000 4.997300
-51.100000 4.997286
-51.000000 4.997272
-50.900000 4.997258
-50.800000 4.997243
-50.700000 4.997229
-50.600000 4.997215
-50.500000 4.997201
-50.400000 4.997186
-50.300000 4.997172
-50.200000 4.997157
-50.100000 4.997143
-50.000000 4.997128
-49.900000 4.997113
-49.800000 4.997098
-49.700000 4.997083
-49.600000 4.997068
-49.500000 4.997053
-49.400000 4.997038
-49.300000 4.997023
-49.200000 4.997008
-49.100000 4.996992
-49.000000 4.996977
-48.900000 4.996961
-48.800000 4.996945
-48.700000 4.996930
-48.600000 4.996914
-48.500000 4.996898
-48.400000 4.996882
-48.300000 4.996866
-48.200000 4.996850
-48.100000 4.996834
-48.000000 4.996818
-47.900000 4.996801
-47.800000 4.996785
-47.700000 4.996768
-47.600000 4.996752
-47.500000 4.996735
-47.400000 4.996718
-47.300000 4.996701
-47.200000 4.996684
-47.100000 4.996667
-47.000000 4.996650
-46.900000 4.996633
-46.800000 4.996616
-46.700000 4.996598
-46.600000 4.996581
-46.500000 4.996563
-46.400000 4.996546
-46.300000 4.996528
-46.200000 4.996510
-46.100000 4.996492
-46.000000 4.996474
-45.900000 4.996456
-45.800000 4.996438
-45.700000 4.996419
-45.600000 4.996401
-45.500000 4.996383
-45.400000 4.996364
-45.300000 4.996345
-45.200000 4.996327
-45.100000 4.996308
-45.000000 4.996289
-44.900000 4.996270
-44.800000 4.996251
-44.700000 4.996231
-44.600000 4.996212
-44.500000 4.996193
-44.400000 4.996173
-44.300000 4.996153
-44.200000 4.996134
-44.100000 4.996114
-44.000000 4.996094
-43.900000 4.996074
-43.800000 4.996054
-43.700000 4.996034
-43.600000 4.996013
-43.500000 4.995993
-43.400000 4.995972
-43.300000 4.995952
-43.200000 4.995931
-43.100000 4.995910
-43.000000 4.995889
-42.900000 4.995868
-42.800000 4.995847
-42.700000 4.995825
-42.600000 4.995804
-42.500000 4.995782
-42.400000 4.995761
-42.300000 4.995739
-42.200000 4.995717
-42.100000 4.995695
-42.000000 4.995673
-41.900000 4.995651
-41.800000 4.995629
-41.700000 4.995606
-41.600000 4.995584
-41.500000 4.995561
-41.400000 4.995539
-41.300000 4.995516
-41.200000 4.995493
-41.100000 4.995470
-41.000000 4.995446
-40.900000 4.995423
-40.800000 4.995400
-40.700000 4.995376
-40.600000 4.995352
-40.500000 4.995329
-40.400000 4.995305
-40.300000 4.995281
-40.200000 4.995257
-40.100000 4.995232
-40.000000 4.995208
-39.900000 4.995183
-39.800000 4.995159
-39.700000 4.995134
-39.600000 4.995109
-39.500000 4.995084
-39.400000 4.995059
-39.300000 4.995034
-39.200000 4.995008
-39.100000 4.994983
-39.000000 4.994957
-38.900000 4.994931
-38.800000 4.994905
-38.700000 4.994879
-38.600000 4.994853
-38.500000 4.994827
-38.400000 4.994800
-38.300000 4.994774
-38.200000 4.994747
-38.100000 4.994720
-38.000000 4.994693
-37.900000 4.994666
-37.800000 4.994639
-37.700000 4.994611
-37.600000 4.994584
-37.500000 4.994556
-37.400000 4.994528
-37.300000 4.994500
-37.200000 4.994472
-37.100000 4.994444
-37.000000 4.994415
-36.900000 4.994387
-36.800000 4.994358
-36.700000 4.994329
-36.600000 4.994300
-36.500000 4.994271
-36.400000 4.994242
-36.300000 4.994213
-36.200000 4.994183
-36.100000 4.994153
-36.000000 4.994124
-35.900000 4.994094
-35.800000 4.994063
-35.700000 4.994033
-35.600000 4.994003
-35.500000 4.993972
-35.400000 4.993941
-35.300000 4.993910
-35.200000 4.993879
-35.100000 4.993848
-35.000000 4.993817
-34.900000 4.993785
-34.800000 4.993753
-34.700000 4.993721
-34.600000 4.993689
-34.500000 4.993657
-34.400000 4.993625
-34.300000 4.993592
-34.200000 4.993560
-34.100000 4.993527
-34.000000 4.993494
-33.900000 4.993461
-33.800000 4.993427
-33.700000 4.993394
-33.600000 4.993360
-33.500000 4.993326
-33.400000 4.993292
-33.300000 4.993258
-33.200000 4.993224
-33.100000 4.993189
-33.000000 4.993154
-32.900000 4.993119
-32.800000 4.993084
-32.700000 4.993049
-32.600000 4.993014
-32.500000 4.992978
-32.400000 4.992942
-32.300000 4.992906
-32.200000 4.992870
-32.100000 4.992834
-32.000000 4.992797
-31.900000 4.992761
-31.800000 4.992724
-31.700000 4.992687
-31.600000 4.992650
-31.500000 4.992612
-31.400000 4.992575
-31.300000 4.992537
-31.200000 4.992499
-31.100000 4.992461
-31.000000 4.992422
-30.900000 4.992384
-30.800000 4.992345
-30.700000 4.992306
-30.600000 4.992267
-30.500000 4.992227
-30.400000 4.992188
-30.300000 4.992148
-30.200000 4.992108
-30.100000 4.992068
-30.000000 4.992028
-29.900000 4.991987
-29.800000 4.991946
-29.700000 4.991905
-29.600000 4.991864
-29.500000 4.991823
-29.400000 4.991781
-29.300000 4.991739
-29.200000 4.991697
-29.100000 4.991655
-29.000000 4.991613
-28.900000 4.991570
-28.800000 4.991527
-28.700000 4.991484
-28.600000 4.991441
-28.500000 4.991397
-28.400000 4.991354
-28.300000 4.991310
-28.200000 4.991266
-28.100000 4.991221
-28.000000 4.991177
-27.900000 4.991132
-27.800000 4.991087
-27.700000 4.991041
-27.600000 4.990996
-27.500000 4.990950
-27.400000 4.990904
-27.300000 4.990858
-27.200000 4.990812
-27.100000 4.990765
-27.000000 4.990718
-26.900000 4.990671
-26.800000 4.990624
-26.700000 4.990576
-26.600000 4.990528
-26.500000 4.990480
-26.400000 4.990432
-26.300000 4.990383
-26.200000 4.990334
-26.100000 4.990285
-26.000000 4.990236
-25.900000 4.990186
-25.800000 4.990137
-25.700000 4.990087
-25.600000 4.990036
-25.500000 4.989986
-25.400000 4.989935
-25.300000 4.989884
-25.200000 4.989833
-25.100000 4.989781
-25.000000 4.989729
-24.900000 4.989677
-24.800000 4.989625
-24.700000 4.989572
-24.600000 4.989519
-24.500000 4.989466
-24.400000 4.989413
-24.300000 4.989359
-24.200000 4.989305
-24.100000 4.989251
-24.000000 4.989197
-23.900000 4.989142
-23.800000 4.989087
-23.700000 4.989032
-23.600000 4.988976
-23.500000 4.988920
-23.400000 4.988864
-23.300000 4.988808
-23.200000 4.988751
-23.100000 4.988694
-23.000000 4.988637
-22.900000 4.988579
-22.800000 4.988522
-22.700000 4.988463
-22.600000 4.988405
-22.500000 4.988346
-22.400000 4.988287
-22.300000 4.988228
-22.200000 4.988169
-22.100000 4.988109
-22.000000 4.988048
-21.900000 4.987988
-21.800000 4.987927
-21.700000 4.987866
-21.600000 4.987805
-21.500000 4.987743
-21.400000 4.987681
-21.300000 4.987619
-21.200000 4.987556
-21.100000 4.987493
-21.000000 4.987430
-20.900000 4.987367
-20.800000 4.987303
-20.700000 4.987238
-20.600000 4.987174
-20.500000 4.987109
-20.400000 4.987044
-20.300000 4.986978
-20.200000 4.986913
-20.100000 4.986847
-20.000000 4.986780
-19.900000 4.986713
-19.800000 4.986646
-19.700000 4.986579
-19.600000 4.986511
-19.500000 4.986443
-19.400000 4.986374
-19.300000 4.986306
-19.200000 4.986236
-19.100000 4.986167
-19.000000 4.986097
-18.900000 4.986027
-18.800000 4.985956
-18.700000 4.985885
-18.600000 4.985814
-18.500000 4.985743
-18.400000 4.985671
-18.300000 4.985598
-18.200000 4.985526
-18.100000 4.985453
-18.000000 4.985379
-17.900000 4.985306
-17.800000 4.985231
-17.700000 4.985157
-17.600000 4.985082
-17.500000 4.985007
-17.400000 4.984931
-17.300000 4.984855
-17.200000 4.984779
-17.100000 4.984702
-17.000000 4.984625
-16.900000 4.984548
-16.800000 4.984470
-16.700000 4.984391
-16.600000 4.984313
-16.500000 4.984234
-16.400000 4.984154
-16.300000 4.984074
-16.200000 4.983994
-16.100000 4.983914
-16.000000 4.983833
-15.900000 4.983751
-15.800000 4.983669
-15.700000 4.983587
-15.600000 4.983504
-15.500000 4.983421
-15.400000 4.983338
-15.300000 4.983254
-15.200000 4.983170
-15.100000 4.983085
-15.000000 4.983000
-14.900000 4.982914
-14.800000 4.982828
-14.700000 4.982742
-14.600000 4.982655
-14.500000 4.982568
-14.400000 4.982480
-14.300000 4.982392
-14.200000 4.982303
-14.100000 4.982214
-14.000000 4.982125
-13.900000 4.982035
-13.800000 4.981945
-13.700000 4.981854
-13.600000 4.981763
-13.500000 4.981671
-13.400000 4.981579
-13.300000 4.981486
-13.200000 4.981393
-13.100000 4.981300
-13.000000 4.981206
-12.900000 4.981111
-12.800000 4.981016
-12.700000 4.980921
-12.600000 4.980825
-12.500000 4.980729
-12.400000 4.980632
-12.300000 4.980535
-12.200000 4.980437
-12.100000 4.980339
-12.000000 4.980240
-11.900000 4.980141
-11.800000 4.980041
-11.700000 4.979941
-11.600000 4.979840
-11.500000 4.979739
-11.400000 4.979638
-11.300000 4.979535
-11.200000 4.979433
-11.100000 4.979329
-11.000000 4.979226
-10.900000 4.979122
-10.800000 4.979017
-10.700000 4.978912
-10.600000 4.978806
-10.500000 4.978700
-10.400000 4.978593
-10.300000 4.978485
-10.200000 4.978378
-10.100000 4.978269
-10.000000 4.978160
-9.900000 4.978051
-9.800000 4.977941
-9.700000 4.977830
-9.600000 4.977719
-9.500000 4.977608
-9.400000 4.977495
-9.300000 4.977383
-9.200000 4.977269
-9.100000 4.977155
-9.000000 4.977041
-8.900000 4.976926
-8.800000 4.976811
-8.700000 4.976694
-8.600000 4.976578
-8.500000 4.976460
-8.400000 4.976343
-8.300000 4.976224
-8.200000 4.976105
-8.100000 4.975986
-8.000000 4.975865
-7.900000 4.975745
-7.800000 4.975623
-7.700000 4.975501
-7.600000 4.975379
-7.500000 4.975256
-7.400000 4.975132
-7.300000 4.975008
-7.200000 4.974883
-7.100000 4.974757
-7.000000 4.974631
-6.900000 4.974504
-6.800000 4.974377
-6.700000 4.974248
-6.600000 4.974120
-6.500000 4.973990
-6.400000 4.973860
-6.300000 4.973730
-6.200000 4.973599
-6.100000 4.973467
-6.000000 4.973334
-5.900000 4.973201
-5.800000 4.973067
-5.700000 4.972933
-5.600000 4.972798
-5.500000 4.972662
-5.400000 4.972525
-5.300000 4.972388
-5.200000 4.972250
-5.100000 4.972112
-5.000000 4.971973
-4.900000 4.971833
-4.800000 4.971692
-4.700000 4.971551
-4.600000 4.971409
-4.500000 4.971266
-4.400000 4.971123
-4.300000 4.970979
-4.200000 4.970834
-4.100000 4.970689
-4.000000 4.970543
-3.900000 4.970396
-3.800000 4.970248
-3.700000 4.970100
-3.600000 4.969951
-3.500000 4.969801
-3.400000 4.969651
-3.300000 4.969499
-3.200000 4.969348
-3.100000 4.969195
-3.000000 4.969041
-2.900000 4.968887
-2.800000 4.968732
-2.700000 4.968576
-2.600000 4.968420
-2.500000 4.968263
-2.400000 4.968105
-2.300000 4.967946
-2.200000 4.967786
-2.100000 4.967626
-2.000000 4.967465
-1.900000 4.967303
-1.800000 4.967140
-1.700000 4.966977
-1.600000 4.966813
-1.500000 4.966648
-1.400000 4.966482
-1.300000 4.966315
-1.200000 4.966147
-1.100000 4.965979
-1.000000 4.965810
-0.900000 4.965640
-0.800000 4.965469
-0.700000 4.965298
-0.600000 4.965125
-0.500000 4.964952
-0.400000 4.964778
-0.300000 4.964603
-0.200000 4.964427
-0.100000 4.964250
-0.000000 4.964072
0.100000 4.963894
0.200000 4.963715
0.300000 4.963535
0.400000 4.963353
0.500000 4.963172
0.600000 4.962989
0.700000 4.962805
0.800000 4.962620
0.900000 4.962435
1.000000 4.962248
1.100000 4.962061
1.200000 4.961873
1.300000 4.961684
1.400000 4.961494
1.500000 4.961303
1.600000 4.961111
1.700000 4.960918
1.800000 4.960724
1.900000 4.960530
2.000000 4.960334
2.100000 4.960137
2.200000 4.959940
2.300000 4.959741
2.400000 4.959542
2.500000 4.959341
2.600000 4.959140
2.700000 4.958937
2.800000 4.958734
2.900000 4.958530
3.000000 4.958324
3.100000 4.958118
3.200000 4.957910
3.300000 4.957702
3.400000 4.957493
3.500000 4.957282
3.600000 4.957071
3.700000 4.956858
3.800000 4.956645
3.900000 4.956430
4.000000 4.956215
4.100000 4.955998
4.200000 4.955781
4.300000 4.955562
4.400000 4.955342
4.500000 4.955121
4.600000 4.954900
4.700000 4.954677
4.800000 4.954453
4.900000 4.954227
5.000000 4.954001
5.100000 4.953774
5.200000 4.953546
5.300000 4.953316
5.400000 4.953085
5.500000 4.952854
5.600000 4.952621
5.700000 4.952387
5.800000 4.952152
5.900000 4.951916
6.000000 4.951678
6.100000 4.951440
6.200000 4.951200
6.300000 4.950959
6.400000 4.950717
6.500000 4.950474
6.600000 4.950230
6.700000 4.949984
6.800000 4.949737
6.900000 4.949490
7.000000 4.949241
7.100000 4.948990
7.200000 4.948739
7.300000 4.948486
7.400000 4.948232
7.500000 4.947977
7.600000 4.947721
7.700000 4.947463
7.800000 4.947204
7.900000 4.946944
8.000000 4.946683
8.100000 4.946420
8.200000 4.946156
8.300000 4.945891
8.400000 4.945625
8.500000 4.945357
8.600000 4.945088
8.700000 4.944818
8.800000 4.944546
8.900000 4.944273
9.000000 4.943999
9.100000 4.943724
9.200000 4.943447
9.300000 4.943169
9.400000 4.942889
9.500000 4.942608
9.600000 4.942326
9.700000 4.942042
9.800000 4.941757
9.900000 4.941471
10.000000 4.941184
10.100000 4.940895
10.200000 4.940604
10.300000 4.940312
10.400000 4.940019
10.500000 4.939724
10.600000 4.939428
10.700000 4.939131
10.800000 4.938832
10.900000 4.938532
11.000000 4.938230
11.100000 4.937927
11.200000 4.937622
11.300000 4.937316
11.400000 4.937008
11.500000 4.936699
11.600000 4.936389
11.700000 4.936077
11.800000 4.935763
11.900000 4.935448
12.000000 4.935132
12.100000 4.934814
12.200000 4.934494
12.300000 4.934173
12.400000 4.933850
12.500000 4.933526
12.600000 4.933201
12.700000 4.932873
12.800000 4.932544
12.900000 4.932214
13.000000 4.931882
13.100000 4.931549
13.200000 4.931213
13.300000 4.930877
13.400000 4.930538
13.500000 4.930198
13.600000 4.929857
13.700000 4.929513
13.800000 4.929168
13.900000 4.928822
14.000000 4.928474
14.100000 4.928124
14.200000 4.927772
14.300000 4.927419
14.400000 4.927064
14.500000 4.926708
14.600000 4.926350
14.700000 4.925990
14.800000 4.925628
14.900000 4.925265
15.000000 4.924899
15.100000 4.924533
15.200000 4.924164
15.300000 4.923794
15.400000 4.923421
15.500000 4.923048
15.600000 4.922672
15.700000 4.922294
15.800000 4.921915
15.900000 4.921534
16.000000 4.921151
16.100000 4.920767
16.200000 4.920380
16.300000 4.919992
16.400000 4.919601
16.500000 4.919209
16.600000 4.918816
16.700000 4.918420
16.800000 4.918022
16.900000 4.917623
17.000000 4.917221
17.100000 4.916818
17.200000 4.916412
17.300000 4.916005
17.400000 4.915596
17.500000 4.915185
17.600000 4.914772
17.700000 4.914357
17.800000 4.913940
17.900000 4.913521
18.000000 4.913100
18.100000 4.912678
18.200000 4.912253
18.300000 4.911826
18.400000 4.911397
18.500000 4.910966
18.600000 4.910533
18.700000 4.910098
18.800000 4.909661
18.900000 4.909222
19.000000 4.908780
19.100000 4.908337
19.200000 4.907892
19.300000 4.907444
19.400000 4.906995
19.500000 4.906543
19.600000 4.906089
19.700000 4.905633
19.800000 4.905175
19.900000 4.904714
20.000000 4.904252
20.100000 4.903787
20.200000 4.903320
20.300000 4.902851
20.400000 4.902380
20.500000 4.901906
20.600000 4.901431
20.700000 4.900953
20.800000 4.900472
20.900000 4.899990
21.000000 4.899505
21.100000 4.899018
21.200000 4.898529
21.300000 4.898037
21.400000 4.897543
21.500000 4.897047
21.600000 4.896548
21.700000 4.896047
21.800000 4.895544
21.900000 4.895038
22.000000 4.894530
22.100000 4.894019
22.200000 4.893507
22.300000 4.892991
22.400000 4.892474
22.500000 4.891953
22.600000 4.891431
22.700000 4.890906
22.800000 4.890378
22.900000 4.889848
23.000000 4.889316
23.100000 4.888781
23.200000 4.888244
23.300000 4.887704
23.400000 4.887161
23.500000 4.886616
23.600000 4.886068
23.700000 4.885518
23.800000 4.884965
23.900000 4.884410
24.000000 4.883852
24.100000 4.883292
24.200000 4.882729
24.300000 4.882163
24.400000 4.881594
24.500000 4.881023
24.600000 4.880449
24.700000 4.879873
24.800000 4.879294
24.900000 4.878712
25.000000 4.878127
25.100000 4.877540
25.200000 4.876950
25.300000 4.876357
25.400000 4.875762
25.500000 4.875163
25.600000 4.874562
25.700000 4.873958
25.800000 4.873351
25.900000 4.872742
26.000000 4.872129
26.100000 4.871514
26.200000 4.870896
26.300000 4.870275
26.400000 4.869651
26.500000 4.869024
26.600000 4.868394
26.700000 4.867762
26.800000 4.867126
26.900000 4.866487
27.000000 4.865846
27.100000 4.865201
27.200000 4.864554
27.300000 4.863903
27.400000 4.863250
27.500000 4.862593
27.600000 4.861933
27.700000 4.861271
27.800000 4.860605
27.900000 4.859936
28.000000 4.859264
28.100000 4.858589
28.200000 4.857911
28.300000 4.857229
28.400000 4.856545
28.500000 4.855857
28.600000 4.855166
28.700000 4.854472
28.800000 4.853775
28.900000 4.853074
29.000000 4.852370
29.100000 4.851663
29.200000 4.850953
29.300000 4.850239
29.400000 4.849522
29.500000 4.848802
29.600000 4.848079
29.700000 4.847352
29.800000 4.846621
29.900000 4.845888
30.000000 4.845151
30.100000 4.844410
30.200000 4.843666
30.300000 4.842919
30.400000 4.842168
30.500000 4.841414
30.600000 4.840656
30.700000 4.839895
30.800000 4.839131
30.900000 4.838362
31.000000 4.837591
31.100000 4.836815
31.200000 4.836036
31.300000 4.835254
31.400000 4.834468
31.500000 4.833678
31.600000 4.832885
31.700000 4.832088
31.800000 4.831287
31.900000 4.830483
32.000000 4.829675
32.100000 4.828863
32.200000 4.828048
32.300000 4.827228
32.400000 4.826405
32.500000 4.825579
32.600000 4.824748
32.700000 4.823914
32.800000 4.823076
32.900000 4.822234
33.000000 4.821388
33.100000 4.820538
33.200000 4.819684
33.300000 4.818827
33.400000 4.817965
33.500000 4.817100
33.600000 4.816230
33.700000 4.815357
33.800000 4.814479
33.900000 4.813598
34.000000 4.812713
34.100000 4.811823
34.200000 4.810930
34.300000 4.810032
34.400000 4.809130
34.500000 4.808224
34.600000 4.807314
34.700000 4.806400
34.800000 4.805482
34.900000 4.804559
35.000000 4.803633
35.100000 4.802702
35.200000 4.801766
35.300000 4.800827
35.400000 4.799883
35.500000 4.798935
35.600000 4.797983
35.700000 4.797026
35.800000 4.796065
35.900000 4.795100
36.000000 4.794130
36.100000 4.793155
36.200000 4.792177
36.300000 4.791194
36.400000 4.790206
36.500000 4.789214
36.600000 4.788217
36.700000 4.787216
36.800000 4.786211
36.900000 4.785200
37.000000 4.784186
37.100000 4.783166
37.200000 4.782142
37.300000 4.781114
37.400000 4.780080
37.500000 4.779042
37.600000 4.777999
37.700000 4.776952
37.800000 4.775900
37.900000 4.774843
38.000000 4.773781
38.100000 4.772715
38.200000 4.771643
38.300000 4.770567
38.400000 4.769486
38.500000 4.768400
38.600000 4.767309
38.700000 4.766214
38.800000 4.765113
38.900000 4.764007
39.000000 4.762896
39.100000 4.761781
39.200000 4.760660
39.300000 4.759534
39.400000 4.758403
39.500000 4.757267
39.600000 4.756126
39.700000 4.754980
39.800000 4.753829
39.900000 4.752672
40.000000 4.751511
40.100000 4.750344
40.200000 4.749172
40.300000 4.747994
40.400000 4.746811
40.500000 4.745623
40.600000 4.744430
40.700000 4.743231
40.800000 4.742027
40.900000 4.740817
41.000000 4.739602
41.100000 4.738382
41.200000 4.737156
41.300000 4.735925
41.400000 4.734688
41.500000 4.733445
41.600000 4.732197
41.700000 4.730944
41.800000 4.729685
41.900000 4.728420
42.000000 4.727149
42.100000 4.725873
42.200000 4.724591
42.300000 4.723304
42.400000 4.722011
42.500000 4.720712
42.600000 4.719407
42.700000 4.718096
42.800000 4.716779
42.900000 4.715457
43.000000 4.714129
43.100000 4.712794
43.200000 4.711454
43.300000 4.710108
43.400000 4.708756
43.500000 4.707398
43.600000 4.706034
43.700000 4.704663
43.800000 4.703287
43.900000 4.701905
44.000000 4.700516
44.100000 4.699121
44.200000 4.697720
44.300000 4.696313
44.400000 4.694900
44.500000 4.693480
44.600000 4.692054
44.700000 4.690622
44.800000 4.689183
44.900000 4.687738
45.000000 4.686287
45.100000 4.684829
45.200000 4.683365
45.300000 4.681894
45.400000 4.680417
45.500000 4.678933
45.600000 4.677443
45.700000 4.675946
45.800000 4.674443
45.900000 4.672932
46.000000 4.671416
46.100000 4.669892
46.200000 4.668362
46.300000 4.666825
46.400000 4.665281
46.500000 4.663731
46.600000 4.662174
46.700000 4.660609
46.800000 4.659038
46.900000 4.657460
47.000000 4.655876
47.100000 4.654284
47.200000 4.652685
47.300000 4.651079
47.400000 4.649466
47.500000 4.647846
47.600000 4.646219
47.700000 4.644585
47.800000 4.642944
47.900000 4.641295
48.000000 4.639639
48.100000 4.637976
48.200000 4.636306
48.300000 4.634628
48.400000 4.632943
48.500000 4.631251
48.600000 4.629551
48.700000 4.627844
48.800000 4.626130
48.900000 4.624408
49.000000 4.622678
49.100000 4.620941
49.200000 4.619196
49.300000 4.617444
49.400000 4.615684
49.500000 4.613917
49.600000 4.612141
49.700000 4.610358
49.800000 4.608568
49.900000 4.606769
50.000000 4.604963
50.100000 4.603149
50.200000 4.601327
50.300000 4.599497
50.400000 4.597659
50.500000 4.595813
50.600000 4.593959
50.700000 4.592097
50.800000 4.590227
50.900000 4.588349
51.000000 4.586463
51.100000 4.584569
51.200000 4.582666
51.300000 4.580755
51.400000 4.578836
51.500000 4.576909
51.600000 4.574974
51.700000 4.573030
51.800000 4.571077
51.900000 4.569117
52.000000 4.567147
52.100000 4.565170
52.200000 4.563184
52.300000 4.561189
52.400000 4.559185
52.500000 4.557174
52.600000 4.555153
52.700000 4.553124
52.800000 4.551086
52.900000 4.549039
53.000000 4.546984
53.100000 4.544919
53.200000 4.542846
53.300000 4.540764
53.400000 4.538673
53.500000 4.536573
53.600000 4.534464
53.700000 4.532347
53.800000 4.530220
53.900000 4.528084
54.000000 4.525938
54.100000 4.523784
54.200000 4.521621
54.300000 4.519448
54.400000 4.517266
54.500000 4.515075
54.600000 4.512874
54.700000 4.510664
54.800000 4.508444
54.900000 4.506216
55.000000 4.503977
55.100000 4.501729
55.200000 4.499472
55.300000 4.497205
55.400000 4.494929
55.500000 4.492642
55.600000 4.490346
55.700000 4.488041
55.800000 4.485725
55.900000 4.483400
56.000000 4.481065
56.100000 4.478720
56.200000 4.476365
56.300000 4.474001
56.400000 4.471626
56.500000 4.469241
56.600000 4.466846
56.700000 4.464441
56.800000 4.462026
56.900000 4.459601
57.000000 4.457165
57.100000 4.454720
57.200000 4.452264
57.300000 4.449797
57.400000 4.447321
57.500000 4.444833
57.600000 4.442336
57.700000 4.439828
57.800000 4.437309
57.900000 4.434780
58.000000 4.432241
58.100000 4.429690
58.200000 4.427129
58.300000 4.424558
58.400000 4.421975
58.500000 4.419382
58.600000 4.416778
58.700000 4.414163
58.800000 4.411537
58.900000 4.408900
59.000000 4.406253
59.100000 4.403594
59.200000 4.400924
59.300000 4.398243
59.400000 4.395551
59.500000 4.392848
59.600000 4.390133
59.700000 4.387407
59.800000 4.384670
59.900000 4.381922
60.000000 4.379162
60.100000 4.376391
60.200000 4.373608
60.300000 4.370814
60.400000 4.368008
60.500000 4.365190
60.600000 4.362361
60.700000 4.359521
60.800000 4.356668
60.900000 4.353804
61.000000 4.350928
61.100000 4.348040
61.200000 4.345141
61.300000 4.342229
61.400000 4.339305
61.500000 4.336370
61.600000 4.333422
61.700000 4.330462
61.800000 4.327490
61.900000 4.324506
62.000000 4.321510
62.100000 4.318501
62.200000 4.315480
62.300000 4.312447
62.400000 4.309401
62.500000 4.306343
62.600000 4.303273
62.700000 4.300190
62.800000 4.297094
62.900000 4.293986
63.000000 4.290865
63.100000 4.287731
63.200000 4.284585
63.300000 4.281426
63.400000 4.278254
63.500000 4.275069
63.600000 4.271871
63.700000 4.268660
63.800000 4.265437
63.900000 4.262200
64.000000 4.258950
64.100000 4.255687
64.200000 4.252411
64.300000 4.249121
64.400000 4.245819
64.500000 4.242503
64.600000 4.239173
64.700000 4.235830
64.800000 4.232474
64.900000 4.229104
65.000000 4.225721
65.100000 4.222324
65.200000 4.218914
65.300000 4.215490
65.400000 4.212052
65.500000 4.208600
65.600000 4.205134
65.700000 4.201655
65.800000 4.198162
65.900000 4.194655
66.000000 4.191133
66.100000 4.187598
66.200000 4.184049
66.300000 4.180485
66.400000 4.176908
66.500000 4.173316
66.600000 4.169710
66.700000 4.166089
66.800000 4.162454
66.900000 4.158805
67.000000 4.155141
67.100000 4.151463
67.200000 4.147770
67.300000 4.144063
67.400000 4.140340
67.500000 4.136604
67.600000 4.132852
67.700000 4.129086
67.800000 4.125305
67.900000 4.121509
68.000000 4.117698
68.100000 4.113872
68.200000 4.110031
68.300000 4.106175
68.400000 4.102304
68.500000 4.098417
68.600000 4.094516
68.700000 4.090599
68.800000 4.086667
68.900000 4.082719
69.000000 4.078756
69.100000 4.074778
69.200000 4.070784
69.300000 4.066775
69.400000 4.062750
69.500000 4.058709
69.600000 4.054653
69.700000 4.050581
69.800000 4.046493
69.900000 4.042389
70.000000 4.038269
70.100000 4.034134
70.200000 4.029982
70.300000 4.025815
70.400000 4.021631
70.500000 4.017431
70.600000 4.013215
70.700000 4.008983
70.800000 4.004734
70.900000 4.000470
71.000000 3.996188
71.100000 3.991891
71.200000 3.987577
71.300000 3.983246
71.400000 3.978899
71.500000 3.974535
71.600000 3.970155
71.700000 3.965758
71.800000 3.961344
71.900000 3.956913
72.000000 3.952465
72.100000 3.948001
72.200000 3.943519
72.300000 3.939021
72.400000 3.934505
72.500000 3.929973
72.600000 3.925423
72.700000 3.920856
72.800000 3.916272
72.900000 3.911670
73.000000 3.907051
73.100000 3.902415
73.200000 3.897761
73.300000 3.893090
73.400000 3.888401
73.500000 3.883695
73.600000 3.878971
73.700000 3.874229
73.800000 3.869470
73.900000 3.864692
74.000000 3.859897
74.100000 3.855084
74.200000 3.850254
74.300000 3.845405
74.400000 3.840538
74.500000 3.835653
74.600000 3.830750
74.700000 3.825828
74.800000 3.820889
74.900000 3.815931
75.000000 3.810955
75.100000 3.805960
75.200000 3.800948
75.300000 3.795916
75.400000 3.790866
75.500000 3.785798
75.600000 3.780711
75.700000 3.775605
75.800000 3.770481
75.900000 3.765337
76.000000 3.760175
76.100000 3.754994
76.200000 3.749795
76.300000 3.744576
76.400000 3.739338
76.500000 3.734082
76.600000 3.728806
76.700000 3.723511
76.800000 3.718197
76.900000 3.712863
77.000000 3.707510
77.100000 3.702138
77.200000 3.696747
77.300000 3.691336
77.400000 3.685906
77.500000 3.680456
77.600000 3.674987
77.700000 3.669498
77.800000 3.663989
77.900000 3.658461
78.000000 3.652913
78.100000 3.647345
78.200000 3.641757
78.300000 3.636149
78.400000 3.630522
78.500000 3.624874
78.600000 3.619206
78.700000 3.613519
78.800000 3.607811
78.900000 3.602083
79.000000 3.596335
79.100000 3.590567
79.200000 3.584778
79.300000 3.578969
79.400000 3.573139
79.500000 3.567290
79.600000 3.561419
79.700000 3.555528
79.800000 3.549617
79.900000 3.543685
80.000000 3.537732
80.100000 3.531759
80.200000 3.525765
80.300000 3.519750
80.400000 3.513714
80.500000 3.507657
80.600000 3.501580
80.700000 3.495481
80.800000 3.489362
80.900000 3.483221
81.000000 3.477060
81.100000 3.470877
81.200000 3.464673
81.300000 3.458448
81.400000 3.452202
81.500000 3.445934
81.600000 3.439645
81.700000 3.433335
81.800000 3.427003
81.900000 3.420650
82.000000 3.414275
82.100000 3.407879
82.200000 3.401461
82.300000 3.395022
82.400000 3.388561
82.500000 3.382078
82.600000 3.375574
82.700000 3.369048
82.800000 3.362500
82.900000 3.355930
83.000000 3.349338
83.100000 3.342724
83.200000 3.336089
83.300000 3.329431
83.400000 3.322752
83.500000 3.316050
83.600000 3.309327
83.700000 3.302581
83.800000 3.295813
83.900000 3.289023
84.000000 3.282210
84.100000 3.275376
84.200000 3.268519
84.300000 3.261639
84.400000 3.254738
84.500000 3.247814
84.600000 3.240867
84.700000 3.233898
84.800000 3.226907
84.900000 3.219893
85.000000 3.212856
85.100000 3.205797
85.200000 3.198716
85.300000 3.191611
85.400000 3.184484
85.500000 3.177335
85.600000 3.170162
85.700000 3.162967
85.800000 3.155749
85.900000 3.148508
86.000000 3.141245
86.100000 3.133958
86.200000 3.126649
86.300000 3.119317
86.400000 3.111962
86.500000 3.104583
86.600000 3.097182
86.700000 3.089758
86.800000 3.082311
86.900000 3.074841
87.000000 3.067347
87.100000 3.059831
87.200000 3.052291
87.300000 3.044729
87.400000 3.037143
87.500000 3.029534
87.600000 3.021901
87.700000 3.014246
87.800000 3.006567
87.900000 2.998865
88.000000 2.991140
88.100000 2.983392
88.200000 2.975620
88.300000 2.967825
88.400000 2.960006
88.500000 2.952164
88.600000 2.944299
88.700000 2.936411
88.800000 2.928499
88.900000 2.920563
89.000000 2.912604
89.100000 2.904622
89.200000 2.896617
89.300000 2.888588
89.400000 2.880535
89.500000 2.872459
89.600000 2.864360
89.700000 2.856237
89.800000 2.848090
89.900000 2.839920
90.000000 2.831727
90.100000 2.823510
90.200000 2.815270
90.300000 2.807006
90.400000 2.798719
90.500000 2.790408
90.600000 2.782074
90.700000 2.773716
90.800000 2.765335
90.900000 2.756930
91.000000 2.748501
91.100000 2.740050
91.200000 2.731574
91.300000 2.723076
91.400000 2.714553
91.500000 2.706008
91.600000 2.697439
91.700000 2.688846
91.800000 2.680230
91.900000 2.671590
92.000000 2.662928
92.100000 2.654241
92.200000 2.645532
92.300000 2.636799
92.400000 2.628042
92.500000 2.619262
92.600000 2.610459
92.700000 2.601633
92.800000 2.592783
92.900000 2.583910
93.000000 2.575014
93.100000 2.566094
93.200000 2.557152
93.300000 2.548186
93.400000 2.539197
93.500000 2.530185
93.600000 2.521149
93.700000 2.512091
93.800000 2.503010
93.900000 2.493905
94.000000 2.484778
94.100000 2.475627
94.200000 2.466454
94.300000 2.457258
94.400000 2.448039
94.500000 2.438797
94.600000 2.429532
94.700000 2.420244
94.800000 2.410934
94.900000 2.401601
95.000000 2.392246
95.100000 2.382868
95.200000 2.373467
95.300000 2.364044
95.400000 2.354599
95.500000 2.345131
95.600000 2.335640
95.700000 2.326128
95.800000 2.316593
95.900000 2.307036
96.000000 2.297457
96.100000 2.287855
96.200000 2.278232
96.300000 2.268587
96.400000 2.258920
96.500000 2.249231
96.600000 2.239520
96.700000 2.229787
96.800000 2.220033
96.900000 2.210258
97.000000 2.200460
97.100000 2.190642
97.200000 2.180802
97.300000 2.170940
97.400000 2.161058
97.500000 2.151154
97.600000 2.141229
97.700000 2.131283
97.800000 2.121316
97.900000 2.111329
98.000000 2.101321
98.100000 2.091292
98.200000 2.081242
98.300000 2.071172
98.400000 2.061082
98.500000 2.050971
98.600000 2.040840
98.700000 2.030689
98.800000 2.020518
98.900000 2.010327
99.000000 2.000116
99.100000 1.989886
99.200000 1.979636
99.300000 1.969366
99.400000 1.959077
99.500000 1.948769
99.600000 1.938441
99.700000 1.928095
99.800000 1.917729
99.900000 1.907345
100.000000 1.896942
100.100000 1.886521
100.200000 1.876081
100.300000 1.865622
100.400000 1.855146
100.500000 1.844651
100.600000 1.834138
100.700000 1.823608
100.800000 1.813060
100.900000 1.802494
101.000000 1.791911
101.100000 1.781311
101.200000 1.770694
101.300000 1.760059
101.400000 1.749408
101.500000 1.738741
101.600000 1.728056
101.700000 1.717356
101.800000 1.706639
101.900000 1.695906
102.000000 1.685157
102.100000 1.674393
102.200000 1.663612
102.300000 1.652817
102.400000 1.642006
102.500000 1.631181
102.600000 1.620340
102.700000 1.609485
102.800000 1.598616
102.900000 1.587732
103.000000 1.576833
103.100000 1.565921
103.200000 1.554996
103.300000 1.544056
103.400000 1.533104
103.500000 1.522138
103.600000 1.511159
103.700000 1.500168
103.800000 1.489164
103.900000 1.478148
104.000000 1.467119
104.100000 1.456079
104.200000 1.445027
104.300000 1.433964
104.400000 1.422889
104.500000 1.411803
104.600000 1.400707
104.700000 1.389600
104.800000 1.378483
104.900000 1.367356
105.000000 1.356219
105.100000 1.345072
105.200000 1.333916
105.300000 1.322751
105.400000 1.311578
105.500000 1.300395
105.600000 1.289205
105.700000 1.278006
105.800000 1.266800
105.900000 1.255586
106.000000 1.244365
106.100000 1.233137
106.200000 1.221902
106.300000 1.210661
106.400000 1.199414
106.500000 1.188162
106.600000 1.176903
106.700000 1.165640
106.800000 1.154372
106.900000 1.143099
107.000000 1.131822
107.100000 1.120541
107.200000 1.109256
107.300000 1.097968
107.400000 1.086677
107.500000 1.075383
107.600000 1.064087
107.700000 1.052790
107.800000 1.041490
107.900000 1.030189
108.000000 1.018887
108.100000 1.007585
108.200000 0.996282
108.300000 0.985033
108.400000 0.973847
108.500000 0.962725
108.600000 0.951667
108.700000 0.940672
108.800000 0.929742
108.900000 0.918876
109.000000 0.908073
109.100000 0.897334
109.200000 0.886659
109.300000 0.876048
109.400000 0.865501
109.500000 0.855018
109.600000 0.844599
109.700000 0.834243
109.800000 0.823952
109.900000 0.813724
110.000000 0.803560
110.100000 0.793460
110.200000 0.783424
110.300000 0.773452
110.400000 0.763544
110.500000 0.753699
110.600000 0.743918
110.700000 0.734202
110.800000 0.724549
110.900000 0.714960
111.000000 0.705435
111.100000 0.695974
111.200000 0.686576
111.300000 0.677243
111.400000 0.667973
111.500000 0.658767
111.600000 0.649626
111.700000 0.640548
111.800000 0.631534
111.900000 0.622583
112.000000 0.613697
112.100000 0.604875
112.200000 0.596116
112.300000 0.587421
112.400000 0.578790
112.500000 0.570223
112.600000 0.561720
112.700000 0.553281
112.800000 0.544906
112.900000 0.536594
113.000000 0.528347
113.100000 0.520163
113.200000 0.512043
113.300000 0.503987
113.400000 0.495995
113.500000 0.488067
113.600000 0.480203
113.700000 0.472402
113.800000 0.464666
113.900000 0.456993
114.000000 0.449384
114.100000 0.441839
114.200000 0.434358
114.300000 0.426941
114.400000 0.419587
114.500000 0.412298
114.600000 0.405072
114.700000 0.397911
114.800000 0.390813
114.900000 0.383779
115.000000 0.376809
115.100000 0.369902
115.200000 0.363060
115.300000 0.356282
115.400000 0.349567
115.500000 0.342916
115.600000 0.336330
115.700000 0.329807
115.800000 0.323347
115.900000 0.316952
116.000000 0.310621
116.100000 0.304353
116.200000 0.298150
116.300000 0.292010
116.400000 0.285934
116.500000 0.279922
116.600000 0.273974
116.700000 0.268090
116.800000 0.262270
116.900000 0.256513
117.000000 0.250821
117.100000 0.245192
117.200000 0.239627
117.300000 0.234126
117.400000 0.228689
117.500000 0.223316
117.600000 0.218006
117.700000 0.212761
117.800000 0.207579
117.900000 0.202462
118.000000 0.197408
118.100000 0.192418
118.200000 0.187492
118.300000 0.182630
118.400000 0.177831
118.500000 0.173097
118.600000 0.168426
118.700000 0.163820
118.800000 0.159277
118.900000 0.154798
119.000000 0.150383
119.100000 0.146031
119.200000 0.141744
119.300000 0.137521
119.400000 0.133361
119.500000 0.129265
119.600000 0.125234
119.700000 0.121266
119.800000 0.117361
119.900000 0.113521
120.000000 0.109745
120.100000 0.106032
120.200000 0.102384
120.300000 0.098799
120.400000 0.095278
120.500000 0.091821
120.600000 0.088428
120.700000 0.085099
120.800000 0.081834
120.900000 0.078632
121.000000 0.075495
121.100000 0.072421
121.200000 0.069411
121.300000 0.066465
121.400000 0.063583
121.500000 0.060765
121.600000 0.058011
121.700000 0.055320
121.800000 0.052694
121.900000 0.050131
122.000000 0.047632
122.100000 0.045197
122.200000 0.042826
122.300000 0.040519
122.400000 0.038275
122.500000 0.036096
122.600000 0.033980
122.700000 0.031929
122.800000 0.029941
122.900000 0.028017
123.000000 0.026157
123.100000 0.024361
123.200000 0.022628
123.300000 0.020960
123.400000 0.019355
123.500000 0.017814
123.600000 0.016338
123.700000 0.014925
123.800000 0.013576
123.900000 0.012290
124.000000 0.011069
124.100000 0.009912
124.200000 0.008818
124.300000 0.007788
124.400000 0.006822
124.500000 0.005921
124.600000 0.005082
124.700000 0.004308
124.800000 0.003598
124.900000 0.002951
125.000000 0.002369
125.100000 0.001850
125.200000 0.001395
125.300000 0.001004
125.400000 0.000677
125.500000 0.000414
125.600000 0.000215
125.700000 0.000079
125.800000 0.000008
125.900000 0.000000
126.000000 0.000056
126.100000 0.000176
126.200000 0.000360
126.300000 0.000608
126.400000 0.000920
126.500000 0.001295
126.600000 0.001735
126.700000 0.002238
126.800000 0.002805
126.900000 0.003436
127.000000 0.004131
127.100000 0.004890
127.200000 0.005712
127.300000 0.006599
127.400000 0.007549
127.500000 0.008564
127.600000 0.009642
127.700000 0.010784
127.800000 0.011990
127.900000 0.013260
128.000000 0.014593
128.100000 0.015991
128.200000 0.017452
128.300000 0.018978
128.400000 0.020567
128.500000 0.022220
128.600000 0.023937
128.700000 0.025718
128.800000 0.027562
128.900000 0.029471
129.000000 0.031443
129.100000 0.033479
129.200000 0.035580
129.300000 0.037744
129.400000 0.039972
129.500000 0.042263
129.600000 0.044619
129.700000 0.047039
129.800000 0.049522
129.900000 0.052069
130.000000 0.054681
130.100000 0.057356
130.200000 0.060094
130.300000 0.062897
130.400000 0.065764
130.500000 0.068694
130.600000 0.071689
130.700000 0.074747
130.800000 0.077869
130.900000 0.081055
131.000000 0.084305
131.100000 0.087619
131.200000 0.090997
131.300000 0.094438
131.400000 0.097944
131.500000 0.101513
131.600000 0.105146
131.700000 0.108843
131.800000 0.112604
131.900000 0.116429
132.000000 0.120318
132.100000 0.124270
132.200000 0.128287
132.300000 0.132367
132.400000 0.136511
132.500000 0.140719
132.600000 0.144991
132.700000 0.149327
132.800000 0.153727
132.900000 0.158190
133.000000 0.162718
133.100000 0.167309
133.200000 0.171964
133.300000 0.176683
133.400000 0.181466
133.500000 0.186313
133.600000 0.191224
133.700000 0.196198
133.800000 0.201236
133.900000 0.206339
134.000000 0.211505
134.100000 0.216735
134.200000 0.222029
134.300000 0.227387
134.400000 0.232808
134.500000 0.238294
134.600000 0.243843
134.700000 0.249457
134.800000 0.255134
134.900000 0.260875
135.000000 0.266680
135.100000 0.272549
135.200000 0.278481
135.300000 0.284478
135.400000 0.290538
135.500000 0.296663
135.600000 0.302851
135.700000 0.309103
135.800000 0.315419
135.900000 0.321799
136.000000 0.328242
136.100000 0.334750
136.200000 0.341321
136.300000 0.347957
136.400000 0.354656
136.500000 0.361419
136.600000 0.368246
136.700000 0.375136
136.800000 0.382091
136.900000 0.389110
137.000000 0.396192
137.100000 0.403338
137.200000 0.410549
137.300000 0.417823
137.400000 0.425161
137.500000 0.432562
137.600000 0.440028
137.700000 0.447558
137.800000 0.455151
137.900000 0.462808
138.000000 0.470530
138.100000 0.478315
138.200000 0.486164
138.300000 0.494076
138.400000 0.502053
138.500000 0.510094
138.600000 0.518198
138.700000 0.526366
138.800000 0.534599
138.900000 0.542895
139.000000 0.551254
139.100000 0.559678
139.200000 0.568166
139.300000 0.576718
139.400000 0.585333
139.500000 0.594012
139.600000 0.602755
139.700000 0.611562
139.800000 0.620433
139.900000 0.629368
140.000000 0.638367
140.100000 0.647429
140.200000 0.656556
140.300000 0.665746
140.400000 0.675000
140.500000 0.684318
140.600000 0.693700
140.700000 0.703146
140.800000 0.712656
140.900000 0.722229
141.000000 0.731867
141.100000 0.741568
141.200000 0.751333
141.300000 0.761162
141.400000 0.771055
141.500000 0.781012
141.600000 0.791033
141.700000 0.801117
141.800000 0.811266
141.900000 0.821478
142.000000 0.831754
142.100000 0.842094
142.200000 0.852498
142.300000 0.862966
142.400000 0.873498
142.500000 0.884093
142.600000 0.894753
142.700000 0.905476
142.800000 0.916263
142.900000 0.927114
143.000000 0.938029
143.100000 0.949008
143.200000 0.960051
143.300000 0.971157
143.400000 0.982328
143.500000 0.993562
143.600000 1.004860
143.700000 1.016163
143.800000 1.027465
143.900000 1.038766
144.000000 1.050066
144.100000 1.061364
144.200000 1.072661
144.300000 1.083955
144.400000 1.095246
144.500000 1.106535
144.600000 1.117821
144.700000 1.129103
144.800000 1.140381
144.900000 1.151655
145.000000 1.162924
145.100000 1.174189
145.200000 1.185448
145.300000 1.196702
145.400000 1.207951
145.500000 1.219193
145.600000 1.230429
145.700000 1.241659
145.800000 1.252882
145.900000 1.264097
146.000000 1.275305
146.100000 1.286506
146.200000 1.297698
146.300000 1.308883
146.400000 1.320059
146.500000 1.331226
146.600000 1.342384
146.700000 1.353533
146.800000 1.364672
146.900000 1.375802
147.000000 1.386921
147.100000 1.398031
147.200000 1.409130
147.300000 1.420218
147.400000 1.431295
147.500000 1.442361
147.600000 1.453416
147.700000 1.464459
147.800000 1.475490
147.900000 1.486509
148.000000 1.497516
148.100000 1.508511
148.200000 1.519493
148.300000 1.530462
148.400000 1.541417
148.500000 1.552360
148.600000 1.563289
148.700000 1.574204
148.800000 1.585106
148.900000 1.595993
149.000000 1.606866
149.100000 1.617725
149.200000 1.628569
149.300000 1.639398
149.400000 1.650213
149.500000 1.661012
149.600000 1.671795
149.700000 1.682564
149.800000 1.693316
149.900000 1.704053
150.000000 1.714774
150.100000 1.725478
150.200000 1.736167
150.300000 1.746838
150.400000 1.757494
150.500000 1.768132
150.600000 1.778753
150.700000 1.789358
150.800000 1.799945
150.900000 1.810515
151.000000 1.821067
151.100000 1.831602
151.200000 1.842119
151.300000 1.852618
151.400000 1.863099
151.500000 1.873561
151.600000 1.884006
151.700000 1.894432
151.800000 1.904839
151.900000 1.915228
152.000000 1.925598
152.100000 1.935949
152.200000 1.946281
152.300000 1.956594
152.400000 1.966888
152.500000 1.977162
152.600000 1.987417
152.700000 1.997652
152.800000 2.007868
152.900000 2.018063
153.000000 2.028239
153.100000 2.038395
153.200000 2.048531
153.300000 2.058646
153.400000 2.068742
153.500000 2.078817
153.600000 2.088871
153.700000 2.098905
153.800000 2.108918
153.900000 2.118911
154.000000 2.128883
154.100000 2.138834
154.200000 2.148764
154.300000 2.158672
154.400000 2.168560
154.500000 2.178427
154.600000 2.188272
154.700000 2.198096
154.800000 2.207898
154.900000 2.217679
155.000000 2.227438
155.100000 2.237176
155.200000 2.246892
155.300000 2.256586
155.400000 2.266259
155.500000 2.275909
155.600000 2.285538
155.700000 2.295145
155.800000 2.304729
155.900000 2.314291
156.000000 2.323832
156.100000 2.333350
156.200000 2.342845
156.300000 2.352319
156.400000 2.361770
156.500000 2.371198
156.600000 2.380604
156.700000 2.389988
156.800000 2.399349
156.900000 2.408687
157.000000 2.418003
157.100000 2.427295
157.200000 2.436566
157.300000 2.445813
157.400000 2.455038
157.500000 2.464240
157.600000 2.473418
157.700000 2.482574
157.800000 2.491707
157.900000 2.500817
158.000000 2.509904
158.100000 2.518968
158.200000 2.528009
158.300000 2.537027
158.400000 2.546022
158.500000 2.554993
158.600000 2.563941
158.700000 2.572866
158.800000 2.581768
158.900000 2.590647
159.000000 2.599502
159.100000 2.608334
159.200000 2.617143
159.300000 2.625928
159.400000 2.634690
159.500000 2.643429
159.600000 2.652144
159.700000 2.660836
159.800000 2.669505
159.900000 2.678150
160.000000 2.686772
160.100000 2.695370
160.200000 2.703945
160.300000 2.712496
160.400000 2.721024
160.500000 2.729528
160.600000 2.738009
160.700000 2.746467
160.800000 2.754901
160.900000 2.763311
161.000000 2.771698
161.100000 2.780062
161.200000 2.788402
161.300000 2.796718
161.400000 2.805011
161.500000 2.813281
161.600000 2.821527
161.700000 2.829749
161.800000 2.837948
161.900000 2.846124
162.000000 2.854276
162.100000 2.862404
162.200000 2.870509
162.300000 2.878591
162.400000 2.886649
162.500000 2.894684
162.600000 2.902695
162.700000 2.910683
162.800000 2.918647
162.900000 2.926588
163.000000 2.934506
163.100000 2.942400
163.200000 2.950271
163.300000 2.958119
163.400000 2.965943
163.500000 2.973744
163.600000 2.981521
163.700000 2.989275
163.800000 2.997006
163.900000 3.004714
164.000000 3.012398
164.100000 3.020059
164.200000 3.027697
164.300000 3.035311
164.400000 3.042903
164.500000 3.050471
164.600000 3.058016
164.700000 3.065538
164.800000 3.073037
164.900000 3.080513
165.000000 3.087966
165.100000 3.095396
165.200000 3.102802
165.300000 3.110186
165.400000 3.117547
165.500000 3.124884
165.600000 3.132199
165.700000 3.139491
165.800000 3.146760
165.900000 3.154007
166.000000 3.161230
166.100000 3.168431
166.200000 3.175609
166.300000 3.182764
166.400000 3.189896
166.500000 3.197006
166.600000 3.204093
166.700000 3.211158
166.800000 3.218200
166.900000 3.225219
167.000000 3.232216
167.100000 3.239190
167.200000 3.246142
167.300000 3.253072
167.400000 3.259979
167.500000 3.266863
167.600000 3.273726
167.700000 3.280566
167.800000 3.287383
167.900000 3.294179
168.000000 3.300952
168.100000 3.307703
168.200000 3.314432
168.300000 3.321139
168.400000 3.327824
168.500000 3.334487
168.600000 3.341128
168.700000 3.347747
168.800000 3.354344
168.900000 3.360919
169.000000 3.367472
169.100000 3.374004
169.200000 3.380513
169.300000 3.387001
169.400000 3.393467
169.500000 3.399912
169.600000 3.406335
169.700000 3.412736
169.800000 3.419116
169.900000 3.425475
170.000000 3.431811
170.100000 3.438127
170.200000 3.444421
170.300000 3.450694
170.400000 3.456945
170.500000 3.463176
170.600000 3.469385
170.700000 3.475572
170.800000 3.481739
170.900000 3.487885
171.000000 3.494009
171.100000 3.500113
171.200000 3.506195
171.300000 3.512257
171.400000 3.518298
171.500000 3.524318
171.600000 3.530317
171.700000 3.536295
171.800000 3.542253
171.900000 3.548190
172.000000 3.554106
172.100000 3.560002
172.200000 3.565877
172.300000 3.571732
172.400000 3.577567
172.500000 3.583381
172.600000 3.589174
172.700000 3.594947
172.800000 3.600701
172.900000 3.606433
173.000000 3.612146
173.100000 3.617838
173.200000 3.623511
173.300000 3.629163
173.400000 3.634796
173.500000 3.640408
173.600000 3.646001
173.700000 3.651573
173.800000 3.657126
173.900000 3.662659
174.000000 3.668173
174.100000 3.673666
174.200000 3.679141
174.300000 3.684595
174.400000 3.690030
174.500000 3.695446
174.600000 3.700842
174.700000 3.706218
174.800000 3.711576
174.900000 3.716914
175.000000 3.722233
175.100000 3.727532
175.200000 3.732813
175.300000 3.738074
175.400000 3.743316
175.500000 3.748540
175.600000 3.753744
175.700000 3.758929
175.800000 3.764096
175.900000 3.769244
176.000000 3.774373
176.100000 3.779483
176.200000 3.784575
176.300000 3.789647
176.400000 3.794702
176.500000 3.799738
176.600000 3.804755
176.700000 3.809754
176.800000 3.814735
176.900000 3.819697
177.000000 3.824641
177.100000 3.829566
177.200000 3.834474
177.300000 3.839363
177.400000 3.844234
177.500000 3.849088
177.600000 3.853923
177.700000 3.858740
177.800000 3.863540
177.900000 3.868321
178.000000 3.873085
178.100000 3.877831
178.200000 3.882559
178.300000 3.887270
178.400000 3.891963
178.500000 3.896638
178.600000 3.901296
178.700000 3.905937
178.800000 3.910560
178.900000 3.915165
179.000000 3.919754
179.100000 3.924325
179.200000 3.928879
179.300000 3.933416
179.400000 3.937935
179.500000 3.942438
179.600000 3.946924
179.700000 3.951392
179.800000 3.955844
179.900000 3.960279
180.000000 3.964697
