0.000000 13.161942
0.100000 13.132709
0.200000 13.103509
0.300000 13.074342
0.400000 13.045207
0.500000 13.016104
0.600000 12.987034
0.700000 12.957997
0.800000 12.928992
0.900000 12.900019
1.000000 12.871079
1.100000 12.842172
1.200000 12.813297
1.300000 12.784454
1.400000 12.755644
1.500000 12.726867
1.600000 12.698122
1.700000 12.669409
1.800000 12.640729
1.900000 12.612081
2.000000 12.583466
2.100000 12.554884
2.200000 12.526334
2.300000 12.497816
2.400000 12.469331
2.500000 12.440879
2.600000 12.412459
2.700000 12.384071
2.800000 12.355716
2.900000 12.327394
3.000000 12.299103
3.100000 12.270846
3.200000 12.242621
3.300000 12.214428
3.400000 12.186268
3.500000 12.158141
3.600000 12.130046
3.700000 12.101983
3.800000 12.073953
3.900000 12.045955
4.000000 12.017990
4.100000 11.990058
4.200000 11.962158
4.300000 11.934290
4.400000 11.906455
4.500000 11.878653
4.600000 11.850883
4.700000 11.823145
4.800000 11.795440
4.900000 11.767767
5.000000 11.740127
5.100000 11.712520
5.200000 11.684945
5.300000 11.657402
5.400000 11.629892
5.500000 11.602414
5.600000 11.574969
5.700000 11.547557
5.800000 11.520177
5.900000 11.492829
6.000000 11.465514
6.100000 11.438231
6.200000 11.410981
6.300000 11.383764
6.400000 11.356578
6.500000 11.329426
6.600000 11.302306
6.700000 11.275218
6.800000 11.248163
6.900000 11.221140
7.000000 11.194150
7.100000 11.167193
7.200000 11.140268
7.300000 11.113375
7.400000 11.086515
7.500000 11.059687
7.600000 11.032892
7.700000 11.006130
7.800000 10.979399
7.900000 10.952702
8.000000 10.926037
8.100000 10.899404
8.200000 10.872804
8.300000 10.846236
8.400000 10.819701
8.500000 10.793199
8.600000 10.766728
8.700000 10.740291
8.800000 10.713886
8.900000 10.687513
9.000000 10.661173
9.100000 10.634865
9.200000 10.608590
9.300000 10.582348
9.400000 10.556137
9.500000 10.529960
9.600000 10.503815
9.700000 10.477702
9.800000 10.451622
9.900000 10.425574
10.000000 10.399559
10.100000 10.373576
10.200000 10.347626
10.300000 10.321709
10.400000 10.295823
10.500000 10.269971
10.600000 10.244151
10.700000 10.218363
10.800000 10.192608
10.900000 10.166885
11.000000 10.141195
11.100000 10.115537
11.200000 10.089912
11.300000 10.064320
11.400000 10.038759
11.500000 10.013232
11.600000 9.987737
11.700000 9.962274
11.800000 9.936844
11.900000 9.911446
12.000000 9.886081
12.100000 9.860748
12.200000 9.835448
12.300000 9.810180
12.400000 9.784945
12.500000 9.759742
12.600000 9.734572
12.700000 9.709435
12.800000 9.684329
12.900000 9.659257
13.000000 9.634216
13.100000 9.609209
13.200000 9.584234
13.300000 9.559291
13.400000 9.534381
13.500000 9.509503
13.600000 9.484658
13.700000 9.459845
13.800000 9.435065
13.900000 9.410317
14.000000 9.385602
14.100000 9.360919
14.200000 9.336269
14.300000 9.311651
14.400000 9.287066
14.500000 9.262514
14.600000 9.237993
14.700000 9.213506
14.800000 9.189050
14.900000 9.164628
15.000000 9.140237
15.100000 9.115880
15.200000 9.091555
15.300000 9.067262
15.400000 9.043002
15.500000 9.018774
15.600000 8.994579
15.700000 8.970416
15.800000 8.946286
15.900000 8.922188
16.000000 8.898123
16.100000 8.874090
16.200000 8.850090
16.300000 8.826122
16.400000 8.802187
16.500000 8.778284
16.600000 8.754414
16.700000 8.730576
16.800000 8.706771
16.900000 8.682998
17.000000 8.659258
17.100000 8.635550
17.200000 8.611875
17.300000 8.588232
17.400000 8.564622
17.500000 8.541044
17.600000 8.517499
17.700000 8.493986
17.800000 8.470506
17.900000 8.447058
18.000000 8.423643
18.100000 8.400260
18.200000 8.376910
18.300000 8.353592
18.400000 8.330307
18.500000 8.307054
18.600000 8.283834
18.700000 8.260646
18.800000 8.237491
18.900000 8.214368
19.000000 8.191278
19.100000 8.168220
19.200000 8.145195
19.300000 8.122202
19.400000 8.099242
19.500000 8.076314
19.600000 8.053419
19.700000 8.030556
19.800000 8.007725
19.900000 7.984928
20.000000 7.962162
20.100000 7.939430
20.200000 7.916729
20.300000 7.894062
20.400000 7.871426
20.500000 7.848823
20.600000 7.826253
20.700000 7.803715
20.800000 7.781210
20.900000 7.758737
21.000000 7.736297
21.100000 7.713889
21.200000 7.691514
21.300000 7.669171
21.400000 7.646861
21.500000 7.624583
21.600000 7.602338
21.700000 7.580125
21.800000 7.557945
21.900000 7.535797
22.000000 7.513681
22.100000 7.491599
22.200000 7.469548
22.300000 7.447530
22.400000 7.425545
22.500000 7.403592
22.600000 7.381672
22.700000 7.359784
22.800000 7.337929
22.900000 7.316106
23.000000 7.294316
23.100000 7.272558
23.200000 7.250833
23.300000 7.229140
23.400000 7.207479
23.500000 7.185852
23.600000 7.164256
23.700000 7.142693
23.800000 7.121163
23.900000 7.099665
24.000000 7.078200
24.100000 7.056767
24.200000 7.035367
24.300000 7.013999
24.400000 6.992663
24.500000 6.971361
24.600000 6.950090
24.700000 6.928852
24.800000 6.907647
24.900000 6.886474
25.000000 6.865334
25.100000 6.844226
25.200000 6.823151
25.300000 6.802108
25.400000 6.781097
25.500000 6.760120
25.600000 6.739174
25.700000 6.718261
25.800000 6.697381
25.900000 6.676533
26.000000 6.655718
26.100000 6.634935
26.200000 6.614185
26.300000 6.593467
26.400000 6.572781
26.500000 6.552128
26.600000 6.531508
26.700000 6.510920
26.800000 6.490365
26.900000 6.469842
27.000000 6.449352
27.100000 6.428894
27.200000 6.408468
27.300000 6.388075
27.400000 6.367715
27.500000 6.347387
27.600000 6.327092
27.700000 6.306829
27.800000 6.286598
27.900000 6.266401
28.000000 6.246235
28.100000 6.226102
28.200000 6.206002
28.300000 6.185934
28.400000 6.165899
28.500000 6.145896
28.600000 6.125925
28.700000 6.105987
28.800000 6.086082
28.900000 6.066209
29.000000 6.046369
29.100000 6.026561
29.200000 6.006785
29.300000 5.987042
29.400000 5.967332
29.500000 5.947654
29.600000 5.928009
29.700000 5.908396
29.800000 5.888815
29.900000 5.869267
30.000000 5.849752
30.100000 5.830269
30.200000 5.810819
30.300000 5.791401
30.400000 5.772015
30.500000 5.752662
30.600000 5.733342
30.700000 5.714054
30.800000 5.694799
30.900000 5.675576
31.000000 5.656385
31.100000 5.637227
31.200000 5.618102
31.300000 5.599009
31.400000 5.579948
31.500000 5.560920
31.600000 5.541925
31.700000 5.522962
31.800000 5.504032
31.900000 5.485134
32.000000 5.466268
32.100000 5.447435
32.200000 5.428635
32.300000 5.409867
32.400000 5.391131
32.500000 5.372428
32.600000 5.353758
32.700000 5.335120
32.800000 5.316515
32.900000 5.297942
33.000000 5.279401
33.100000 5.260893
33.200000 5.242418
33.300000 5.223975
33.400000 5.205564
33.500000 5.187186
33.600000 5.168841
33.700000 5.150528
33.800000 5.132247
33.900000 5.113999
34.000000 5.095784
34.100000 5.077601
34.200000 5.059450
34.300000 5.041332
34.400000 5.023247
34.500000 5.005194
34.600000 4.987174
34.700000 4.969186
34.800000 4.951230
34.900000 4.933307
35.000000 4.915417
35.100000 4.897559
35.200000 4.879733
35.300000 4.861940
35.400000 4.844180
35.500000 4.826452
35.600000 4.808756
35.700000 4.791093
35.800000 4.773463
35.900000 4.755865
36.000000 4.738299
36.100000 4.720766
36.200000 4.703266
36.300000 4.685798
36.400000 4.668362
36.500000 4.650959
36.600000 4.633589
36.700000 4.616251
36.800000 4.598945
36.900000 4.581672
37.000000 4.564431
37.100000 4.547223
37.200000 4.530048
37.300000 4.512905
37.400000 4.495794
37.500000 4.478716
37.600000 4.461671
37.700000 4.444658
37.800000 4.427677
37.900000 4.410729
38.000000 4.393814
38.100000 4.376931
38.200000 4.360080
38.300000 4.343262
38.400000 4.326477
38.500000 4.309724
38.600000 4.293003
38.700000 4.276315
38.800000 4.259659
38.900000 4.243036
39.000000 4.226446
39.100000 4.209888
39.200000 4.193362
39.300000 4.176869
39.400000 4.160409
39.500000 4.143981
39.600000 4.127585
39.700000 4.111222
39.800000 4.094891
39.900000 4.078593
40.000000 4.062328
40.100000 4.046095
40.200000 4.029894
40.300000 4.013726
40.400000 3.997590
40.500000 3.981487
40.600000 3.965417
40.700000 3.949379
40.800000 3.933373
40.900000 3.917400
41.000000 3.901460
41.100000 3.885551
41.200000 3.869676
41.300000 3.853833
41.400000 3.838022
41.500000 3.822244
41.600000 3.806499
41.700000 3.790786
41.800000 3.775105
41.900000 3.759457
42.000000 3.743841
42.100000 3.728258
42.200000 3.712708
42.300000 3.697189
42.400000 3.681704
42.500000 3.666251
42.600000 3.650830
42.700000 3.635442
42.800000 3.620087
42.900000 3.604763
43.000000 3.589473
43.100000 3.574215
43.200000 3.558989
43.300000 3.543796
43.400000 3.528635
43.500000 3.513507
43.600000 3.498412
43.700000 3.483349
43.800000 3.468318
43.900000 3.453320
44.000000 3.438354
44.100000 3.423421
44.200000 3.408520
44.300000 3.393652
44.400000 3.378817
44.500000 3.364014
44.600000 3.349243
44.700000 3.334505
44.800000 3.319799
44.900000 3.305126
45.000000 3.290485
45.100000 3.275877
45.200000 3.261302
45.300000 3.246759
45.400000 3.232248
45.500000 3.217770
45.600000 3.203324
45.700000 3.188911
45.800000 3.174530
45.900000 3.160182
46.000000 3.145867
46.100000 3.131583
46.200000 3.117333
46.300000 3.103115
46.400000 3.088929
46.500000 3.074776
46.600000 3.060655
46.700000 3.046567
46.800000 3.032511
46.900000 3.018488
47.000000 3.004498
47.100000 2.990539
47.200000 2.976614
47.300000 2.962721
47.400000 2.948860
47.500000 2.935032
47.600000 2.921236
47.700000 2.907473
47.800000 2.893742
47.900000 2.880044
48.000000 2.866378
48.100000 2.852745
48.200000 2.839145
48.300000 2.825576
48.400000 2.812041
48.500000 2.798538
48.600000 2.785067
48.700000 2.771629
48.800000 2.758223
48.900000 2.744850
49.000000 2.731509
49.100000 2.718201
49.200000 2.704925
49.300000 2.691682
49.400000 2.678471
49.500000 2.665293
49.600000 2.652148
49.700000 2.639034
49.800000 2.625954
49.900000 2.612905
50.000000 2.599890
50.100000 2.586907
50.200000 2.573956
50.300000 2.561038
50.400000 2.548152
50.500000 2.535299
50.600000 2.522478
50.700000 2.509690
50.800000 2.496934
50.900000 2.484211
51.000000 2.471520
51.100000 2.458862
51.200000 2.446236
51.300000 2.433643
51.400000 2.421082
51.500000 2.408554
51.600000 2.396058
51.700000 2.383595
51.800000 2.371164
51.900000 2.358766
52.000000 2.346401
52.100000 2.334067
52.200000 2.321767
52.300000 2.309498
52.400000 2.297263
52.500000 2.285059
52.600000 2.272889
52.700000 2.260750
52.800000 2.248645
52.900000 2.236571
53.000000 2.224531
53.100000 2.212522
53.200000 2.200547
53.300000 2.188603
53.400000 2.176693
53.500000 2.164814
53.600000 2.152969
53.700000 2.141155
53.800000 2.129375
53.900000 2.117626
54.000000 2.105911
54.100000 2.094227
54.200000 2.082577
54.300000 2.070958
54.400000 2.059373
54.500000 2.047819
54.600000 2.036299
54.700000 2.024810
54.800000 2.013355
54.900000 2.001931
55.000000 1.990541
55.100000 1.979182
55.200000 1.967857
55.300000 1.956563
55.400000 1.945303
55.500000 1.934074
55.600000 1.922878
55.700000 1.911715
55.800000 1.900584
55.900000 1.889486
56.000000 1.878420
56.100000 1.867387
56.200000 1.856386
56.300000 1.845418
56.400000 1.834482
56.500000 1.823579
56.600000 1.812708
56.700000 1.801870
56.800000 1.791064
56.900000 1.780291
57.000000 1.769550
57.100000 1.758842
57.200000 1.748166
57.300000 1.737523
57.400000 1.726912
57.500000 1.716333
57.600000 1.705788
57.700000 1.695274
57.800000 1.684794
57.900000 1.674345
58.000000 1.663929
58.100000 1.653546
58.200000 1.643195
58.300000 1.632877
58.400000 1.622591
58.500000 1.612338
58.600000 1.602117
58.700000 1.591929
58.800000 1.581773
58.900000 1.571650
59.000000 1.561559
59.100000 1.551500
59.200000 1.541475
59.300000 1.531481
59.400000 1.521520
59.500000 1.511592
59.600000 1.501696
59.700000 1.491833
59.800000 1.482002
59.900000 1.472204
60.000000 1.462438
60.100000 1.452705
60.200000 1.443004
60.300000 1.433335
60.400000 1.423700
60.500000 1.414096
60.600000 1.404525
60.700000 1.394987
60.800000 1.385481
60.900000 1.376008
61.000000 1.366567
61.100000 1.357159
61.200000 1.347783
61.300000 1.338439
61.400000 1.329129
61.500000 1.319850
61.600000 1.310604
61.700000 1.301391
61.800000 1.292210
61.900000 1.283062
62.000000 1.273946
62.100000 1.264863
62.200000 1.255812
62.300000 1.246793
62.400000 1.237808
62.500000 1.228854
62.600000 1.219933
62.700000 1.211045
62.800000 1.202189
62.900000 1.193366
63.000000 1.184575
63.100000 1.175816
63.200000 1.167091
63.300000 1.158397
63.400000 1.149736
63.500000 1.141108
63.600000 1.132512
63.700000 1.123949
63.800000 1.115418
63.900000 1.106919
64.000000 1.098453
64.100000 1.090020
64.200000 1.081619
64.300000 1.073251
64.400000 1.064915
64.500000 1.056611
64.600000 1.048341
64.700000 1.040102
64.800000 1.031896
64.900000 1.023723
65.000000 1.015582
65.100000 1.007474
65.200000 0.999398
65.300000 0.991354
65.400000 0.983343
65.500000 0.975365
65.600000 0.967419
65.700000 0.959506
65.800000 0.951625
65.900000 0.943776
66.000000 0.935960
66.100000 0.928177
66.200000 0.920426
66.300000 0.912708
66.400000 0.905022
66.500000 0.897368
66.600000 0.889747
66.700000 0.882159
66.800000 0.874603
66.900000 0.867079
67.000000 0.859589
67.100000 0.852130
67.200000 0.844704
67.300000 0.837311
67.400000 0.829950
67.500000 0.822621
67.600000 0.815325
67.700000 0.808062
67.800000 0.800831
67.900000 0.793633
68.000000 0.786467
68.100000 0.779333
68.200000 0.772232
68.300000 0.765164
68.400000 0.758128
68.500000 0.751124
68.600000 0.744153
68.700000 0.737215
68.800000 0.730309
68.900000 0.723436
69.000000 0.716595
69.100000 0.709786
69.200000 0.703010
69.300000 0.696267
69.400000 0.689556
69.500000 0.682877
69.600000 0.676231
69.700000 0.669618
69.800000 0.663037
69.900000 0.656488
70.000000 0.649972
70.100000 0.643489
70.200000 0.637038
70.300000 0.630620
70.400000 0.624234
70.500000 0.617880
70.600000 0.611559
70.700000 0.605271
70.800000 0.599015
70.900000 0.592791
71.000000 0.586600
71.100000 0.580442
71.200000 0.574316
71.300000 0.568222
71.400000 0.562161
71.500000 0.556133
71.600000 0.550137
71.700000 0.544173
71.800000 0.538242
71.900000 0.532344
72.000000 0.526478
72.100000 0.520644
72.200000 0.514843
72.300000 0.509075
72.400000 0.503339
72.500000 0.497635
72.600000 0.491964
72.700000 0.486326
72.800000 0.480720
72.900000 0.475146
73.000000 0.469605
73.100000 0.464097
73.200000 0.458621
73.300000 0.453177
73.400000 0.447766
73.500000 0.442387
73.600000 0.437041
73.700000 0.431728
73.800000 0.426447
73.900000 0.421198
74.000000 0.415982
74.100000 0.410799
74.200000 0.405648
74.300000 0.400529
74.400000 0.395443
74.500000 0.390390
74.600000 0.385369
74.700000 0.380380
74.800000 0.375424
74.900000 0.370501
75.000000 0.365609
75.100000 0.360751
75.200000 0.355925
75.300000 0.351131
75.400000 0.346370
75.500000 0.341642
75.600000 0.336946
75.700000 0.332282
75.800000 0.327651
75.900000 0.323053
76.000000 0.318486
76.100000 0.313953
76.200000 0.309452
76.300000 0.304983
76.400000 0.300547
76.500000 0.296144
76.600000 0.291773
76.700000 0.287434
76.800000 0.283128
76.900000 0.278854
77.000000 0.274613
77.100000 0.270405
77.200000 0.266229
77.300000 0.262085
77.400000 0.257974
77.500000 0.253895
77.600000 0.249849
77.700000 0.245836
77.800000 0.241855
77.900000 0.237906
78.000000 0.233990
78.100000 0.230106
78.200000 0.226255
78.300000 0.222437
78.400000 0.218651
78.500000 0.214897
78.600000 0.211176
78.700000 0.207487
78.800000 0.203831
78.900000 0.200208
79.000000 0.196617
79.100000 0.193058
79.200000 0.189532
79.300000 0.186038
79.400000 0.182577
79.500000 0.179149
79.600000 0.175753
79.700000 0.172389
79.800000 0.169058
79.900000 0.165759
80.000000 0.162493
80.100000 0.159259
80.200000 0.156058
80.300000 0.152890
80.400000 0.149754
80.500000 0.146650
80.600000 0.143579
80.700000 0.140540
80.800000 0.137534
80.900000 0.134561
81.000000 0.131619
81.100000 0.128711
81.200000 0.125835
81.300000 0.122991
81.400000 0.120180
81.500000 0.117401
81.600000 0.114655
81.700000 0.111942
81.800000 0.109260
81.900000 0.106612
82.000000 0.103996
82.100000 0.101412
82.200000 0.098861
82.300000 0.096342
82.400000 0.093856
82.500000 0.091402
82.600000 0.088981
82.700000 0.086593
82.800000 0.084236
82.900000 0.081913
83.000000 0.079622
83.100000 0.077363
83.200000 0.075137
83.300000 0.072943
83.400000 0.070782
83.500000 0.068653
83.600000 0.066557
83.700000 0.064494
83.800000 0.062462
83.900000 0.060464
84.000000 0.058498
84.100000 0.056564
84.200000 0.054663
84.300000 0.052794
84.400000 0.050958
84.500000 0.049154
84.600000 0.047383
84.700000 0.045644
84.800000 0.043938
84.900000 0.042264
85.000000 0.040623
85.100000 0.039015
85.200000 0.037438
85.300000 0.035895
85.400000 0.034384
85.500000 0.032905
85.600000 0.031459
85.700000 0.030045
85.800000 0.028664
85.900000 0.027315
86.000000 0.025999
86.100000 0.024715
86.200000 0.023464
86.300000 0.022245
86.400000 0.021059
86.500000 0.019905
86.600000 0.018784
86.700000 0.017695
86.800000 0.016639
86.900000 0.015616
87.000000 0.014624
87.100000 0.013666
87.200000 0.012739
87.300000 0.011846
87.400000 0.010985
87.500000 0.010156
87.600000 0.009360
87.700000 0.008596
87.800000 0.007865
87.900000 0.007166
88.000000 0.006500
88.100000 0.005866
88.200000 0.005265
88.300000 0.004696
88.400000 0.004160
88.500000 0.003656
88.600000 0.003185
88.700000 0.002746
88.800000 0.002340
88.900000 0.001966
89.000000 0.001625
89.100000 0.001316
89.200000 0.001040
89.300000 0.000796
89.400000 0.000585
89.500000 0.000406
89.600000 0.000260
89.700000 0.000146
89.800000 0.000065
89.900000 0.000016
90.000000 0.000000
90.100000 0.000016
90.200000 0.000065
90.300000 0.000146
90.400000 0.000260
90.500000 0.000406
90.600000 0.000585
90.700000 0.000796
90.800000 0.001040
90.900000 0.001316
91.000000 0.001625
91.100000 0.001966
91.200000 0.002340
91.300000 0.002746
91.400000 0.003185
91.500000 0.003656
91.600000 0.004160
91.700000 0.004696
91.800000 0.005265
91.900000 0.005866
92.000000 0.006500
92.100000 0.007166
92.200000 0.007865
92.300000 0.008596
92.400000 0.009360
92.500000 0.010156
92.600000 0.010985
92.700000 0.011846
92.800000 0.012739
92.900000 0.013666
93.000000 0.014624
93.100000 0.015616
93.200000 0.016639
93.300000 0.017695
93.400000 0.018784
93.500000 0.019905
93.600000 0.021059
93.700000 0.022245
93.800000 0.023464
93.900000 0.024715
94.000000 0.025999
94.100000 0.027315
94.200000 0.028664
94.300000 0.030045
94.400000 0.031459
94.500000 0.032905
94.600000 0.034384
94.700000 0.035895
94.800000 0.037438
94.900000 0.039015
95.000000 0.040623
95.100000 0.042264
95.200000 0.043938
95.300000 0.045644
95.400000 0.047383
95.500000 0.049154
95.600000 0.050958
95.700000 0.052794
95.800000 0.054663
95.900000 0.056564
96.000000 0.058498
96.100000 0.060464
96.200000 0.062462
96.300000 0.064494
96.400000 0.066557
96.500000 0.068653
96.600000 0.070782
96.700000 0.072943
96.800000 0.075137
96.900000 0.077363
97.000000 0.079622
97.100000 0.081913
97.200000 0.084236
97.300000 0.086593
97.400000 0.088981
97.500000 0.091402
97.600000 0.093856
97.700000 0.096342
97.800000 0.098861
97.900000 0.101412
98.000000 0.103996
98.100000 0.106612
98.200000 0.109260
98.300000 0.111942
98.400000 0.114655
98.500000 0.117401
98.600000 0.120180
98.700000 0.122991
98.800000 0.125835
98.900000 0.128711
99.000000 0.131619
99.100000 0.134561
99.200000 0.137534
99.300000 0.140540
99.400000 0.143579
99.500000 0.146650
99.600000 0.149754
99.700000 0.152890
99.800000 0.156058
99.900000 0.159259
100.000000 0.162493
100.100000 0.165759
100.200000 0.169058
100.300000 0.172389
100.400000 0.175753
100.500000 0.179149
100.600000 0.182577
100.700000 0.186038
100.800000 0.189532
100.900000 0.193058
101.000000 0.196617
101.100000 0.200208
101.200000 0.203831
101.300000 0.207487
101.400000 0.211176
101.500000 0.214897
101.600000 0.218651
101.700000 0.222437
101.800000 0.226255
101.900000 0.230106
102.000000 0.233990
102.100000 0.237906
102.200000 0.241855
102.300000 0.245836
102.400000 0.249849
102.500000 0.253895
102.600000 0.257974
102.700000 0.262085
102.800000 0.266229
102.900000 0.270405
103.000000 0.274613
103.100000 0.278854
103.200000 0.283128
103.300000 0.287434
103.400000 0.291773
103.500000 0.296144
103.600000 0.300547
103.700000 0.304983
103.800000 0.309452
103.900000 0.313953
104.000000 0.318486
104.100000 0.323053
104.200000 0.327651
104.300000 0.332282
104.400000 0.336946
104.500000 0.341642
104.600000 0.346370
104.700000 0.351131
104.800000 0.355925
104.900000 0.360751
105.000000 0.365609
105.100000 0.370501
105.200000 0.375424
105.300000 0.380380
105.400000 0.385369
105.500000 0.390390
105.600000 0.395443
105.700000 0.400529
105.800000 0.405648
105.900000 0.410799
106.000000 0.415982
106.100000 0.421198
106.200000 0.426447
106.300000 0.431728
106.400000 0.437041
106.500000 0.442387
106.600000 0.447766
106.700000 0.453177
106.800000 0.458621
106.900000 0.464097
107.000000 0.469605
107.100000 0.475146
107.200000 0.480720
107.300000 0.486326
107.400000 0.491964
107.500000 0.497635
107.600000 0.503339
107.700000 0.509075
107.800000 0.514843
107.900000 0.520644
108.000000 0.526478
108.100000 0.532344
108.200000 0.538242
108.300000 0.544173
108.400000 0.550137
108.500000 0.556133
108.600000 0.562161
108.700000 0.568222
108.800000 0.574316
108.900000 0.580442
109.000000 0.586600
109.100000 0.592791
109.200000 0.599015
109.300000 0.605271
109.400000 0.611559
109.500000 0.617880
109.600000 0.624234
109.700000 0.630620
109.800000 0.637038
109.900000 0.643489
110.000000 0.649972
110.100000 0.656488
110.200000 0.663037
110.300000 0.669618
110.400000 0.676231
110.500000 0.682877
110.600000 0.689556
110.700000 0.696267
110.800000 0.703010
110.900000 0.709786
111.000000 0.716595
111.100000 0.723436
111.200000 0.730309
111.300000 0.737215
111.400000 0.744153
111.500000 0.751124
111.600000 0.758128
111.700000 0.765164
111.800000 0.772232
111.900000 0.779333
112.000000 0.786467
112.100000 0.793633
112.200000 0.800831
112.300000 0.808062
112.400000 0.815325
112.500000 0.822621
112.600000 0.829950
112.700000 0.837311
112.800000 0.844704
112.900000 0.852130
113.000000 0.859589
113.100000 0.867079
113.200000 0.874603
113.300000 0.882159
113.400000 0.889747
113.500000 0.897368
113.600000 0.905022
113.700000 0.912708
113.800000 0.920426
113.900000 0.928177
114.000000 0.935960
114.100000 0.943776
114.200000 0.951625
114.300000 0.959506
114.400000 0.967419
114.500000 0.975365
114.600000 0.983343
114.700000 0.991354
114.800000 0.999398
114.900000 1.007474
115.000000 1.015582
115.100000 1.023723
115.200000 1.031896
115.300000 1.040102
115.400000 1.048341
115.500000 1.056611
115.600000 1.064915
115.700000 1.073251
115.800000 1.081619
115.900000 1.090020
116.000000 1.098453
116.100000 1.106919
116.200000 1.115418
116.300000 1.123949
116.400000 1.132512
116.500000 1.141108
116.600000 1.149736
116.700000 1.158397
116.800000 1.167091
116.900000 1.175816
117.000000 1.184575
117.100000 1.193366
117.200000 1.202189
117.300000 1.211045
117.400000 1.219933
117.500000 1.228854
117.600000 1.237808
117.700000 1.246793
117.800000 1.255812
117.900000 1.264863
118.000000 1.273946
118.100000 1.283062
118.200000 1.292210
118.300000 1.301391
118.400000 1.310604
118.500000 1.319850
118.600000 1.329129
118.700000 1.338439
118.800000 1.347783
118.900000 1.357159
119.000000 1.366567
119.100000 1.376008
119.200000 1.385481
119.300000 1.394987
119.400000 1.404525
119.500000 1.414096
119.600000 1.423700
119.700000 1.433335
119.800000 1.443004
119.900000 1.452705
120.000000 1.462438
120.100000 1.472204
120.200000 1.482002
120.300000 1.491833
120.400000 1.501696
120.500000 1.511592
120.600000 1.521520
120.700000 1.531481
120.800000 1.541475
120.900000 1.551500
121.000000 1.561559
121.100000 1.571650
121.200000 1.581773
121.300000 1.591929
121.400000 1.602117
121.500000 1.612338
121.600000 1.622591
121.700000 1.632877
121.800000 1.643195
121.900000 1.653546
122.000000 1.663929
122.100000 1.674345
122.200000 1.684794
122.300000 1.695274
122.400000 1.705788
122.500000 1.716333
122.600000 1.726912
122.700000 1.737523
122.800000 1.748166
122.900000 1.758842
123.000000 1.769550
123.100000 1.780291
123.200000 1.791064
123.300000 1.801870
123.400000 1.812708
123.500000 1.823579
123.600000 1.834482
123.700000 1.845418
123.800000 1.856386
123.900000 1.867387
124.000000 1.878420
124.100000 1.889486
124.200000 1.900584
124.300000 1.911715
124.400000 1.922878
124.500000 1.934074
124.600000 1.945303
124.700000 1.956563
124.800000 1.967857
124.900000 1.979182
125.000000 1.990541
125.100000 2.001931
125.200000 2.013355
125.300000 2.024810
125.400000 2.036299
125.500000 2.047819
125.600000 2.059373
125.700000 2.070958
125.800000 2.082577
125.900000 2.094227
126.000000 2.105911
126.100000 2.117626
126.200000 2.129375
126.300000 2.141155
126.400000 2.152969
126.500000 2.164814
126.600000 2.176693
126.700000 2.188603
126.800000 2.200547
126.900000 2.212522
127.000000 2.224531
127.100000 2.236571
127.200000 2.248645
127.300000 2.260750
127.400000 2.272889
127.500000 2.285059
127.600000 2.297263
127.700000 2.309498
127.800000 2.321767
127.900000 2.334067
128.000000 2.346401
128.100000 2.358766
128.200000 2.371164
128.300000 2.383595
128.400000 2.396058
128.500000 2.408554
128.600000 2.421082
128.700000 2.433643
128.800000 2.446236
128.900000 2.458862
129.000000 2.471520
129.100000 2.484211
129.200000 2.496934
129.300000 2.509690
129.400000 2.522478
129.500000 2.535299
129.600000 2.548152
129.700000 2.561038
129.800000 2.573956
129.900000 2.586907
130.000000 2.599890
130.100000 2.612905
130.200000 2.625954
130.300000 2.639034
130.400000 2.652148
130.500000 2.665293
130.600000 2.678471
130.700000 2.691682
130.800000 2.704925
130.900000 2.718201
131.000000 2.731509
131.100000 2.744850
131.200000 2.758223
131.300000 2.771629
131.400000 2.785067
131.500000 2.798538
131.600000 2.812041
131.700000 2.825576
131.800000 2.839145
131.900000 2.852745
132.000000 2.866378
132.100000 2.880044
132.200000 2.893742
132.300000 2.907473
132.400000 2.921236
132.500000 2.935032
132.600000 2.948860
132.700000 2.962721
132.800000 2.976614
132.900000 2.990539
133.000000 3.004498
133.100000 3.018488
133.200000 3.032511
133.300000 3.046567
133.400000 3.060655
133.500000 3.074776
133.600000 3.088929
133.700000 3.103115
133.800000 3.117333
133.900000 3.131583
134.000000 3.145867
134.100000 3.160182
134.200000 3.174530
134.300000 3.188911
134.400000 3.203324
134.500000 3.217770
134.600000 3.232248
134.700000 3.246759
134.800000 3.261302
134.900000 3.275877
135.000000 3.290485
135.100000 3.305126
135.200000 3.319799
135.300000 3.334505
135.400000 3.349243
135.500000 3.364014
135.600000 3.378817
135.700000 3.393652
135.800000 3.408520
135.900000 3.423421
136.000000 3.438354
136.100000 3.453320
136.200000 3.468318
136.300000 3.483349
136.400000 3.498412
136.500000 3.513507
136.600000 3.528635
136.700000 3.543796
136.800000 3.558989
136.900000 3.574215
137.000000 3.589473
137.100000 3.604763
137.200000 3.620087
137.300000 3.635442
137.400000 3.650830
137.500000 3.666251
137.600000 3.681704
137.700000 3.697189
137.800000 3.712708
137.900000 3.728258
138.000000 3.743841
138.100000 3.759457
138.200000 3.775105
138.300000 3.790786
138.400000 3.806499
138.500000 3.822244
138.600000 3.838022
138.700000 3.853833
138.800000 3.869676
138.900000 3.885551
139.000000 3.901460
139.100000 3.917400
139.200000 3.933373
139.300000 3.949379
139.400000 3.965417
139.500000 3.981487
139.600000 3.997590
139.700000 4.013726
139.800000 4.029894
139.900000 4.046095
140.000000 4.062328
140.100000 4.078593
140.200000 4.094891
140.300000 4.111222
140.400000 4.127585
140.500000 4.143981
140.600000 4.160409
140.700000 4.176869
140.800000 4.193362
140.900000 4.209888
141.000000 4.226446
141.100000 4.243036
141.200000 4.259659
141.300000 4.276315
141.400000 4.293003
141.500000 4.309724
141.600000 4.326477
141.700000 4.343262
141.800000 4.360080
141.900000 4.376931
142.000000 4.393814
142.100000 4.410729
142.200000 4.427677
142.300000 4.444658
142.400000 4.461671
142.500000 4.478716
142.600000 4.495794
142.700000 4.512905
142.800000 4.530048
142.900000 4.547223
143.000000 4.564431
143.100000 4.581672
143.200000 4.598945
143.300000 4.616251
143.400000 4.633589
143.500000 4.650959
143.600000 4.668362
143.700000 4.685798
143.800000 4.703266
143.900000 4.720766
144.000000 4.738299
144.100000 4.755865
144.200000 4.773463
144.300000 4.791093
144.400000 4.808756
144.500000 4.826452
144.600000 4.844180
144.700000 4.861940
144.800000 4.879733
144.900000 4.897559
145.000000 4.915417
145.100000 4.933307
145.200000 4.951230
145.300000 4.969186
145.400000 4.987174
145.500000 5.005194
145.600000 5.023247
145.700000 5.041332
145.800000 5.059450
145.900000 5.077601
146.000000 5.095784
146.100000 5.113999
146.200000 5.132247
146.300000 5.150528
146.400000 5.168841
146.500000 5.187186
146.600000 5.205564
146.700000 5.223975
146.800000 5.242418
146.900000 5.260893
147.000000 5.279401
147.100000 5.297942
147.200000 5.316515
147.300000 5.335120
147.400000 5.353758
147.500000 5.372428
147.600000 5.391131
147.700000 5.409867
147.800000 5.428635
147.900000 5.447435
148.000000 5.466268
148.100000 5.485134
148.200000 5.504032
148.300000 5.522962
148.400000 5.541925
148.500000 5.560920
148.600000 5.579948
148.700000 5.599009
148.800000 5.618102
148.900000 5.637227
149.000000 5.656385
149.100000 5.675576
149.200000 5.694799
149.300000 5.714054
149.400000 5.733342
149.500000 5.752662
149.600000 5.772015
149.700000 5.791401
149.800000 5.810819
149.900000 5.830269
150.000000 5.849752
150.100000 5.869267
150.200000 5.888815
150.300000 5.908396
150.400000 5.928009
150.500000 5.947654
150.600000 5.967332
150.700000 5.987042
150.800000 6.006785
150.900000 6.026561
151.000000 6.046369
151.100000 6.066209
151.200000 6.086082
151.300000 6.105987
151.400000 6.125925
151.500000 6.145896
151.600000 6.165899
151.700000 6.185934
151.800000 6.206002
151.900000 6.226102
152.000000 6.246235
152.100000 6.266401
152.200000 6.286598
152.300000 6.306829
152.400000 6.327092
152.500000 6.347387
152.600000 6.367715
152.700000 6.388075
152.800000 6.408468
152.900000 6.428894
153.000000 6.449352
153.100000 6.469842
153.200000 6.490365
153.300000 6.510920
153.400000 6.531508
153.500000 6.552128
153.600000 6.572781
153.700000 6.593467
153.800000 6.614185
153.900000 6.634935
154.000000 6.655718
154.100000 6.676533
154.200000 6.697381
154.300000 6.718261
154.400000 6.739174
154.500000 6.760120
154.600000 6.781097
154.700000 6.802108
154.800000 6.823151
154.900000 6.844226
155.000000 6.865334
155.100000 6.886474
155.200000 6.907647
155.300000 6.928852
155.400000 6.950090
155.500000 6.971361
155.600000 6.992663
155.700000 7.013999
155.800000 7.035367
155.900000 7.056767
156.000000 7.078200
156.100000 7.099665
156.200000 7.121163
156.300000 7.142693
156.400000 7.164256
156.500000 7.185852
156.600000 7.207479
156.700000 7.229140
156.800000 7.250833
156.900000 7.272558
157.000000 7.294316
157.100000 7.316106
157.200000 7.337929
157.300000 7.359784
157.400000 7.381672
157.500000 7.403592
157.600000 7.425545
157.700000 7.447530
157.800000 7.469548
157.900000 7.491599
158.000000 7.513681
158.100000 7.535797
158.200000 7.557945
158.300000 7.580125
158.400000 7.602338
158.500000 7.624583
158.600000 7.646861
158.700000 7.669171
158.800000 7.691514
158.900000 7.713889
159.000000 7.736297
159.100000 7.758737
159.200000 7.781210
159.300000 7.803715
159.400000 7.826253
159.500000 7.848823
159.600000 7.871426
159.700000 7.894062
159.800000 7.916729
159.900000 7.939430
160.000000 7.962162
160.100000 7.984928
160.200000 8.007725
160.300000 8.030556
160.400000 8.053419
160.500000 8.076314
160.600000 8.099242
160.700000 8.122202
160.800000 8.145195
160.900000 8.168220
161.000000 8.191278
161.100000 8.214368
161.200000 8.237491
161.300000 8.260646
161.400000 8.283834
161.500000 8.307054
161.600000 8.330307
161.700000 8.353592
161.800000 8.376910
161.900000 8.400260
162.000000 8.423643
162.100000 8.447058
162.200000 8.470506
162.300000 8.493986
162.400000 8.517499
162.500000 8.541044
162.600000 8.564622
162.700000 8.588232
162.800000 8.611875
162.900000 8.635550
163.000000 8.659258
163.100000 8.682998
163.200000 8.706771
163.300000 8.730576
163.400000 8.754414
163.500000 8.778284
163.600000 8.802187
163.700000 8.826122
163.800000 8.850090
163.900000 8.874090
164.000000 8.898123
164.100000 8.922188
164.200000 8.946286
164.300000 8.970416
164.400000 8.994579
164.500000 9.018774
164.600000 9.043002
164.700000 9.067262
164.800000 9.091555
164.900000 9.115880
165.000000 9.140237
165.100000 9.164628
165.200000 9.189050
165.300000 9.213506
165.400000 9.237993
165.500000 9.262514
165.600000 9.287066
165.700000 9.311651
165.800000 9.336269
165.900000 9.360919
166.000000 9.385602
166.100000 9.410317
166.200000 9.435065
166.300000 9.459845
166.400000 9.484658
166.500000 9.509503
166.600000 9.534381
166.700000 9.559291
166.800000 9.584234
166.900000 9.609209
167.000000 9.634216
167.100000 9.659257
167.200000 9.684329
167.300000 9.709435
167.400000 9.734572
167.500000 9.759742
167.600000 9.784945
167.700000 9.810180
167.800000 9.835448
167.900000 9.860748
168.000000 9.886081
168.100000 9.911446
168.200000 9.936844
168.300000 9.962274
168.400000 9.987737
168.500000 10.013232
168.600000 10.038759
168.700000 10.064320
168.800000 10.089912
168.900000 10.115537
169.000000 10.141195
169.100000 10.166885
169.200000 10.192608
169.300000 10.218363
169.400000 10.244151
169.500000 10.269971
169.600000 10.295823
169.700000 10.321709
169.800000 10.347626
169.900000 10.373576
170.000000 10.399559
170.100000 10.425574
170.200000 10.451622
170.300000 10.477702
170.400000 10.503815
170.500000 10.529960
170.600000 10.556137
170.700000 10.582348
170.800000 10.608590
170.900000 10.634865
171.000000 10.661173
171.100000 10.687513
171.200000 10.713886
171.300000 10.740291
171.400000 10.766728
171.500000 10.793199
171.600000 10.819701
171.700000 10.846236
171.800000 10.872804
171.900000 10.899404
172.000000 10.926037
172.100000 10.952702
172.200000 10.979399
172.300000 11.006130
172.400000 11.032892
172.500000 11.059687
172.600000 11.086515
172.700000 11.113375
172.800000 11.140268
172.900000 11.167193
173.000000 11.194150
173.100000 11.221140
173.200000 11.248163
173.300000 11.275218
173.400000 11.302306
173.500000 11.329426
173.600000 11.356578
173.700000 11.383764
173.800000 11.410981
173.900000 11.438231
174.000000 11.465514
174.100000 11.492829
174.200000 11.520177
174.300000 11.547557
174.400000 11.574969
174.500000 11.602414
174.600000 11.629892
174.700000 11.657402
174.800000 11.684945
174.900000 11.712520
175.000000 11.740127
175.100000 11.767767
175.200000 11.795440
175.300000 11.823145
175.400000 11.850883
175.500000 11.878653
175.600000 11.906455
175.700000 11.934290
175.800000 11.962158
175.900000 11.990058
176.000000 12.017990
176.100000 12.045955
176.200000 12.073953
176.300000 12.101983
176.400000 12.130046
176.500000 12.158141
176.600000 12.186268
176.700000 12.214428
176.800000 12.242621
176.900000 12.270846
177.000000 12.299103
177.100000 12.327394
177.200000 12.355716
177.300000 12.384071
177.400000 12.412459
177.500000 12.440879
177.600000 12.469331
177.700000 12.497816
177.800000 12.526334
177.900000 12.554884
178.000000 12.583466
178.100000 12.612081
178.200000 12.640729
178.300000 12.669409
178.400000 12.698122
178.500000 12.726867
178.600000 12.755644
178.700000 12.784454
178.800000 12.813297
178.900000 12.842172
179.000000 12.871079
179.100000 12.900019
179.200000 12.928992
179.300000 12.957997
179.400000 12.987034
179.500000 13.016104
179.600000 13.045207
179.700000 13.074342
179.800000 13.103509
179.900000 13.132709
180.000000 13.161942
180.100000 13.191207
180.200000 13.220504
180.300000 13.249834
180.400000 13.279197
180.500000 13.308592
180.600000 13.338019
180.700000 13.367479
180.800000 13.396972
180.900000 13.426497
181.000000 13.456054
