0.000000 76.032886
0.100000 75.948428
0.200000 75.864017
0.300000 75.779654
0.400000 75.695337
0.500000 75.611067
0.600000 75.526844
0.700000 75.442669
0.800000 75.358540
0.900000 75.274457
1.000000 75.190422
1.100000 75.106434
1.200000 75.022493
1.300000 74.938599
1.400000 74.854751
1.500000 74.770951
1.600000 74.687197
1.700000 74.603491
1.800000 74.519831
1.900000 74.436218
2.000000 74.352653
2.100000 74.269134
2.200000 74.185662
2.300000 74.102237
2.400000 74.018859
2.500000 73.935528
2.600000 73.852244
2.700000 73.769006
2.800000 73.685816
2.900000 73.602673
3.000000 73.519576
3.100000 73.436527
3.200000 73.353524
3.300000 73.270569
3.400000 73.187660
3.500000 73.104798
3.600000 73.021983
3.700000 72.939215
3.800000 72.856494
3.900000 72.773820
4.000000 72.691193
4.100000 72.608613
4.200000 72.526080
4.300000 72.443594
4.400000 72.361154
4.500000 72.278762
4.600000 72.196416
4.700000 72.114118
4.800000 72.031866
4.900000 71.949661
5.000000 71.867504
5.100000 71.785393
5.200000 71.703329
5.300000 71.621312
5.400000 71.539342
5.500000 71.457419
5.600000 71.375543
5.700000 71.293714
5.800000 71.211931
5.900000 71.130196
6.000000 71.048507
6.100000 70.966866
6.200000 70.885271
6.300000 70.803724
6.400000 70.722223
6.500000 70.640769
6.600000 70.559363
6.700000 70.478003
6.800000 70.396690
6.900000 70.315424
7.000000 70.234205
7.100000 70.153033
7.200000 70.071907
7.300000 69.990829
7.400000 69.909798
7.500000 69.828813
7.600000 69.747876
7.700000 69.666985
7.800000 69.586142
7.900000 69.505345
8.000000 69.424595
8.100000 69.343892
8.200000 69.263237
8.300000 69.182628
8.400000 69.102066
8.500000 69.021551
8.600000 68.941082
8.700000 68.860661
8.800000 68.780287
8.900000 68.699960
9.000000 68.619679
9.100000 68.539446
9.200000 68.459259
9.300000 68.379120
9.400000 68.299027
9.500000 68.218981
9.600000 68.138982
9.700000 68.059031
9.800000 67.979126
9.900000 67.899268
10.000000 67.819457
10.100000 67.739692
10.200000 67.659975
10.300000 67.580305
10.400000 67.500682
10.500000 67.421105
10.600000 67.341576
10.700000 67.262093
10.800000 67.182658
10.900000 67.103269
11.000000 67.023927
11.100000 66.944632
11.200000 66.865385
11.300000 66.786184
11.400000 66.707030
11.500000 66.627923
11.600000 66.548863
11.700000 66.469849
11.800000 66.390883
11.900000 66.311964
12.000000 66.233091
12.100000 66.154266
12.200000 66.075487
12.300000 65.996756
12.400000 65.918071
12.500000 65.839433
12.600000 65.760843
12.700000 65.682299
12.800000 65.603802
12.900000 65.525352
13.000000 65.446949
13.100000 65.368593
13.200000 65.290284
13.300000 65.212021
13.400000 65.133806
13.500000 65.055638
13.600000 64.977516
13.700000 64.899442
13.800000 64.821414
13.900000 64.743434
14.000000 64.665500
14.100000 64.587613
14.200000 64.509773
14.300000 64.431980
14.400000 64.354234
14.500000 64.276535
14.600000 64.198883
14.700000 64.121278
14.800000 64.043720
14.900000 63.966208
15.000000 63.888744
15.100000 63.811327
15.200000 63.733956
15.300000 63.656633
15.400000 63.579356
15.500000 63.502126
15.600000 63.424943
15.700000 63.347808
15.800000 63.270719
15.900000 63.193677
16.000000 63.116682
16.100000 63.039734
16.200000 62.962833
16.300000 62.885978
16.400000 62.809171
16.500000 62.732411
16.600000 62.655697
16.700000 62.579031
16.800000 62.502411
16.900000 62.425839
17.000000 62.349313
17.100000 62.272834
17.200000 62.196402
17.300000 62.120017
17.400000 62.043679
17.500000 61.967388
17.600000 61.891144
17.700000 61.814947
17.800000 61.738797
17.900000 61.662694
18.000000 61.586637
18.100000 61.510628
18.200000 61.434665
18.300000 61.358750
18.400000 61.282881
18.500000 61.207060
18.600000 61.131285
18.700000 61.055557
18.800000 60.979876
18.900000 60.904242
19.000000 60.828655
19.100000 60.753115
19.200000 60.677622
19.300000 60.602176
19.400000 60.526776
19.500000 60.451424
19.600000 60.376119
19.700000 60.300860
19.800000 60.225649
19.900000 60.150484
20.000000 60.075366
20.100000 60.000296
20.200000 59.925272
20.300000 59.850295
20.400000 59.775365
20.500000 59.700482
20.600000 59.625646
20.700000 59.550857
20.800000 59.476115
20.900000 59.401419
21.000000 59.326771
21.100000 59.252170
21.200000 59.177615
21.300000 59.103108
21.400000 59.028647
21.500000 58.954233
21.600000 58.879867
21.700000 58.805547
21.800000 58.731274
21.900000 58.657048
22.000000 58.582869
22.100000 58.508737
22.200000 58.434652
22.300000 58.360614
22.400000 58.286622
22.500000 58.212678
22.600000 58.138781
22.700000 58.064930
22.800000 57.991127
22.900000 57.917370
23.000000 57.843660
23.100000 57.769998
23.200000 57.696382
23.300000 57.622813
23.400000 57.549291
23.500000 57.475816
23.600000 57.402388
23.700000 57.329007
23.800000 57.255673
23.900000 57.182385
24.000000 57.109145
24.100000 57.035952
24.200000 56.962805
24.300000 56.889706
24.400000 56.816653
24.500000 56.743648
24.600000 56.670689
24.700000 56.597777
24.800000 56.524912
24.900000 56.452094
25.000000 56.379323
25.100000 56.306599
25.200000 56.233922
25.300000 56.161292
25.400000 56.088709
25.500000 56.016172
25.600000 55.943683
25.700000 55.871241
25.800000 55.798845
25.900000 55.726496
26.000000 55.654195
26.100000 55.581940
26.200000 55.509732
26.300000 55.437572
26.400000 55.365458
26.500000 55.293391
26.600000 55.221371
26.700000 55.149398
26.800000 55.077471
26.900000 55.005592
27.000000 54.933760
27.100000 54.861974
27.200000 54.790236
27.300000 54.718544
27.400000 54.646900
27.500000 54.575302
27.600000 54.503752
27.700000 54.432248
27.800000 54.360791
27.900000 54.289381
28.000000 54.218018
28.100000 54.146702
28.200000 54.075433
28.300000 54.004211
28.400000 53.933036
28.500000 53.861907
28.600000 53.790826
28.700000 53.719792
28.800000 53.648804
28.900000 53.577863
29.000000 53.506970
29.100000 53.436123
29.200000 53.365323
29.300000 53.294571
29.400000 53.223865
29.500000 53.153206
29.600000 53.082594
29.700000 53.012029
29.800000 52.941510
29.900000 52.871039
30.000000 52.800615
30.100000 52.730238
30.200000 52.659907
30.300000 52.589624
30.400000 52.519387
30.500000 52.449198
30.600000 52.379055
30.700000 52.308959
30.800000 52.238910
30.900000 52.168908
31.000000 52.098953
31.100000 52.029045
31.200000 51.959184
31.300000 51.889370
31.400000 51.819603
31.500000 51.749883
31.600000 51.680209
31.700000 51.610583
31.800000 51.541003
31.900000 51.471471
32.000000 51.401985
32.100000 51.332547
32.200000 51.263155
32.300000 51.193810
32.400000 51.124512
32.500000 51.055261
32.600000 50.986057
32.700000 50.916900
32.800000 50.847790
32.900000 50.778727
33.000000 50.709711
33.100000 50.640741
33.200000 50.571819
33.300000 50.502943
33.400000 50.434115
33.500000 50.365333
33.600000 50.296599
33.700000 50.227911
33.800000 50.159270
33.900000 50.090676
34.000000 50.022129
34.100000 49.953629
34.200000 49.885176
34.300000 49.816770
34.400000 49.748411
34.500000 49.680099
34.600000 49.611833
34.700000 49.543615
34.800000 49.475443
34.900000 49.407319
35.000000 49.339241
35.100000 49.271211
35.200000 49.203227
35.300000 49.135290
35.400000 49.067400
35.500000 48.999557
35.600000 48.931761
35.700000 48.864012
35.800000 48.796310
35.900000 48.728655
36.000000 48.661047
36.100000 48.593485
36.200000 48.525971
36.300000 48.458504
36.400000 48.391083
36.500000 48.323709
36.600000 48.256383
36.700000 48.189103
36.800000 48.121870
36.900000 48.054684
37.000000 47.987546
37.100000 47.920454
37.200000 47.853409
37.300000 47.786410
37.400000 47.719459
37.500000 47.652555
37.600000 47.585698
37.700000 47.518887
37.800000 47.452124
37.900000 47.385407
38.000000 47.318738
38.100000 47.252115
38.200000 47.185539
38.300000 47.119011
38.400000 47.052529
38.500000 46.986094
38.600000 46.919706
38.700000 46.853365
38.800000 46.787071
38.900000 46.720824
39.000000 46.654623
39.100000 46.588470
39.200000 46.522364
39.300000 46.456304
39.400000 46.390292
39.500000 46.324326
39.600000 46.258408
39.700000 46.192536
39.800000 46.126711
39.900000 46.060933
40.000000 45.995202
40.100000 45.929518
40.200000 45.863881
40.300000 45.798291
40.400000 45.732748
40.500000 45.667252
40.600000 45.601803
40.700000 45.536400
40.800000 45.471045
40.900000 45.405736
41.000000 45.340475
41.100000 45.275260
41.200000 45.210092
41.300000 45.144972
41.400000 45.079898
41.500000 45.014871
41.600000 44.949891
41.700000 44.884958
41.800000 44.820072
41.900000 44.755233
42.000000 44.690440
42.100000 44.625695
42.200000 44.560997
42.300000 44.496345
42.400000 44.431741
42.500000 44.367183
42.600000 44.302673
42.700000 44.238209
42.800000 44.173792
42.900000 44.109423
43.000000 44.045100
43.100000 43.980824
43.200000 43.916595
43.300000 43.852413
43.400000 43.788277
43.500000 43.724189
43.600000 43.660148
43.700000 43.596154
43.800000 43.532206
43.900000 43.468306
44.000000 43.404452
44.100000 43.340646
44.200000 43.276886
44.300000 43.213173
44.400000 43.149507
44.500000 43.085888
44.600000 43.022317
44.700000 42.958792
44.800000 42.895313
44.900000 42.831882
45.000000 42.768498
45.100000 42.705161
45.200000 42.641871
45.300000 42.578627
45.400000 42.515431
45.500000 42.452281
45.600000 42.389178
45.700000 42.326123
45.800000 42.263114
45.900000 42.200152
46.000000 42.137237
46.100000 42.074369
46.200000 42.011548
46.300000 41.948774
46.400000 41.886047
46.500000 41.823367
46.600000 41.760734
46.700000 41.698148
46.800000 41.635608
46.900000 41.573116
47.000000 41.510670
47.100000 41.448272
47.200000 41.385920
47.300000 41.323615
47.400000 41.261357
47.500000 41.199146
47.600000 41.136983
47.700000 41.074866
47.800000 41.012796
47.900000 40.950772
48.000000 40.888796
48.100000 40.826867
48.200000 40.764985
48.300000 40.703149
48.400000 40.641361
48.500000 40.579619
48.600000 40.517925
48.700000 40.456277
48.800000 40.394676
48.900000 40.333123
49.000000 40.271616
49.100000 40.210156
49.200000 40.148743
49.300000 40.087377
49.400000 40.026058
49.500000 39.964785
49.600000 39.903560
49.700000 39.842382
49.800000 39.781251
49.900000 39.720166
50.000000 39.659129
50.100000 39.598138
50.200000 39.537194
50.300000 39.476298
50.400000 39.415448
50.500000 39.354645
50.600000 39.293889
50.700000 39.233180
50.800000 39.172518
50.900000 39.111903
51.000000 39.051335
51.100000 38.990814
51.200000 38.930339
51.300000 38.869912
51.400000 38.809531
51.500000 38.749198
51.600000 38.688911
51.700000 38.628672
51.800000 38.568479
51.900000 38.508333
52.000000 38.448234
52.100000 38.388183
52.200000 38.328178
52.300000 38.268220
52.400000 38.208308
52.500000 38.148444
52.600000 38.088627
52.700000 38.028857
52.800000 37.969133
52.900000 37.909457
53.000000 37.849827
53.100000 37.790245
53.200000 37.730709
53.300000 37.671221
53.400000 37.611779
53.500000 37.552384
53.600000 37.493036
53.700000 37.433735
53.800000 37.374481
53.900000 37.315274
54.000000 37.256114
54.100000 37.197001
54.200000 37.137934
54.300000 37.078915
54.400000 37.019943
54.500000 36.961017
54.600000 36.902139
54.700000 36.843307
54.800000 36.784522
54.900000 36.725785
55.000000 36.667094
55.100000 36.608450
55.200000 36.549853
55.300000 36.491303
55.400000 36.432800
55.500000 36.374344
55.600000 36.315934
55.700000 36.257572
55.800000 36.199257
55.900000 36.140988
56.000000 36.082767
56.100000 36.024592
56.200000 35.966465
56.300000 35.908384
56.400000 35.850350
56.500000 35.792364
56.600000 35.734424
56.700000 35.676531
56.800000 35.618685
56.900000 35.560886
57.000000 35.503133
57.100000 35.445428
57.200000 35.387770
57.300000 35.330159
57.400000 35.272594
57.500000 35.215077
57.600000 35.157606
57.700000 35.100183
57.800000 35.042806
57.900000 34.985476
58.000000 34.928193
58.100000 34.870958
58.200000 34.813769
58.300000 34.756627
58.400000 34.699532
58.500000 34.642483
58.600000 34.585482
58.700000 34.528528
58.800000 34.471621
58.900000 34.414760
59.000000 34.357947
59.100000 34.301180
59.200000 34.244461
59.300000 34.187788
59.400000 34.131162
59.500000 34.074584
59.600000 34.018052
59.700000 33.961567
59.800000 33.905129
59.900000 33.848738
60.000000 33.792394
60.100000 33.736096
60.200000 33.679846
60.300000 33.623643
60.400000 33.567486
60.500000 33.511377
60.600000 33.455314
60.700000 33.399299
60.800000 33.343330
60.900000 33.287408
61.000000 33.231534
61.100000 33.175706
61.200000 33.119925
61.300000 33.064191
61.400000 33.008504
61.500000 32.952864
61.600000 32.897271
61.700000 32.841724
61.800000 32.786225
61.900000 32.730773
62.000000 32.675367
62.100000 32.620009
62.200000 32.564697
62.300000 32.509432
62.400000 32.454215
62.500000 32.399044
62.600000 32.343920
62.700000 32.288843
62.800000 32.233813
62.900000 32.178830
63.000000 32.123894
63.100000 32.069005
63.200000 32.014163
63.300000 31.959367
63.400000 31.904619
63.500000 31.849918
63.600000 31.795263
63.700000 31.740656
63.800000 31.686095
63.900000 31.631581
64.000000 31.577114
64.100000 31.522695
64.200000 31.468322
64.300000 31.413996
64.400000 31.359717
64.500000 31.305485
64.600000 31.251299
64.700000 31.197161
64.800000 31.143070
64.900000 31.089026
65.000000 31.035028
65.100000 30.981078
65.200000 30.927174
65.300000 30.873317
65.400000 30.819508
65.500000 30.765745
65.600000 30.712029
65.700000 30.658360
65.800000 30.604738
65.900000 30.551163
66.000000 30.497635
66.100000 30.444154
66.200000 30.390720
66.300000 30.337333
66.400000 30.283992
66.500000 30.230699
66.600000 30.177452
66.700000 30.124253
66.800000 30.071100
66.900000 30.017994
67.000000 29.964936
67.100000 29.911924
67.200000 29.858959
67.300000 29.806041
67.400000 29.753170
67.500000 29.700346
67.600000 29.647569
67.700000 29.594839
67.800000 29.542155
67.900000 29.489519
68.000000 29.436930
68.100000 29.384387
68.200000 29.331891
68.300000 29.279443
68.400000 29.227041
68.500000 29.174686
68.600000 29.122379
68.700000 29.070118
68.800000 29.017904
68.900000 28.965737
69.000000 28.913617
69.100000 28.861544
69.200000 28.809517
69.300000 28.757538
69.400000 28.705606
69.500000 28.653720
69.600000 28.601882
69.700000 28.550090
69.800000 28.498346
69.900000 28.446648
70.000000 28.394997
70.100000 28.343394
70.200000 28.291837
70.300000 28.240327
70.400000 28.188864
70.500000 28.137448
70.600000 28.086079
70.700000 28.034756
70.800000 27.983481
70.900000 27.932253
71.000000 27.881071
71.100000 27.829937
71.200000 27.778849
71.300000 27.727809
71.400000 27.676815
71.500000 27.625868
71.600000 27.574969
71.700000 27.524116
71.800000 27.473310
71.900000 27.422551
72.000000 27.371839
72.100000 27.321174
72.200000 27.270555
72.300000 27.219984
72.400000 27.169460
72.500000 27.118983
72.600000 27.068552
72.700000 27.018169
72.800000 26.967832
72.900000 26.917542
73.000000 26.867300
73.100000 26.817104
73.200000 26.766955
73.300000 26.716853
73.400000 26.666798
73.500000 26.616790
73.600000 26.566829
73.700000 26.516915
73.800000 26.467047
73.900000 26.417227
74.000000 26.367454
74.100000 26.317727
74.200000 26.268048
74.300000 26.218415
74.400000 26.168830
74.500000 26.119291
74.600000 26.069799
74.700000 26.020354
74.800000 25.970956
74.900000 25.921605
75.000000 25.872301
75.100000 25.823044
75.200000 25.773834
75.300000 25.724671
75.400000 25.675555
75.500000 25.626485
75.600000 25.577463
75.700000 25.528487
75.800000 25.479559
75.900000 25.430677
76.000000 25.381842
76.100000 25.333055
76.200000 25.284314
76.300000 25.235620
76.400000 25.186973
76.500000 25.138373
76.600000 25.089820
76.700000 25.041314
76.800000 24.992854
76.900000 24.944442
77.000000 24.896077
77.100000 24.847758
77.200000 24.799487
77.300000 24.751262
77.400000 24.703085
77.500000 24.654954
77.600000 24.606870
77.700000 24.558833
77.800000 24.510843
77.900000 24.462900
78.000000 24.415004
78.100000 24.367155
78.200000 24.319353
78.300000 24.271598
78.400000 24.223890
78.500000 24.176228
78.600000 24.128614
78.700000 24.081046
78.800000 24.033526
78.900000 23.986052
79.000000 23.938625
79.100000 23.891246
79.200000 23.843913
79.300000 23.796627
79.400000 23.749388
79.500000 23.702196
79.600000 23.655051
79.700000 23.607953
79.800000 23.560902
79.900000 23.513897
80.000000 23.466940
80.100000 23.420030
80.200000 23.373166
80.300000 23.326350
80.400000 23.279580
80.500000 23.232857
80.600000 23.186182
80.700000 23.139553
80.800000 23.092971
80.900000 23.046436
81.000000 22.999948
81.100000 22.953507
81.200000 22.907113
81.300000 22.860765
81.400000 22.814465
81.500000 22.768212
81.600000 22.722005
81.700000 22.675846
81.800000 22.629733
81.900000 22.583668
82.000000 22.537649
82.100000 22.491677
82.200000 22.445753
82.300000 22.399875
82.400000 22.354044
82.500000 22.308260
82.600000 22.262523
82.700000 22.216833
82.800000 22.171189
82.900000 22.125593
83.000000 22.080044
83.100000 22.034541
83.200000 21.989086
83.300000 21.943677
83.400000 21.898316
83.500000 21.853001
83.600000 21.807733
83.700000 21.762513
83.800000 21.717339
83.900000 21.672212
84.000000 21.627132
84.100000 21.582099
84.200000 21.537113
84.300000 21.492174
84.400000 21.447281
84.500000 21.402436
84.600000 21.357638
84.700000 21.312886
84.800000 21.268182
84.900000 21.223524
85.000000 21.178913
85.100000 21.134350
85.200000 21.089833
85.300000 21.045363
85.400000 21.000940
85.500000 20.956564
85.600000 20.912235
85.700000 20.867953
85.800000 20.823718
85.900000 20.779529
86.000000 20.735388
86.100000 20.691294
86.200000 20.647246
86.300000 20.603246
86.400000 20.559292
86.500000 20.515386
86.600000 20.471526
86.700000 20.427713
86.800000 20.383947
86.900000 20.340228
87.000000 20.296556
87.100000 20.252931
87.200000 20.209353
87.300000 20.165822
87.400000 20.122338
87.500000 20.078901
87.600000 20.035510
87.700000 19.992167
87.800000 19.948870
87.900000 19.905621
88.000000 19.862418
88.100000 19.819262
88.200000 19.776154
88.300000 19.733092
88.400000 19.690077
88.500000 19.647109
88.600000 19.604188
88.700000 19.561314
88.800000 19.518487
88.900000 19.475706
89.000000 19.432973
89.100000 19.390287
89.200000 19.347647
89.300000 19.305055
89.400000 19.262509
89.500000 19.220011
89.600000 19.177559
89.700000 19.135154
89.800000 19.092796
89.900000 19.050485
90.000000 19.008221
90.100000 18.966004
90.200000 18.923834
90.300000 18.881711
90.400000 18.839635
90.500000 18.797606
90.600000 18.755623
90.700000 18.713688
90.800000 18.671799
90.900000 18.629958
91.000000 18.588163
91.100000 18.546415
91.200000 18.504715
91.300000 18.463061
91.400000 18.421454
91.500000 18.379894
91.600000 18.338381
91.700000 18.296915
91.800000 18.255496
91.900000 18.214124
92.000000 18.172798
92.100000 18.131520
92.200000 18.090289
92.300000 18.049104
92.400000 18.007967
92.500000 17.966876
92.600000 17.925832
92.700000 17.884835
92.800000 17.843886
92.900000 17.802983
93.000000 17.762127
93.100000 17.721318
93.200000 17.680556
93.300000 17.639841
93.400000 17.599172
93.500000 17.558551
93.600000 17.517977
93.700000 17.477449
93.800000 17.436969
93.900000 17.396535
94.000000 17.356149
94.100000 17.315809
94.200000 17.275516
94.300000 17.235271
94.400000 17.195072
94.500000 17.154920
94.600000 17.114815
94.700000 17.074757
94.800000 17.034746
94.900000 16.994781
95.000000 16.954864
95.100000 16.914994
95.200000 16.875170
95.300000 16.835394
95.400000 16.795664
95.500000 16.755982
95.600000 16.716346
95.700000 16.676757
95.800000 16.637216
95.900000 16.597721
96.000000 16.558273
96.100000 16.518872
96.200000 16.479518
96.300000 16.440211
96.400000 16.400950
96.500000 16.361737
96.600000 16.322571
96.700000 16.283452
96.800000 16.244379
96.900000 16.205354
97.000000 16.166375
97.100000 16.127443
97.200000 16.088559
97.300000 16.049721
97.400000 16.010930
97.500000 15.972186
97.600000 15.933489
97.700000 15.894839
97.800000 15.856236
97.900000 15.817680
98.000000 15.779170
98.100000 15.740708
98.200000 15.702293
98.300000 15.663924
98.400000 15.625603
98.500000 15.587328
98.600000 15.549101
98.700000 15.510920
98.800000 15.472786
98.900000 15.434699
99.000000 15.396659
99.100000 15.358666
99.200000 15.320720
99.300000 15.282821
99.400000 15.244969
99.500000 15.207164
99.600000 15.169405
99.700000 15.131694
99.800000 15.094030
99.900000 15.056412
100.000000 15.018842
100.100000 14.981318
100.200000 14.943841
100.300000 14.906411
100.400000 14.869029
100.500000 14.831693
100.600000 14.794404
100.700000 14.757162
100.800000 14.719967
100.900000 14.682818
101.000000 14.645717
101.100000 14.608663
101.200000 14.571656
101.300000 14.534695
101.400000 14.497782
101.500000 14.460915
101.600000 14.424095
101.700000 14.387323
101.800000 14.350597
101.900000 14.313918
102.000000 14.277286
102.100000 14.240701
102.200000 14.204163
102.300000 14.167672
102.400000 14.131228
102.500000 14.094831
102.600000 14.058481
102.700000 14.022177
102.800000 13.985921
102.900000 13.949711
103.000000 13.913549
103.100000 13.877433
103.200000 13.841364
103.300000 13.805343
103.400000 13.769368
103.500000 13.733440
103.600000 13.697559
103.700000 13.661725
103.800000 13.625938
103.900000 13.590198
104.000000 13.554505
104.100000 13.518858
104.200000 13.483259
104.300000 13.447706
104.400000 13.412201
104.500000 13.376742
104.600000 13.341331
104.700000 13.305966
104.800000 13.270648
104.900000 13.235378
105.000000 13.200154
105.100000 13.164977
105.200000 13.129847
105.300000 13.094764
105.400000 13.059728
105.500000 13.024738
105.600000 12.989796
105.700000 12.954901
105.800000 12.920052
105.900000 12.885251
106.000000 12.850496
106.100000 12.815789
106.200000 12.781128
106.300000 12.746514
106.400000 12.711948
106.500000 12.677428
106.600000 12.642955
106.700000 12.608529
106.800000 12.574150
106.900000 12.539818
107.000000 12.505532
107.100000 12.471294
107.200000 12.437103
107.300000 12.402958
107.400000 12.368861
107.500000 12.334810
107.600000 12.300807
107.700000 12.266850
107.800000 12.232940
107.900000 12.199078
108.000000 12.165262
108.100000 12.131493
108.200000 12.097771
108.300000 12.064096
108.400000 12.030468
108.500000 11.996886
108.600000 11.963352
108.700000 11.929865
108.800000 11.896424
108.900000 11.863031
109.000000 11.829684
109.100000 11.796385
109.200000 11.763132
109.300000 11.729926
109.400000 11.696768
109.500000 11.663656
109.600000 11.630591
109.700000 11.597573
109.800000 11.564602
109.900000 11.531678
110.000000 11.498801
110.100000 11.465970
110.200000 11.433187
110.300000 11.400451
110.400000 11.367761
110.500000 11.335119
110.600000 11.302523
110.700000 11.269974
110.800000 11.237473
110.900000 11.205018
111.000000 11.172610
111.100000 11.140249
111.200000 11.107935
111.300000 11.075668
111.400000 11.043448
111.500000 11.011275
111.600000 10.979149
111.700000 10.947069
111.800000 10.915037
111.900000 10.883052
112.000000 10.851113
112.100000 10.819221
112.200000 10.787377
112.300000 10.755579
112.400000 10.723828
112.500000 10.692125
112.600000 10.660468
112.700000 10.628858
112.800000 10.597295
112.900000 10.565779
113.000000 10.534309
113.100000 10.502887
113.200000 10.471512
113.300000 10.440183
113.400000 10.408902
113.500000 10.377668
113.600000 10.346480
113.700000 10.315339
113.800000 10.284246
113.900000 10.253199
114.000000 10.222199
114.100000 10.191246
114.200000 10.160340
114.300000 10.129481
114.400000 10.098669
114.500000 10.067904
114.600000 10.037186
114.700000 10.006514
114.800000 9.975890
114.900000 9.945313
115.000000 9.914782
115.100000 9.884299
115.200000 9.853862
115.300000 9.823472
115.400000 9.793130
115.500000 9.762834
115.600000 9.732585
115.700000 9.702383
115.800000 9.672228
115.900000 9.642120
116.000000 9.612059
116.100000 9.582044
116.200000 9.552077
116.300000 9.522157
116.400000 9.492283
116.500000 9.462457
116.600000 9.432677
116.700000 9.402945
116.800000 9.373259
116.900000 9.343620
117.000000 9.314028
117.100000 9.284484
117.200000 9.254986
117.300000 9.225535
117.400000 9.196131
117.500000 9.166773
117.600000 9.137463
117.700000 9.108200
117.800000 9.078984
117.900000 9.049814
118.000000 9.020692
118.100000 8.991616
118.200000 8.962588
118.300000 8.933606
118.400000 8.904671
118.500000 8.875783
118.600000 8.846943
118.700000 8.818149
118.800000 8.789402
118.900000 8.760701
119.000000 8.732048
119.100000 8.703442
119.200000 8.674883
119.300000 8.646371
119.400000 8.617905
119.500000 8.589487
119.600000 8.561115
119.700000 8.532791
119.800000 8.504513
119.900000 8.476282
120.000000 8.448098
120.100000 8.419962
120.200000 8.391872
120.300000 8.363829
120.400000 8.335833
120.500000 8.307883
120.600000 8.279981
120.700000 8.252126
120.800000 8.224318
120.900000 8.196556
121.000000 8.168842
121.100000 8.141174
121.200000 8.113554
121.300000 8.085980
121.400000 8.058453
121.500000 8.030974
121.600000 8.003541
121.700000 7.976155
121.800000 7.948816
121.900000 7.921524
122.000000 7.894279
122.100000 7.867080
122.200000 7.839929
122.300000 7.812825
122.400000 7.785767
122.500000 7.758757
122.600000 7.731794
122.700000 7.704877
122.800000 7.678007
122.900000 7.651185
123.000000 7.624409
123.100000 7.597680
123.200000 7.570998
123.300000 7.544363
123.400000 7.517775
123.500000 7.491234
123.600000 7.464740
123.700000 7.438292
123.800000 7.411892
123.900000 7.385539
124.000000 7.359232
124.100000 7.332973
124.200000 7.306760
124.300000 7.280595
124.400000 7.254476
124.500000 7.228404
124.600000 7.202379
124.700000 7.176401
124.800000 7.150470
124.900000 7.124586
125.000000 7.098749
125.100000 7.072959
125.200000 7.047216
125.300000 7.021520
125.400000 6.995870
125.500000 6.970268
125.600000 6.944712
125.700000 6.919204
125.800000 6.893742
125.900000 6.868327
126.000000 6.842960
126.100000 6.817639
126.200000 6.792365
126.300000 6.767138
126.400000 6.741958
126.500000 6.716825
126.600000 6.691739
126.700000 6.666700
126.800000 6.641707
126.900000 6.616762
127.000000 6.591863
127.100000 6.567012
127.200000 6.542207
127.300000 6.517450
127.400000 6.492739
127.500000 6.468075
127.600000 6.443459
127.700000 6.418889
127.800000 6.394366
127.900000 6.369890
128.000000 6.345461
128.100000 6.321078
128.200000 6.296743
128.300000 6.272455
128.400000 6.248214
128.500000 6.224019
128.600000 6.199872
128.700000 6.175771
128.800000 6.151718
128.900000 6.127711
129.000000 6.103751
129.100000 6.079838
129.200000 6.055972
129.300000 6.032153
129.400000 6.008381
129.500000 5.984656
129.600000 5.960978
129.700000 5.937347
129.800000 5.913763
129.900000 5.890225
130.000000 5.866735
130.100000 5.843292
130.200000 5.819895
130.300000 5.796545
130.400000 5.773243
130.500000 5.749987
130.600000 5.726778
130.700000 5.703616
130.800000 5.680501
130.900000 5.657433
131.000000 5.634412
131.100000 5.611438
131.200000 5.588511
131.300000 5.565631
131.400000 5.542797
131.500000 5.520011
131.600000 5.497271
131.700000 5.474579
131.800000 5.451933
131.900000 5.429335
132.000000 5.406783
132.100000 5.384278
132.200000 5.361820
132.300000 5.339409
132.400000 5.317045
132.500000 5.294728
132.600000 5.272458
132.700000 5.250235
132.800000 5.228059
132.900000 5.205929
133.000000 5.183847
133.100000 5.161812
133.200000 5.139823
133.300000 5.117881
133.400000 5.095987
133.500000 5.074139
133.600000 5.052338
133.700000 5.030584
133.800000 5.008878
133.900000 4.987218
134.000000 4.965604
134.100000 4.944038
134.200000 4.922519
134.300000 4.901047
134.400000 4.879622
134.500000 4.858243
134.600000 4.836912
134.700000 4.815627
134.800000 4.794390
134.900000 4.773199
135.000000 4.752055
135.100000 4.730959
135.200000 4.709909
135.300000 4.688906
135.400000 4.667950
135.500000 4.647041
135.600000 4.626179
135.700000 4.605364
135.800000 4.584595
135.900000 4.563874
136.000000 4.543200
136.100000 4.522572
136.200000 4.501992
136.300000 4.481458
136.400000 4.460971
136.500000 4.440532
136.600000 4.420139
136.700000 4.399793
136.800000 4.379494
136.900000 4.359242
137.000000 4.339037
137.100000 4.318879
137.200000 4.298768
137.300000 4.278704
137.400000 4.258686
137.500000 4.238716
137.600000 4.218793
137.700000 4.198916
137.800000 4.179087
137.900000 4.159304
138.000000 4.139568
138.100000 4.119879
138.200000 4.100238
138.300000 4.080643
138.400000 4.061095
138.500000 4.041594
138.600000 4.022140
138.700000 4.002732
138.800000 3.983372
138.900000 3.964059
139.000000 3.944793
139.100000 3.925573
139.200000 3.906401
139.300000 3.887275
139.400000 3.868197
139.500000 3.849165
139.600000 3.830180
139.700000 3.811242
139.800000 3.792351
139.900000 3.773507
140.000000 3.754710
140.100000 3.735960
140.200000 3.717257
140.300000 3.698601
140.400000 3.679992
140.500000 3.661429
140.600000 3.642914
140.700000 3.624445
140.800000 3.606024
140.900000 3.587649
141.000000 3.569322
141.100000 3.551041
141.200000 3.532807
141.300000 3.514620
141.400000 3.496480
141.500000 3.478387
141.600000 3.460341
141.700000 3.442342
141.800000 3.424390
141.900000 3.406484
142.000000 3.388626
142.100000 3.370815
142.200000 3.353050
142.300000 3.335333
142.400000 3.317662
142.500000 3.300038
142.600000 3.282462
142.700000 3.264932
142.800000 3.247449
142.900000 3.230013
143.000000 3.212624
143.100000 3.195282
143.200000 3.177987
143.300000 3.160739
143.400000 3.143537
143.500000 3.126383
143.600000 3.109276
143.700000 3.092215
143.800000 3.075202
143.900000 3.058235
144.000000 3.041315
144.100000 3.024443
144.200000 3.007617
144.300000 2.990838
144.400000 2.974106
144.500000 2.957421
144.600000 2.940783
144.700000 2.924192
144.800000 2.907648
144.900000 2.891150
145.000000 2.874700
145.100000 2.858297
145.200000 2.841940
145.300000 2.825631
145.400000 2.809368
145.500000 2.793153
145.600000 2.776984
145.700000 2.760862
145.800000 2.744787
145.900000 2.728759
146.000000 2.712778
146.100000 2.696844
146.200000 2.680957
146.300000 2.665117
146.400000 2.649324
146.500000 2.633577
146.600000 2.617878
146.700000 2.602226
146.800000 2.586620
146.900000 2.571061
147.000000 2.555550
147.100000 2.540085
147.200000 2.524667
147.300000 2.509296
147.400000 2.493973
147.500000 2.478696
147.600000 2.463465
147.700000 2.448282
147.800000 2.433146
147.900000 2.418057
148.000000 2.403015
148.100000 2.388019
148.200000 2.373071
148.300000 2.358169
148.400000 2.343315
148.500000 2.328507
148.600000 2.313746
148.700000 2.299033
148.800000 2.284366
148.900000 2.269746
149.000000 2.255173
149.100000 2.240647
149.200000 2.226168
149.300000 2.211736
149.400000 2.197350
149.500000 2.183012
149.600000 2.168721
149.700000 2.154476
149.800000 2.140279
149.900000 2.126128
150.000000 2.112025
150.100000 2.097968
150.200000 2.083958
150.300000 2.069995
150.400000 2.056079
150.500000 2.042210
150.600000 2.028388
150.700000 2.014613
150.800000 2.000885
150.900000 1.987204
151.000000 1.973570
151.100000 1.959982
151.200000 1.946442
151.300000 1.932948
151.400000 1.919502
151.500000 1.906102
151.600000 1.892750
151.700000 1.879444
151.800000 1.866185
151.900000 1.852973
152.000000 1.839808
152.100000 1.826690
152.200000 1.813619
152.300000 1.800595
152.400000 1.787618
152.500000 1.774687
152.600000 1.761804
152.700000 1.748968
152.800000 1.736178
152.900000 1.723436
153.000000 1.710740
153.100000 1.698091
153.200000 1.685489
153.300000 1.672935
153.400000 1.660427
153.500000 1.647966
153.600000 1.635552
153.700000 1.623185
153.800000 1.610865
153.900000 1.598591
154.000000 1.586365
154.100000 1.574186
154.200000 1.562053
154.300000 1.549968
154.400000 1.537929
154.500000 1.525938
154.600000 1.513993
154.700000 1.502095
154.800000 1.490245
154.900000 1.478441
155.000000 1.466684
155.100000 1.454974
155.200000 1.443311
155.300000 1.431695
155.400000 1.420125
155.500000 1.408603
155.600000 1.397128
155.700000 1.385699
155.800000 1.374318
155.900000 1.362983
156.000000 1.351696
156.100000 1.340455
156.200000 1.329261
156.300000 1.318115
156.400000 1.307015
156.500000 1.295962
156.600000 1.284956
156.700000 1.273997
156.800000 1.263085
156.900000 1.252219
157.000000 1.241401
157.100000 1.230630
157.200000 1.219905
157.300000 1.209228
157.400000 1.198597
157.500000 1.188014
157.600000 1.177477
157.700000 1.166987
157.800000 1.156545
157.900000 1.146149
158.000000 1.135800
158.100000 1.125498
158.200000 1.115243
158.300000 1.105035
158.400000 1.094874
158.500000 1.084759
158.600000 1.074692
158.700000 1.064672
158.800000 1.054698
158.900000 1.044772
159.000000 1.034892
159.100000 1.025059
159.200000 1.015274
159.300000 1.005535
159.400000 0.995843
159.500000 0.986198
159.600000 0.976600
159.700000 0.967049
159.800000 0.957545
159.900000 0.948088
160.000000 0.938678
160.100000 0.929314
160.200000 0.919998
160.300000 0.910728
160.400000 0.901506
160.500000 0.892330
160.600000 0.883202
160.700000 0.874120
160.800000 0.865085
160.900000 0.856097
161.000000 0.847157
161.100000 0.838263
161.200000 0.829416
161.300000 0.820615
161.400000 0.811862
161.500000 0.803156
161.600000 0.794497
161.700000 0.785884
161.800000 0.777319
161.900000 0.768800
162.000000 0.760329
162.100000 0.751904
162.200000 0.743527
162.300000 0.735196
162.400000 0.726912
162.500000 0.718675
162.600000 0.710485
162.700000 0.702342
162.800000 0.694246
162.900000 0.686197
163.000000 0.678195
163.100000 0.670239
163.200000 0.662331
163.300000 0.654469
163.400000 0.646655
163.500000 0.638887
163.600000 0.631167
163.700000 0.623493
163.800000 0.615866
163.900000 0.608287
164.000000 0.600754
164.100000 0.593268
164.200000 0.585829
164.300000 0.578437
164.400000 0.571091
164.500000 0.563793
164.600000 0.556542
164.700000 0.549338
164.800000 0.542180
164.900000 0.535070
165.000000 0.528006
165.100000 0.520990
165.200000 0.514020
165.300000 0.507097
165.400000 0.500221
165.500000 0.493392
165.600000 0.486610
165.700000 0.479875
165.800000 0.473187
165.900000 0.466546
166.000000 0.459952
166.100000 0.453405
166.200000 0.446904
166.300000 0.440451
166.400000 0.434045
166.500000 0.427685
166.600000 0.421372
166.700000 0.415107
166.800000 0.408888
166.900000 0.402716
167.000000 0.396591
167.100000 0.390513
167.200000 0.384482
167.300000 0.378498
167.400000 0.372561
167.500000 0.366671
167.600000 0.360828
167.700000 0.355031
167.800000 0.349282
167.900000 0.343579
168.000000 0.337924
168.100000 0.332315
168.200000 0.326754
168.300000 0.321239
168.400000 0.315771
168.500000 0.310350
168.600000 0.304976
168.700000 0.299649
168.800000 0.294369
168.900000 0.289136
169.000000 0.283950
169.100000 0.278811
169.200000 0.273718
169.300000 0.268673
169.400000 0.263675
169.500000 0.258723
169.600000 0.253818
169.700000 0.248961
169.800000 0.244150
169.900000 0.239386
170.000000 0.234669
170.100000 0.229999
170.200000 0.225376
170.300000 0.220800
170.400000 0.216271
170.500000 0.211789
170.600000 0.207354
170.700000 0.202966
170.800000 0.198624
170.900000 0.194330
171.000000 0.190082
171.100000 0.185882
171.200000 0.181728
171.300000 0.177621
171.400000 0.173561
171.500000 0.169549
171.600000 0.165583
171.700000 0.161664
171.800000 0.157792
171.900000 0.153967
172.000000 0.150188
172.100000 0.146457
172.200000 0.142773
172.300000 0.139135
172.400000 0.135545
172.500000 0.132002
172.600000 0.128505
172.700000 0.125055
172.800000 0.121653
172.900000 0.118297
173.000000 0.114988
173.100000 0.111726
173.200000 0.108511
173.300000 0.105343
173.400000 0.102222
173.500000 0.099148
173.600000 0.096121
173.700000 0.093140
173.800000 0.090207
173.900000 0.087320
174.000000 0.084481
174.100000 0.081688
174.200000 0.078943
174.300000 0.076244
174.400000 0.073592
174.500000 0.070987
174.600000 0.068430
174.700000 0.065919
174.800000 0.063455
174.900000 0.061038
175.000000 0.058667
175.100000 0.056344
175.200000 0.054068
175.300000 0.051838
175.400000 0.049656
175.500000 0.047521
175.600000 0.045432
175.700000 0.043390
175.800000 0.041396
175.900000 0.039448
176.000000 0.037547
176.100000 0.035693
176.200000 0.033886
176.300000 0.032126
176.400000 0.030413
176.500000 0.028747
176.600000 0.027128
176.700000 0.025555
176.800000 0.024030
176.900000 0.022552
177.000000 0.021120
177.100000 0.019736
177.200000 0.018398
177.300000 0.017107
177.400000 0.015864
177.500000 0.014667
177.600000 0.013517
177.700000 0.012414
177.800000 0.011358
177.900000 0.010349
178.000000 0.009387
178.100000 0.008472
178.200000 0.007603
178.300000 0.006782
178.400000 0.006008
178.500000 0.005280
178.600000 0.004600
178.700000 0.003966
178.800000 0.003379
178.900000 0.002839
179.000000 0.002347
179.100000 0.001901
179.200000 0.001502
179.300000 0.001150
179.400000 0.000845
179.500000 0.000587
179.600000 0.000375
179.700000 0.000211
179.800000 0.000094
179.900000 0.000023
180.000000 0.000000
180.100000 0.000023
180.200000 0.000094
180.300000 0.000211
180.400000 0.000375
180.500000 0.000587
180.600000 0.000845
180.700000 0.001150
180.800000 0.001502
180.900000 0.001901
181.000000 0.002347
