-180.000000 0.000000
-179.900000 0.000008
-179.800000 0.000030
-179.700000 0.000068
-179.600000 0.000121
-179.500000 0.000189
-179.400000 0.000272
-179.300000 0.000370
-179.200000 0.000483
-179.100000 0.000611
-179.000000 0.000754
-178.900000 0.000913
-178.800000 0.001086
-178.700000 0.001275
-178.600000 0.001478
-178.500000 0.001697
-178.400000 0.001931
-178.300000 0.002180
-178.200000 0.002444
-178.100000 0.002723
-178.000000 0.003017
-177.900000 0.003326
-177.800000 0.003650
-177.700000 0.003990
-177.600000 0.004344
-177.500000 0.004714
-177.400000 0.005098
-177.300000 0.005498
-177.200000 0.005913
-177.100000 0.006343
-177.000000 0.006788
-176.900000 0.007248
-176.800000 0.007723
-176.700000 0.008213
-176.600000 0.008718
-176.500000 0.009239
-176.400000 0.009774
-176.300000 0.010325
-176.200000 0.010890
-176.100000 0.011471
-176.000000 0.012067
-175.900000 0.012678
-175.800000 0.013304
-175.700000 0.013945
-175.600000 0.014601
-175.500000 0.015272
-175.400000 0.015958
-175.300000 0.016660
-175.200000 0.017376
-175.100000 0.018108
-175.000000 0.018854
-174.900000 0.019616
-174.800000 0.020393
-174.700000 0.021185
-174.600000 0.021992
-174.500000 0.022814
-174.400000 0.023651
-174.300000 0.024503
-174.200000 0.025370
-174.100000 0.026253
-174.000000 0.027150
-173.900000 0.028063
-173.800000 0.028990
-173.700000 0.029933
-173.600000 0.030891
-173.500000 0.031864
-173.400000 0.032852
-173.300000 0.033855
-173.200000 0.034873
-173.100000 0.035906
-173.000000 0.036955
-172.900000 0.038018
-172.800000 0.039096
-172.700000 0.040190
-172.600000 0.041299
-172.500000 0.042422
-172.400000 0.043561
-172.300000 0.044715
-172.200000 0.045884
-172.100000 0.047068
-172.000000 0.048267
-171.900000 0.049481
-171.800000 0.050711
-171.700000 0.051955
-171.600000 0.053215
-171.500000 0.054489
-171.400000 0.055779
-171.300000 0.057083
-171.200000 0.058403
-171.100000 0.059738
-171.000000 0.061088
-170.900000 0.062453
-170.800000 0.063833
-170.700000 0.065229
-170.600000 0.066639
-170.500000 0.068064
-170.400000 0.069505
-170.300000 0.070960
-170.200000 0.072431
-170.100000 0.073917
-170.000000 0.075417
-169.900000 0.076933
-169.800000 0.078464
-169.700000 0.080010
-169.600000 0.081572
-169.500000 0.083148
-169.400000 0.084739
-169.300000 0.086345
-169.200000 0.087967
-169.100000 0.089603
-169.000000 0.091255
-168.900000 0.092922
-168.800000 0.094604
-168.700000 0.096301
-168.600000 0.098013
-168.500000 0.099740
-168.400000 0.101482
-168.300000 0.103239
-168.200000 0.105011
-168.100000 0.106799
-168.000000 0.108601
-167.900000 0.110419
-167.800000 0.112251
-167.700000 0.114099
-167.600000 0.115962
-167.500000 0.117840
-167.400000 0.119733
-167.300000 0.121641
-167.200000 0.123564
-167.100000 0.125502
-167.000000 0.127456
-166.900000 0.129424
-166.800000 0.131407
-166.700000 0.133406
-166.600000 0.135420
-166.500000 0.137448
-166.400000 0.139492
-166.300000 0.141551
-166.200000 0.143625
-166.100000 0.145714
-166.000000 0.147818
-165.900000 0.149937
-165.800000 0.152072
-165.700000 0.154221
-165.600000 0.156386
-165.500000 0.158565
-165.400000 0.160760
-165.300000 0.162970
-165.200000 0.165194
-165.100000 0.167434
-165.000000 0.169689
-164.900000 0.171959
-164.800000 0.174245
-164.700000 0.176545
-164.600000 0.178860
-164.500000 0.181190
-164.400000 0.183536
-164.300000 0.185897
-164.200000 0.188272
-164.100000 0.190663
-164.000000 0.193069
-163.900000 0.195490
-163.800000 0.197926
-163.700000 0.200377
-163.600000 0.202843
-163.500000 0.205324
-163.400000 0.207820
-163.300000 0.210332
-163.200000 0.212858
-163.100000 0.215400
-163.000000 0.217956
-162.900000 0.220528
-162.800000 0.223115
-162.700000 0.225717
-162.600000 0.228334
-162.500000 0.230966
-162.400000 0.233613
-162.300000 0.236275
-162.200000 0.238953
-162.100000 0.241645
-162.000000 0.244353
-161.900000 0.247075
-161.800000 0.249813
-161.700000 0.252566
-161.600000 0.255333
-161.500000 0.258116
-161.400000 0.260914
-161.300000 0.263727
-161.200000 0.266556
-161.100000 0.269399
-161.000000 0.272257
-160.900000 0.275130
-160.800000 0.278019
-160.700000 0.280923
-160.600000 0.283841
-160.500000 0.286775
-160.400000 0.289724
-160.300000 0.292688
-160.200000 0.295667
-160.100000 0.298661
-160.000000 0.301670
-159.900000 0.304694
-159.800000 0.307733
-159.700000 0.310788
-159.600000 0.313857
-159.500000 0.316942
-159.400000 0.320042
-159.300000 0.323156
-159.200000 0.326286
-159.100000 0.329431
-159.000000 0.332591
-158.900000 0.335766
-158.800000 0.338956
-158.700000 0.342162
-158.600000 0.345382
-158.500000 0.348617
-158.400000 0.351868
-158.300000 0.355133
-158.200000 0.358414
-158.100000 0.361710
-158.000000 0.365021
-157.900000 0.368346
-157.800000 0.371687
-157.700000 0.375044
-157.600000 0.378415
-157.500000 0.381801
-157.400000 0.385202
-157.300000 0.388619
-157.200000 0.392050
-157.100000 0.395497
-157.000000 0.398958
-156.900000 0.402435
-156.800000 0.405927
-156.700000 0.409434
-156.600000 0.412956
-156.500000 0.416493
-156.400000 0.420045
-156.300000 0.423612
-156.200000 0.427195
-156.100000 0.430792
-156.000000 0.434405
-155.900000 0.438032
-155.800000 0.441675
-155.700000 0.445333
-155.600000 0.449005
-155.500000 0.452693
-155.400000 0.456396
-155.300000 0.460114
-155.200000 0.463848
-155.100000 0.467596
-155.000000 0.471359
-154.900000 0.475138
-154.800000 0.478931
-154.700000 0.482740
-154.600000 0.486563
-154.500000 0.490402
-154.400000 0.494256
-154.300000 0.498125
-154.200000 0.502009
-154.100000 0.505908
-154.000000 0.509822
-153.900000 0.513751
-153.800000 0.517696
-153.700000 0.521655
-153.600000 0.525630
-153.500000 0.529619
-153.400000 0.533624
-153.300000 0.537644
-153.200000 0.541678
-153.100000 0.545728
-153.000000 0.549793
-152.900000 0.553873
-152.800000 0.557969
-152.700000 0.562079
-152.600000 0.566204
-152.500000 0.570345
-152.400000 0.574500
-152.300000 0.578671
-152.200000 0.582856
-152.100000 0.587057
-152.000000 0.591273
-151.900000 0.595504
-151.800000 0.599750
-151.700000 0.604011
-151.600000 0.608287
-151.500000 0.612578
-151.400000 0.616885
-151.300000 0.621206
-151.200000 0.625543
-151.100000 0.629894
-151.000000 0.634261
-150.900000 0.638643
-150.800000 0.643040
-150.700000 0.647451
-150.600000 0.651878
-150.500000 0.656321
-150.400000 0.660778
-150.300000 0.665250
-150.200000 0.669737
-150.100000 0.674240
-150.000000 0.678757
-149.900000 0.683290
-149.800000 0.687838
-149.700000 0.692400
-149.600000 0.696978
-149.500000 0.701571
-149.400000 0.706179
-149.300000 0.710802
-149.200000 0.715440
-149.100000 0.720094
-149.000000 0.724762
-148.900000 0.729445
-148.800000 0.734144
-148.700000 0.738857
-148.600000 0.743586
-148.500000 0.748330
-148.400000 0.753089
-148.300000 0.757863
-148.200000 0.762652
-148.100000 0.767456
-148.000000 0.772275
-147.900000 0.777109
-147.800000 0.781959
-147.700000 0.786823
-147.600000 0.791702
-147.500000 0.796597
-147.400000 0.801507
-147.300000 0.806431
-147.200000 0.811371
-147.100000 0.816326
-147.000000 0.821296
-146.900000 0.826281
-146.800000 0.831282
-146.700000 0.836297
-146.600000 0.841327
-146.500000 0.846373
-146.400000 0.851433
-146.300000 0.856509
-146.200000 0.861599
-146.100000 0.866705
-146.000000 0.871826
-145.900000 0.876962
-145.800000 0.882113
-145.700000 0.887279
-145.600000 0.892460
-145.500000 0.897656
-145.400000 0.902868
-145.300000 0.908094
-145.200000 0.913336
-145.100000 0.918592
-145.000000 0.923864
-144.900000 0.929151
-144.800000 0.934453
-144.700000 0.939770
-144.600000 0.945102
-144.500000 0.950449
-144.400000 0.955811
-144.300000 0.961188
-144.200000 0.966581
-144.100000 0.971988
-144.000000 0.977410
-143.900000 0.982848
-143.800000 0.988301
-143.700000 0.993769
-143.600000 0.999251
-143.500000 1.004749
-143.400000 1.010262
-143.300000 1.015790
-143.200000 1.021334
-143.100000 1.026892
-143.000000 1.032465
-142.900000 1.038054
-142.800000 1.043657
-142.700000 1.049276
-142.600000 1.054909
-142.500000 1.060558
-142.400000 1.066222
-142.300000 1.071901
-142.200000 1.077595
-142.100000 1.083304
-142.000000 1.089028
-141.900000 1.094768
-141.800000 1.100522
-141.700000 1.106291
-141.600000 1.112076
-141.500000 1.117875
-141.400000 1.123690
-141.300000 1.129520
-141.200000 1.135365
-141.100000 1.141225
-141.000000 1.147100
-140.900000 1.152990
-140.800000 1.158895
-140.700000 1.164815
-140.600000 1.170751
-140.500000 1.176701
-140.400000 1.182667
-140.300000 1.188647
-140.200000 1.194643
-140.100000 1.200654
-140.000000 1.206680
-139.900000 1.212721
-139.800000 1.218777
-139.700000 1.224848
-139.600000 1.230934
-139.500000 1.237035
-139.400000 1.243151
-139.300000 1.249283
-139.200000 1.255429
-139.100000 1.261591
-139.000000 1.267768
-138.900000 1.273960
-138.800000 1.280166
-138.700000 1.286388
-138.600000 1.292625
-138.500000 1.298877
-138.400000 1.305145
-138.300000 1.311427
-138.200000 1.317724
-138.100000 1.324037
-138.000000 1.330364
-137.900000 1.336707
-137.800000 1.343065
-137.700000 1.349437
-137.600000 1.355825
-137.500000 1.362228
-137.400000 1.368646
-137.300000 1.375079
-137.200000 1.381527
-137.100000 1.387991
-137.000000 1.394469
-136.900000 1.400963
-136.800000 1.407471
-136.700000 1.413995
-136.600000 1.420533
-136.500000 1.427087
-136.400000 1.433656
-136.300000 1.440240
-136.200000 1.446839
-136.100000 1.453453
-136.000000 1.460082
-135.900000 1.466727
-135.800000 1.473386
-135.700000 1.480060
-135.600000 1.486750
-135.500000 1.493455
-135.400000 1.500174
-135.300000 1.506909
-135.200000 1.513659
-135.100000 1.520424
-135.000000 1.527204
-134.900000 1.533999
-134.800000 1.540809
-134.700000 1.547634
-134.600000 1.554475
-134.500000 1.561330
-134.400000 1.568201
-134.300000 1.575086
-134.200000 1.581987
-134.100000 1.588903
-134.000000 1.595834
-133.900000 1.602780
-133.800000 1.609741
-133.700000 1.616717
-133.600000 1.623708
-133.500000 1.630714
-133.400000 1.637736
-133.300000 1.644772
-133.200000 1.651824
-133.100000 1.658890
-133.000000 1.665972
-132.900000 1.673069
-132.800000 1.680181
-132.700000 1.687308
-132.600000 1.694450
-132.500000 1.701607
-132.400000 1.708779
-132.300000 1.715966
-132.200000 1.723169
-132.100000 1.730386
-132.000000 1.737619
-131.900000 1.744866
-131.800000 1.752129
-131.700000 1.759407
-131.600000 1.766700
-131.500000 1.774008
-131.400000 1.781331
-131.300000 1.788669
-131.200000 1.796022
-131.100000 1.803390
-131.000000 1.810774
-130.900000 1.818172
-130.800000 1.825586
-130.700000 1.833014
-130.600000 1.840458
-130.500000 1.847917
-130.400000 1.855391
-130.300000 1.862879
-130.200000 1.870384
-130.100000 1.877903
-130.000000 1.885437
-129.900000 1.892986
-129.800000 1.900550
-129.700000 1.908130
-129.600000 1.915724
-129.500000 1.923334
-129.400000 1.930959
-129.300000 1.938599
-129.200000 1.946253
-129.100000 1.953923
-129.000000 1.961608
-128.900000 1.969309
-128.800000 1.977024
-128.700000 1.984754
-128.600000 1.992499
-128.500000 2.000260
-128.400000 2.008035
-128.300000 2.015826
-128.200000 2.023632
-128.100000 2.031453
-128.000000 2.039288
-127.900000 2.047139
-127.800000 2.055005
-127.700000 2.062887
-127.600000 2.070783
-127.500000 2.078694
-127.400000 2.086620
-127.300000 2.094562
-127.200000 2.102518
-127.100000 2.110490
-127.000000 2.118477
-126.900000 2.126479
-126.800000 2.134495
-126.700000 2.142527
-126.600000 2.150575
-126.500000 2.158637
-126.400000 2.166714
-126.300000 2.174806
-126.200000 2.182914
-126.100000 2.191036
-126.000000 2.199174
-125.900000 2.207326
-125.800000 2.215494
-125.700000 2.223677
-125.600000 2.231875
-125.500000 2.240087
-125.400000 2.248316
-125.300000 2.256559
-125.200000 2.264817
-125.100000 2.273090
-125.000000 2.281379
-124.900000 2.289682
-124.800000 2.298001
-124.700000 2.306334
-124.600000 2.314683
-124.500000 2.323047
-124.400000 2.331426
-124.300000 2.339820
-124.200000 2.348229
-124.100000 2.356653
-124.000000 2.365092
-123.900000 2.373546
-123.800000 2.382016
-123.700000 2.390500
-123.600000 2.399000
-123.500000 2.407514
-123.400000 2.416044
-123.300000 2.424589
-123.200000 2.433149
-123.100000 2.441724
-123.000000 2.450314
-122.900000 2.458919
-122.800000 2.467539
-122.700000 2.476174
-122.600000 2.484825
-122.500000 2.493490
-122.400000 2.502171
-122.300000 2.510866
-122.200000 2.519577
-122.100000 2.528303
-122.000000 2.537044
-121.900000 2.545800
-121.800000 2.554571
-121.700000 2.563357
-121.600000 2.572158
-121.500000 2.580974
-121.400000 2.589806
-121.300000 2.598652
-121.200000 2.607514
-121.100000 2.616391
-121.000000 2.625282
-120.900000 2.634189
-120.800000 2.643111
-120.700000 2.652048
-120.600000 2.661000
-120.500000 2.669967
-120.400000 2.678949
-120.300000 2.687947
-120.200000 2.696959
-120.100000 2.705986
-120.000000 2.715029
-119.900000 2.724087
-119.800000 2.733159
-119.700000 2.742247
-119.600000 2.751350
-119.500000 2.760468
-119.400000 2.769601
-119.300000 2.778749
-119.200000 2.787912
-119.100000 2.797091
-119.000000 2.806284
-118.900000 2.815493
-118.800000 2.824716
-118.700000 2.833955
-118.600000 2.843209
-118.500000 2.852477
-118.400000 2.861761
-118.300000 2.871060
-118.200000 2.880374
-118.100000 2.889703
-118.000000 2.899048
-117.900000 2.908407
-117.800000 2.917781
-117.700000 2.927171
-117.600000 2.936575
-117.500000 2.945995
-117.400000 2.955430
-117.300000 2.964880
-117.200000 2.974344
-117.100000 2.983824
-117.000000 2.993320
-116.900000 3.002830
-116.800000 3.012355
-116.700000 3.021895
-116.600000 3.031451
-116.500000 3.041021
-116.400000 3.050607
-116.300000 3.060207
-116.200000 3.069823
-116.100000 3.079454
-116.000000 3.089100
-115.900000 3.098761
-115.800000 3.108437
-115.700000 3.118128
-115.600000 3.127834
-115.500000 3.137555
-115.400000 3.147292
-115.300000 3.157043
-115.200000 3.166810
-115.100000 3.176592
-115.000000 3.186388
-114.900000 3.196200
-114.800000 3.206027
-114.700000 3.215869
-114.600000 3.225726
-114.500000 3.235598
-114.400000 3.245485
-114.300000 3.255388
-114.200000 3.265305
-114.100000 3.275238
-114.000000 3.285185
-113.900000 3.295148
-113.800000 3.305126
-113.700000 3.315118
-113.600000 3.325126
-113.500000 3.335149
-113.400000 3.345187
-113.300000 3.355240
-113.200000 3.365309
-113.100000 3.375392
-113.000000 3.385490
-112.900000 3.395604
-112.800000 3.405732
-112.700000 3.415876
-112.600000 3.426035
-112.500000 3.436209
-112.400000 3.446398
-112.300000 3.456602
-112.200000 3.466821
-112.100000 3.477055
-112.000000 3.487304
-111.900000 3.497568
-111.800000 3.507848
-111.700000 3.518142
-111.600000 3.528452
-111.500000 3.538776
-111.400000 3.549116
-111.300000 3.559471
-111.200000 3.569841
-111.100000 3.580226
-111.000000 3.590626
-110.900000 3.601041
-110.800000 3.611471
-110.700000 3.621917
-110.600000 3.632377
-110.500000 3.642853
-110.400000 3.653343
-110.300000 3.663849
-110.200000 3.674369
-110.100000 3.684905
-110.000000 3.695456
-109.900000 3.706022
-109.800000 3.716603
-109.700000 3.727199
-109.600000 3.737811
-109.500000 3.748437
-109.400000 3.759078
-109.300000 3.769735
-109.200000 3.780406
-109.100000 3.791093
-109.000000 3.801795
-108.900000 3.812512
-108.800000 3.823244
-108.700000 3.833991
-108.600000 3.844753
-108.500000 3.855530
-108.400000 3.866322
-108.300000 3.877129
-108.200000 3.887952
-108.100000 3.898789
-108.000000 3.909642
-107.900000 3.920509
-107.800000 3.931392
-107.700000 3.942290
-107.600000 3.953203
-107.500000 3.964131
-107.400000 3.975074
-107.300000 3.986032
-107.200000 3.997005
-107.100000 4.007994
-107.000000 4.018997
-106.900000 4.030016
-106.800000 4.041049
-106.700000 4.052098
-106.600000 4.063162
-106.500000 4.074240
-106.400000 4.085334
-106.300000 4.096443
-106.200000 4.107567
-106.100000 4.118707
-106.000000 4.129861
-105.900000 4.141030
-105.800000 4.152215
-105.700000 4.163414
-105.600000 4.174629
-105.500000 4.185858
-105.400000 4.197103
-105.300000 4.208363
-105.200000 4.219638
-105.100000 4.230928
-105.000000 4.242233
-104.900000 4.253553
-104.800000 4.264888
-104.700000 4.276239
-104.600000 4.287604
-104.500000 4.298985
-104.400000 4.310380
-104.300000 4.321791
-104.200000 4.333217
-104.100000 4.344657
-104.000000 4.356113
-103.900000 4.367584
-103.800000 4.379070
-103.700000 4.390571
-103.600000 4.402088
-103.500000 4.413619
-103.400000 4.425165
-103.300000 4.436727
-103.200000 4.448304
-103.100000 4.459895
-103.000000 4.471502
-102.900000 4.483124
-102.800000 4.494761
-102.700000 4.506413
-102.600000 4.518080
-102.500000 4.529762
-102.400000 4.541459
-102.300000 4.553172
-102.200000 4.564899
-102.100000 4.576641
-102.000000 4.588399
-101.900000 4.600172
-101.800000 4.611959
-101.700000 4.623762
-101.600000 4.635580
-101.500000 4.647413
-101.400000 4.659261
-101.300000 4.671124
-101.200000 4.683003
-101.100000 4.694896
-101.000000 4.706805
-100.900000 4.718728
-100.800000 4.730667
-100.700000 4.742620
-100.600000 4.754589
-100.500000 4.766573
-100.400000 4.778572
-100.300000 4.790586
-100.200000 4.802615
-100.100000 4.814659
-100.000000 4.826718
-99.900000 4.838793
-99.800000 4.850882
-99.700000 4.862987
-99.600000 4.875106
-99.500000 4.887241
-99.400000 4.899391
-99.300000 4.911555
-99.200000 4.923735
-99.100000 4.935930
-99.000000 4.948140
-98.900000 4.960366
-98.800000 4.972606
-98.700000 4.984861
-98.600000 4.997132
-98.500000 5.009417
-98.400000 5.021718
-98.300000 5.034033
-98.200000 5.046364
-98.100000 5.058710
-98.000000 5.071071
-97.900000 5.083447
-97.800000 5.095838
-97.700000 5.108244
-97.600000 5.120665
-97.500000 5.133102
-97.400000 5.145553
-97.300000 5.158020
-97.200000 5.170501
-97.100000 5.182998
-97.000000 5.195510
-96.900000 5.208037
-96.800000 5.220579
-96.700000 5.233136
-96.600000 5.245708
-96.500000 5.258295
-96.400000 5.270897
-96.300000 5.283514
-96.200000 5.296147
-96.100000 5.308794
-96.000000 5.321457
-95.900000 5.334135
-95.800000 5.346827
-95.700000 5.359535
-95.600000 5.372258
-95.500000 5.384996
-95.400000 5.397749
-95.300000 5.410517
-95.200000 5.423301
-95.100000 5.436099
-95.000000 5.448912
-94.900000 5.461741
-94.800000 5.474585
-94.700000 5.487443
-94.600000 5.500317
-94.500000 5.513206
-94.400000 5.526110
-94.300000 5.539029
-94.200000 5.551963
-94.100000 5.564912
-94.000000 5.577876
-93.900000 5.590856
-93.800000 5.603850
-93.700000 5.616860
-93.600000 5.629884
-93.500000 5.642924
-93.400000 5.655979
-93.300000 5.669049
-93.200000 5.682133
-93.100000 5.695233
-93.000000 5.708349
-92.900000 5.721479
-92.800000 5.734624
-92.700000 5.747784
-92.600000 5.760960
-92.500000 5.774150
-92.400000 5.787356
-92.300000 5.800577
-92.200000 5.813812
-92.100000 5.827063
-92.000000 5.840329
-91.900000 5.853610
-91.800000 5.866906
-91.700000 5.880217
-91.600000 5.893544
-91.500000 5.906885
-91.400000 5.920241
-91.300000 5.933613
-91.200000 5.947000
-91.100000 5.960401
-91.000000 5.973818
-90.900000 5.987250
-90.800000 6.000697
-90.700000 6.014159
-90.600000 6.027636
-90.500000 6.041128
-90.400000 6.054635
-90.300000 6.068158
-90.200000 6.081695
-90.100000 6.095248
-90.000000 6.108815
-89.900000 6.122398
-89.800000 6.135996
-89.700000 6.149609
-89.600000 6.163237
-89.500000 6.176880
-89.400000 6.190538
-89.300000 6.204211
-89.200000 6.217899
-89.100000 6.231603
-89.000000 6.245321
-88.900000 6.259054
-88.800000 6.272803
-88.700000 6.286567
-88.600000 6.300346
-88.500000 6.314139
-88.400000 6.327948
-88.300000 6.341772
-88.200000 6.355611
-88.100000 6.369466
-88.000000 6.383335
-87.900000 6.397219
-87.800000 6.411119
-87.700000 6.425033
-87.600000 6.438963
-87.500000 6.452908
-87.400000 6.466867
-87.300000 6.480842
-87.200000 6.494832
-87.100000 6.508837
-87.000000 6.522857
-86.900000 6.536892
-86.800000 6.550943
-86.700000 6.565008
-86.600000 6.579089
-86.500000 6.593184
-86.400000 6.607295
-86.300000 6.621420
-86.200000 6.635561
-86.100000 6.649717
-86.000000 6.663888
-85.900000 6.678074
-85.800000 6.692275
-85.700000 6.706491
-85.600000 6.720723
-85.500000 6.734969
-85.400000 6.749230
-85.300000 6.763507
-85.200000 6.777798
-85.100000 6.792105
-85.000000 6.806427
-84.900000 6.820764
-84.800000 6.835116
-84.700000 6.849483
-84.600000 6.863865
-84.500000 6.878262
-84.400000 6.892674
-84.300000 6.907102
-84.200000 6.921544
-84.100000 6.936002
-84.000000 6.950474
-83.900000 6.964962
-83.800000 6.979465
-83.700000 6.993983
-83.600000 7.008516
-83.500000 7.023064
-83.400000 7.037627
-83.300000 7.052205
-83.200000 7.066798
-83.100000 7.081407
-83.000000 7.096030
-82.900000 7.110669
-82.800000 7.125322
-82.700000 7.139991
-82.600000 7.154675
-82.500000 7.169374
-82.400000 7.184088
-82.300000 7.198817
-82.200000 7.213561
-82.100000 7.228320
-82.000000 7.243094
-81.900000 7.257883
-81.800000 7.272688
-81.700000 7.287507
-81.600000 7.302342
-81.500000 7.317192
-81.400000 7.332057
-81.300000 7.346936
-81.200000 7.361831
-81.100000 7.376741
-81.000000 7.391667
-80.900000 7.406607
-80.800000 7.421562
-80.700000 7.436532
-80.600000 7.451518
-80.500000 7.466518
-80.400000 7.481534
-80.300000 7.496565
-80.200000 7.511611
-80.100000 7.526671
-80.000000 7.541747
-79.900000 7.556838
-79.800000 7.571944
-79.700000 7.587066
-79.600000 7.602202
-79.500000 7.617353
-79.400000 7.632520
-79.300000 7.647701
-79.200000 7.662898
-79.100000 7.678110
-79.000000 7.693336
-78.900000 7.708578
-78.800000 7.723835
-78.700000 7.739107
-78.600000 7.754394
-78.500000 7.769697
-78.400000 7.785014
-78.300000 7.800346
-78.200000 7.815694
-78.100000 7.831056
-78.000000 7.846434
-77.900000 7.861827
-77.800000 7.877234
-77.700000 7.892657
-77.600000 7.908095
-77.500000 7.923548
-77.400000 7.939016
-77.300000 7.954500
-77.200000 7.969998
-77.100000 7.985511
-77.000000 8.001040
-76.900000 8.016583
-76.800000 8.032142
-76.700000 8.047716
-76.600000 8.063304
-76.500000 8.078908
-76.400000 8.094527
-76.300000 8.110161
-76.200000 8.125810
-76.100000 8.141475
-76.000000 8.157154
-75.900000 8.172848
-75.800000 8.188558
-75.700000 8.204282
-75.600000 8.220022
-75.500000 8.235777
-75.400000 8.251546
-75.300000 8.267331
-75.200000 8.283131
-75.100000 8.298946
-75.000000 8.314776
-74.900000 8.330622
-74.800000 8.346482
-74.700000 8.362357
-74.600000 8.378248
-74.500000 8.394153
-74.400000 8.410074
-74.300000 8.426010
-74.200000 8.441960
-74.100000 8.457926
-74.000000 8.473907
-73.900000 8.489903
-73.800000 8.505914
-73.700000 8.521941
-73.600000 8.537982
-73.500000 8.554038
-73.400000 8.570110
-73.300000 8.586196
-73.200000 8.602298
-73.100000 8.618415
-73.000000 8.634547
-72.900000 8.650693
-72.800000 8.666855
-72.700000 8.683032
-72.600000 8.699225
-72.500000 8.715432
-72.400000 8.731654
-72.300000 8.747891
-72.200000 8.764144
-72.100000 8.780411
-72.000000 8.796694
-71.900000 8.812992
-71.800000 8.829305
-71.700000 8.845632
-71.600000 8.861975
-71.500000 8.878333
-71.400000 8.894707
-71.300000 8.911095
-71.200000 8.927498
-71.100000 8.943917
-71.000000 8.960350
-70.900000 8.976799
-70.800000 8.993262
-70.700000 9.009741
-70.600000 9.026235
-70.500000 9.042744
-70.400000 9.059268
-70.300000 9.075807
-70.200000 9.092361
-70.100000 9.108930
-70.000000 9.125514
-69.900000 9.142114
-69.800000 9.158728
-69.700000 9.175358
-69.600000 9.192002
-69.500000 9.208662
-69.400000 9.225337
-69.300000 9.242027
-69.200000 9.258732
-69.100000 9.275452
-69.000000 9.292187
-68.900000 9.308937
-68.800000 9.325702
-68.700000 9.342483
-68.600000 9.359278
-68.500000 9.376089
-68.400000 9.392914
-68.300000 9.409755
-68.200000 9.426611
-68.100000 9.443482
-68.000000 9.460368
-67.900000 9.477269
-67.800000 9.494185
-67.700000 9.511116
-67.600000 9.528063
-67.500000 9.545024
-67.400000 9.562000
-67.300000 9.578992
-67.200000 9.595999
-67.100000 9.613020
-67.000000 9.630057
-66.900000 9.647109
-66.800000 9.664176
-66.700000 9.681258
-66.600000 9.698355
-66.500000 9.715467
-66.400000 9.732595
-66.300000 9.749737
-66.200000 9.766895
-66.100000 9.784067
-66.000000 9.801255
-65.900000 9.818458
-65.800000 9.835675
-65.700000 9.852908
-65.600000 9.870156
-65.500000 9.887419
-65.400000 9.904697
-65.300000 9.921991
-65.200000 9.939299
-65.100000 9.956622
-65.000000 9.973961
-64.900000 9.991314
-64.800000 10.008683
-64.700000 10.026067
-64.600000 10.043466
-64.500000 10.060879
-64.400000 10.078308
-64.300000 10.095753
-64.200000 10.113212
-64.100000 10.130686
-64.000000 10.148175
-63.900000 10.165680
-63.800000 10.183199
-63.700000 10.200734
-63.600000 10.218283
-63.500000 10.235848
-63.400000 10.253428
-63.300000 10.271023
-63.200000 10.288633
-63.100000 10.306258
-63.000000 10.323898
-62.900000 10.341553
-62.800000 10.359223
-62.700000 10.376909
-62.600000 10.394609
-62.500000 10.412325
-62.400000 10.430056
-62.300000 10.447801
-62.200000 10.465562
-62.100000 10.483338
-62.000000 10.501129
-61.900000 10.518935
-61.800000 10.536756
-61.700000 10.554592
-61.600000 10.572444
-61.500000 10.590310
-61.400000 10.608192
-61.300000 10.626088
-61.200000 10.644000
-61.100000 10.661927
-61.000000 10.679868
-60.900000 10.697825
-60.800000 10.715797
-60.700000 10.733784
-60.600000 10.751786
-60.500000 10.769804
-60.400000 10.787836
-60.300000 10.805883
-60.200000 10.823946
-60.100000 10.842023
-60.000000 10.860116
-59.900000 10.878224
-59.800000 10.896347
-59.700000 10.914485
-59.600000 10.932638
-59.500000 10.950806
-59.400000 10.968989
-59.300000 10.987187
-59.200000 11.005400
-59.100000 11.023629
-59.000000 11.041872
-58.900000 11.060131
-58.800000 11.078404
-58.700000 11.096693
-58.600000 11.114997
-58.500000 11.133316
-58.400000 11.151650
-58.300000 11.169999
-58.200000 11.188363
-58.100000 11.206742
-58.000000 11.225137
-57.900000 11.243546
-57.800000 11.261971
-57.700000 11.280410
-57.600000 11.298865
-57.500000 11.317335
-57.400000 11.335819
-57.300000 11.354319
-57.200000 11.372834
-57.100000 11.391364
-57.000000 11.409910
-56.900000 11.428470
-56.800000 11.447045
-56.700000 11.465636
-56.600000 11.484241
-56.500000 11.502862
-56.400000 11.521497
-56.300000 11.540148
-56.200000 11.558814
-56.100000 11.577495
-56.000000 11.596191
-55.900000 11.614902
-55.800000 11.633628
-55.700000 11.652369
-55.600000 11.671125
-55.500000 11.689897
-55.400000 11.708683
-55.300000 11.727485
-55.200000 11.746302
-55.100000 11.765133
-55.000000 11.783980
-54.900000 11.802842
-54.800000 11.821719
-54.700000 11.840611
-54.600000 11.859518
-54.500000 11.878441
-54.400000 11.897378
-54.300000 11.916330
-54.200000 11.935298
-54.100000 11.954280
-54.000000 11.973278
-53.900000 11.992291
-53.800000 12.011319
-53.700000 12.030362
-53.600000 12.049420
-53.500000 12.068493
-53.400000 12.087581
-53.300000 12.106684
-53.200000 12.125802
-53.100000 12.144936
-53.000000 12.164084
-52.900000 12.183248
-52.800000 12.202427
-52.700000 12.221620
-52.600000 12.240829
-52.500000 12.260053
-52.400000 12.279292
-52.300000 12.298546
-52.200000 12.317815
-52.100000 12.337099
-52.000000 12.356399
-51.900000 12.375713
-51.800000 12.395043
-51.700000 12.414387
-51.600000 12.433747
-51.500000 12.453122
-51.400000 12.472512
-51.300000 12.491916
-51.200000 12.511336
-51.100000 12.530772
-51.000000 12.550222
-50.900000 12.569687
-50.800000 12.589167
-50.700000 12.608663
-50.600000 12.628173
-50.500000 12.647699
-50.400000 12.667239
-50.300000 12.686795
-50.200000 12.706366
-50.100000 12.725952
-50.000000 12.745553
-49.900000 12.765169
-49.800000 12.784800
-49.700000 12.804446
-49.600000 12.824108
-49.500000 12.843784
-49.400000 12.863476
-49.300000 12.883182
-49.200000 12.902904
-49.100000 12.922641
-49.000000 12.942393
-48.900000 12.962160
-48.800000 12.981942
-48.700000 13.001739
-48.600000 13.021551
-48.500000 13.041378
-48.400000 13.061220
-48.300000 13.081078
-48.200000 13.100950
-48.100000 13.120838
-48.000000 13.140741
-47.900000 13.160658
-47.800000 13.180591
-47.700000 13.200539
-47.600000 13.220502
-47.500000 13.240480
-47.400000 13.260473
-47.300000 13.280482
-47.200000 13.300505
-47.100000 13.320543
-47.000000 13.340597
-46.900000 13.360665
-46.800000 13.380749
-46.700000 13.400848
-46.600000 13.420962
-46.500000 13.441091
-46.400000 13.461235
-46.300000 13.481394
-46.200000 13.501568
-46.100000 13.521757
-46.000000 13.541961
-45.900000 13.562181
-45.800000 13.582415
-45.700000 13.602665
-45.600000 13.622930
-45.500000 13.643209
-45.400000 13.663504
-45.300000 13.683814
-45.200000 13.704139
-45.100000 13.724479
-45.000000 13.744835
-44.900000 13.765205
-44.800000 13.785590
-44.700000 13.805991
-44.600000 13.826406
-44.500000 13.846837
-44.400000 13.867282
-44.300000 13.887743
-44.200000 13.908219
-44.100000 13.928710
-44.000000 13.949216
-43.900000 13.969737
-43.800000 13.990273
-43.700000 14.010824
-43.600000 14.031391
-43.500000 14.051972
-43.400000 14.072569
-43.300000 14.093180
-43.200000 14.113807
-43.100000 14.134449
-43.000000 14.155106
-42.900000 14.175777
-42.800000 14.196464
-42.700000 14.217167
-42.600000 14.237884
-42.500000 14.258616
-42.400000 14.279363
-42.300000 14.300126
-42.200000 14.320903
-42.100000 14.341696
-42.000000 14.362504
-41.900000 14.383326
-41.800000 14.404164
-41.700000 14.425017
-41.600000 14.445885
-41.500000 14.466768
-41.400000 14.487666
-41.300000 14.508580
-41.200000 14.529508
-41.100000 14.550451
-41.000000 14.571410
-40.900000 14.592384
-40.800000 14.613372
-40.700000 14.634376
-40.600000 14.655395
-40.500000 14.676429
-40.400000 14.697478
-40.300000 14.718542
-40.200000 14.739621
-40.100000 14.760715
-40.000000 14.781825
-39.900000 14.802949
-39.800000 14.824089
-39.700000 14.845243
-39.600000 14.866413
-39.500000 14.887598
-39.400000 14.908798
-39.300000 14.930013
-39.200000 14.951243
-39.100000 14.972488
-39.000000 14.993748
-38.900000 15.015023
-38.800000 15.036313
-38.700000 15.057619
-38.600000 15.078939
-38.500000 15.100275
-38.400000 15.121626
-38.300000 15.142991
-38.200000 15.164372
-38.100000 15.185768
-38.000000 15.207179
-37.900000 15.228605
-37.800000 15.250047
-37.700000 15.271503
-37.600000 15.292974
-37.500000 15.314461
-37.400000 15.335962
-37.300000 15.357479
-37.200000 15.379010
-37.100000 15.400557
-37.000000 15.422119
-36.900000 15.443696
-36.800000 15.465288
-36.700000 15.486895
-36.600000 15.508517
-36.500000 15.530155
-36.400000 15.551807
-36.300000 15.573474
-36.200000 15.595157
-36.100000 15.616855
-36.000000 15.638567
-35.900000 15.660295
-35.800000 15.682038
-35.700000 15.703796
-35.600000 15.725569
-35.500000 15.747357
-35.400000 15.769160
-35.300000 15.790978
-35.200000 15.812812
-35.100000 15.834660
-35.000000 15.856524
-34.900000 15.878402
-34.800000 15.900296
-34.700000 15.922205
-34.600000 15.944129
-34.500000 15.966068
-34.400000 15.988022
-34.300000 16.009991
-34.200000 16.031975
-34.100000 16.053974
-34.000000 16.075989
-33.900000 16.098018
-33.800000 16.120063
-33.700000 16.142122
-33.600000 16.164197
-33.500000 16.186287
-33.400000 16.208392
-33.300000 16.230511
-33.200000 16.252646
-33.100000 16.274797
-33.000000 16.296962
-32.900000 16.319142
-32.800000 16.341337
-32.700000 16.363548
-32.600000 16.385773
-32.500000 16.408014
-32.400000 16.430270
-32.300000 16.452541
-32.200000 16.474826
-32.100000 16.497127
-32.000000 16.519443
-31.900000 16.541774
-31.800000 16.564121
-31.700000 16.586482
-31.600000 16.608858
-31.500000 16.631250
-31.400000 16.653656
-31.300000 16.676078
-31.200000 16.698515
-31.100000 16.720966
-31.000000 16.743433
-30.900000 16.765915
-30.800000 16.788412
-30.700000 16.810924
-30.600000 16.833452
-30.500000 16.855994
-30.400000 16.878551
-30.300000 16.901124
-30.200000 16.923711
-30.100000 16.946314
-30.000000 16.968931
-29.900000 16.991564
-29.800000 17.014212
-29.700000 17.036875
-29.600000 17.059553
-29.500000 17.082246
-29.400000 17.104954
-29.300000 17.127678
-29.200000 17.150416
-29.100000 17.173170
-29.000000 17.195938
-28.900000 17.218722
-28.800000 17.241520
-28.700000 17.264334
-28.600000 17.287163
-28.500000 17.310007
-28.400000 17.332866
-28.300000 17.355740
-28.200000 17.378629
-28.100000 17.401534
-28.000000 17.424453
-27.900000 17.447387
-27.800000 17.470337
-27.700000 17.493302
-27.600000 17.516281
-27.500000 17.539276
-27.400000 17.562286
-27.300000 17.585311
-27.200000 17.608351
-27.100000 17.631406
-27.000000 17.654476
-26.900000 17.677562
-26.800000 17.700662
-26.700000 17.723777
-26.600000 17.746908
-26.500000 17.770054
-26.400000 17.793214
-26.300000 17.816390
-26.200000 17.839581
-26.100000 17.862787
-26.000000 17.886008
-25.900000 17.909244
-25.800000 17.932495
-25.700000 17.955762
-25.600000 17.979043
-25.500000 18.002339
-25.400000 18.025651
-25.300000 18.048978
-25.200000 18.072319
-25.100000 18.095676
-25.000000 18.119048
-24.900000 18.142435
-24.800000 18.165837
-24.700000 18.189254
-24.600000 18.212686
-24.500000 18.236134
-24.400000 18.259596
-24.300000 18.283073
-24.200000 18.306566
-24.100000 18.330074
-24.000000 18.353596
-23.900000 18.377134
-23.800000 18.400687
-23.700000 18.424255
-23.600000 18.447838
-23.500000 18.471436
-23.400000 18.495049
-23.300000 18.518678
-23.200000 18.542321
-23.100000 18.565979
-23.000000 18.589653
-22.900000 18.613342
-22.800000 18.637045
-22.700000 18.660764
-22.600000 18.684498
-22.500000 18.708247
-22.400000 18.732011
-22.300000 18.755790
-22.200000 18.779584
-22.100000 18.803394
-22.000000 18.827218
-21.900000 18.851057
-21.800000 18.874912
-21.700000 18.898782
-21.600000 18.922666
-21.500000 18.946566
-21.400000 18.970481
-21.300000 18.994411
-21.200000 19.018356
-21.100000 19.042316
-21.000000 19.066291
-20.900000 19.090282
-20.800000 19.114287
-20.700000 19.138308
-20.600000 19.162343
-20.500000 19.186394
-20.400000 19.210459
-20.300000 19.234540
-20.200000 19.258636
-20.100000 19.282747
-20.000000 19.306873
-19.900000 19.331014
-19.800000 19.355171
-19.700000 19.379342
-19.600000 19.403528
-19.500000 19.427730
-19.400000 19.451946
-19.300000 19.476178
-19.200000 19.500425
-19.100000 19.524686
-19.000000 19.548963
-18.900000 19.573255
-18.800000 19.597562
-18.700000 19.621884
-18.600000 19.646222
-18.500000 19.670574
-18.400000 19.694941
-18.300000 19.719324
-18.200000 19.743721
-18.100000 19.768134
-18.000000 19.792562
-17.900000 19.817004
-17.800000 19.841462
-17.700000 19.865935
-17.600000 19.890423
-17.500000 19.914927
-17.400000 19.939445
-17.300000 19.963978
-17.200000 19.988526
-17.100000 20.013090
-17.000000 20.037668
-16.900000 20.062262
-16.800000 20.086871
-16.700000 20.111495
-16.600000 20.136134
-16.500000 20.160787
-16.400000 20.185457
-16.300000 20.210141
-16.200000 20.234840
-16.100000 20.259554
-16.000000 20.284284
-15.900000 20.309028
-15.800000 20.333788
-15.700000 20.358562
-15.600000 20.383352
-15.500000 20.408157
-15.400000 20.432977
-15.300000 20.457812
-15.200000 20.482662
-15.100000 20.507527
-15.000000 20.532407
-14.900000 20.557302
-14.800000 20.582213
-14.700000 20.607138
-14.600000 20.632079
-14.500000 20.657034
-14.400000 20.682005
-14.300000 20.706991
-14.200000 20.731992
-14.100000 20.757008
-14.000000 20.782039
-13.900000 20.807085
-13.800000 20.832146
-13.700000 20.857223
-13.600000 20.882314
-13.500000 20.907420
-13.400000 20.932542
-13.300000 20.957679
-13.200000 20.982830
-13.100000 21.007997
-13.000000 21.033179
-12.900000 21.058376
-12.800000 21.083588
-12.700000 21.108815
-12.600000 21.134058
-12.500000 21.159315
-12.400000 21.184587
-12.300000 21.209875
-12.200000 21.235177
-12.100000 21.260495
-12.000000 21.285828
-11.900000 21.311175
-11.800000 21.336538
-11.700000 21.361916
-11.600000 21.387309
-11.500000 21.412718
-11.400000 21.438141
-11.300000 21.463579
-11.200000 21.489032
-11.100000 21.514501
-11.000000 21.539985
-10.900000 21.565483
-10.800000 21.590997
-10.700000 21.616526
-10.600000 21.642070
-10.500000 21.667629
-10.400000 21.693203
-10.300000 21.718792
-10.200000 21.744396
-10.100000 21.770015
-10.000000 21.795650
-9.900000 21.821299
-9.800000 21.846964
-9.700000 21.872643
-9.600000 21.898338
-9.500000 21.924048
-9.400000 21.949773
-9.300000 21.975513
-9.200000 22.001268
-9.100000 22.027038
-9.000000 22.052823
-8.900000 22.078624
-8.800000 22.104439
-8.700000 22.130270
-8.600000 22.156115
-8.500000 22.181976
-8.400000 22.207852
-8.300000 22.233742
-8.200000 22.259648
-8.100000 22.285569
-8.000000 22.311505
-7.900000 22.337456
-7.800000 22.363423
-7.700000 22.389404
-7.600000 22.415400
-7.500000 22.441412
-7.400000 22.467438
-7.300000 22.493480
-7.200000 22.519537
-7.100000 22.545609
-7.000000 22.571696
-6.900000 22.597798
-6.800000 22.623915
-6.700000 22.650047
-6.600000 22.676194
-6.500000 22.702356
-6.400000 22.728534
-6.300000 22.754726
-6.200000 22.780934
-6.100000 22.807156
-6.000000 22.833394
-5.900000 22.859647
-5.800000 22.885915
-5.700000 22.912198
-5.600000 22.938496
-5.500000 22.964809
-5.400000 22.991137
-5.300000 23.017481
-5.200000 23.043839
-5.100000 23.070213
-5.000000 23.096601
-4.900000 23.123005
-4.800000 23.149424
-4.700000 23.175857
-4.600000 23.202306
-4.500000 23.228770
-4.400000 23.255249
-4.300000 23.281744
-4.200000 23.308253
-4.100000 23.334777
-4.000000 23.361317
-3.900000 23.387871
-3.800000 23.414441
-3.700000 23.441025
-3.600000 23.467625
-3.500000 23.494240
-3.400000 23.520870
-3.300000 23.547515
-3.200000 23.574175
-3.100000 23.600850
-3.000000 23.627540
-2.900000 23.654246
-2.800000 23.680966
-2.700000 23.707701
-2.600000 23.734452
-2.500000 23.761218
-2.400000 23.787998
-2.300000 23.814794
-2.200000 23.841605
-2.100000 23.868431
-2.000000 23.895272
-1.900000 23.922128
-1.800000 23.949000
-1.700000 23.975886
-1.600000 24.002787
-1.500000 24.029704
-1.400000 24.056635
-1.300000 24.083582
-1.200000 24.110544
-1.100000 24.137521
-1.000000 24.164513
-0.900000 24.191520
-0.800000 24.218542
-0.700000 24.245579
-0.600000 24.272631
-0.500000 24.299698
-0.400000 24.326781
-0.300000 24.353878
-0.200000 24.380991
-0.100000 24.408119
-0.000000 24.435261
0.100000 24.408119
0.200000 24.380991
0.300000 24.353878
0.400000 24.326781
0.500000 24.299698
0.600000 24.272631
0.700000 24.245579
0.800000 24.218542
0.900000 24.191520
1.000000 24.164513
1.100000 24.137521
1.200000 24.110544
1.300000 24.083582
1.400000 24.056635
1.500000 24.029704
1.600000 24.002787
1.700000 23.975886
1.800000 23.949000
1.900000 23.922128
2.000000 23.895272
2.100000 23.868431
2.200000 23.841605
2.300000 23.814794
2.400000 23.787998
2.500000 23.761218
2.600000 23.734452
2.700000 23.707701
2.800000 23.680966
2.900000 23.654246
3.000000 23.627540
3.100000 23.600850
3.200000 23.574175
3.300000 23.547515
3.400000 23.520870
3.500000 23.494240
3.600000 23.467625
3.700000 23.441025
3.800000 23.414441
3.900000 23.387871
4.000000 23.361317
4.100000 23.334777
4.200000 23.308253
4.300000 23.281744
4.400000 23.255249
4.500000 23.228770
4.600000 23.202306
4.700000 23.175857
4.800000 23.149424
4.900000 23.123005
5.000000 23.096601
5.100000 23.070213
5.200000 23.043839
5.300000 23.017481
5.400000 22.991137
5.500000 22.964809
5.600000 22.938496
5.700000 22.912198
5.800000 22.885915
5.900000 22.859647
6.000000 22.833394
6.100000 22.807156
6.200000 22.780934
6.300000 22.754726
6.400000 22.728534
6.500000 22.702356
6.600000 22.676194
6.700000 22.650047
6.800000 22.623915
6.900000 22.597798
7.000000 22.571696
7.100000 22.545609
7.200000 22.519537
7.300000 22.493480
7.400000 22.467438
7.500000 22.441412
7.600000 22.415400
7.700000 22.389404
7.800000 22.363423
7.900000 22.337456
8.000000 22.311505
8.100000 22.285569
8.200000 22.259648
8.300000 22.233742
8.400000 22.207852
8.500000 22.181976
8.600000 22.156115
8.700000 22.130270
8.800000 22.104439
8.900000 22.078624
9.000000 22.052823
9.100000 22.027038
9.200000 22.001268
9.300000 21.975513
9.400000 21.949773
9.500000 21.924048
9.600000 21.898338
9.700000 21.872643
9.800000 21.846964
9.900000 21.821299
10.000000 21.795650
10.100000 21.770015
10.200000 21.744396
10.300000 21.718792
10.400000 21.693203
10.500000 21.667629
10.600000 21.642070
10.700000 21.616526
10.800000 21.590997
10.900000 21.565483
11.000000 21.539985
11.100000 21.514501
11.200000 21.489032
11.300000 21.463579
11.400000 21.438141
11.500000 21.412718
11.600000 21.387309
11.700000 21.361916
11.800000 21.336538
11.900000 21.311175
12.000000 21.285828
12.100000 21.260495
12.200000 21.235177
12.300000 21.209875
12.400000 21.184587
12.500000 21.159315
12.600000 21.134058
12.700000 21.108815
12.800000 21.083588
12.900000 21.058376
13.000000 21.033179
13.100000 21.007997
13.200000 20.982830
13.300000 20.957679
13.400000 20.932542
13.500000 20.907420
13.600000 20.882314
13.700000 20.857223
13.800000 20.832146
13.900000 20.807085
14.000000 20.782039
14.100000 20.757008
14.200000 20.731992
14.300000 20.706991
14.400000 20.682005
14.500000 20.657034
14.600000 20.632079
14.700000 20.607138
14.800000 20.582213
14.900000 20.557302
15.000000 20.532407
15.100000 20.507527
15.200000 20.482662
15.300000 20.457812
15.400000 20.432977
15.500000 20.408157
15.600000 20.383352
15.700000 20.358562
15.800000 20.333788
15.900000 20.309028
16.000000 20.284284
16.100000 20.259554
16.200000 20.234840
16.300000 20.210141
16.400000 20.185457
16.500000 20.160787
16.600000 20.136134
16.700000 20.111495
16.800000 20.086871
16.900000 20.062262
17.000000 20.037668
17.100000 20.013090
17.200000 19.988526
17.300000 19.963978
17.400000 19.939445
17.500000 19.914927
17.600000 19.890423
17.700000 19.865935
17.800000 19.841462
17.900000 19.817004
18.000000 19.792562
18.100000 19.768134
18.200000 19.743721
18.300000 19.719324
18.400000 19.694941
18.500000 19.670574
18.600000 19.646222
18.700000 19.621884
18.800000 19.597562
18.900000 19.573255
19.000000 19.548963
19.100000 19.524686
19.200000 19.500425
19.300000 19.476178
19.400000 19.451946
19.500000 19.427730
19.600000 19.403528
19.700000 19.379342
19.800000 19.355171
19.900000 19.331014
20.000000 19.306873
20.100000 19.282747
20.200000 19.258636
20.300000 19.234540
20.400000 19.210459
20.500000 19.186394
20.600000 19.162343
20.700000 19.138308
20.800000 19.114287
20.900000 19.090282
21.000000 19.066291
21.100000 19.042316
21.200000 19.018356
21.300000 18.994411
21.400000 18.970481
21.500000 18.946566
21.600000 18.922666
21.700000 18.898782
21.800000 18.874912
21.900000 18.851057
22.000000 18.827218
22.100000 18.803394
22.200000 18.779584
22.300000 18.755790
22.400000 18.732011
22.500000 18.708247
22.600000 18.684498
22.700000 18.660764
22.800000 18.637045
22.900000 18.613342
23.000000 18.589653
23.100000 18.565979
23.200000 18.542321
23.300000 18.518678
23.400000 18.495049
23.500000 18.471436
23.600000 18.447838
23.700000 18.424255
23.800000 18.400687
23.900000 18.377134
24.000000 18.353596
24.100000 18.330074
24.200000 18.306566
24.300000 18.283073
24.400000 18.259596
24.500000 18.236134
24.600000 18.212686
24.700000 18.189254
24.800000 18.165837
24.900000 18.142435
25.000000 18.119048
25.100000 18.095676
25.200000 18.072319
25.300000 18.048978
25.400000 18.025651
25.500000 18.002339
25.600000 17.979043
25.700000 17.955762
25.800000 17.932495
25.900000 17.909244
26.000000 17.886008
26.100000 17.862787
26.200000 17.839581
26.300000 17.816390
26.400000 17.793214
26.500000 17.770054
26.600000 17.746908
26.700000 17.723777
26.800000 17.700662
26.900000 17.677562
27.000000 17.654476
27.100000 17.631406
27.200000 17.608351
27.300000 17.585311
27.400000 17.562286
27.500000 17.539276
27.600000 17.516281
27.700000 17.493302
27.800000 17.470337
27.900000 17.447387
28.000000 17.424453
28.100000 17.401534
28.200000 17.378629
28.300000 17.355740
28.400000 17.332866
28.500000 17.310007
28.600000 17.287163
28.700000 17.264334
28.800000 17.241520
28.900000 17.218722
29.000000 17.195938
29.100000 17.173170
29.200000 17.150416
29.300000 17.127678
29.400000 17.104954
29.500000 17.082246
29.600000 17.059553
29.700000 17.036875
29.800000 17.014212
29.900000 16.991564
30.000000 16.968931
30.100000 16.946314
30.200000 16.923711
30.300000 16.901124
30.400000 16.878551
30.500000 16.855994
30.600000 16.833452
30.700000 16.810924
30.800000 16.788412
30.900000 16.765915
31.000000 16.743433
31.100000 16.720966
31.200000 16.698515
31.300000 16.676078
31.400000 16.653656
31.500000 16.631250
31.600000 16.608858
31.700000 16.586482
31.800000 16.564121
31.900000 16.541774
32.000000 16.519443
32.100000 16.497127
32.200000 16.474826
32.300000 16.452541
32.400000 16.430270
32.500000 16.408014
32.600000 16.385773
32.700000 16.363548
32.800000 16.341337
32.900000 16.319142
33.000000 16.296962
33.100000 16.274797
33.200000 16.252646
33.300000 16.230511
33.400000 16.208392
33.500000 16.186287
33.600000 16.164197
33.700000 16.142122
33.800000 16.120063
33.900000 16.098018
34.000000 16.075989
34.100000 16.053974
34.200000 16.031975
34.300000 16.009991
34.400000 15.988022
34.500000 15.966068
34.600000 15.944129
34.700000 15.922205
34.800000 15.900296
34.900000 15.878402
35.000000 15.856524
35.100000 15.834660
35.200000 15.812812
35.300000 15.790978
35.400000 15.769160
35.500000 15.747357
35.600000 15.725569
35.700000 15.703796
35.800000 15.682038
35.900000 15.660295
36.000000 15.638567
36.100000 15.616855
36.200000 15.595157
36.300000 15.573474
36.400000 15.551807
36.500000 15.530155
36.600000 15.508517
36.700000 15.486895
36.800000 15.465288
36.900000 15.443696
37.000000 15.422119
37.100000 15.400557
37.200000 15.379010
37.300000 15.357479
37.400000 15.335962
37.500000 15.314461
37.600000 15.292974
37.700000 15.271503
37.800000 15.250047
37.900000 15.228605
38.000000 15.207179
38.100000 15.185768
38.200000 15.164372
38.300000 15.142991
38.400000 15.121626
38.500000 15.100275
38.600000 15.078939
38.700000 15.057619
38.800000 15.036313
38.900000 15.015023
39.000000 14.993748
39.100000 14.972488
39.200000 14.951243
39.300000 14.930013
39.400000 14.908798
39.500000 14.887598
39.600000 14.866413
39.700000 14.845243
39.800000 14.824089
39.900000 14.802949
40.000000 14.781825
40.100000 14.760715
40.200000 14.739621
40.300000 14.718542
40.400000 14.697478
40.500000 14.676429
40.600000 14.655395
40.700000 14.634376
40.800000 14.613372
40.900000 14.592384
41.000000 14.571410
41.100000 14.550451
41.200000 14.529508
41.300000 14.508580
41.400000 14.487666
41.500000 14.466768
41.600000 14.445885
41.700000 14.425017
41.800000 14.404164
41.900000 14.383326
42.000000 14.362504
42.100000 14.341696
42.200000 14.320903
42.300000 14.300126
42.400000 14.279363
42.500000 14.258616
42.600000 14.237884
42.700000 14.217167
42.800000 14.196464
42.900000 14.175777
43.000000 14.155106
43.100000 14.134449
43.200000 14.113807
43.300000 14.093180
43.400000 14.072569
43.500000 14.051972
43.600000 14.031391
43.700000 14.010824
43.800000 13.990273
43.900000 13.969737
44.000000 13.949216
44.100000 13.928710
44.200000 13.908219
44.300000 13.887743
44.400000 13.867282
44.500000 13.846837
44.600000 13.826406
44.700000 13.805991
44.800000 13.785590
44.900000 13.765205
45.000000 13.744835
45.100000 13.724479
45.200000 13.704139
45.300000 13.683814
45.400000 13.663504
45.500000 13.643209
45.600000 13.622930
45.700000 13.602665
45.800000 13.582415
45.900000 13.562181
46.000000 13.541961
46.100000 13.521757
46.200000 13.501568
46.300000 13.481394
46.400000 13.461235
46.500000 13.441091
46.600000 13.420962
46.700000 13.400848
46.800000 13.380749
46.900000 13.360665
47.000000 13.340597
47.100000 13.320543
47.200000 13.300505
47.300000 13.280482
47.400000 13.260473
47.500000 13.240480
47.600000 13.220502
47.700000 13.200539
47.800000 13.180591
47.900000 13.160658
48.000000 13.140741
48.100000 13.120838
48.200000 13.100950
48.300000 13.081078
48.400000 13.061220
48.500000 13.041378
48.600000 13.021551
48.700000 13.001739
48.800000 12.981942
48.900000 12.962160
49.000000 12.942393
49.100000 12.922641
49.200000 12.902904
49.300000 12.883182
49.400000 12.863476
49.500000 12.843784
49.600000 12.824108
49.700000 12.804446
49.800000 12.784800
49.900000 12.765169
50.000000 12.745553
50.100000 12.725952
50.200000 12.706366
50.300000 12.686795
50.400000 12.667239
50.500000 12.647699
50.600000 12.628173
50.700000 12.608663
50.800000 12.589167
50.900000 12.569687
51.000000 12.550222
51.100000 12.530772
51.200000 12.511336
51.300000 12.491916
51.400000 12.472512
51.500000 12.453122
51.600000 12.433747
51.700000 12.414387
51.800000 12.395043
51.900000 12.375713
52.000000 12.356399
52.100000 12.337099
52.200000 12.317815
52.300000 12.298546
52.400000 12.279292
52.500000 12.260053
52.600000 12.240829
52.700000 12.221620
52.800000 12.202427
52.900000 12.183248
53.000000 12.164084
53.100000 12.144936
53.200000 12.125802
53.300000 12.106684
53.400000 12.087581
53.500000 12.068493
53.600000 12.049420
53.700000 12.030362
53.800000 12.011319
53.900000 11.992291
54.000000 11.973278
54.100000 11.954280
54.200000 11.935298
54.300000 11.916330
54.400000 11.897378
54.500000 11.878441
54.600000 11.859518
54.700000 11.840611
54.800000 11.821719
54.900000 11.802842
55.000000 11.783980
55.100000 11.765133
55.200000 11.746302
55.300000 11.727485
55.400000 11.708683
55.500000 11.689897
55.600000 11.671125
55.700000 11.652369
55.800000 11.633628
55.900000 11.614902
56.000000 11.596191
56.100000 11.577495
56.200000 11.558814
56.300000 11.540148
56.400000 11.521497
56.500000 11.502862
56.600000 11.484241
56.700000 11.465636
56.800000 11.447045
56.900000 11.428470
57.000000 11.409910
57.100000 11.391364
57.200000 11.372834
57.300000 11.354319
57.400000 11.335819
57.500000 11.317335
57.600000 11.298865
57.700000 11.280410
57.800000 11.261971
57.900000 11.243546
58.000000 11.225137
58.100000 11.206742
58.200000 11.188363
58.300000 11.169999
58.400000 11.151650
58.500000 11.133316
58.600000 11.114997
58.700000 11.096693
58.800000 11.078404
58.900000 11.060131
59.000000 11.041872
59.100000 11.023629
59.200000 11.005400
59.300000 10.987187
59.400000 10.968989
59.500000 10.950806
59.600000 10.932638
59.700000 10.914485
59.800000 10.896347
59.900000 10.878224
60.000000 10.860116
60.100000 10.842023
60.200000 10.823946
60.300000 10.805883
60.400000 10.787836
60.500000 10.769804
60.600000 10.751786
60.700000 10.733784
60.800000 10.715797
60.900000 10.697825
61.000000 10.679868
61.100000 10.661927
61.200000 10.644000
61.300000 10.626088
61.400000 10.608192
61.500000 10.590310
61.600000 10.572444
61.700000 10.554592
61.800000 10.536756
61.900000 10.518935
62.000000 10.501129
62.100000 10.483338
62.200000 10.465562
62.300000 10.447801
62.400000 10.430056
62.500000 10.412325
62.600000 10.394609
62.700000 10.376909
62.800000 10.359223
62.900000 10.341553
63.000000 10.323898
63.100000 10.306258
63.200000 10.288633
63.300000 10.271023
63.400000 10.253428
63.500000 10.235848
63.600000 10.218283
63.700000 10.200734
63.800000 10.183199
63.900000 10.165680
64.000000 10.148175
64.100000 10.130686
64.200000 10.113212
64.300000 10.095753
64.400000 10.078308
64.500000 10.060879
64.600000 10.043466
64.700000 10.026067
64.800000 10.008683
64.900000 9.991314
65.000000 9.973961
65.100000 9.956622
65.200000 9.939299
65.300000 9.921991
65.400000 9.904697
65.500000 9.887419
65.600000 9.870156
65.700000 9.852908
65.800000 9.835675
65.900000 9.818458
66.000000 9.801255
66.100000 9.784067
66.200000 9.766895
66.300000 9.749737
66.400000 9.732595
66.500000 9.715467
66.600000 9.698355
66.700000 9.681258
66.800000 9.664176
66.900000 9.647109
67.000000 9.630057
67.100000 9.613020
67.200000 9.595999
67.300000 9.578992
67.400000 9.562000
67.500000 9.545024
67.600000 9.528063
67.700000 9.511116
67.800000 9.494185
67.900000 9.477269
68.000000 9.460368
68.100000 9.443482
68.200000 9.426611
68.300000 9.409755
68.400000 9.392914
68.500000 9.376089
68.600000 9.359278
68.700000 9.342483
68.800000 9.325702
68.900000 9.308937
69.000000 9.292187
69.100000 9.275452
69.200000 9.258732
69.300000 9.242027
69.400000 9.225337
69.500000 9.208662
69.600000 9.192002
69.700000 9.175358
69.800000 9.158728
69.900000 9.142114
70.000000 9.125514
70.100000 9.108930
70.200000 9.092361
70.300000 9.075807
70.400000 9.059268
70.500000 9.042744
70.600000 9.026235
70.700000 9.009741
70.800000 8.993262
70.900000 8.976799
71.000000 8.960350
71.100000 8.943917
71.200000 8.927498
71.300000 8.911095
71.400000 8.894707
71.500000 8.878333
71.600000 8.861975
71.700000 8.845632
71.800000 8.829305
71.900000 8.812992
72.000000 8.796694
72.100000 8.780411
72.200000 8.764144
72.300000 8.747891
72.400000 8.731654
72.500000 8.715432
72.600000 8.699225
72.700000 8.683032
72.800000 8.666855
72.900000 8.650693
73.000000 8.634547
73.100000 8.618415
73.200000 8.602298
73.300000 8.586196
73.400000 8.570110
73.500000 8.554038
73.600000 8.537982
73.700000 8.521941
73.800000 8.505914
73.900000 8.489903
74.000000 8.473907
74.100000 8.457926
74.200000 8.441960
74.300000 8.426010
74.400000 8.410074
74.500000 8.394153
74.600000 8.378248
74.700000 8.362357
74.800000 8.346482
74.900000 8.330622
75.000000 8.314776
75.100000 8.298946
75.200000 8.283131
75.300000 8.267331
75.400000 8.251546
75.500000 8.235777
75.600000 8.220022
75.700000 8.204282
75.800000 8.188558
75.900000 8.172848
76.000000 8.157154
76.100000 8.141475
76.200000 8.125810
76.300000 8.110161
76.400000 8.094527
76.500000 8.078908
76.600000 8.063304
76.700000 8.047716
76.800000 8.032142
76.900000 8.016583
77.000000 8.001040
77.100000 7.985511
77.200000 7.969998
77.300000 7.954500
77.400000 7.939016
77.500000 7.923548
77.600000 7.908095
77.700000 7.892657
77.800000 7.877234
77.900000 7.861827
78.000000 7.846434
78.100000 7.831056
78.200000 7.815694
78.300000 7.800346
78.400000 7.785014
78.500000 7.769697
78.600000 7.754394
78.700000 7.739107
78.800000 7.723835
78.900000 7.708578
79.000000 7.693336
79.100000 7.678110
79.200000 7.662898
79.300000 7.647701
79.400000 7.632520
79.500000 7.617353
79.600000 7.602202
79.700000 7.587066
79.800000 7.571944
79.900000 7.556838
80.000000 7.541747
80.100000 7.526671
80.200000 7.511611
80.300000 7.496565
80.400000 7.481534
80.500000 7.466518
80.600000 7.451518
80.700000 7.436532
80.800000 7.421562
80.900000 7.406607
81.000000 7.391667
81.100000 7.376741
81.200000 7.361831
81.300000 7.346936
81.400000 7.332057
81.500000 7.317192
81.600000 7.302342
81.700000 7.287507
81.800000 7.272688
81.900000 7.257883
82.000000 7.243094
82.100000 7.228320
82.200000 7.213561
82.300000 7.198817
82.400000 7.184088
82.500000 7.169374
82.600000 7.154675
82.700000 7.139991
82.800000 7.125322
82.900000 7.110669
83.000000 7.096030
83.100000 7.081407
83.200000 7.066798
83.300000 7.052205
83.400000 7.037627
83.500000 7.023064
83.600000 7.008516
83.700000 6.993983
83.800000 6.979465
83.900000 6.964962
84.000000 6.950474
84.100000 6.936002
84.200000 6.921544
84.300000 6.907102
84.400000 6.892674
84.500000 6.878262
84.600000 6.863865
84.700000 6.849483
84.800000 6.835116
84.900000 6.820764
85.000000 6.806427
85.100000 6.792105
85.200000 6.777798
85.300000 6.763507
85.400000 6.749230
85.500000 6.734969
85.600000 6.720723
85.700000 6.706491
85.800000 6.692275
85.900000 6.678074
86.000000 6.663888
86.100000 6.649717
86.200000 6.635561
86.300000 6.621420
86.400000 6.607295
86.500000 6.593184
86.600000 6.579089
86.700000 6.565008
86.800000 6.550943
86.900000 6.536892
87.000000 6.522857
87.100000 6.508837
87.200000 6.494832
87.300000 6.480842
87.400000 6.466867
87.500000 6.452908
87.600000 6.438963
87.700000 6.425033
87.800000 6.411119
87.900000 6.397219
88.000000 6.383335
88.100000 6.369466
88.200000 6.355611
88.300000 6.341772
88.400000 6.327948
88.500000 6.314139
88.600000 6.300346
88.700000 6.286567
88.800000 6.272803
88.900000 6.259054
89.000000 6.245321
89.100000 6.231603
89.200000 6.217899
89.300000 6.204211
89.400000 6.190538
89.500000 6.176880
89.600000 6.163237
89.700000 6.149609
89.800000 6.135996
89.900000 6.122398
90.000000 6.108815
90.100000 6.095248
90.200000 6.081695
90.300000 6.068158
90.400000 6.054635
90.500000 6.041128
90.600000 6.027636
90.700000 6.014159
90.800000 6.000697
90.900000 5.987250
91.000000 5.973818
91.100000 5.960401
91.200000 5.947000
91.300000 5.933613
91.400000 5.920241
91.500000 5.906885
91.600000 5.893544
91.700000 5.880217
91.800000 5.866906
91.900000 5.853610
92.000000 5.840329
92.100000 5.827063
92.200000 5.813812
92.300000 5.800577
92.400000 5.787356
92.500000 5.774150
92.600000 5.760960
92.700000 5.747784
92.800000 5.734624
92.900000 5.721479
93.000000 5.708349
93.100000 5.695233
93.200000 5.682133
93.300000 5.669049
93.400000 5.655979
93.500000 5.642924
93.600000 5.629884
93.700000 5.616860
93.800000 5.603850
93.900000 5.590856
94.000000 5.577876
94.100000 5.564912
94.200000 5.551963
94.300000 5.539029
94.400000 5.526110
94.500000 5.513206
94.600000 5.500317
94.700000 5.487443
94.800000 5.474585
94.900000 5.461741
95.000000 5.448912
95.100000 5.436099
95.200000 5.423301
95.300000 5.410517
95.400000 5.397749
95.500000 5.384996
95.600000 5.372258
95.700000 5.359535
95.800000 5.346827
95.900000 5.334135
96.000000 5.321457
96.100000 5.308794
96.200000 5.296147
96.300000 5.283514
96.400000 5.270897
96.500000 5.258295
96.600000 5.245708
96.700000 5.233136
96.800000 5.220579
96.900000 5.208037
97.000000 5.195510
97.100000 5.182998
97.200000 5.170501
97.300000 5.158020
97.400000 5.145553
97.500000 5.133102
97.600000 5.120665
97.700000 5.108244
97.800000 5.095838
97.900000 5.083447
98.000000 5.071071
98.100000 5.058710
98.200000 5.046364
98.300000 5.034033
98.400000 5.021718
98.500000 5.009417
98.600000 4.997132
98.700000 4.984861
98.800000 4.972606
98.900000 4.960366
99.000000 4.948140
99.100000 4.935930
99.200000 4.923735
99.300000 4.911555
99.400000 4.899391
99.500000 4.887241
99.600000 4.875106
99.700000 4.862987
99.800000 4.850882
99.900000 4.838793
100.000000 4.826718
100.100000 4.814659
100.200000 4.802615
100.300000 4.790586
100.400000 4.778572
100.500000 4.766573
100.600000 4.754589
100.700000 4.742620
100.800000 4.730667
100.900000 4.718728
101.000000 4.706805
101.100000 4.694896
101.200000 4.683003
101.300000 4.671124
101.400000 4.659261
101.500000 4.647413
101.600000 4.635580
101.700000 4.623762
101.800000 4.611959
101.900000 4.600172
102.000000 4.588399
102.100000 4.576641
102.200000 4.564899
102.300000 4.553172
102.400000 4.541459
102.500000 4.529762
102.600000 4.518080
102.700000 4.506413
102.800000 4.494761
102.900000 4.483124
103.000000 4.471502
103.100000 4.459895
103.200000 4.448304
103.300000 4.436727
103.400000 4.425165
103.500000 4.413619
103.600000 4.402088
103.700000 4.390571
103.800000 4.379070
103.900000 4.367584
104.000000 4.356113
104.100000 4.344657
104.200000 4.333217
104.300000 4.321791
104.400000 4.310380
104.500000 4.298985
104.600000 4.287604
104.700000 4.276239
104.800000 4.264888
104.900000 4.253553
105.000000 4.242233
105.100000 4.230928
105.200000 4.219638
105.300000 4.208363
105.400000 4.197103
105.500000 4.185858
105.600000 4.174629
105.700000 4.163414
105.800000 4.152215
105.900000 4.141030
106.000000 4.129861
106.100000 4.118707
106.200000 4.107567
106.300000 4.096443
106.400000 4.085334
106.500000 4.074240
106.600000 4.063162
106.700000 4.052098
106.800000 4.041049
106.900000 4.030016
107.000000 4.018997
107.100000 4.007994
107.200000 3.997005
107.300000 3.986032
107.400000 3.975074
107.500000 3.964131
107.600000 3.953203
107.700000 3.942290
107.800000 3.931392
107.900000 3.920509
108.000000 3.909642
108.100000 3.898789
108.200000 3.887952
108.300000 3.877129
108.400000 3.866322
108.500000 3.855530
108.600000 3.844753
108.700000 3.833991
108.800000 3.823244
108.900000 3.812512
109.000000 3.801795
109.100000 3.791093
109.200000 3.780406
109.300000 3.769735
109.400000 3.759078
109.500000 3.748437
109.600000 3.737811
109.700000 3.727199
109.800000 3.716603
109.900000 3.706022
110.000000 3.695456
110.100000 3.684905
110.200000 3.674369
110.300000 3.663849
110.400000 3.653343
110.500000 3.642853
110.600000 3.632377
110.700000 3.621917
110.800000 3.611471
110.900000 3.601041
111.000000 3.590626
111.100000 3.580226
111.200000 3.569841
111.300000 3.559471
111.400000 3.549116
111.500000 3.538776
111.600000 3.528452
111.700000 3.518142
111.800000 3.507848
111.900000 3.497568
112.000000 3.487304
112.100000 3.477055
112.200000 3.466821
112.300000 3.456602
112.400000 3.446398
112.500000 3.436209
112.600000 3.426035
112.700000 3.415876
112.800000 3.405732
112.900000 3.395604
113.000000 3.385490
113.100000 3.375392
113.200000 3.365309
113.300000 3.355240
113.400000 3.345187
113.500000 3.335149
113.600000 3.325126
113.700000 3.315118
113.800000 3.305126
113.900000 3.295148
114.000000 3.285185
114.100000 3.275238
114.200000 3.265305
114.300000 3.255388
114.400000 3.245485
114.500000 3.235598
114.600000 3.225726
114.700000 3.215869
114.800000 3.206027
114.900000 3.196200
115.000000 3.186388
115.100000 3.176592
115.200000 3.166810
115.300000 3.157043
115.400000 3.147292
115.500000 3.137555
115.600000 3.127834
115.700000 3.118128
115.800000 3.108437
115.900000 3.098761
116.000000 3.089100
116.100000 3.079454
116.200000 3.069823
116.300000 3.060207
116.400000 3.050607
116.500000 3.041021
116.600000 3.031451
116.700000 3.021895
116.800000 3.012355
116.900000 3.002830
117.000000 2.993320
117.100000 2.983824
117.200000 2.974344
117.300000 2.964880
117.400000 2.955430
117.500000 2.945995
117.600000 2.936575
117.700000 2.927171
117.800000 2.917781
117.900000 2.908407
118.000000 2.899048
118.100000 2.889703
118.200000 2.880374
118.300000 2.871060
118.400000 2.861761
118.500000 2.852477
118.600000 2.843209
118.700000 2.833955
118.800000 2.824716
118.900000 2.815493
119.000000 2.806284
119.100000 2.797091
119.200000 2.787912
119.300000 2.778749
119.400000 2.769601
119.500000 2.760468
119.600000 2.751350
119.700000 2.742247
119.800000 2.733159
119.900000 2.724087
120.000000 2.715029
120.100000 2.705986
120.200000 2.696959
120.300000 2.687947
120.400000 2.678949
120.500000 2.669967
120.600000 2.661000
120.700000 2.652048
120.800000 2.643111
120.900000 2.634189
121.000000 2.625282
121.100000 2.616391
121.200000 2.607514
121.300000 2.598652
121.400000 2.589806
121.500000 2.580974
121.600000 2.572158
121.700000 2.563357
121.800000 2.554571
121.900000 2.545800
122.000000 2.537044
122.100000 2.528303
122.200000 2.519577
122.300000 2.510866
122.400000 2.502171
122.500000 2.493490
122.600000 2.484825
122.700000 2.476174
122.800000 2.467539
122.900000 2.458919
123.000000 2.450314
123.100000 2.441724
123.200000 2.433149
123.300000 2.424589
123.400000 2.416044
123.500000 2.407514
123.600000 2.399000
123.700000 2.390500
123.800000 2.382016
123.900000 2.373546
124.000000 2.365092
124.100000 2.356653
124.200000 2.348229
124.300000 2.339820
124.400000 2.331426
124.500000 2.323047
124.600000 2.314683
124.700000 2.306334
124.800000 2.298001
124.900000 2.289682
125.000000 2.281379
125.100000 2.273090
125.200000 2.264817
125.300000 2.256559
125.400000 2.248316
125.500000 2.240087
125.600000 2.231875
125.700000 2.223677
125.800000 2.215494
125.900000 2.207326
126.000000 2.199174
126.100000 2.191036
126.200000 2.182914
126.300000 2.174806
126.400000 2.166714
126.500000 2.158637
126.600000 2.150575
126.700000 2.142527
126.800000 2.134495
126.900000 2.126479
127.000000 2.118477
127.100000 2.110490
127.200000 2.102518
127.300000 2.094562
127.400000 2.086620
127.500000 2.078694
127.600000 2.070783
127.700000 2.062887
127.800000 2.055005
127.900000 2.047139
128.000000 2.039288
128.100000 2.031453
128.200000 2.023632
128.300000 2.015826
128.400000 2.008035
128.500000 2.000260
128.600000 1.992499
128.700000 1.984754
128.800000 1.977024
128.900000 1.969309
129.000000 1.961608
129.100000 1.953923
129.200000 1.946253
129.300000 1.938599
129.400000 1.930959
129.500000 1.923334
129.600000 1.915724
129.700000 1.908130
129.800000 1.900550
129.900000 1.892986
130.000000 1.885437
130.100000 1.877903
130.200000 1.870384
130.300000 1.862879
130.400000 1.855391
130.500000 1.847917
130.600000 1.840458
130.700000 1.833014
130.800000 1.825586
130.900000 1.818172
131.000000 1.810774
131.100000 1.803390
131.200000 1.796022
131.300000 1.788669
131.400000 1.781331
131.500000 1.774008
131.600000 1.766700
131.700000 1.759407
131.800000 1.752129
131.900000 1.744866
132.000000 1.737619
132.100000 1.730386
132.200000 1.723169
132.300000 1.715966
132.400000 1.708779
132.500000 1.701607
132.600000 1.694450
132.700000 1.687308
132.800000 1.680181
132.900000 1.673069
133.000000 1.665972
133.100000 1.658890
133.200000 1.651824
133.300000 1.644772
133.400000 1.637736
133.500000 1.630714
133.600000 1.623708
133.700000 1.616717
133.800000 1.609741
133.900000 1.602780
134.000000 1.595834
134.100000 1.588903
134.200000 1.581987
134.300000 1.575086
134.400000 1.568201
134.500000 1.561330
134.600000 1.554475
134.700000 1.547634
134.800000 1.540809
134.900000 1.533999
135.000000 1.527204
135.100000 1.520424
135.200000 1.513659
135.300000 1.506909
135.400000 1.500174
135.500000 1.493455
135.600000 1.486750
135.700000 1.480060
135.800000 1.473386
135.900000 1.466727
136.000000 1.460082
136.100000 1.453453
136.200000 1.446839
136.300000 1.440240
136.400000 1.433656
136.500000 1.427087
136.600000 1.420533
136.700000 1.413995
136.800000 1.407471
136.900000 1.400963
137.000000 1.394469
137.100000 1.387991
137.200000 1.381527
137.300000 1.375079
137.400000 1.368646
137.500000 1.362228
137.600000 1.355825
137.700000 1.349437
137.800000 1.343065
137.900000 1.336707
138.000000 1.330364
138.100000 1.324037
138.200000 1.317724
138.300000 1.311427
138.400000 1.305145
138.500000 1.298877
138.600000 1.292625
138.700000 1.286388
138.800000 1.280166
138.900000 1.273960
139.000000 1.267768
139.100000 1.261591
139.200000 1.255429
139.300000 1.249283
139.400000 1.243151
139.500000 1.237035
139.600000 1.230934
139.700000 1.224848
139.800000 1.218777
139.900000 1.212721
140.000000 1.206680
140.100000 1.200654
140.200000 1.194643
140.300000 1.188647
140.400000 1.182667
140.500000 1.176701
140.600000 1.170751
140.700000 1.164815
140.800000 1.158895
140.900000 1.152990
141.000000 1.147100
141.100000 1.141225
141.200000 1.135365
141.300000 1.129520
141.400000 1.123690
141.500000 1.117875
141.600000 1.112076
141.700000 1.106291
141.800000 1.100522
141.900000 1.094768
142.000000 1.089028
142.100000 1.083304
142.200000 1.077595
142.300000 1.071901
142.400000 1.066222
142.500000 1.060558
142.600000 1.054909
142.700000 1.049276
142.800000 1.043657
142.900000 1.038054
143.000000 1.032465
143.100000 1.026892
143.200000 1.021334
143.300000 1.015790
143.400000 1.010262
143.500000 1.004749
143.600000 0.999251
143.700000 0.993769
143.800000 0.988301
143.900000 0.982848
144.000000 0.977410
144.100000 0.971988
144.200000 0.966581
144.300000 0.961188
144.400000 0.955811
144.500000 0.950449
144.600000 0.945102
144.700000 0.939770
144.800000 0.934453
144.900000 0.929151
145.000000 0.923864
145.100000 0.918592
145.200000 0.913336
145.300000 0.908094
145.400000 0.902868
145.500000 0.897656
145.600000 0.892460
145.700000 0.887279
145.800000 0.882113
145.900000 0.876962
146.000000 0.871826
146.100000 0.866705
146.200000 0.861599
146.300000 0.856509
146.400000 0.851433
146.500000 0.846373
146.600000 0.841327
146.700000 0.836297
146.800000 0.831282
146.900000 0.826281
147.000000 0.821296
147.100000 0.816326
147.200000 0.811371
147.300000 0.806431
147.400000 0.801507
147.500000 0.796597
147.600000 0.791702
147.700000 0.786823
147.800000 0.781959
147.900000 0.777109
148.000000 0.772275
148.100000 0.767456
148.200000 0.762652
148.300000 0.757863
148.400000 0.753089
148.500000 0.748330
148.600000 0.743586
148.700000 0.738857
148.800000 0.734144
148.900000 0.729445
149.000000 0.724762
149.100000 0.720094
149.200000 0.715440
149.300000 0.710802
149.400000 0.706179
149.500000 0.701571
149.600000 0.696978
149.700000 0.692400
149.800000 0.687838
149.900000 0.683290
150.000000 0.678757
150.100000 0.674240
150.200000 0.669737
150.300000 0.665250
150.400000 0.660778
150.500000 0.656321
150.600000 0.651878
150.700000 0.647451
150.800000 0.643040
150.900000 0.638643
151.000000 0.634261
151.100000 0.629894
151.200000 0.625543
151.300000 0.621206
151.400000 0.616885
151.500000 0.612578
151.600000 0.608287
151.700000 0.604011
151.800000 0.599750
151.900000 0.595504
152.000000 0.591273
152.100000 0.587057
152.200000 0.582856
152.300000 0.578671
152.400000 0.574500
152.500000 0.570345
152.600000 0.566204
152.700000 0.562079
152.800000 0.557969
152.900000 0.553873
153.000000 0.549793
153.100000 0.545728
153.200000 0.541678
153.300000 0.537644
153.400000 0.533624
153.500000 0.529619
153.600000 0.525630
153.700000 0.521655
153.800000 0.517696
153.900000 0.513751
154.000000 0.509822
154.100000 0.505908
154.200000 0.502009
154.300000 0.498125
154.400000 0.494256
154.500000 0.490402
154.600000 0.486563
154.700000 0.482740
154.800000 0.478931
154.900000 0.475138
155.000000 0.471359
155.100000 0.467596
155.200000 0.463848
155.300000 0.460114
155.400000 0.456396
155.500000 0.452693
155.600000 0.449005
155.700000 0.445333
155.800000 0.441675
155.900000 0.438032
156.000000 0.434405
156.100000 0.430792
156.200000 0.427195
156.300000 0.423612
156.400000 0.420045
156.500000 0.416493
156.600000 0.412956
156.700000 0.409434
156.800000 0.405927
156.900000 0.402435
157.000000 0.398958
157.100000 0.395497
157.200000 0.392050
157.300000 0.388619
157.400000 0.385202
157.500000 0.381801
157.600000 0.378415
157.700000 0.375044
157.800000 0.371687
157.900000 0.368346
158.000000 0.365021
158.100000 0.361710
158.200000 0.358414
158.300000 0.355133
158.400000 0.351868
158.500000 0.348617
158.600000 0.345382
158.700000 0.342162
158.800000 0.338956
158.900000 0.335766
159.000000 0.332591
159.100000 0.329431
159.200000 0.326286
159.300000 0.323156
159.400000 0.320042
159.500000 0.316942
159.600000 0.313857
159.700000 0.310788
159.800000 0.307733
159.900000 0.304694
160.000000 0.301670
160.100000 0.298661
160.200000 0.295667
160.300000 0.292688
160.400000 0.289724
160.500000 0.286775
160.600000 0.283841
160.700000 0.280923
160.800000 0.278019
160.900000 0.275130
161.000000 0.272257
161.100000 0.269399
161.200000 0.266556
161.300000 0.263727
161.400000 0.260914
161.500000 0.258116
161.600000 0.255333
161.700000 0.252566
161.800000 0.249813
161.900000 0.247075
162.000000 0.244353
162.100000 0.241645
162.200000 0.238953
162.300000 0.236275
162.400000 0.233613
162.500000 0.230966
162.600000 0.228334
162.700000 0.225717
162.800000 0.223115
162.900000 0.220528
163.000000 0.217956
163.100000 0.215400
163.200000 0.212858
163.300000 0.210332
163.400000 0.207820
163.500000 0.205324
163.600000 0.202843
163.700000 0.200377
163.800000 0.197926
163.900000 0.195490
164.000000 0.193069
164.100000 0.190663
164.200000 0.188272
164.300000 0.185897
164.400000 0.183536
164.500000 0.181190
164.600000 0.178860
164.700000 0.176545
164.800000 0.174245
164.900000 0.171959
165.000000 0.169689
165.100000 0.167434
165.200000 0.165194
165.300000 0.162970
165.400000 0.160760
165.500000 0.158565
165.600000 0.156386
165.700000 0.154221
165.800000 0.152072
165.900000 0.149937
166.000000 0.147818
166.100000 0.145714
166.200000 0.143625
166.300000 0.141551
166.400000 0.139492
166.500000 0.137448
166.600000 0.135420
166.700000 0.133406
166.800000 0.131407
166.900000 0.129424
167.000000 0.127456
167.100000 0.125502
167.200000 0.123564
167.300000 0.121641
167.400000 0.119733
167.500000 0.117840
167.600000 0.115962
167.700000 0.114099
167.800000 0.112251
167.900000 0.110419
168.000000 0.108601
168.100000 0.106799
168.200000 0.105011
168.300000 0.103239
168.400000 0.101482
168.500000 0.099740
168.600000 0.098013
168.700000 0.096301
168.800000 0.094604
168.900000 0.092922
169.000000 0.091255
169.100000 0.089603
169.200000 0.087967
169.300000 0.086345
169.400000 0.084739
169.500000 0.083148
169.600000 0.081572
169.700000 0.080010
169.800000 0.078464
169.900000 0.076933
170.000000 0.075417
170.100000 0.073917
170.200000 0.072431
170.300000 0.070960
170.400000 0.069505
170.500000 0.068064
170.600000 0.066639
170.700000 0.065229
170.800000 0.063833
170.900000 0.062453
171.000000 0.061088
171.100000 0.059738
171.200000 0.058403
171.300000 0.057083
171.400000 0.055779
171.500000 0.054489
171.600000 0.053215
171.700000 0.051955
171.800000 0.050711
171.900000 0.049481
172.000000 0.048267
172.100000 0.047068
172.200000 0.045884
172.300000 0.044715
172.400000 0.043561
172.500000 0.042422
172.600000 0.041299
172.700000 0.040190
172.800000 0.039096
172.900000 0.038018
173.000000 0.036955
173.100000 0.035906
173.200000 0.034873
173.300000 0.033855
173.400000 0.032852
173.500000 0.031864
173.600000 0.030891
173.700000 0.029933
173.800000 0.028990
173.900000 0.028063
174.000000 0.027150
174.100000 0.026253
174.200000 0.025370
174.300000 0.024503
174.400000 0.023651
174.500000 0.022814
174.600000 0.021992
174.700000 0.021185
174.800000 0.020393
174.900000 0.019616
175.000000 0.018854
175.100000 0.018108
175.200000 0.017376
175.300000 0.016660
175.400000 0.015958
175.500000 0.015272
175.600000 0.014601
175.700000 0.013945
175.800000 0.013304
175.900000 0.012678
176.000000 0.012067
176.100000 0.011471
176.200000 0.010890
176.300000 0.010325
176.400000 0.009774
176.500000 0.009239
176.600000 0.008718
176.700000 0.008213
176.800000 0.007723
176.900000 0.007248
177.000000 0.006788
177.100000 0.006343
177.200000 0.005913
177.300000 0.005498
177.400000 0.005098
177.500000 0.004714
177.600000 0.004344
177.700000 0.003990
177.800000 0.003650
177.900000 0.003326
178.000000 0.003017
178.100000 0.002723
178.200000 0.002444
178.300000 0.002180
178.400000 0.001931
178.500000 0.001697
178.600000 0.001478
178.700000 0.001275
178.800000 0.001086
178.900000 0.000913
179.000000 0.000754
179.100000 0.000611
179.200000 0.000483
179.300000 0.000370
179.400000 0.000272
179.500000 0.000189
179.600000 0.000121
179.700000 0.000068
179.800000 0.000030
179.900000 0.000008
180.000000 0.000000
