-180.000000 2.568476
-179.900000 2.576786
-179.800000 2.585076
-179.700000 2.593346
-179.600000 2.601595
-179.500000 2.609824
-179.400000 2.618033
-179.300000 2.626221
-179.200000 2.634389
-179.100000 2.642537
-179.000000 2.650665
-178.900000 2.658772
-178.800000 2.666859
-178.700000 2.674926
-178.600000 2.682972
-178.500000 2.690998
-178.400000 2.699004
-178.300000 2.706989
-178.200000 2.714954
-178.100000 2.722898
-178.000000 2.730822
-177.900000 2.738725
-177.800000 2.746609
-177.700000 2.754471
-177.600000 2.762314
-177.500000 2.770136
-177.400000 2.777937
-177.300000 2.785718
-177.200000 2.793479
-177.100000 2.801219
-177.000000 2.808939
-176.900000 2.816638
-176.800000 2.824317
-176.700000 2.831976
-176.600000 2.839614
-176.500000 2.847232
-176.400000 2.854829
-176.300000 2.862406
-176.200000 2.869963
-176.100000 2.877499
-176.000000 2.885015
-175.900000 2.892510
-175.800000 2.899985
-175.700000 2.907440
-175.600000 2.914874
-175.500000 2.922288
-175.400000 2.929681
-175.300000 2.937055
-175.200000 2.944407
-175.100000 2.951740
-175.000000 2.959052
-174.900000 2.966344
-174.800000 2.973616
-174.700000 2.980868
-174.600000 2.988099
-174.500000 2.995310
-174.400000 3.002500
-174.300000 3.009671
-174.200000 3.016821
-174.100000 3.023951
-174.000000 3.031061
-173.900000 3.038151
-173.800000 3.045221
-173.700000 3.052270
-173.600000 3.059300
-173.500000 3.066309
-173.400000 3.073298
-173.300000 3.080267
-173.200000 3.087216
-173.100000 3.094145
-173.000000 3.101055
-172.900000 3.107944
-172.800000 3.114813
-172.700000 3.121662
-172.600000 3.128491
-172.500000 3.135300
-172.400000 3.142090
-172.300000 3.148860
-172.200000 3.155609
-172.100000 3.162339
-172.000000 3.169049
-171.900000 3.175740
-171.800000 3.182410
-171.700000 3.189061
-171.600000 3.195692
-171.500000 3.202304
-171.400000 3.208895
-171.300000 3.215468
-171.200000 3.222020
-171.100000 3.228553
-171.000000 3.235066
-170.900000 3.241560
-170.800000 3.248035
-170.700000 3.254489
-170.600000 3.260925
-170.500000 3.267341
-170.400000 3.273737
-170.300000 3.280114
-170.200000 3.286472
-170.100000 3.292811
-170.000000 3.299130
-169.900000 3.305430
-169.800000 3.311710
-169.700000 3.317972
-169.600000 3.324214
-169.500000 3.330437
-169.400000 3.336641
-169.300000 3.342826
-169.200000 3.348992
-169.100000 3.355138
-169.000000 3.361266
-168.900000 3.367375
-168.800000 3.373464
-168.700000 3.379535
-168.600000 3.385587
-168.500000 3.391620
-168.400000 3.397635
-168.300000 3.403630
-168.200000 3.409607
-168.100000 3.415565
-168.000000 3.421504
-167.900000 3.427425
-167.800000 3.433327
-167.700000 3.439210
-167.600000 3.445075
-167.500000 3.450921
-167.400000 3.456749
-167.300000 3.462558
-167.200000 3.468349
-167.100000 3.474121
-167.000000 3.479876
-166.900000 3.485611
-166.800000 3.491329
-166.700000 3.497028
-166.600000 3.502709
-166.500000 3.508371
-166.400000 3.514016
-166.300000 3.519642
-166.200000 3.525251
-166.100000 3.530841
-166.000000 3.536413
-165.900000 3.541967
-165.800000 3.547503
-165.700000 3.553022
-165.600000 3.558522
-165.500000 3.564005
-165.400000 3.569470
-165.300000 3.574916
-165.200000 3.580346
-165.100000 3.585757
-165.000000 3.591151
-164.900000 3.596527
-164.800000 3.601886
-164.700000 3.607227
-164.600000 3.612550
-164.500000 3.617856
-164.400000 3.623145
-164.300000 3.628416
-164.200000 3.633670
-164.100000 3.638906
-164.000000 3.644126
-163.900000 3.649327
-163.800000 3.654512
-163.700000 3.659679
-163.600000 3.664830
-163.500000 3.669963
-163.400000 3.675079
-163.300000 3.680178
-163.200000 3.685260
-163.100000 3.690325
-163.000000 3.695373
-162.900000 3.700404
-162.800000 3.705419
-162.700000 3.710416
-162.600000 3.715397
-162.500000 3.720361
-162.400000 3.725309
-162.300000 3.730239
-162.200000 3.735153
-162.100000 3.740051
-162.000000 3.744932
-161.900000 3.749796
-161.800000 3.754644
-161.700000 3.759476
-161.600000 3.764291
-161.500000 3.769090
-161.400000 3.773872
-161.300000 3.778638
-161.200000 3.783388
-161.100000 3.788122
-161.000000 3.792840
-160.900000 3.797541
-160.800000 3.802227
-160.700000 3.806896
-160.600000 3.811550
-160.500000 3.816187
-160.400000 3.820808
-160.300000 3.825414
-160.200000 3.830004
-160.100000 3.834578
-160.000000 3.839136
-159.900000 3.843679
-159.800000 3.848205
-159.700000 3.852717
-159.600000 3.857212
-159.500000 3.861692
-159.400000 3.866157
-159.300000 3.870605
-159.200000 3.875039
-159.100000 3.879457
-159.000000 3.883860
-158.900000 3.888247
-158.800000 3.892619
-158.700000 3.896976
-158.600000 3.901318
-158.500000 3.905644
-158.400000 3.909956
-158.300000 3.914252
-158.200000 3.918533
-158.100000 3.922799
-158.000000 3.927051
-157.900000 3.931287
-157.800000 3.935508
-157.700000 3.939715
-157.600000 3.943906
-157.500000 3.948083
-157.400000 3.952246
-157.300000 3.956393
-157.200000 3.960526
-157.100000 3.964644
-157.000000 3.968748
-156.900000 3.972837
-156.800000 3.976911
-156.700000 3.980972
-156.600000 3.985017
-156.500000 3.989049
-156.400000 3.993066
-156.300000 3.997068
-156.200000 4.001057
-156.100000 4.005031
-156.000000 4.008991
-155.900000 4.012937
-155.800000 4.016869
-155.700000 4.020786
-155.600000 4.024690
-155.500000 4.028580
-155.400000 4.032456
-155.300000 4.036317
-155.200000 4.040165
-155.100000 4.043999
-155.000000 4.047820
-154.900000 4.051626
-154.800000 4.055419
-154.700000 4.059199
-154.600000 4.062964
-154.500000 4.066716
-154.400000 4.070454
-154.300000 4.074179
-154.200000 4.077891
-154.100000 4.081589
-154.000000 4.085273
-153.900000 4.088944
-153.800000 4.092602
-153.700000 4.096247
-153.600000 4.099878
-153.500000 4.103496
-153.400000 4.107101
-153.300000 4.110693
-153.200000 4.114272
-153.100000 4.117838
-153.000000 4.121390
-152.900000 4.124930
-152.800000 4.128457
-152.700000 4.131971
-152.600000 4.135472
-152.500000 4.138960
-152.400000 4.142435
-152.300000 4.145898
-152.200000 4.149348
-152.100000 4.152785
-152.000000 4.156209
-151.900000 4.159621
-151.800000 4.163021
-151.700000 4.166408
-151.600000 4.169782
-151.500000 4.173144
-151.400000 4.176494
-151.300000 4.179831
-151.200000 4.183156
-151.100000 4.186468
-151.000000 4.189769
-150.900000 4.193057
-150.800000 4.196333
-150.700000 4.199597
-150.600000 4.202848
-150.500000 4.206088
-150.400000 4.209315
-150.300000 4.212531
-150.200000 4.215734
-150.100000 4.218926
-150.000000 4.222106
-149.900000 4.225274
-149.800000 4.228430
-149.700000 4.231574
-149.600000 4.234707
-149.500000 4.237828
-149.400000 4.240937
-149.300000 4.244035
-149.200000 4.247121
-149.100000 4.250195
-149.000000 4.253258
-148.900000 4.256309
-148.800000 4.259349
-148.700000 4.262378
-148.600000 4.265395
-148.500000 4.268401
-148.400000 4.271395
-148.300000 4.274379
-148.200000 4.277351
-148.100000 4.280312
-148.000000 4.283261
-147.900000 4.286200
-147.800000 4.289127
-147.700000 4.292044
-147.600000 4.294949
-147.500000 4.297843
-147.400000 4.300727
-147.300000 4.303599
-147.200000 4.306461
-147.100000 4.309312
-147.000000 4.312152
-146.900000 4.314981
-146.800000 4.317799
-146.700000 4.320607
-146.600000 4.323404
-146.500000 4.326191
-146.400000 4.328967
-146.300000 4.331732
-146.200000 4.334487
-146.100000 4.337231
-146.000000 4.339965
-145.900000 4.342688
-145.800000 4.345401
-145.700000 4.348104
-145.600000 4.350796
-145.500000 4.353478
-145.400000 4.356149
-145.300000 4.358811
-145.200000 4.361462
-145.100000 4.364103
-145.000000 4.366734
-144.900000 4.369355
-144.800000 4.371966
-144.700000 4.374567
-144.600000 4.377158
-144.500000 4.379739
-144.400000 4.382310
-144.300000 4.384871
-144.200000 4.387422
-144.100000 4.389963
-144.000000 4.392495
-143.900000 4.395017
-143.800000 4.397529
-143.700000 4.400031
-143.600000 4.402524
-143.500000 4.405007
-143.400000 4.407481
-143.300000 4.409945
-143.200000 4.412399
-143.100000 4.414844
-143.000000 4.417279
-142.900000 4.419705
-142.800000 4.422122
-142.700000 4.424529
-142.600000 4.426927
-142.500000 4.429315
-142.400000 4.431695
-142.300000 4.434065
-142.200000 4.436426
-142.100000 4.438777
-142.000000 4.441120
-141.900000 4.443453
-141.800000 4.445777
-141.700000 4.448093
-141.600000 4.450399
-141.500000 4.452696
-141.400000 4.454984
-141.300000 4.457263
-141.200000 4.459534
-141.100000 4.461795
-141.000000 4.464048
-140.900000 4.466292
-140.800000 4.468527
-140.700000 4.470753
-140.600000 4.472971
-140.500000 4.475180
-140.400000 4.477380
-140.300000 4.479571
-140.200000 4.481754
-140.100000 4.483929
-140.000000 4.486095
-139.900000 4.488252
-139.800000 4.490401
-139.700000 4.492541
-139.600000 4.494673
-139.500000 4.496797
-139.400000 4.498912
-139.300000 4.501019
-139.200000 4.503118
-139.100000 4.505208
-139.000000 4.507290
-138.900000 4.509364
-138.800000 4.511430
-138.700000 4.513487
-138.600000 4.515537
-138.500000 4.517578
-138.400000 4.519611
-138.300000 4.521636
-138.200000 4.523653
-138.100000 4.525663
-138.000000 4.527664
-137.900000 4.529657
-137.800000 4.531642
-137.700000 4.533620
-137.600000 4.535589
-137.500000 4.537551
-137.400000 4.539505
-137.300000 4.541451
-137.200000 4.543390
-137.100000 4.545321
-137.000000 4.547244
-136.900000 4.549159
-136.800000 4.551067
-136.700000 4.552967
-136.600000 4.554860
-136.500000 4.556745
-136.400000 4.558623
-136.300000 4.560493
-136.200000 4.562355
-136.100000 4.564210
-136.000000 4.566058
-135.900000 4.567899
-135.800000 4.569732
-135.700000 4.571557
-135.600000 4.573376
-135.500000 4.575187
-135.400000 4.576991
-135.300000 4.578787
-135.200000 4.580577
-135.100000 4.582359
-135.000000 4.584134
-134.900000 4.585902
-134.800000 4.587663
-134.700000 4.589416
-134.600000 4.591163
-134.500000 4.592903
-134.400000 4.594636
-134.300000 4.596361
-134.200000 4.598080
-134.100000 4.599792
-134.000000 4.601497
-133.900000 4.603195
-133.800000 4.604887
-133.700000 4.606571
-133.600000 4.608249
-133.500000 4.609920
-133.400000 4.611584
-133.300000 4.613241
-133.200000 4.614892
-133.100000 4.616536
-133.000000 4.618174
-132.900000 4.619804
-132.800000 4.621429
-132.700000 4.623046
-132.600000 4.624657
-132.500000 4.626262
-132.400000 4.627860
-132.300000 4.629452
-132.200000 4.631037
-132.100000 4.632616
-132.000000 4.634188
-131.900000 4.635754
-131.800000 4.637313
-131.700000 4.638867
-131.600000 4.640414
-131.500000 4.641954
-131.400000 4.643489
-131.300000 4.645017
-131.200000 4.646539
-131.100000 4.648055
-131.000000 4.649564
-130.900000 4.651068
-130.800000 4.652565
-130.700000 4.654056
-130.600000 4.655541
-130.500000 4.657020
-130.400000 4.658493
-130.300000 4.659960
-130.200000 4.661421
-130.100000 4.662877
-130.000000 4.664326
-129.900000 4.665769
-129.800000 4.667206
-129.700000 4.668638
-129.600000 4.670063
-129.500000 4.671483
-129.400000 4.672897
-129.300000 4.674305
-129.200000 4.675707
-129.100000 4.677104
-129.000000 4.678495
-128.900000 4.679880
-128.800000 4.681260
-128.700000 4.682634
-128.600000 4.684002
-128.500000 4.685364
-128.400000 4.686721
-128.300000 4.688073
-128.200000 4.689419
-128.100000 4.690759
-128.000000 4.692094
-127.900000 4.693423
-127.800000 4.694747
-127.700000 4.696066
-127.600000 4.697379
-127.500000 4.698686
-127.400000 4.699989
-127.300000 4.701286
-127.200000 4.702577
-127.100000 4.703863
-127.000000 4.705144
-126.900000 4.706420
-126.800000 4.707690
-126.700000 4.708955
-126.600000 4.710215
-126.500000 4.711470
-126.400000 4.712719
-126.300000 4.713963
-126.200000 4.715203
-126.100000 4.716437
-126.000000 4.717666
-125.900000 4.718890
-125.800000 4.720108
-125.700000 4.721322
-125.600000 4.722531
-125.500000 4.723734
-125.400000 4.724933
-125.300000 4.726127
-125.200000 4.727316
-125.100000 4.728500
-125.000000 4.729679
-124.900000 4.730853
-124.800000 4.732022
-124.700000 4.733186
-124.600000 4.734346
-124.500000 4.735500
-124.400000 4.736650
-124.300000 4.737795
-124.200000 4.738936
-124.100000 4.740071
-124.000000 4.741202
-123.900000 4.742328
-123.800000 4.743450
-123.700000 4.744566
-123.600000 4.745679
-123.500000 4.746786
-123.400000 4.747889
-123.300000 4.748987
-123.200000 4.750081
-123.100000 4.751170
-123.000000 4.752255
-122.900000 4.753335
-122.800000 4.754410
-122.700000 4.755481
-122.600000 4.756548
-122.500000 4.757610
-122.400000 4.758668
-122.300000 4.759721
-122.200000 4.760770
-122.100000 4.761815
-122.000000 4.762855
-121.900000 4.763890
-121.800000 4.764922
-121.700000 4.765949
-121.600000 4.766972
-121.500000 4.767990
-121.400000 4.769004
-121.300000 4.770014
-121.200000 4.771020
-121.100000 4.772022
-121.000000 4.773019
-120.900000 4.774012
-120.800000 4.775001
-120.700000 4.775986
-120.600000 4.776967
-120.500000 4.777943
-120.400000 4.778916
-120.300000 4.779884
-120.200000 4.780848
-120.100000 4.781809
-120.000000 4.782765
-119.900000 4.783717
-119.800000 4.784665
-119.700000 4.785609
-119.600000 4.786549
-119.500000 4.787486
-119.400000 4.788418
-119.300000 4.789346
-119.200000 4.790271
-119.100000 4.791191
-119.000000 4.792108
-118.900000 4.793021
-118.800000 4.793930
-118.700000 4.794835
-118.600000 4.795736
-118.500000 4.796634
-118.400000 4.797527
-118.300000 4.798417
-118.200000 4.799303
-118.100000 4.800186
-118.000000 4.801064
-117.900000 4.801939
-117.800000 4.802811
-117.700000 4.803678
-117.600000 4.804542
-117.500000 4.805402
-117.400000 4.806259
-117.300000 4.807112
-117.200000 4.807961
-117.100000 4.808807
-117.000000 4.809649
-116.900000 4.810488
-116.800000 4.811323
-116.700000 4.812154
-116.600000 4.812982
-116.500000 4.813807
-116.400000 4.814627
-116.300000 4.815445
-116.200000 4.816259
-116.100000 4.817069
-116.000000 4.817877
-115.900000 4.818680
-115.800000 4.819480
-115.700000 4.820277
-115.600000 4.821071
-115.500000 4.821861
-115.400000 4.822647
-115.300000 4.823431
-115.200000 4.824211
-115.100000 4.824987
-115.000000 4.825761
-114.900000 4.826531
-114.800000 4.827298
-114.700000 4.828061
-114.600000 4.828822
-114.500000 4.829579
-114.400000 4.830332
-114.300000 4.831083
-114.200000 4.831830
-114.100000 4.832575
-114.000000 4.833316
-113.900000 4.834054
-113.800000 4.834788
-113.700000 4.835520
-113.600000 4.836248
-113.500000 4.836974
-113.400000 4.837696
-113.300000 4.838415
-113.200000 4.839131
-113.100000 4.839844
-113.000000 4.840554
-112.900000 4.841261
-112.800000 4.841965
-112.700000 4.842666
-112.600000 4.843363
-112.500000 4.844058
-112.400000 4.844750
-112.300000 4.845439
-112.200000 4.846125
-112.100000 4.846808
-112.000000 4.847488
-111.900000 4.848165
-111.800000 4.848840
-111.700000 4.849511
-111.600000 4.850180
-111.500000 4.850845
-111.400000 4.851508
-111.300000 4.852168
-111.200000 4.852825
-111.100000 4.853479
-111.000000 4.854131
-110.900000 4.854779
-110.800000 4.855425
-110.700000 4.856068
-110.600000 4.856709
-110.500000 4.857346
-110.400000 4.857981
-110.300000 4.858613
-110.200000 4.859243
-110.100000 4.859869
-110.000000 4.860493
-109.900000 4.861115
-109.800000 4.861733
-109.700000 4.862349
-109.600000 4.862962
-109.500000 4.863573
-109.400000 4.864181
-109.300000 4.864786
-109.200000 4.865389
-109.100000 4.865989
-109.000000 4.866587
-108.900000 4.867182
-108.800000 4.867774
-108.700000 4.868364
-108.600000 4.868951
-108.500000 4.869536
-108.400000 4.870118
-108.300000 4.870698
-108.200000 4.871275
-108.100000 4.871850
-108.000000 4.872422
-107.900000 4.872992
-107.800000 4.873560
-107.700000 4.874124
-107.600000 4.874687
-107.500000 4.875247
-107.400000 4.875804
-107.300000 4.876359
-107.200000 4.876912
-107.100000 4.877462
-107.000000 4.878010
-106.900000 4.878556
-106.800000 4.879099
-106.700000 4.879640
-106.600000 4.880179
-106.500000 4.880715
-106.400000 4.881249
-106.300000 4.881780
-106.200000 4.882309
-106.100000 4.882836
-106.000000 4.883361
-105.900000 4.883883
-105.800000 4.884403
-105.700000 4.884921
-105.600000 4.885437
-105.500000 4.885950
-105.400000 4.886461
-105.300000 4.886970
-105.200000 4.887477
-105.100000 4.887981
-105.000000 4.888483
-104.900000 4.888984
-104.800000 4.889481
-104.700000 4.889977
-104.600000 4.890471
-104.500000 4.890962
-104.400000 4.891452
-104.300000 4.891939
-104.200000 4.892424
-104.100000 4.892907
-104.000000 4.893387
-103.900000 4.893866
-103.800000 4.894343
-103.700000 4.894817
-103.600000 4.895290
-103.500000 4.895760
-103.400000 4.896229
-103.300000 4.896695
-103.200000 4.897159
-103.100000 4.897622
-103.000000 4.898082
-102.900000 4.898540
-102.800000 4.898996
-102.700000 4.899451
-102.600000 4.899903
-102.500000 4.900353
-102.400000 4.900801
-102.300000 4.901248
-102.200000 4.901692
-102.100000 4.902135
-102.000000 4.902575
-101.900000 4.903014
-101.800000 4.903451
-101.700000 4.903885
-101.600000 4.904318
-101.500000 4.904749
-101.400000 4.905178
-101.300000 4.905605
-101.200000 4.906031
-101.100000 4.906454
-101.000000 4.906876
-100.900000 4.907296
-100.800000 4.907714
-100.700000 4.908130
-100.600000 4.908544
-100.500000 4.908956
-100.400000 4.909367
-100.300000 4.909776
-100.200000 4.910183
-100.100000 4.910588
-100.000000 4.910992
-99.900000 4.911393
-99.800000 4.911793
-99.700000 4.912191
-99.600000 4.912588
-99.500000 4.912983
-99.400000 4.913376
-99.300000 4.913767
-99.200000 4.914156
-99.100000 4.914544
-99.000000 4.914930
-98.900000 4.915315
-98.800000 4.915697
-98.700000 4.916078
-98.600000 4.916458
-98.500000 4.916835
-98.400000 4.917211
-98.300000 4.917586
-98.200000 4.917958
-98.100000 4.918330
-98.000000 4.918699
-97.900000 4.919067
-97.800000 4.919433
-97.700000 4.919798
-97.600000 4.920161
-97.500000 4.920522
-97.400000 4.920882
-97.300000 4.921240
-97.200000 4.921596
-97.100000 4.921952
-97.000000 4.922305
-96.900000 4.922657
-96.800000 4.923007
-96.700000 4.923356
-96.600000 4.923703
-96.500000 4.924049
-96.400000 4.924393
-96.300000 4.924736
-96.200000 4.925077
-96.100000 4.925417
-96.000000 4.925755
-95.900000 4.926092
-95.800000 4.926427
-95.700000 4.926761
-95.600000 4.927093
-95.500000 4.927424
-95.400000 4.927753
-95.300000 4.928081
-95.200000 4.928407
-95.100000 4.928732
-95.000000 4.929056
-94.900000 4.929378
-94.800000 4.929698
-94.700000 4.930018
-94.600000 4.930335
-94.500000 4.930652
-94.400000 4.930967
-94.300000 4.931280
-94.200000 4.931593
-94.100000 4.931903
-94.000000 4.932213
-93.900000 4.932521
-93.800000 4.932828
-93.700000 4.933133
-93.600000 4.933437
-93.500000 4.933740
-93.400000 4.934041
-93.300000 4.934341
-93.200000 4.934640
-93.100000 4.934937
-93.000000 4.935233
-92.900000 4.935528
-92.800000 4.935821
-92.700000 4.936113
-92.600000 4.936404
-92.500000 4.936693
-92.400000 4.936982
-92.300000 4.937269
-92.200000 4.937554
-92.100000 4.937839
-92.000000 4.938122
-91.900000 4.938404
-91.800000 4.938684
-91.700000 4.938964
-91.600000 4.939242
-91.500000 4.939519
-91.400000 4.939794
-91.300000 4.940069
-91.200000 4.940342
-91.100000 4.940614
-91.000000 4.940885
-90.900000 4.941154
-90.800000 4.941422
-90.700000 4.941690
-90.600000 4.941956
-90.500000 4.942220
-90.400000 4.942484
-90.300000 4.942746
-90.200000 4.943008
-90.100000 4.943268
-90.000000 4.943527
-89.900000 4.943785
-89.800000 4.944041
-89.700000 4.944297
-89.600000 4.944551
-89.500000 4.944804
-89.400000 4.945056
-89.300000 4.945307
-89.200000 4.945557
-89.100000 4.945806
-89.000000 4.946053
-88.900000 4.946300
-88.800000 4.946545
-88.700000 4.946790
-88.600000 4.947033
-88.500000 4.947275
-88.400000 4.947516
-88.300000 4.947756
-88.200000 4.947995
-88.100000 4.948233
-88.000000 4.948470
-87.900000 4.948705
-87.800000 4.948940
-87.700000 4.949174
-87.600000 4.949406
-87.500000 4.949638
-87.400000 4.949868
-87.300000 4.950098
-87.200000 4.950326
-87.100000 4.950553
-87.000000 4.950780
-86.900000 4.951005
-86.800000 4.951229
-86.700000 4.951453
-86.600000 4.951675
-86.500000 4.951897
-86.400000 4.952117
-86.300000 4.952336
-86.200000 4.952555
-86.100000 4.952772
-86.000000 4.952989
-85.900000 4.953204
-85.800000 4.953419
-85.700000 4.953632
-85.600000 4.953845
-85.500000 4.954056
-85.400000 4.954267
-85.300000 4.954477
-85.200000 4.954686
-85.100000 4.954893
-85.000000 4.955100
-84.900000 4.955306
-84.800000 4.955511
-84.700000 4.955716
-84.600000 4.955919
-84.500000 4.956121
-84.400000 4.956322
-84.300000 4.956523
-84.200000 4.956723
-84.100000 4.956921
-84.000000 4.957119
-83.900000 4.957316
-83.800000 4.957512
-83.700000 4.957707
-83.600000 4.957902
-83.500000 4.958095
-83.400000 4.958287
-83.300000 4.958479
-83.200000 4.958670
-83.100000 4.958860
-83.000000 4.959049
-82.900000 4.959237
-82.800000 4.959425
-82.700000 4.959611
-82.600000 4.959797
-82.500000 4.959982
-82.400000 4.960166
-82.300000 4.960349
-82.200000 4.960531
-82.100000 4.960713
-82.000000 4.960894
-81.900000 4.961074
-81.800000 4.961253
-81.700000 4.961431
-81.600000 4.961609
-81.500000 4.961785
-81.400000 4.961961
-81.300000 4.962136
-81.200000 4.962311
-81.100000 4.962484
-81.000000 4.962657
-80.900000 4.962829
-80.800000 4.963000
-80.700000 4.963171
-80.600000 4.963340
-80.500000 4.963509
-80.400000 4.963677
-80.300000 4.963845
-80.200000 4.964011
-80.100000 4.964177
-80.000000 4.964342
-79.900000 4.964507
-79.800000 4.964670
-79.700000 4.964833
-79.600000 4.964995
-79.500000 4.965157
-79.400000 4.965317
-79.300000 4.965477
-79.200000 4.965637
-79.100000 4.965795
-79.000000 4.965953
-78.900000 4.966110
-78.800000 4.966266
-78.700000 4.966422
-78.600000 4.966577
-78.500000 4.966731
-78.400000 4.966885
-78.300000 4.967038
-78.200000 4.967190
-78.100000 4.967341
-78.000000 4.967492
-77.900000 4.967642
-77.800000 4.967792
-77.700000 4.967941
-77.600000 4.968089
-77.500000 4.968236
-77.400000 4.968383
-77.300000 4.968529
-77.200000 4.968674
-77.100000 4.968819
-77.000000 4.968963
-76.900000 4.969107
-76.800000 4.969249
-76.700000 4.969392
-76.600000 4.969533
-76.500000 4.969674
-76.400000 4.969814
-76.300000 4.969954
-76.200000 4.970093
-76.100000 4.970231
-76.000000 4.970369
-75.900000 4.970506
-75.800000 4.970642
-75.700000 4.970778
-75.600000 4.970913
-75.500000 4.971048
-75.400000 4.971182
-75.300000 4.971315
-75.200000 4.971448
-75.100000 4.971580
-75.000000 4.971712
-74.900000 4.971843
-74.800000 4.971973
-74.700000 4.972103
-74.600000 4.972232
-74.500000 4.972361
-74.400000 4.972489
-74.300000 4.972616
-74.200000 4.972743
-74.100000 4.972869
-74.000000 4.972995
-73.900000 4.973120
-73.800000 4.973245
-73.700000 4.973369
-73.600000 4.973492
-73.500000 4.973615
-73.400000 4.973738
-73.300000 4.973859
-73.200000 4.973980
-73.100000 4.974101
-73.000000 4.974221
-72.900000 4.974341
-72.800000 4.974460
-72.700000 4.974578
-72.600000 4.974696
-72.500000 4.974814
-72.400000 4.974930
-72.300000 4.975047
-72.200000 4.975163
-72.100000 4.975278
-72.000000 4.975393
-71.900000 4.975507
-71.800000 4.975621
-71.700000 4.975734
-71.600000 4.975846
-71.500000 4.975959
-71.400000 4.976070
-71.300000 4.976181
-71.200000 4.976292
-71.100000 4.976402
-71.000000 4.976512
-70.900000 4.976621
-70.800000 4.976729
-70.700000 4.976838
-70.600000 4.976945
-70.500000 4.977052
-70.400000 4.977159
-70.300000 4.977265
-70.200000 4.977371
-70.100000 4.977476
-70.000000 4.977581
-69.900000 4.977685
-69.800000 4.977789
-69.700000 4.977892
-69.600000 4.977995
-69.500000 4.978097
-69.400000 4.978199
-69.300000 4.978300
-69.200000 4.978401
-69.100000 4.978502
-69.000000 4.978602
-68.900000 4.978701
-68.800000 4.978801
-68.700000 4.978899
-68.600000 4.978997
-68.500000 4.979095
-68.400000 4.979192
-68.300000 4.979289
-68.200000 4.979386
-68.100000 4.979482
-68.000000 4.979577
-67.900000 4.979672
-67.800000 4.979767
-67.700000 4.979861
-67.600000 4.979955
-67.500000 4.980048
-67.400000 4.980141
-67.300000 4.980234
-67.200000 4.980326
-67.100000 4.980418
-67.000000 4.980509
-66.900000 4.980600
-66.800000 4.980690
-66.700000 4.980780
-66.600000 4.980870
-66.500000 4.980959
-66.400000 4.981048
-66.300000 4.981136
-66.200000 4.981224
-66.100000 4.981312
-66.000000 4.981399
-65.900000 4.981485
-65.800000 4.981572
-65.700000 4.981658
-65.600000 4.981743
-65.500000 4.981829
-65.400000 4.981913
-65.300000 4.981998
-65.200000 4.982082
-65.100000 4.982165
-65.000000 4.982249
-64.900000 4.982331
-64.800000 4.982414
-64.700000 4.982496
-64.600000 4.982578
-64.500000 4.982659
-64.400000 4.982740
-64.300000 4.982821
-64.200000 4.982901
-64.100000 4.982981
-64.000000 4.983060
-63.900000 4.983139
-63.800000 4.983218
-63.700000 4.983296
-63.600000 4.983374
-63.500000 4.983452
-63.400000 4.983529
-63.300000 4.983606
-63.200000 4.983683
-63.100000 4.983759
-63.000000 4.983835
-62.900000 4.983911
-62.800000 4.983986
-62.700000 4.984061
-62.600000 4.984135
-62.500000 4.984210
-62.400000 4.984283
-62.300000 4.984357
-62.200000 4.984430
-62.100000 4.984503
-62.000000 4.984575
-61.900000 4.984648
-61.800000 4.984719
-61.700000 4.984791
-61.600000 4.984862
-61.500000 4.984933
-61.400000 4.985003
-61.300000 4.985074
-61.200000 4.985143
-61.100000 4.985213
-61.000000 4.985282
-60.900000 4.985351
-60.800000 4.985420
-60.700000 4.985488
-60.600000 4.985556
-60.500000 4.985623
-60.400000 4.985691
-60.300000 4.985758
-60.200000 4.985825
-60.100000 4.985891
-60.000000 4.985957
-59.900000 4.986023
-59.800000 4.986088
-59.700000 4.986153
-59.600000 4.986218
-59.500000 4.986283
-59.400000 4.986347
-59.300000 4.986411
-59.200000 4.986475
-59.100000 4.986538
-59.000000 4.986601
-58.900000 4.986664
-58.800000 4.986727
-58.700000 4.986789
-58.600000 4.986851
-58.500000 4.986913
-58.400000 4.986974
-58.300000 4.987035
-58.200000 4.987096
-58.100000 4.987156
-58.000000 4.987217
-57.900000 4.987277
-57.800000 4.987336
-57.700000 4.987396
-57.600000 4.987455
-57.500000 4.987514
-57.400000 4.987572
-57.300000 4.987631
-57.200000 4.987689
-57.100000 4.987746
-57.000000 4.987804
-56.900000 4.987861
-56.800000 4.987918
-56.700000 4.987975
-56.600000 4.988031
-56.500000 4.988088
-56.400000 4.988144
-56.300000 4.988199
-56.200000 4.988255
-56.100000 4.988310
-56.000000 4.988365
-55.900000 4.988419
-55.800000 4.988474
-55.700000 4.988528
-55.600000 4.988582
-55.500000 4.988635
-55.400000 4.988689
-55.300000 4.988742
-55.200000 4.988795
-55.100000 4.988848
-55.000000 4.988900
-54.900000 4.988952
-54.800000 4.989004
-54.700000 4.989056
-54.600000 4.989107
-54.500000 4.989159
-54.400000 4.989210
-54.300000 4.989260
-54.200000 4.989311
-54.100000 4.989361
-54.000000 4.989411
-53.900000 4.989461
-53.800000 4.989510
-53.700000 4.989560
-53.600000 4.989609
-53.500000 4.989658
-53.400000 4.989706
-53.300000 4.989755
-53.200000 4.989803
-53.100000 4.989851
-53.000000 4.989899
-52.900000 4.989946
-52.800000 4.989994
-52.700000 4.990041
-52.600000 4.990088
-52.500000 4.990134
-52.400000 4.990181
-52.300000 4.990227
-52.200000 4.990273
-52.100000 4.990319
-52.000000 4.990365
-51.900000 4.990410
-51.800000 4.990455
-51.700000 4.990500
-51.600000 4.990545
-51.500000 4.990589
-51.400000 4.990634
-51.300000 4.990678
-51.200000 4.990722
-51.100000 4.990766
-51.000000 4.990809
-50.900000 4.990852
-50.800000 4.990895
-50.700000 4.990938
-50.600000 4.990981
-50.500000 4.991024
-50.400000 4.991066
-50.300000 4.991108
-50.200000 4.991150
-50.100000 4.991192
-50.000000 4.991233
-49.900000 4.991275
-49.800000 4.991316
-49.700000 4.991357
-49.600000 4.991398
-49.500000 4.991438
-49.400000 4.991479
-49.300000 4.991519
-49.200000 4.991559
-49.100000 4.991599
-49.000000 4.991638
-48.900000 4.991678
-48.800000 4.991717
-48.700000 4.991756
-48.600000 4.991795
-48.500000 4.991834
-48.400000 4.991872
-48.300000 4.991911
-48.200000 4.991949
-48.100000 4.991987
-48.000000 4.992025
-47.900000 4.992062
-47.800000 4.992100
-47.700000 4.992137
-47.600000 4.992174
-47.500000 4.992211
-47.400000 4.992248
-47.300000 4.992285
-47.200000 4.992321
-47.100000 4.992357
-47.000000 4.992393
-46.900000 4.992429
-46.800000 4.992465
-46.700000 4.992501
-46.600000 4.992536
-46.500000 4.992572
-46.400000 4.992607
-46.300000 4.992642
-46.200000 4.992676
-46.100000 4.992711
-46.000000 4.992745
-45.900000 4.992780
-45.800000 4.992814
-45.700000 4.992848
-45.600000 4.992882
-45.500000 4.992915
-45.400000 4.992949
-45.300000 4.992982
-45.200000 4.993015
-45.100000 4.993048
-45.000000 4.993081
-44.900000 4.993114
-44.800000 4.993147
-44.700000 4.993179
-44.600000 4.993211
-44.500000 4.993244
-44.400000 4.993275
-44.300000 4.993307
-44.200000 4.993339
-44.100000 4.993371
-44.000000 4.993402
-43.900000 4.993433
-43.800000 4.993464
-43.700000 4.993495
-43.600000 4.993526
-43.500000 4.993557
-43.400000 4.993587
-43.300000 4.993618
-43.200000 4.993648
-43.100000 4.993678
-43.000000 4.993708
-42.900000 4.993738
-42.800000 4.993767
-42.700000 4.993797
-42.600000 4.993826
-42.500000 4.993855
-42.400000 4.993885
-42.300000 4.993914
-42.200000 4.993942
-42.100000 4.993971
-42.000000 4.994000
-41.900000 4.994028
-41.800000 4.994056
-41.700000 4.994085
-41.600000 4.994113
-41.500000 4.994141
-41.400000 4.994168
-41.300000 4.994196
-41.200000 4.994223
-41.100000 4.994251
-41.000000 4.994278
-40.900000 4.994305
-40.800000 4.994332
-40.700000 4.994359
-40.600000 4.994386
-40.500000 4.994413
-40.400000 4.994439
-40.300000 4.994465
-40.200000 4.994492
-40.100000 4.994518
-40.000000 4.994544
-39.900000 4.994570
-39.800000 4.994596
-39.700000 4.994621
-39.600000 4.994647
-39.500000 4.994672
-39.400000 4.994697
-39.300000 4.994723
-39.200000 4.994748
-39.100000 4.994773
-39.000000 4.994797
-38.900000 4.994822
-38.800000 4.994847
-38.700000 4.994871
-38.600000 4.994895
-38.500000 4.994920
-38.400000 4.994944
-38.300000 4.994968
-38.200000 4.994992
-38.100000 4.995016
-38.000000 4.995039
-37.900000 4.995063
-37.800000 4.995086
-37.700000 4.995110
-37.600000 4.995133
-37.500000 4.995156
-37.400000 4.995179
-37.300000 4.995202
-37.200000 4.995225
-37.100000 4.995247
-37.000000 4.995270
-36.900000 4.995293
-36.800000 4.995315
-36.700000 4.995337
-36.600000 4.995359
-36.500000 4.995381
-36.400000 4.995403
-36.300000 4.995425
-36.200000 4.995447
-36.100000 4.995469
-36.000000 4.995490
-35.900000 4.995512
-35.800000 4.995533
-35.700000 4.995554
-35.600000 4.995575
-35.500000 4.995596
-35.400000 4.995617
-35.300000 4.995638
-35.200000 4.995659
-35.100000 4.995650
-35.000000 4.995629
-34.900000 4.995608
-34.800000 4.995587
-34.700000 4.995566
-34.600000 4.995545
-34.500000 4.995523
-34.400000 4.995502
-34.300000 4.995481
-34.200000 4.995459
-34.100000 4.995437
-34.000000 4.995415
-33.900000 4.995394
-33.800000 4.995372
-33.700000 4.995349
-33.600000 4.995327
-33.500000 4.995305
-33.400000 4.995282
-33.300000 4.995260
-33.200000 4.995237
-33.100000 4.995215
-33.000000 4.995192
-32.900000 4.995169
-32.800000 4.995146
-32.700000 4.995122
-32.600000 4.995099
-32.500000 4.995076
-32.400000 4.995052
-32.300000 4.995029
-32.200000 4.995005
-32.100000 4.994981
-32.000000 4.994957
-31.900000 4.994933
-31.800000 4.994909
-31.700000 4.994885
-31.600000 4.994860
-31.500000 4.994836
-31.400000 4.994811
-31.300000 4.994786
-31.200000 4.994761
-31.100000 4.994736
-31.000000 4.994711
-30.900000 4.994686
-30.800000 4.994661
-30.700000 4.994635
-30.600000 4.994610
-30.500000 4.994584
-30.400000 4.994558
-30.300000 4.994532
-30.200000 4.994506
-30.100000 4.994480
-30.000000 4.994454
-29.900000 4.994427
-29.800000 4.994401
-29.700000 4.994374
-29.600000 4.994347
-29.500000 4.994320
-29.400000 4.994293
-29.300000 4.994266
-29.200000 4.994239
-29.100000 4.994211
-29.000000 4.994184
-28.900000 4.994156
-28.800000 4.994128
-28.700000 4.994100
-28.600000 4.994072
-28.500000 4.994044
-28.400000 4.994015
-28.300000 4.993987
-28.200000 4.993958
-28.100000 4.993929
-28.000000 4.993901
-27.900000 4.993871
-27.800000 4.993842
-27.700000 4.993813
-27.600000 4.993784
-27.500000 4.993754
-27.400000 4.993724
-27.300000 4.993694
-27.200000 4.993664
-27.100000 4.993634
-27.000000 4.993604
-26.900000 4.993573
-26.800000 4.993543
-26.700000 4.993512
-26.600000 4.993481
-26.500000 4.993450
-26.400000 4.993419
-26.300000 4.993388
-26.200000 4.993356
-26.100000 4.993325
-26.000000 4.993293
-25.900000 4.993261
-25.800000 4.993229
-25.700000 4.993197
-25.600000 4.993165
-25.500000 4.993132
-25.400000 4.993099
-25.300000 4.993067
-25.200000 4.993034
-25.100000 4.993001
-25.000000 4.992967
-24.900000 4.992934
-24.800000 4.992900
-24.700000 4.992867
-24.600000 4.992833
-24.500000 4.992799
-24.400000 4.992764
-24.300000 4.992730
-24.200000 4.992696
-24.100000 4.992661
-24.000000 4.992626
-23.900000 4.992591
-23.800000 4.992556
-23.700000 4.992520
-23.600000 4.992485
-23.500000 4.992449
-23.400000 4.992413
-23.300000 4.992377
-23.200000 4.992341
-23.100000 4.992305
-23.000000 4.992268
-22.900000 4.992232
-22.800000 4.992195
-22.700000 4.992158
-22.600000 4.992120
-22.500000 4.992083
-22.400000 4.992045
-22.300000 4.992008
-22.200000 4.991970
-22.100000 4.991932
-22.000000 4.991893
-21.900000 4.991855
-21.800000 4.991816
-21.700000 4.991778
-21.600000 4.991739
-21.500000 4.991699
-21.400000 4.991660
-21.300000 4.991620
-21.200000 4.991581
-21.100000 4.991541
-21.000000 4.991501
-20.900000 4.991460
-20.800000 4.991420
-20.700000 4.991379
-20.600000 4.991338
-20.500000 4.991297
-20.400000 4.991256
-20.300000 4.991215
-20.200000 4.991173
-20.100000 4.991131
-20.000000 4.991089
-19.900000 4.991047
-19.800000 4.991005
-19.700000 4.990962
-19.600000 4.990919
-19.500000 4.990876
-19.400000 4.990833
-19.300000 4.990790
-19.200000 4.990746
-19.100000 4.990702
-19.000000 4.990658
-18.900000 4.990614
-18.800000 4.990569
-18.700000 4.990525
-18.600000 4.990480
-18.500000 4.990435
-18.400000 4.990390
-18.300000 4.990344
-18.200000 4.990298
-18.100000 4.990253
-18.000000 4.990206
-17.900000 4.990160
-17.800000 4.990114
-17.700000 4.990067
-17.600000 4.990020
-17.500000 4.989973
-17.400000 4.989925
-17.300000 4.989878
-17.200000 4.989830
-17.100000 4.989782
-17.000000 4.989733
-16.900000 4.989685
-16.800000 4.989636
-16.700000 4.989587
-16.600000 4.989538
-16.500000 4.989488
-16.400000 4.989439
-16.300000 4.989389
-16.200000 4.989339
-16.100000 4.989288
-16.000000 4.989238
-15.900000 4.989187
-15.800000 4.989136
-15.700000 4.989084
-15.600000 4.989033
-15.500000 4.988981
-15.400000 4.988929
-15.300000 4.988877
-15.200000 4.988824
-15.100000 4.988771
-15.000000 4.988718
-14.900000 4.988665
-14.800000 4.988611
-14.700000 4.988558
-14.600000 4.988504
-14.500000 4.988449
-14.400000 4.988395
-14.300000 4.988340
-14.200000 4.988285
-14.100000 4.988230
-14.000000 4.988174
-13.900000 4.988118
-13.800000 4.988062
-13.700000 4.988006
-13.600000 4.987950
-13.500000 4.987893
-13.400000 4.987836
-13.300000 4.987778
-13.200000 4.987721
-13.100000 4.987663
-13.000000 4.987604
-12.900000 4.987546
-12.800000 4.987487
-12.700000 4.987428
-12.600000 4.987369
-12.500000 4.987310
-12.400000 4.987250
-12.300000 4.987190
-12.200000 4.987129
-12.100000 4.987069
-12.000000 4.987008
-11.900000 4.986946
-11.800000 4.986885
-11.700000 4.986823
-11.600000 4.986761
-11.500000 4.986699
-11.400000 4.986636
-11.300000 4.986573
-11.200000 4.986510
-11.100000 4.986446
-11.000000 4.986383
-10.900000 4.986318
-10.800000 4.986254
-10.700000 4.986189
-10.600000 4.986124
-10.500000 4.986059
-10.400000 4.985993
-10.300000 4.985927
-10.200000 4.985861
-10.100000 4.985795
-10.000000 4.985728
-9.900000 4.985661
-9.800000 4.985593
-9.700000 4.985525
-9.600000 4.985457
-9.500000 4.985389
-9.400000 4.985320
-9.300000 4.985251
-9.200000 4.985182
-9.100000 4.985112
-9.000000 4.985042
-8.900000 4.984972
-8.800000 4.984901
-8.700000 4.984830
-8.600000 4.984759
-8.500000 4.984687
-8.400000 4.984615
-8.300000 4.984543
-8.200000 4.984470
-8.100000 4.984397
-8.000000 4.984324
-7.900000 4.984250
-7.800000 4.984176
-7.700000 4.984102
-7.600000 4.984027
-7.500000 4.983952
-7.400000 4.983877
-7.300000 4.983801
-7.200000 4.983725
-7.100000 4.983649
-7.000000 4.983572
-6.900000 4.983495
-6.800000 4.983417
-6.700000 4.983340
-6.600000 4.983261
-6.500000 4.983183
-6.400000 4.983104
-6.300000 4.983025
-6.200000 4.982945
-6.100000 4.982865
-6.000000 4.982785
-5.900000 4.982704
-5.800000 4.982623
-5.700000 4.982541
-5.600000 4.982459
-5.500000 4.982377
-5.400000 4.982294
-5.300000 4.982211
-5.200000 4.982128
-5.100000 4.982044
-5.000000 4.981960
-4.900000 4.981875
-4.800000 4.981790
-4.700000 4.981705
-4.600000 4.981619
-4.500000 4.981533
-4.400000 4.981447
-4.300000 4.981360
-4.200000 4.981272
-4.100000 4.981185
-4.000000 4.981096
-3.900000 4.981008
-3.800000 4.980919
-3.700000 4.980830
-3.600000 4.980740
-3.500000 4.980650
-3.400000 4.980559
-3.300000 4.980468
-3.200000 4.980377
-3.100000 4.980285
-3.000000 4.980192
-2.900000 4.980100
-2.800000 4.980007
-2.700000 4.979913
-2.600000 4.979819
-2.500000 4.979725
-2.400000 4.979630
-2.300000 4.979534
-2.200000 4.979439
-2.100000 4.979343
-2.000000 4.979246
-1.900000 4.979149
-1.800000 4.979051
-1.700000 4.978953
-1.600000 4.978855
-1.500000 4.978756
-1.400000 4.978657
-1.300000 4.978557
-1.200000 4.978457
-1.100000 4.978356
-1.000000 4.978255
-0.900000 4.978153
-0.800000 4.978051
-0.700000 4.977949
-0.600000 4.977846
-0.500000 4.977742
-0.400000 4.977638
-0.300000 4.977534
-0.200000 4.977429
-0.100000 4.977323
-0.000000 4.977218
0.100000 4.977111
0.200000 4.977004
0.300000 4.976897
0.400000 4.976789
0.500000 4.976681
0.600000 4.976572
0.700000 4.976463
0.800000 4.976353
0.900000 4.976242
1.000000 4.976132
1.100000 4.976020
1.200000 4.975908
1.300000 4.975796
1.400000 4.975683
1.500000 4.975570
1.600000 4.975456
1.700000 4.975341
1.800000 4.975226
1.900000 4.975111
2.000000 4.974995
2.100000 4.974878
2.200000 4.974761
2.300000 4.974643
2.400000 4.974525
2.500000 4.974407
2.600000 4.974287
2.700000 4.974167
2.800000 4.974047
2.900000 4.973926
3.000000 4.973805
3.100000 4.973683
3.200000 4.973560
3.300000 4.973437
3.400000 4.973313
3.500000 4.973189
3.600000 4.973064
3.700000 4.972939
3.800000 4.972813
3.900000 4.972686
4.000000 4.972559
4.100000 4.972432
4.200000 4.972303
4.300000 4.972174
4.400000 4.972045
4.500000 4.971915
4.600000 4.971784
4.700000 4.971653
4.800000 4.971521
4.900000 4.971389
5.000000 4.971256
5.100000 4.971122
5.200000 4.970988
5.300000 4.970853
5.400000 4.970717
5.500000 4.970581
5.600000 4.970444
5.700000 4.970307
5.800000 4.970169
5.900000 4.970031
6.000000 4.969891
6.100000 4.969751
6.200000 4.969611
6.300000 4.969470
6.400000 4.969328
6.500000 4.969185
6.600000 4.969042
6.700000 4.968899
6.800000 4.968754
6.900000 4.968609
7.000000 4.968463
7.100000 4.968317
7.200000 4.968170
7.300000 4.968022
7.400000 4.967874
7.500000 4.967725
7.600000 4.967575
7.700000 4.967425
7.800000 4.967274
7.900000 4.967122
8.000000 4.966969
8.100000 4.966816
8.200000 4.966662
8.300000 4.966508
8.400000 4.966352
8.500000 4.966196
8.600000 4.966040
8.700000 4.965882
8.800000 4.965724
8.900000 4.965565
9.000000 4.965406
9.100000 4.965245
9.200000 4.965084
9.300000 4.964923
9.400000 4.964760
9.500000 4.964597
9.600000 4.964433
9.700000 4.964268
9.800000 4.964103
9.900000 4.963937
10.000000 4.963770
10.100000 4.963602
10.200000 4.963434
10.300000 4.963264
10.400000 4.963094
10.500000 4.962924
10.600000 4.962752
10.700000 4.962580
10.800000 4.962407
10.900000 4.962233
11.000000 4.962058
11.100000 4.961882
11.200000 4.961706
11.300000 4.961529
11.400000 4.961351
11.500000 4.961173
11.600000 4.960993
11.700000 4.960813
11.800000 4.960632
11.900000 4.960450
12.000000 4.960267
12.100000 4.960083
12.200000 4.959899
12.300000 4.959714
12.400000 4.959528
12.500000 4.959341
12.600000 4.959153
12.700000 4.958964
12.800000 4.958775
12.900000 4.958585
13.000000 4.958393
13.100000 4.958201
13.200000 4.958008
13.300000 4.957815
13.400000 4.957620
13.500000 4.957424
13.600000 4.957228
13.700000 4.957031
13.800000 4.956832
13.900000 4.956633
14.000000 4.956433
14.100000 4.956232
14.200000 4.956030
14.300000 4.955828
14.400000 4.955624
14.500000 4.955420
14.600000 4.955214
14.700000 4.955008
14.800000 4.954800
14.900000 4.954592
15.000000 4.954383
15.100000 4.954173
15.200000 4.953962
15.300000 4.953749
15.400000 4.953536
15.500000 4.953322
15.600000 4.953108
15.700000 4.952892
15.800000 4.952675
15.900000 4.952457
16.000000 4.952238
16.100000 4.952018
16.200000 4.951797
16.300000 4.951576
16.400000 4.951353
16.500000 4.951129
16.600000 4.950904
16.700000 4.950678
16.800000 4.950452
16.900000 4.950224
17.000000 4.949995
17.100000 4.949765
17.200000 4.949534
17.300000 4.949302
17.400000 4.949069
17.500000 4.948835
17.600000 4.948600
17.700000 4.948363
17.800000 4.948126
17.900000 4.947888
18.000000 4.947649
18.100000 4.947408
18.200000 4.947167
18.300000 4.946924
18.400000 4.946680
18.500000 4.946435
18.600000 4.946190
18.700000 4.945943
18.800000 4.945694
18.900000 4.945445
19.000000 4.945195
19.100000 4.944943
19.200000 4.944691
19.300000 4.944437
19.400000 4.944182
19.500000 4.943926
19.600000 4.943669
19.700000 4.943411
19.800000 4.943151
19.900000 4.942891
20.000000 4.942629
20.100000 4.942366
20.200000 4.942102
20.300000 4.941836
20.400000 4.941570
20.500000 4.941302
20.600000 4.941033
20.700000 4.940763
20.800000 4.940492
20.900000 4.940219
21.000000 4.939946
21.100000 4.939671
21.200000 4.939395
21.300000 4.939117
21.400000 4.938838
21.500000 4.938559
21.600000 4.938277
21.700000 4.937995
21.800000 4.937711
21.900000 4.937426
22.000000 4.937140
22.100000 4.936853
22.200000 4.936564
22.300000 4.936274
22.400000 4.935982
22.500000 4.935690
22.600000 4.935396
22.700000 4.935100
22.800000 4.934804
22.900000 4.934506
23.000000 4.934207
23.100000 4.933906
23.200000 4.933604
23.300000 4.933301
23.400000 4.932996
23.500000 4.932690
23.600000 4.932383
23.700000 4.932074
23.800000 4.931764
23.900000 4.931453
24.000000 4.931140
24.100000 4.930826
24.200000 4.930510
24.300000 4.930193
24.400000 4.929875
24.500000 4.929555
24.600000 4.929233
24.700000 4.928911
24.800000 4.928587
24.900000 4.928261
25.000000 4.927934
25.100000 4.927605
25.200000 4.927275
25.300000 4.926944
25.400000 4.926611
25.500000 4.926277
25.600000 4.925941
25.700000 4.925604
25.800000 4.925265
25.900000 4.924924
26.000000 4.924583
26.100000 4.924239
26.200000 4.923894
26.300000 4.923548
26.400000 4.923200
26.500000 4.922850
26.600000 4.922499
26.700000 4.922147
26.800000 4.921793
26.900000 4.921437
27.000000 4.921079
27.100000 4.920721
27.200000 4.920360
27.300000 4.919998
27.400000 4.919634
27.500000 4.919269
27.600000 4.918902
27.700000 4.918534
27.800000 4.918163
27.900000 4.917792
28.000000 4.917418
28.100000 4.917043
28.200000 4.916666
28.300000 4.916288
28.400000 4.915908
28.500000 4.915526
28.600000 4.915142
28.700000 4.914757
28.800000 4.914370
28.900000 4.913982
29.000000 4.913592
29.100000 4.913200
29.200000 4.912806
29.300000 4.912410
29.400000 4.912013
29.500000 4.911614
29.600000 4.911213
29.700000 4.910811
29.800000 4.910407
29.900000 4.910001
30.000000 4.909593
30.100000 4.909183
30.200000 4.908772
30.300000 4.908358
30.400000 4.907943
30.500000 4.907526
30.600000 4.907108
30.700000 4.906687
30.800000 4.906265
30.900000 4.905840
31.000000 4.905414
31.100000 4.904986
31.200000 4.904556
31.300000 4.904124
31.400000 4.903691
31.500000 4.903255
31.600000 4.902817
31.700000 4.902378
31.800000 4.901937
31.900000 4.901493
32.000000 4.901048
32.100000 4.900601
32.200000 4.900151
32.300000 4.899700
32.400000 4.899247
32.500000 4.898792
32.600000 4.898335
32.700000 4.897876
32.800000 4.897415
32.900000 4.896951
33.000000 4.896486
33.100000 4.896019
33.200000 4.895550
33.300000 4.895078
33.400000 4.894605
33.500000 4.894129
33.600000 4.893652
33.700000 4.893172
33.800000 4.892690
33.900000 4.892207
34.000000 4.891721
34.100000 4.891232
34.200000 4.890742
34.300000 4.890250
34.400000 4.889755
34.500000 4.889258
34.600000 4.888760
34.700000 4.888259
34.800000 4.887755
34.900000 4.887250
35.000000 4.886742
35.100000 4.886232
35.200000 4.885720
35.300000 4.885206
35.400000 4.884689
35.500000 4.884170
35.600000 4.883649
35.700000 4.883126
35.800000 4.882600
35.900000 4.882072
36.000000 4.881542
36.100000 4.881009
36.200000 4.880475
36.300000 4.879937
36.400000 4.879398
36.500000 4.878856
36.600000 4.878312
36.700000 4.877765
36.800000 4.877216
36.900000 4.876665
37.000000 4.876111
37.100000 4.875555
37.200000 4.874996
37.300000 4.874435
37.400000 4.873871
37.500000 4.873305
37.600000 4.872737
37.700000 4.872166
37.800000 4.871593
37.900000 4.871017
38.000000 4.870439
38.100000 4.869858
38.200000 4.869274
38.300000 4.868688
38.400000 4.868100
38.500000 4.867509
38.600000 4.866915
38.700000 4.866319
38.800000 4.865720
38.900000 4.865119
39.000000 4.864515
39.100000 4.863909
39.200000 4.863299
39.300000 4.862688
39.400000 4.862073
39.500000 4.861456
39.600000 4.860836
39.700000 4.860214
39.800000 4.859589
39.900000 4.858961
40.000000 4.858330
40.100000 4.857697
40.200000 4.857061
40.300000 4.856422
40.400000 4.855780
40.500000 4.855136
40.600000 4.854489
40.700000 4.853839
40.800000 4.853186
40.900000 4.852531
41.000000 4.851872
41.100000 4.851211
41.200000 4.850547
41.300000 4.849880
41.400000 4.849210
41.500000 4.848538
41.600000 4.847862
41.700000 4.847184
41.800000 4.846502
41.900000 4.845818
42.000000 4.845131
42.100000 4.844440
42.200000 4.843747
42.300000 4.843051
42.400000 4.842352
42.500000 4.841649
42.600000 4.840944
42.700000 4.840236
42.800000 4.839525
42.900000 4.838810
43.000000 4.838093
43.100000 4.837372
43.200000 4.836649
43.300000 4.835922
43.400000 4.835192
43.500000 4.834459
43.600000 4.833723
43.700000 4.832984
43.800000 4.832241
43.900000 4.831496
44.000000 4.830747
44.100000 4.829995
44.200000 4.829240
44.300000 4.828481
44.400000 4.827719
44.500000 4.826954
44.600000 4.826186
44.700000 4.825414
44.800000 4.824640
44.900000 4.823861
45.000000 4.823080
45.100000 4.822295
45.200000 4.821507
45.300000 4.820715
45.400000 4.819920
45.500000 4.819122
45.600000 4.818320
45.700000 4.817515
45.800000 4.816706
45.900000 4.815894
46.000000 4.815079
46.100000 4.814260
46.200000 4.813437
46.300000 4.812611
46.400000 4.811782
46.500000 4.810949
46.600000 4.810112
46.700000 4.809272
46.800000 4.808428
46.900000 4.807581
47.000000 4.806730
47.100000 4.805875
47.200000 4.805017
47.300000 4.804155
47.400000 4.803290
47.500000 4.802420
47.600000 4.801547
47.700000 4.800671
47.800000 4.799791
47.900000 4.798906
48.000000 4.798019
48.100000 4.797127
48.200000 4.796232
48.300000 4.795332
48.400000 4.794429
48.500000 4.793523
48.600000 4.792612
48.700000 4.791697
48.800000 4.790779
48.900000 4.789857
49.000000 4.788931
49.100000 4.788000
49.200000 4.787066
49.300000 4.786128
49.400000 4.785186
49.500000 4.784240
49.600000 4.783290
49.700000 4.782336
49.800000 4.781378
49.900000 4.780416
50.000000 4.779450
50.100000 4.778480
50.200000 4.777506
50.300000 4.776527
50.400000 4.775545
50.500000 4.774558
50.600000 4.773567
50.700000 4.772572
50.800000 4.771573
50.900000 4.770570
51.000000 4.769562
51.100000 4.768550
51.200000 4.767534
51.300000 4.766514
51.400000 4.765489
51.500000 4.764460
51.600000 4.763426
51.700000 4.762389
51.800000 4.761347
51.900000 4.760300
52.000000 4.759249
52.100000 4.758194
52.200000 4.757134
52.300000 4.756070
52.400000 4.755002
52.500000 4.753929
52.600000 4.752851
52.700000 4.751769
52.800000 4.750682
52.900000 4.749591
53.000000 4.748495
53.100000 4.747395
53.200000 4.746290
53.300000 4.745181
53.400000 4.744066
53.500000 4.742947
53.600000 4.741824
53.700000 4.740696
53.800000 4.739563
53.900000 4.738425
54.000000 4.737282
54.100000 4.736135
54.200000 4.734983
54.300000 4.733826
54.400000 4.732665
54.500000 4.731498
54.600000 4.730327
54.700000 4.729151
54.800000 4.727969
54.900000 4.726783
55.000000 4.725592
55.100000 4.724396
55.200000 4.723195
55.300000 4.721989
55.400000 4.720778
55.500000 4.719562
55.600000 4.718341
55.700000 4.717115
55.800000 4.715884
55.900000 4.714648
56.000000 4.713406
56.100000 4.712160
56.200000 4.710908
56.300000 4.709651
56.400000 4.708389
56.500000 4.707121
56.600000 4.705848
56.700000 4.704570
56.800000 4.703287
56.900000 4.701999
57.000000 4.700705
57.100000 4.699405
57.200000 4.698101
57.300000 4.696791
57.400000 4.695475
57.500000 4.694154
57.600000 4.692828
57.700000 4.691496
57.800000 4.690159
57.900000 4.688816
58.000000 4.687468
58.100000 4.686114
58.200000 4.684754
58.300000 4.683389
58.400000 4.682018
58.500000 4.680642
58.600000 4.679260
58.700000 4.677872
58.800000 4.676479
58.900000 4.675079
59.000000 4.673674
59.100000 4.672264
59.200000 4.670847
59.300000 4.669425
59.400000 4.667996
59.500000 4.666562
59.600000 4.665122
59.700000 4.663677
59.800000 4.662225
59.900000 4.660767
60.000000 4.659303
60.100000 4.657834
60.200000 4.656358
60.300000 4.654876
60.400000 4.653388
60.500000 4.651894
60.600000 4.650394
60.700000 4.648888
60.800000 4.647376
60.900000 4.645857
61.000000 4.644332
61.100000 4.642801
61.200000 4.641264
61.300000 4.639721
61.400000 4.638171
61.500000 4.636615
61.600000 4.635052
61.700000 4.633484
61.800000 4.631908
61.900000 4.630327
62.000000 4.628739
62.100000 4.627144
62.200000 4.625543
62.300000 4.623936
62.400000 4.622322
62.500000 4.620701
62.600000 4.619074
62.700000 4.617440
62.800000 4.615800
62.900000 4.614153
63.000000 4.612499
63.100000 4.610838
63.200000 4.609171
63.300000 4.607497
63.400000 4.605817
63.500000 4.604129
63.600000 4.602435
63.700000 4.600733
63.800000 4.599025
63.900000 4.597310
64.000000 4.595588
64.100000 4.593860
64.200000 4.592124
64.300000 4.590381
64.400000 4.588631
64.500000 4.586874
64.600000 4.585110
64.700000 4.583339
64.800000 4.581560
64.900000 4.579775
65.000000 4.577982
65.100000 4.576183
65.200000 4.574375
65.300000 4.572561
65.400000 4.570739
65.500000 4.568910
65.600000 4.567074
65.700000 4.565231
65.800000 4.563379
65.900000 4.561521
66.000000 4.559655
66.100000 4.557782
66.200000 4.555901
66.300000 4.554012
66.400000 4.552116
66.500000 4.550212
66.600000 4.548301
66.700000 4.546382
66.800000 4.544456
66.900000 4.542522
67.000000 4.540580
67.100000 4.538630
67.200000 4.536672
67.300000 4.534707
67.400000 4.532734
67.500000 4.530753
67.600000 4.528764
67.700000 4.526767
67.800000 4.524763
67.900000 4.522750
68.000000 4.520729
68.100000 4.518700
68.200000 4.516664
68.300000 4.514619
68.400000 4.512566
68.500000 4.510505
68.600000 4.508435
68.700000 4.506358
68.800000 4.504272
68.900000 4.502178
69.000000 4.500076
69.100000 4.497965
69.200000 4.495846
69.300000 4.493718
69.400000 4.491583
69.500000 4.489438
69.600000 4.487286
69.700000 4.485125
69.800000 4.482955
69.900000 4.480777
70.000000 4.478590
70.100000 4.476394
70.200000 4.474190
70.300000 4.471977
70.400000 4.469756
70.500000 4.467526
70.600000 4.465287
70.700000 4.463039
70.800000 4.460782
70.900000 4.458517
71.000000 4.456242
71.100000 4.453959
71.200000 4.451667
71.300000 4.449366
71.400000 4.447056
71.500000 4.444736
71.600000 4.442408
71.700000 4.440070
71.800000 4.437724
71.900000 4.435368
72.000000 4.433003
72.100000 4.430629
72.200000 4.428246
72.300000 4.425853
72.400000 4.423451
72.500000 4.421039
72.600000 4.418619
72.700000 4.416188
72.800000 4.413749
72.900000 4.411300
73.000000 4.408841
73.100000 4.406373
73.200000 4.403895
73.300000 4.401407
73.400000 4.398910
73.500000 4.396404
73.600000 4.393887
73.700000 4.391361
73.800000 4.388825
73.900000 4.386279
74.000000 4.383724
74.100000 4.381158
74.200000 4.378583
74.300000 4.375997
74.400000 4.373402
74.500000 4.370797
74.600000 4.368181
74.700000 4.365556
74.800000 4.362920
74.900000 4.360275
75.000000 4.357619
75.100000 4.354953
75.200000 4.352276
75.300000 4.349590
75.400000 4.346893
75.500000 4.344186
75.600000 4.341468
75.700000 4.338740
75.800000 4.336002
75.900000 4.333253
76.000000 4.330493
76.100000 4.327723
76.200000 4.324943
76.300000 4.322151
76.400000 4.319349
76.500000 4.316537
76.600000 4.313714
76.700000 4.310880
76.800000 4.308035
76.900000 4.305179
77.000000 4.302313
77.100000 4.299435
77.200000 4.296547
77.300000 4.293648
77.400000 4.290737
77.500000 4.287816
77.600000 4.284883
77.700000 4.281940
77.800000 4.278985
77.900000 4.276019
78.000000 4.273042
78.100000 4.270054
78.200000 4.267054
78.300000 4.264044
78.400000 4.261021
78.500000 4.257988
78.600000 4.254942
78.700000 4.251886
78.800000 4.248818
78.900000 4.245738
79.000000 4.242647
79.100000 4.239544
79.200000 4.236430
79.300000 4.233304
79.400000 4.230166
79.500000 4.227016
79.600000 4.223855
79.700000 4.220682
79.800000 4.217496
79.900000 4.214299
80.000000 4.211090
80.100000 4.207870
80.200000 4.204637
80.300000 4.201392
80.400000 4.198135
80.500000 4.194865
80.600000 4.191584
80.700000 4.188290
80.800000 4.184985
80.900000 4.181667
81.000000 4.178336
81.100000 4.174993
81.200000 4.171638
81.300000 4.168271
81.400000 4.164891
81.500000 4.161498
81.600000 4.158093
81.700000 4.154675
81.800000 4.151245
81.900000 4.147802
82.000000 4.144347
82.100000 4.140878
82.200000 4.137397
82.300000 4.133903
82.400000 4.130397
82.500000 4.126877
82.600000 4.123344
82.700000 4.119799
82.800000 4.116240
82.900000 4.112669
83.000000 4.109084
83.100000 4.105487
83.200000 4.101876
83.300000 4.098252
83.400000 4.094614
83.500000 4.090964
83.600000 4.087300
83.700000 4.083623
83.800000 4.079932
83.900000 4.076228
84.000000 4.072511
84.100000 4.068780
84.200000 4.065035
84.300000 4.061277
84.400000 4.057506
84.500000 4.053720
84.600000 4.049921
84.700000 4.046108
84.800000 4.042282
84.900000 4.038442
85.000000 4.034587
85.100000 4.030719
85.200000 4.026837
85.300000 4.022941
85.400000 4.019031
85.500000 4.015107
85.600000 4.011169
85.700000 4.007217
85.800000 4.003251
85.900000 3.999270
86.000000 3.995275
86.100000 3.991266
86.200000 3.987243
86.300000 3.983205
86.400000 3.979153
86.500000 3.975086
86.600000 3.971005
86.700000 3.966909
86.800000 3.962799
86.900000 3.958675
87.000000 3.954535
87.100000 3.950381
87.200000 3.946212
87.300000 3.942029
87.400000 3.937830
87.500000 3.933617
87.600000 3.929389
87.700000 3.925146
87.800000 3.920888
87.900000 3.916615
88.000000 3.912327
88.100000 3.908024
88.200000 3.903706
88.300000 3.899373
88.400000 3.895024
88.500000 3.890661
88.600000 3.886282
88.700000 3.881888
88.800000 3.877478
88.900000 3.873053
89.000000 3.868612
89.100000 3.864157
89.200000 3.859685
89.300000 3.855198
89.400000 3.850696
89.500000 3.846177
89.600000 3.841644
89.700000 3.837094
89.800000 3.832529
89.900000 3.827948
90.000000 3.823351
90.100000 3.818738
90.200000 3.814110
90.300000 3.809465
90.400000 3.804804
90.500000 3.800128
90.600000 3.795435
90.700000 3.790726
90.800000 3.786002
90.900000 3.781261
91.000000 3.776503
91.100000 3.771730
91.200000 3.766940
91.300000 3.762134
91.400000 3.757311
91.500000 3.752472
91.600000 3.747617
91.700000 3.742745
91.800000 3.737857
91.900000 3.732952
92.000000 3.728030
92.100000 3.723092
92.200000 3.718137
92.300000 3.713166
92.400000 3.708178
92.500000 3.703172
92.600000 3.698150
92.700000 3.693112
92.800000 3.688056
92.900000 3.682983
93.000000 3.677894
93.100000 3.672787
93.200000 3.667663
93.300000 3.662522
93.400000 3.657364
93.500000 3.652189
93.600000 3.646997
93.700000 3.641787
93.800000 3.636560
93.900000 3.631316
94.000000 3.626055
94.100000 3.620776
94.200000 3.615479
94.300000 3.610166
94.400000 3.604834
94.500000 3.599485
94.600000 3.594119
94.700000 3.588735
94.800000 3.583333
94.900000 3.577913
95.000000 3.572476
95.100000 3.567021
95.200000 3.561549
95.300000 3.556058
95.400000 3.550550
95.500000 3.545023
95.600000 3.539479
95.700000 3.533917
95.800000 3.528336
95.900000 3.522738
96.000000 3.517122
96.100000 3.511487
96.200000 3.505834
96.300000 3.500164
96.400000 3.494475
96.500000 3.488767
96.600000 3.483042
96.700000 3.477298
96.800000 3.471535
96.900000 3.465755
97.000000 3.459956
97.100000 3.454138
97.200000 3.448302
97.300000 3.442447
97.400000 3.436574
97.500000 3.430683
97.600000 3.424772
97.700000 3.418843
97.800000 3.412896
97.900000 3.406929
98.000000 3.400944
98.100000 3.394940
98.200000 3.388917
98.300000 3.382876
98.400000 3.376815
98.500000 3.370736
98.600000 3.364638
98.700000 3.358521
98.800000 3.352384
98.900000 3.346229
99.000000 3.340055
99.100000 3.333861
99.200000 3.327649
99.300000 3.321417
99.400000 3.315166
99.500000 3.308896
99.600000 3.302607
99.700000 3.296299
99.800000 3.289971
99.900000 3.283624
100.000000 3.277257
100.100000 3.270871
100.200000 3.264466
100.300000 3.258041
100.400000 3.251597
100.500000 3.245134
100.600000 3.238651
100.700000 3.232148
100.800000 3.225626
100.900000 3.219084
101.000000 3.212523
101.100000 3.205942
101.200000 3.199341
101.300000 3.192721
101.400000 3.186081
101.500000 3.179421
101.600000 3.172742
101.700000 3.166043
101.800000 3.159324
101.900000 3.152585
102.000000 3.145826
102.100000 3.139048
102.200000 3.132250
102.300000 3.125431
102.400000 3.118593
102.500000 3.111735
102.600000 3.104857
102.700000 3.097959
102.800000 3.091041
102.900000 3.084103
103.000000 3.077145
103.100000 3.070167
103.200000 3.063168
103.300000 3.056150
103.400000 3.049112
103.500000 3.042053
103.600000 3.034974
103.700000 3.027876
103.800000 3.020757
103.900000 3.013618
104.000000 3.006458
104.100000 2.999279
104.200000 2.992079
104.300000 2.984859
104.400000 2.977618
104.500000 2.970358
104.600000 2.963077
104.700000 2.955776
104.800000 2.948455
104.900000 2.941113
105.000000 2.933751
105.100000 2.926369
105.200000 2.918966
105.300000 2.911543
105.400000 2.904099
105.500000 2.896636
105.600000 2.889151
105.700000 2.881647
105.800000 2.874122
105.900000 2.866577
106.000000 2.859011
106.100000 2.851425
106.200000 2.843819
106.300000 2.836192
106.400000 2.828544
106.500000 2.820877
106.600000 2.813188
106.700000 2.805480
106.800000 2.797751
106.900000 2.790002
107.000000 2.782232
107.100000 2.774441
107.200000 2.766631
107.300000 2.758800
107.400000 2.750948
107.500000 2.743076
107.600000 2.735184
107.700000 2.727271
107.800000 2.719338
107.900000 2.711385
108.000000 2.703411
108.100000 2.695416
108.200000 2.687402
108.300000 2.679367
108.400000 2.671311
108.500000 2.663236
108.600000 2.655139
108.700000 2.647023
108.800000 2.638886
108.900000 2.630729
109.000000 2.622552
109.100000 2.614354
109.200000 2.606136
109.300000 2.597898
109.400000 2.589640
109.500000 2.581361
109.600000 2.573062
109.700000 2.564743
109.800000 2.556404
109.900000 2.548045
110.000000 2.539666
110.100000 2.531266
110.200000 2.522846
110.300000 2.514407
110.400000 2.505947
110.500000 2.497467
110.600000 2.488967
110.700000 2.480448
110.800000 2.471908
110.900000 2.463348
111.000000 2.454769
111.100000 2.446169
111.200000 2.437550
111.300000 2.428911
111.400000 2.420253
111.500000 2.411574
111.600000 2.402876
111.700000 2.394158
111.800000 2.385421
111.900000 2.376663
112.000000 2.367887
112.100000 2.359091
112.200000 2.350275
112.300000 2.341440
112.400000 2.332585
112.500000 2.323711
112.600000 2.314818
112.700000 2.305906
112.800000 2.296974
112.900000 2.288023
113.000000 2.279053
113.100000 2.270064
113.200000 2.261056
113.300000 2.252029
113.400000 2.242983
113.500000 2.233917
113.600000 2.224834
113.700000 2.215731
113.800000 2.206610
113.900000 2.197470
114.000000 2.188311
114.100000 2.179134
114.200000 2.169938
114.300000 2.160724
114.400000 2.151491
114.500000 2.142240
114.600000 2.132971
114.700000 2.123684
114.800000 2.114379
114.900000 2.105055
115.000000 2.095714
115.100000 2.086354
115.200000 2.076977
115.300000 2.067582
115.400000 2.058169
115.500000 2.048739
115.600000 2.039291
115.700000 2.029826
115.800000 2.020343
115.900000 2.010843
116.000000 2.001326
116.100000 1.991792
116.200000 1.982240
116.300000 1.972672
116.400000 1.963087
116.500000 1.953485
116.600000 1.943866
116.700000 1.934230
116.800000 1.924578
116.900000 1.914910
117.000000 1.905225
117.100000 1.895525
117.200000 1.885808
117.300000 1.876074
117.400000 1.866325
117.500000 1.856561
117.600000 1.846780
117.700000 1.836984
117.800000 1.827172
117.900000 1.817345
118.000000 1.807503
118.100000 1.797645
118.200000 1.787773
118.300000 1.777885
118.400000 1.767983
118.500000 1.758066
118.600000 1.748134
118.700000 1.738188
118.800000 1.728227
118.900000 1.718253
119.000000 1.708264
119.100000 1.698261
119.200000 1.688245
119.300000 1.678214
119.400000 1.668170
119.500000 1.658113
119.600000 1.648043
119.700000 1.637959
119.800000 1.627862
119.900000 1.617753
120.000000 1.607630
120.100000 1.597496
120.200000 1.587348
120.300000 1.577189
120.400000 1.567017
120.500000 1.556834
120.600000 1.546638
120.700000 1.536431
120.800000 1.526213
120.900000 1.515983
121.000000 1.505742
121.100000 1.495490
121.200000 1.485227
121.300000 1.474954
121.400000 1.464670
121.500000 1.454376
121.600000 1.444072
121.700000 1.433758
121.800000 1.423434
121.900000 1.413100
122.000000 1.402758
122.100000 1.392406
122.200000 1.382045
122.300000 1.371675
122.400000 1.361296
122.500000 1.350909
122.600000 1.340514
122.700000 1.330111
122.800000 1.319701
122.900000 1.309282
123.000000 1.298856
123.100000 1.288423
123.200000 1.277984
123.300000 1.267537
123.400000 1.257084
123.500000 1.246624
123.600000 1.236159
123.700000 1.225687
123.800000 1.215211
123.900000 1.204728
124.000000 1.194241
124.100000 1.183748
124.200000 1.173251
124.300000 1.162750
124.400000 1.152244
124.500000 1.141735
124.600000 1.131222
124.700000 1.120705
124.800000 1.110185
124.900000 1.099663
125.000000 1.089138
125.100000 1.078610
125.200000 1.068080
125.300000 1.057549
125.400000 1.047016
125.500000 1.036481
125.600000 1.025946
125.700000 1.015410
125.800000 1.004873
125.900000 0.994339
126.000000 0.983860
126.100000 0.973436
126.200000 0.963068
126.300000 0.952756
126.400000 0.942499
126.500000 0.932297
126.600000 0.922151
126.700000 0.912061
126.800000 0.902026
126.900000 0.892046
127.000000 0.882122
127.100000 0.872254
127.200000 0.862441
127.300000 0.852684
127.400000 0.842982
127.500000 0.833335
127.600000 0.823744
127.700000 0.814209
127.800000 0.804729
127.900000 0.795305
128.000000 0.785936
128.100000 0.776623
128.200000 0.767365
128.300000 0.758163
128.400000 0.749016
128.500000 0.739925
128.600000 0.730889
128.700000 0.721909
128.800000 0.712984
128.900000 0.704115
129.000000 0.695301
129.100000 0.686543
129.200000 0.677840
129.300000 0.669193
129.400000 0.660601
129.500000 0.652065
129.600000 0.643584
129.700000 0.635159
129.800000 0.626789
129.900000 0.618475
130.000000 0.610217
130.100000 0.602014
130.200000 0.593866
130.300000 0.585774
130.400000 0.577737
130.500000 0.569756
130.600000 0.561831
130.700000 0.553961
130.800000 0.546146
130.900000 0.538387
131.000000 0.530684
131.100000 0.523036
131.200000 0.515443
131.300000 0.507906
131.400000 0.500425
131.500000 0.492999
131.600000 0.485628
131.700000 0.478313
131.800000 0.471054
131.900000 0.463850
132.000000 0.456702
132.100000 0.449609
132.200000 0.442571
132.300000 0.435589
132.400000 0.428663
132.500000 0.421792
132.600000 0.414977
132.700000 0.408217
132.800000 0.401513
132.900000 0.394864
133.000000 0.388271
133.100000 0.381733
133.200000 0.375250
133.300000 0.368824
133.400000 0.362452
133.500000 0.356137
133.600000 0.349876
133.700000 0.343672
133.800000 0.337523
133.900000 0.331429
134.000000 0.325391
134.100000 0.319408
134.200000 0.313481
134.300000 0.307609
134.400000 0.301793
134.500000 0.296032
134.600000 0.290327
134.700000 0.284678
134.800000 0.279083
134.900000 0.273545
135.000000 0.268062
135.100000 0.262634
135.200000 0.257262
135.300000 0.251945
135.400000 0.246684
135.500000 0.241479
135.600000 0.236329
135.700000 0.231234
135.800000 0.226195
135.900000 0.221212
136.000000 0.216284
136.100000 0.211411
136.200000 0.206594
136.300000 0.201833
136.400000 0.197127
136.500000 0.192477
136.600000 0.187882
136.700000 0.183342
136.800000 0.178858
136.900000 0.174430
137.000000 0.170057
137.100000 0.165740
137.200000 0.161478
137.300000 0.157271
137.400000 0.153121
137.500000 0.149025
137.600000 0.144985
137.700000 0.141001
137.800000 0.137072
137.900000 0.133199
138.000000 0.129381
138.100000 0.125619
138.200000 0.121912
138.300000 0.118261
138.400000 0.114665
138.500000 0.111125
138.600000 0.107640
138.700000 0.104211
138.800000 0.100837
138.900000 0.097519
139.000000 0.094257
139.100000 0.091049
139.200000 0.087898
139.300000 0.084802
139.400000 0.081761
139.500000 0.078776
139.600000 0.075846
139.700000 0.072972
139.800000 0.070154
139.900000 0.067391
140.000000 0.064683
140.100000 0.062031
140.200000 0.059434
140.300000 0.056893
140.400000 0.054408
140.500000 0.051978
140.600000 0.049603
140.700000 0.047284
140.800000 0.045021
140.900000 0.042813
141.000000 0.040660
141.100000 0.038563
141.200000 0.036522
141.300000 0.034536
141.400000 0.032606
141.500000 0.030731
141.600000 0.028911
141.700000 0.027147
141.800000 0.025439
141.900000 0.023786
142.000000 0.022189
142.100000 0.020647
142.200000 0.019161
142.300000 0.017730
142.400000 0.016354
142.500000 0.015035
142.600000 0.013770
142.700000 0.012562
142.800000 0.011408
142.900000 0.010311
143.000000 0.009268
143.100000 0.008282
143.200000 0.007350
143.300000 0.006475
143.400000 0.005654
143.500000 0.004890
143.600000 0.004180
143.700000 0.003527
143.800000 0.002929
143.900000 0.002386
144.000000 0.001899
144.100000 0.001467
144.200000 0.001091
144.300000 0.000770
144.400000 0.000505
144.500000 0.000296
144.600000 0.000142
144.700000 0.000043
144.800000 0.000000
144.900000 0.000012
145.000000 0.000080
145.100000 0.000204
145.200000 0.000383
145.300000 0.000617
145.400000 0.000907
145.500000 0.001253
145.600000 0.001654
145.700000 0.002110
145.800000 0.002622
145.900000 0.003190
146.000000 0.003813
146.100000 0.004492
146.200000 0.005226
146.300000 0.006015
146.400000 0.006860
146.500000 0.007761
146.600000 0.008717
146.700000 0.009729
146.800000 0.010796
146.900000 0.011919
147.000000 0.013097
147.100000 0.014330
147.200000 0.015620
147.300000 0.016964
147.400000 0.018364
147.500000 0.019820
147.600000 0.021331
147.700000 0.022898
147.800000 0.024520
147.900000 0.026198
148.000000 0.027931
148.100000 0.029720
148.200000 0.031565
148.300000 0.033464
148.400000 0.035420
148.500000 0.037430
148.600000 0.039497
148.700000 0.041619
148.800000 0.043796
148.900000 0.046029
149.000000 0.048317
149.100000 0.050661
149.200000 0.053061
149.300000 0.055515
149.400000 0.058026
149.500000 0.060592
149.600000 0.063213
149.700000 0.065890
149.800000 0.068623
149.900000 0.071411
150.000000 0.074254
150.100000 0.077153
150.200000 0.080108
150.300000 0.083118
150.400000 0.086183
150.500000 0.089304
150.600000 0.092481
150.700000 0.095713
150.800000 0.099000
150.900000 0.102343
151.000000 0.105742
151.100000 0.109196
151.200000 0.112706
151.300000 0.116271
151.400000 0.119891
151.500000 0.123568
151.600000 0.127299
151.700000 0.131086
151.800000 0.134929
151.900000 0.138827
152.000000 0.142781
152.100000 0.146790
152.200000 0.150855
152.300000 0.154975
152.400000 0.159151
152.500000 0.163382
152.600000 0.167669
152.700000 0.172011
152.800000 0.176409
152.900000 0.180862
153.000000 0.185371
153.100000 0.189935
153.200000 0.194555
153.300000 0.199230
153.400000 0.203961
153.500000 0.208748
153.600000 0.213589
153.700000 0.218487
153.800000 0.223440
153.900000 0.228448
154.000000 0.233512
154.100000 0.238631
154.200000 0.243806
154.300000 0.249037
154.400000 0.254323
154.500000 0.259664
154.600000 0.265061
154.700000 0.270513
154.800000 0.276021
154.900000 0.281585
155.000000 0.287204
155.100000 0.292878
155.200000 0.298609
155.300000 0.304394
155.400000 0.310235
155.500000 0.316132
155.600000 0.322084
155.700000 0.328091
155.800000 0.334154
155.900000 0.340273
156.000000 0.346447
156.100000 0.352677
156.200000 0.358962
156.300000 0.365303
156.400000 0.371699
156.500000 0.378150
156.600000 0.384657
156.700000 0.391220
156.800000 0.397838
156.900000 0.404512
157.000000 0.411241
157.100000 0.418026
157.200000 0.424866
157.300000 0.431762
157.400000 0.438713
157.500000 0.445720
157.600000 0.452782
157.700000 0.459900
157.800000 0.467073
157.900000 0.474302
158.000000 0.481587
158.100000 0.488926
158.200000 0.496322
158.300000 0.503773
158.400000 0.511279
158.500000 0.518841
158.600000 0.526458
158.700000 0.534131
158.800000 0.541859
158.900000 0.549643
159.000000 0.557483
159.100000 0.565378
159.200000 0.573328
159.300000 0.581334
159.400000 0.589396
159.500000 0.597513
159.600000 0.605685
159.700000 0.613913
159.800000 0.622197
159.900000 0.630536
160.000000 0.638930
160.100000 0.647380
160.200000 0.655886
160.300000 0.664447
160.400000 0.673063
160.500000 0.681735
160.600000 0.690463
160.700000 0.699246
160.800000 0.708085
160.900000 0.716979
161.000000 0.725928
161.100000 0.734934
161.200000 0.743994
161.300000 0.753110
161.400000 0.762282
161.500000 0.771509
161.600000 0.780792
161.700000 0.790130
161.800000 0.799524
161.900000 0.808973
162.000000 0.818478
162.100000 0.828038
162.200000 0.837654
162.300000 0.847325
162.400000 0.857052
162.500000 0.866834
162.600000 0.876672
162.700000 0.886565
162.800000 0.896514
162.900000 0.906519
163.000000 0.916578
163.100000 0.926694
163.200000 0.936865
163.300000 0.947091
163.400000 0.957373
163.500000 0.967710
163.600000 0.978103
163.700000 0.988552
163.800000 0.999055
163.900000 1.009592
164.000000 1.020128
164.100000 1.030664
164.200000 1.041199
164.300000 1.051733
164.400000 1.062266
164.500000 1.072796
164.600000 1.083325
164.700000 1.093852
164.800000 1.104376
164.900000 1.114897
165.000000 1.125416
165.100000 1.135931
165.200000 1.146442
165.300000 1.156950
165.400000 1.167454
165.500000 1.177953
165.600000 1.188448
165.700000 1.198938
165.800000 1.209424
165.900000 1.219903
166.000000 1.230378
166.100000 1.240847
166.200000 1.251309
166.300000 1.261766
166.400000 1.272216
166.500000 1.282660
166.600000 1.293097
166.700000 1.303527
166.800000 1.313949
166.900000 1.324364
167.000000 1.334771
167.100000 1.345171
167.200000 1.355562
167.300000 1.365945
167.400000 1.376320
167.500000 1.386686
167.600000 1.397043
167.700000 1.407391
167.800000 1.417729
167.900000 1.428059
168.000000 1.438378
168.100000 1.448688
168.200000 1.458988
168.300000 1.469277
168.400000 1.479556
168.500000 1.489825
168.600000 1.500083
168.700000 1.510330
168.800000 1.520566
168.900000 1.530791
169.000000 1.541004
169.100000 1.551206
169.200000 1.561396
169.300000 1.571574
169.400000 1.581740
169.500000 1.591894
169.600000 1.602036
169.700000 1.612165
169.800000 1.622282
169.900000 1.632386
170.000000 1.642476
170.100000 1.652554
170.200000 1.662619
170.300000 1.672670
170.400000 1.682708
170.500000 1.692732
170.600000 1.702742
170.700000 1.712739
170.800000 1.722721
170.900000 1.732690
171.000000 1.742644
171.100000 1.752584
171.200000 1.762509
171.300000 1.772419
171.400000 1.782315
171.500000 1.792196
171.600000 1.802062
171.700000 1.811912
171.800000 1.821748
171.900000 1.831568
172.000000 1.841373
172.100000 1.851162
172.200000 1.860936
172.300000 1.870693
172.400000 1.880435
172.500000 1.890161
172.600000 1.899871
172.700000 1.909564
172.800000 1.919242
172.900000 1.928903
173.000000 1.938547
173.100000 1.948175
173.200000 1.957787
173.300000 1.967381
173.400000 1.976959
173.500000 1.986520
173.600000 1.996063
173.700000 2.005590
173.800000 2.015100
173.900000 2.024592
174.000000 2.034067
174.100000 2.043524
174.200000 2.052964
174.300000 2.062387
174.400000 2.071791
174.500000 2.081178
174.600000 2.090548
174.700000 2.099899
174.800000 2.109232
174.900000 2.118548
175.000000 2.127845
175.100000 2.137124
175.200000 2.146385
175.300000 2.155628
175.400000 2.164852
175.500000 2.174058
175.600000 2.183245
175.700000 2.192414
175.800000 2.201565
175.900000 2.210696
176.000000 2.219809
176.100000 2.228904
176.200000 2.237979
176.300000 2.247036
176.400000 2.256073
176.500000 2.265092
176.600000 2.274091
176.700000 2.283072
176.800000 2.292033
176.900000 2.300976
177.000000 2.309899
177.100000 2.318803
177.200000 2.327687
177.300000 2.336552
177.400000 2.345398
177.500000 2.354225
177.600000 2.363032
177.700000 2.371819
177.800000 2.380587
177.900000 2.389335
178.000000 2.398064
178.100000 2.406773
178.200000 2.415462
178.300000 2.424132
178.400000 2.432782
178.500000 2.441412
178.600000 2.450022
178.700000 2.458613
178.800000 2.467183
178.900000 2.475734
179.000000 2.484265
179.100000 2.492775
179.200000 2.501266
179.300000 2.509737
179.400000 2.518188
179.500000 2.526619
179.600000 2.535029
179.700000 2.543420
179.800000 2.551790
179.900000 2.560140
180.000000 2.568471
