-180.000000 0.000000
-179.900000 0.000008
-179.800000 0.000031
-179.700000 0.000070
-179.600000 0.000125
-179.500000 0.000196
-179.400000 0.000282
-179.300000 0.000383
-179.200000 0.000501
-179.100000 0.000634
-179.000000 0.000782
-178.900000 0.000946
-178.800000 0.001126
-178.700000 0.001322
-178.600000 0.001533
-178.500000 0.001760
-178.400000 0.002003
-178.300000 0.002261
-178.200000 0.002534
-178.100000 0.002824
-178.000000 0.003129
-177.900000 0.003450
-177.800000 0.003786
-177.700000 0.004138
-177.600000 0.004506
-177.500000 0.004889
-177.400000 0.005288
-177.300000 0.005702
-177.200000 0.006133
-177.100000 0.006579
-177.000000 0.007040
-176.900000 0.007517
-176.800000 0.008010
-176.700000 0.008518
-176.600000 0.009043
-176.500000 0.009582
-176.400000 0.010138
-176.300000 0.010709
-176.200000 0.011295
-176.100000 0.011898
-176.000000 0.012516
-175.900000 0.013149
-175.800000 0.013799
-175.700000 0.014463
-175.600000 0.015144
-175.500000 0.015840
-175.400000 0.016552
-175.300000 0.017279
-175.200000 0.018023
-175.100000 0.018781
-175.000000 0.019556
-174.900000 0.020346
-174.800000 0.021152
-174.700000 0.021973
-174.600000 0.022810
-174.500000 0.023662
-174.400000 0.024531
-174.300000 0.025415
-174.200000 0.026314
-174.100000 0.027229
-174.000000 0.028160
-173.900000 0.029107
-173.800000 0.030069
-173.700000 0.031047
-173.600000 0.032040
-173.500000 0.033049
-173.400000 0.034074
-173.300000 0.035114
-173.200000 0.036170
-173.100000 0.037242
-173.000000 0.038329
-172.900000 0.039432
-172.800000 0.040551
-172.700000 0.041685
-172.600000 0.042835
-172.500000 0.044001
-172.400000 0.045182
-172.300000 0.046378
-172.200000 0.047591
-172.100000 0.048819
-172.000000 0.050063
-171.900000 0.051322
-171.800000 0.052597
-171.700000 0.053888
-171.600000 0.055194
-171.500000 0.056516
-171.400000 0.057854
-171.300000 0.059207
-171.200000 0.060576
-171.100000 0.061961
-171.000000 0.063361
-170.900000 0.064777
-170.800000 0.066208
-170.700000 0.067655
-170.600000 0.069118
-170.500000 0.070596
-170.400000 0.072090
-170.300000 0.073600
-170.200000 0.075125
-170.100000 0.076666
-170.000000 0.078223
-169.900000 0.079795
-169.800000 0.081383
-169.700000 0.082987
-169.600000 0.084606
-169.500000 0.086241
-169.400000 0.087892
-169.300000 0.089558
-169.200000 0.091239
-169.100000 0.092937
-169.000000 0.094650
-168.900000 0.096379
-168.800000 0.098123
-168.700000 0.099883
-168.600000 0.101659
-168.500000 0.103450
-168.400000 0.105257
-168.300000 0.107080
-168.200000 0.108918
-168.100000 0.110772
-168.000000 0.112641
-167.900000 0.114526
-167.800000 0.116427
-167.700000 0.118344
-167.600000 0.120276
-167.500000 0.122224
-167.400000 0.124187
-167.300000 0.126166
-167.200000 0.128161
-167.100000 0.130171
-167.000000 0.132197
-166.900000 0.134239
-166.800000 0.136296
-166.700000 0.138369
-166.600000 0.140457
-166.500000 0.142562
-166.400000 0.144682
-166.300000 0.146817
-166.200000 0.148968
-166.100000 0.151135
-166.000000 0.153317
-165.900000 0.155515
-165.800000 0.157729
-165.700000 0.159958
-165.600000 0.162203
-165.500000 0.164464
-165.400000 0.166740
-165.300000 0.169032
-165.200000 0.171340
-165.100000 0.173663
-165.000000 0.176002
-164.900000 0.178357
-164.800000 0.180727
-164.700000 0.183113
-164.600000 0.185514
-164.500000 0.187931
-164.400000 0.190364
-164.300000 0.192812
-164.200000 0.195276
-164.100000 0.197756
-164.000000 0.200251
-163.900000 0.202762
-163.800000 0.205289
-163.700000 0.207831
-163.600000 0.210389
-163.500000 0.212962
-163.400000 0.215552
-163.300000 0.218156
-163.200000 0.220777
-163.100000 0.223413
-163.000000 0.226065
-162.900000 0.228732
-162.800000 0.231415
-162.700000 0.234114
-162.600000 0.236828
-162.500000 0.239558
-162.400000 0.242304
-162.300000 0.245065
-162.200000 0.247842
-162.100000 0.250635
-162.000000 0.253443
-161.900000 0.256267
-161.800000 0.259106
-161.700000 0.261961
-161.600000 0.264832
-161.500000 0.267719
-161.400000 0.270621
-161.300000 0.273538
-161.200000 0.276472
-161.100000 0.279421
-161.000000 0.282386
-160.900000 0.285366
-160.800000 0.288362
-160.700000 0.291373
-160.600000 0.294401
-160.500000 0.297443
-160.400000 0.300502
-160.300000 0.303576
-160.200000 0.306666
-160.100000 0.309771
-160.000000 0.312893
-159.900000 0.316029
-159.800000 0.319182
-159.700000 0.322350
-159.600000 0.325533
-159.500000 0.328733
-159.400000 0.331948
-159.300000 0.335178
-159.200000 0.338425
-159.100000 0.341686
-159.000000 0.344964
-158.900000 0.348257
-158.800000 0.351566
-158.700000 0.354891
-158.600000 0.358231
-158.500000 0.361586
-158.400000 0.364958
-158.300000 0.368345
-158.200000 0.371748
-158.100000 0.375166
-158.000000 0.378600
-157.900000 0.382050
-157.800000 0.385515
-157.700000 0.388996
-157.600000 0.392492
-157.500000 0.396005
-157.400000 0.399532
-157.300000 0.403076
-157.200000 0.406635
-157.100000 0.410210
-157.000000 0.413800
-156.900000 0.417406
-156.800000 0.421028
-156.700000 0.424666
-156.600000 0.428319
-156.500000 0.431987
-156.400000 0.435672
-156.300000 0.439372
-156.200000 0.443087
-156.100000 0.446818
-156.000000 0.450565
-155.900000 0.454328
-155.800000 0.458106
-155.700000 0.461900
-155.600000 0.465709
-155.500000 0.469534
-155.400000 0.473375
-155.300000 0.477232
-155.200000 0.481104
-155.100000 0.484991
-155.000000 0.488895
-154.900000 0.492814
-154.800000 0.496748
-154.700000 0.500698
-154.600000 0.504664
-154.500000 0.508646
-154.400000 0.512643
-154.300000 0.516656
-154.200000 0.520684
-154.100000 0.524729
-154.000000 0.528788
-153.900000 0.532864
-153.800000 0.536955
-153.700000 0.541062
-153.600000 0.545184
-153.500000 0.549322
-153.400000 0.553476
-153.300000 0.557645
-153.200000 0.561830
-153.100000 0.566030
-153.000000 0.570247
-152.900000 0.574479
-152.800000 0.578726
-152.700000 0.582989
-152.600000 0.587268
-152.500000 0.591562
-152.400000 0.595873
-152.300000 0.600198
-152.200000 0.604540
-152.100000 0.608897
-152.000000 0.613269
-151.900000 0.617658
-151.800000 0.622062
-151.700000 0.626481
-151.600000 0.630917
-151.500000 0.635367
-151.400000 0.639834
-151.300000 0.644316
-151.200000 0.648814
-151.100000 0.653327
-151.000000 0.657857
-150.900000 0.662401
-150.800000 0.666962
-150.700000 0.671538
-150.600000 0.676129
-150.500000 0.680737
-150.400000 0.685360
-150.300000 0.689998
-150.200000 0.694653
-150.100000 0.699323
-150.000000 0.704008
-149.900000 0.708709
-149.800000 0.713426
-149.700000 0.718159
-149.600000 0.722907
-149.500000 0.727671
-149.400000 0.732450
-149.300000 0.737245
-149.200000 0.742056
-149.100000 0.746882
-149.000000 0.751724
-148.900000 0.756582
-148.800000 0.761455
-148.700000 0.766344
-148.600000 0.771249
-148.500000 0.776169
-148.400000 0.781105
-148.300000 0.786056
-148.200000 0.791024
-148.100000 0.796006
-148.000000 0.801005
-147.900000 0.806019
-147.800000 0.811049
-147.700000 0.816094
-147.600000 0.821155
-147.500000 0.826232
-147.400000 0.831324
-147.300000 0.836432
-147.200000 0.841556
-147.100000 0.846695
-147.000000 0.851850
-146.900000 0.857020
-146.800000 0.862207
-146.700000 0.867409
-146.600000 0.872626
-146.500000 0.877859
-146.400000 0.883108
-146.300000 0.888372
-146.200000 0.893652
-146.100000 0.898948
-146.000000 0.904259
-145.900000 0.909586
-145.800000 0.914929
-145.700000 0.920287
-145.600000 0.925661
-145.500000 0.931051
-145.400000 0.936456
-145.300000 0.941877
-145.200000 0.947313
-145.100000 0.952766
-145.000000 0.958233
-144.900000 0.963717
-144.800000 0.969216
-144.700000 0.974731
-144.600000 0.980261
-144.500000 0.985807
-144.400000 0.991369
-144.300000 0.996946
-144.200000 1.002539
-144.100000 1.008148
-144.000000 1.013772
-143.900000 1.019412
-143.800000 1.025067
-143.700000 1.030738
-143.600000 1.036425
-143.500000 1.042128
-143.400000 1.047846
-143.300000 1.053580
-143.200000 1.059329
-143.100000 1.065094
-143.000000 1.070875
-142.900000 1.076671
-142.800000 1.082483
-142.700000 1.088311
-142.600000 1.094154
-142.500000 1.100013
-142.400000 1.105887
-142.300000 1.111778
-142.200000 1.117683
-142.100000 1.123605
-142.000000 1.129542
-141.900000 1.135495
-141.800000 1.141463
-141.700000 1.147447
-141.600000 1.153447
-141.500000 1.159462
-141.400000 1.165493
-141.300000 1.171540
-141.200000 1.177602
-141.100000 1.183680
-141.000000 1.189774
-140.900000 1.195883
-140.800000 1.202008
-140.700000 1.208148
-140.600000 1.214305
-140.500000 1.220476
-140.400000 1.226664
-140.300000 1.232867
-140.200000 1.239086
-140.100000 1.245320
-140.000000 1.251570
-139.900000 1.257836
-139.800000 1.264117
-139.700000 1.270414
-139.600000 1.276727
-139.500000 1.283055
-139.400000 1.289399
-139.300000 1.295758
-139.200000 1.302134
-139.100000 1.308524
-139.000000 1.314931
-138.900000 1.321353
-138.800000 1.327791
-138.700000 1.334244
-138.600000 1.340713
-138.500000 1.347198
-138.400000 1.353698
-138.300000 1.360214
-138.200000 1.366746
-138.100000 1.373293
-138.000000 1.379856
-137.900000 1.386435
-137.800000 1.393029
-137.700000 1.399639
-137.600000 1.406264
-137.500000 1.412905
-137.400000 1.419562
-137.300000 1.426235
-137.200000 1.432923
-137.100000 1.439626
-137.000000 1.446346
-136.900000 1.453081
-136.800000 1.459831
-136.700000 1.466598
-136.600000 1.473380
-136.500000 1.480177
-136.400000 1.486990
-136.300000 1.493819
-136.200000 1.500664
-136.100000 1.507524
-136.000000 1.514400
-135.900000 1.521291
-135.800000 1.528198
-135.700000 1.535121
-135.600000 1.542060
-135.500000 1.549014
-135.400000 1.555983
-135.300000 1.562969
-135.200000 1.569970
-135.100000 1.576986
-135.000000 1.584018
-134.900000 1.591066
-134.800000 1.598130
-134.700000 1.605209
-134.600000 1.612304
-134.500000 1.619414
-134.400000 1.626541
-134.300000 1.633682
-134.200000 1.640840
-134.100000 1.648013
-134.000000 1.655201
-133.900000 1.662406
-133.800000 1.669626
-133.700000 1.676861
-133.600000 1.684113
-133.500000 1.691380
-133.400000 1.698662
-133.300000 1.705960
-133.200000 1.713274
-133.100000 1.720604
-133.000000 1.727949
-132.900000 1.735310
-132.800000 1.742686
-132.700000 1.750078
-132.600000 1.757486
-132.500000 1.764909
-132.400000 1.772348
-132.300000 1.779803
-132.200000 1.787273
-132.100000 1.794759
-132.000000 1.802261
-131.900000 1.809778
-131.800000 1.817311
-131.700000 1.824860
-131.600000 1.832424
-131.500000 1.840004
-131.400000 1.847599
-131.300000 1.855210
-131.200000 1.862837
-131.100000 1.870479
-131.000000 1.878137
-130.900000 1.885811
-130.800000 1.893500
-130.700000 1.901205
-130.600000 1.908926
-130.500000 1.916662
-130.400000 1.924414
-130.300000 1.932182
-130.200000 1.939965
-130.100000 1.947764
-130.000000 1.955578
-129.900000 1.963408
-129.800000 1.971254
-129.700000 1.979116
-129.600000 1.986993
-129.500000 1.994885
-129.400000 2.002794
-129.300000 2.010718
-129.200000 2.018657
-129.100000 2.026613
-129.000000 2.034584
-128.900000 2.042570
-128.800000 2.050573
-128.700000 2.058590
-128.600000 2.066624
-128.500000 2.074673
-128.400000 2.082738
-128.300000 2.090818
-128.200000 2.098914
-128.100000 2.107026
-128.000000 2.115154
-127.900000 2.123297
-127.800000 2.131455
-127.700000 2.139630
-127.600000 2.147820
-127.500000 2.156025
-127.400000 2.164246
-127.300000 2.172483
-127.200000 2.180736
-127.100000 2.189004
-127.000000 2.197288
-126.900000 2.205587
-126.800000 2.213902
-126.700000 2.222233
-126.600000 2.230580
-126.500000 2.238942
-126.400000 2.247319
-126.300000 2.255713
-126.200000 2.264122
-126.100000 2.272546
-126.000000 2.280987
-125.900000 2.289442
-125.800000 2.297914
-125.700000 2.306401
-125.600000 2.314904
-125.500000 2.323423
-125.400000 2.331957
-125.300000 2.340507
-125.200000 2.349072
-125.100000 2.357653
-125.000000 2.366250
-124.900000 2.374862
-124.800000 2.383490
-124.700000 2.392134
-124.600000 2.400793
-124.500000 2.409468
-124.400000 2.418159
-124.300000 2.426865
-124.200000 2.435587
-124.100000 2.444324
-124.000000 2.453077
-123.900000 2.461846
-123.800000 2.470631
-123.700000 2.479431
-123.600000 2.488247
-123.500000 2.497078
-123.400000 2.505925
-123.300000 2.514788
-123.200000 2.523666
-123.100000 2.532560
-123.000000 2.541470
-122.900000 2.550395
-122.800000 2.559336
-122.700000 2.568292
-122.600000 2.577265
-122.500000 2.586252
-122.400000 2.595256
-122.300000 2.604275
-122.200000 2.613310
-122.100000 2.622360
-122.000000 2.631426
-121.900000 2.640508
-121.800000 2.649605
-121.700000 2.658718
-121.600000 2.667847
-121.500000 2.676991
-121.400000 2.686151
-121.300000 2.695327
-121.200000 2.704518
-121.100000 2.713725
-121.000000 2.722947
-120.900000 2.732185
-120.800000 2.741439
-120.700000 2.750709
-120.600000 2.759994
-120.500000 2.769294
-120.400000 2.778611
-120.300000 2.787943
-120.200000 2.797291
-120.100000 2.806654
-120.000000 2.816033
-119.900000 2.825427
-119.800000 2.834838
-119.700000 2.844264
-119.600000 2.853705
-119.500000 2.863162
-119.400000 2.872635
-119.300000 2.882124
-119.200000 2.891628
-119.100000 2.901147
-119.000000 2.910683
-118.900000 2.920234
-118.800000 2.929801
-118.700000 2.939383
-118.600000 2.948981
-118.500000 2.958594
-118.400000 2.968224
-118.300000 2.977869
-118.200000 2.987529
-118.100000 2.997205
-118.000000 3.006897
-117.900000 3.016605
-117.800000 3.026328
-117.700000 3.036067
-117.600000 3.045821
-117.500000 3.055591
-117.400000 3.065377
-117.300000 3.075178
-117.200000 3.084995
-117.100000 3.094828
-117.000000 3.104676
-116.900000 3.114540
-116.800000 3.124420
-116.700000 3.134315
-116.600000 3.144226
-116.500000 3.154152
-116.400000 3.164094
-116.300000 3.174052
-116.200000 3.184026
-116.100000 3.194015
-116.000000 3.204020
-115.900000 3.214040
-115.800000 3.224076
-115.700000 3.234128
-115.600000 3.244195
-115.500000 3.254278
-115.400000 3.264377
-115.300000 3.274491
-115.200000 3.284621
-115.100000 3.294766
-115.000000 3.304927
-114.900000 3.315104
-114.800000 3.325297
-114.700000 3.335505
-114.600000 3.345729
-114.500000 3.355968
-114.400000 3.366223
-114.300000 3.376494
-114.200000 3.386780
-114.100000 3.397082
-114.000000 3.407400
-113.900000 3.417733
-113.800000 3.428082
-113.700000 3.438446
-113.600000 3.448827
-113.500000 3.459223
-113.400000 3.469634
-113.300000 3.480061
-113.200000 3.490504
-113.100000 3.500962
-113.000000 3.511436
-112.900000 3.521926
-112.800000 3.532432
-112.700000 3.542953
-112.600000 3.553489
-112.500000 3.564042
-112.400000 3.574609
-112.300000 3.585193
-112.200000 3.595792
-112.100000 3.606407
-112.000000 3.617038
-111.900000 3.627684
-111.800000 3.638346
-111.700000 3.649023
-111.600000 3.659716
-111.500000 3.670425
-111.400000 3.681149
-111.300000 3.691889
-111.200000 3.702645
-111.100000 3.713416
-111.000000 3.724203
-110.900000 3.735006
-110.800000 3.745824
-110.700000 3.756658
-110.600000 3.767508
-110.500000 3.778373
-110.400000 3.789254
-110.300000 3.800150
-110.200000 3.811062
-110.100000 3.821990
-110.000000 3.832934
-109.900000 3.843893
-109.800000 3.854867
-109.700000 3.865858
-109.600000 3.876864
-109.500000 3.887885
-109.400000 3.898923
-109.300000 3.909975
-109.200000 3.921044
-109.100000 3.932128
-109.000000 3.943228
-108.900000 3.954344
-108.800000 3.965475
-108.700000 3.976622
-108.600000 3.987784
-108.500000 3.998962
-108.400000 4.010156
-108.300000 4.021365
-108.200000 4.032590
-108.100000 4.043831
-108.000000 4.055087
-107.900000 4.066359
-107.800000 4.077647
-107.700000 4.088950
-107.600000 4.100269
-107.500000 4.111603
-107.400000 4.122954
-107.300000 4.134319
-107.200000 4.145701
-107.100000 4.157098
-107.000000 4.168511
-106.900000 4.179939
-106.800000 4.191383
-106.700000 4.202843
-106.600000 4.214318
-106.500000 4.225809
-106.400000 4.237316
-106.300000 4.248838
-106.200000 4.260376
-106.100000 4.271930
-106.000000 4.283499
-105.900000 4.295084
-105.800000 4.306684
-105.700000 4.318300
-105.600000 4.329932
-105.500000 4.341579
-105.400000 4.353243
-105.300000 4.364921
-105.200000 4.376616
-105.100000 4.388326
-105.000000 4.400051
-104.900000 4.411793
-104.800000 4.423549
-104.700000 4.435322
-104.600000 4.447110
-104.500000 4.458914
-104.400000 4.470734
-104.300000 4.482569
-104.200000 4.494420
-104.100000 4.506286
-104.000000 4.518168
-103.900000 4.530066
-103.800000 4.541979
-103.700000 4.553908
-103.600000 4.565853
-103.500000 4.577813
-103.400000 4.589789
-103.300000 4.601781
-103.200000 4.613788
-103.100000 4.625811
-103.000000 4.637850
-102.900000 4.649904
-102.800000 4.661974
-102.700000 4.674059
-102.600000 4.686160
-102.500000 4.698277
-102.400000 4.710409
-102.300000 4.722557
-102.200000 4.734721
-102.100000 4.746900
-102.000000 4.759095
-101.900000 4.771306
-101.800000 4.783532
-101.700000 4.795774
-101.600000 4.808032
-101.500000 4.820305
-101.400000 4.832594
-101.300000 4.844898
-101.200000 4.857219
-101.100000 4.869554
-101.000000 4.881906
-100.900000 4.894273
-100.800000 4.906656
-100.700000 4.919054
-100.600000 4.931468
-100.500000 4.943898
-100.400000 4.956343
-100.300000 4.968804
-100.200000 4.981280
-100.100000 4.993773
-100.000000 5.006281
-99.900000 5.018804
-99.800000 5.031343
-99.700000 5.043898
-99.600000 5.056468
-99.500000 5.069055
-99.400000 5.081656
-99.300000 5.094274
-99.200000 5.106907
-99.100000 5.119555
-99.000000 5.132220
-98.900000 5.144900
-98.800000 5.157595
-98.700000 5.170307
-98.600000 5.183034
-98.500000 5.195776
-98.400000 5.208534
-98.300000 5.221308
-98.200000 5.234098
-98.100000 5.246903
-98.000000 5.259723
-97.900000 5.272560
-97.800000 5.285412
-97.700000 5.298280
-97.600000 5.311163
-97.500000 5.324062
-97.400000 5.336977
-97.300000 5.349907
-97.200000 5.362853
-97.100000 5.375814
-97.000000 5.388792
-96.900000 5.401785
-96.800000 5.414793
-96.700000 5.427817
-96.600000 5.440857
-96.500000 5.453912
-96.400000 5.466983
-96.300000 5.480070
-96.200000 5.493173
-96.100000 5.506291
-96.000000 5.519424
-95.900000 5.532574
-95.800000 5.545739
-95.700000 5.558919
-95.600000 5.572115
-95.500000 5.585327
-95.400000 5.598555
-95.300000 5.611798
-95.200000 5.625057
-95.100000 5.638331
-95.000000 5.651621
-94.900000 5.664927
-94.800000 5.678249
-94.700000 5.691586
-94.600000 5.704938
-94.500000 5.718307
-94.400000 5.731691
-94.300000 5.745090
-94.200000 5.758505
-94.100000 5.771936
-94.000000 5.785383
-93.900000 5.798845
-93.800000 5.812323
-93.700000 5.825816
-93.600000 5.839326
-93.500000 5.852850
-93.400000 5.866391
-93.300000 5.879947
-93.200000 5.893519
-93.100000 5.907106
-93.000000 5.920709
-92.900000 5.934328
-92.800000 5.947962
-92.700000 5.961612
-92.600000 5.975277
-92.500000 5.988959
-92.400000 6.002656
-92.300000 6.016368
-92.200000 6.030096
-92.100000 6.043840
-92.000000 6.057599
-91.900000 6.071375
-91.800000 6.085165
-91.700000 6.098972
-91.600000 6.112794
-91.500000 6.126631
-91.400000 6.140485
-91.300000 6.154354
-91.200000 6.168238
-91.100000 6.182138
-91.000000 6.196054
-90.900000 6.209986
-90.800000 6.223933
-90.700000 6.237896
-90.600000 6.251874
-90.500000 6.265869
-90.400000 6.279878
-90.300000 6.293904
-90.200000 6.307945
-90.100000 6.322001
-90.000000 6.336074
-89.900000 6.350162
-89.800000 6.364265
-89.700000 6.378385
-89.600000 6.392520
-89.500000 6.406670
-89.400000 6.420836
-89.300000 6.435018
-89.200000 6.449216
-89.100000 6.463429
-89.000000 6.477658
-88.900000 6.491902
-88.800000 6.506162
-88.700000 6.520438
-88.600000 6.534729
-88.500000 6.549036
-88.400000 6.563359
-88.300000 6.577697
-88.200000 6.592051
-88.100000 6.606421
-88.000000 6.620806
-87.900000 6.635207
-87.800000 6.649623
-87.700000 6.664056
-87.600000 6.678503
-87.500000 6.692967
-87.400000 6.707446
-87.300000 6.721941
-87.200000 6.736451
-87.100000 6.750977
-87.000000 6.765519
-86.900000 6.780076
-86.800000 6.794649
-86.700000 6.809238
-86.600000 6.823842
-86.500000 6.838462
-86.400000 6.853097
-86.300000 6.867749
-86.200000 6.882415
-86.100000 6.897098
-86.000000 6.911796
-85.900000 6.926510
-85.800000 6.941239
-85.700000 6.955984
-85.600000 6.970745
-85.500000 6.985521
-85.400000 7.000313
-85.300000 7.015121
-85.200000 7.029944
-85.100000 7.044783
-85.000000 7.059638
-84.900000 7.074508
-84.800000 7.089394
-84.700000 7.104295
-84.600000 7.119213
-84.500000 7.134145
-84.400000 7.149094
-84.300000 7.164058
-84.200000 7.179038
-84.100000 7.194033
-84.000000 7.209044
-83.900000 7.224071
-83.800000 7.239113
-83.700000 7.254171
-83.600000 7.269244
-83.500000 7.284334
-83.400000 7.299439
-83.300000 7.314559
-83.200000 7.329695
-83.100000 7.344847
-83.000000 7.360015
-82.900000 7.375198
-82.800000 7.390396
-82.700000 7.405611
-82.600000 7.420841
-82.500000 7.436087
-82.400000 7.451348
-82.300000 7.466625
-82.200000 7.481918
-82.100000 7.497226
-82.000000 7.512550
-81.900000 7.527889
-81.800000 7.543244
-81.700000 7.558615
-81.600000 7.574002
-81.500000 7.589404
-81.400000 7.604822
-81.300000 7.620255
-81.200000 7.635704
-81.100000 7.651169
-81.000000 7.666649
-80.900000 7.682145
-80.800000 7.697657
-80.700000 7.713184
-80.600000 7.728727
-80.500000 7.744286
-80.400000 7.759860
-80.300000 7.775450
-80.200000 7.791055
-80.100000 7.806677
-80.000000 7.822313
-79.900000 7.837966
-79.800000 7.853634
-79.700000 7.869318
-79.600000 7.885017
-79.500000 7.900732
-79.400000 7.916463
-79.300000 7.932209
-79.200000 7.947971
-79.100000 7.963749
-79.000000 7.979542
-78.900000 7.995351
-78.800000 8.011175
-78.700000 8.027015
-78.600000 8.042871
-78.500000 8.058743
-78.400000 8.074630
-78.300000 8.090533
-78.200000 8.106451
-78.100000 8.122385
-78.000000 8.138335
-77.900000 8.154300
-77.800000 8.170281
-77.700000 8.186278
-77.600000 8.202290
-77.500000 8.218318
-77.400000 8.234362
-77.300000 8.250421
-77.200000 8.266496
-77.100000 8.282586
-77.000000 8.298692
-76.900000 8.314814
-76.800000 8.330951
-76.700000 8.347105
-76.600000 8.363273
-76.500000 8.379458
-76.400000 8.395658
-76.300000 8.411873
-76.200000 8.428105
-76.100000 8.444352
-76.000000 8.460614
-75.900000 8.476892
-75.800000 8.493186
-75.700000 8.509496
-75.600000 8.525821
-75.500000 8.542162
-75.400000 8.558518
-75.300000 8.574890
-75.200000 8.591278
-75.100000 8.607681
-75.000000 8.624100
-74.900000 8.640535
-74.800000 8.656985
-74.700000 8.673451
-74.600000 8.689933
-74.500000 8.706430
-74.400000 8.722943
-74.300000 8.739472
-74.200000 8.756016
-74.100000 8.772576
-74.000000 8.789151
-73.900000 8.805742
-73.800000 8.822349
-73.700000 8.838972
-73.600000 8.855610
-73.500000 8.872263
-73.400000 8.888933
-73.300000 8.905618
-73.200000 8.922318
-73.100000 8.939035
-73.000000 8.955767
-72.900000 8.972514
-72.800000 8.989277
-72.700000 9.006056
-72.600000 9.022851
-72.500000 9.039661
-72.400000 9.056487
-72.300000 9.073328
-72.200000 9.090185
-72.100000 9.107058
-72.000000 9.123946
-71.900000 9.140850
-71.800000 9.157770
-71.700000 9.174705
-71.600000 9.191656
-71.500000 9.208623
-71.400000 9.225605
-71.300000 9.242603
-71.200000 9.259616
-71.100000 9.276646
-71.000000 9.293690
-70.900000 9.310751
-70.800000 9.327827
-70.700000 9.344919
-70.600000 9.362026
-70.500000 9.379149
-70.400000 9.396288
-70.300000 9.413442
-70.200000 9.430612
-70.100000 9.447798
-70.000000 9.464999
-69.900000 9.482216
-69.800000 9.499449
-69.700000 9.516697
-69.600000 9.533961
-69.500000 9.551240
-69.400000 9.568535
-69.300000 9.585846
-69.200000 9.603172
-69.100000 9.620515
-69.000000 9.637872
-68.900000 9.655246
-68.800000 9.672635
-68.700000 9.690039
-68.600000 9.707460
-68.500000 9.724895
-68.400000 9.742347
-68.300000 9.759814
-68.200000 9.777297
-68.100000 9.794796
-68.000000 9.812310
-67.900000 9.829840
-67.800000 9.847385
-67.700000 9.864946
-67.600000 9.882523
-67.500000 9.900115
-67.400000 9.917723
-67.300000 9.935347
-67.200000 9.952986
-67.100000 9.970641
-67.000000 9.988312
-66.900000 10.005998
-66.800000 10.023700
-66.700000 10.041418
-66.600000 10.059151
-66.500000 10.076900
-66.400000 10.094664
-66.300000 10.112444
-66.200000 10.130240
-66.100000 10.148051
-66.000000 10.165878
-65.900000 10.183721
-65.800000 10.201579
-65.700000 10.219453
-65.600000 10.237343
-65.500000 10.255248
-65.400000 10.273169
-65.300000 10.291106
-65.200000 10.309058
-65.100000 10.327026
-65.000000 10.345009
-64.900000 10.363009
-64.800000 10.381023
-64.700000 10.399054
-64.600000 10.417100
-64.500000 10.435162
-64.400000 10.453239
-64.300000 10.471332
-64.200000 10.489441
-64.100000 10.507565
-64.000000 10.525705
-63.900000 10.543860
-63.800000 10.562032
-63.700000 10.580219
-63.600000 10.598421
-63.500000 10.616639
-63.400000 10.634873
-63.300000 10.653122
-63.200000 10.671388
-63.100000 10.689668
-63.000000 10.707965
-62.900000 10.726277
-62.800000 10.744604
-62.700000 10.762948
-62.600000 10.781307
-62.500000 10.799681
-62.400000 10.818072
-62.300000 10.836477
-62.200000 10.854899
-62.100000 10.873336
-62.000000 10.891789
-61.900000 10.910258
-61.800000 10.928742
-61.700000 10.947241
-61.600000 10.965757
-61.500000 10.984288
-61.400000 11.002835
-61.300000 11.021397
-61.200000 11.039975
-61.100000 11.058569
-61.000000 11.077178
-60.900000 11.095803
-60.800000 11.114443
-60.700000 11.133100
-60.600000 11.151771
-60.500000 11.170459
-60.400000 11.189162
-60.300000 11.207881
-60.200000 11.226615
-60.100000 11.245365
-60.000000 11.264131
-59.900000 11.282913
-59.800000 11.301710
-59.700000 11.320522
-59.600000 11.339351
-59.500000 11.358195
-59.400000 11.377054
-59.300000 11.395929
-59.200000 11.414820
-59.100000 11.433727
-59.000000 11.452649
-58.900000 11.471587
-58.800000 11.490540
-58.700000 11.509509
-58.600000 11.528494
-58.500000 11.547494
-58.400000 11.566511
-58.300000 11.585542
-58.200000 11.604590
-58.100000 11.623653
-58.000000 11.642731
-57.900000 11.661825
-57.800000 11.680935
-57.700000 11.700061
-57.600000 11.719202
-57.500000 11.738359
-57.400000 11.757531
-57.300000 11.776720
-57.200000 11.795923
-57.100000 11.815143
-57.000000 11.834378
-56.900000 11.853629
-56.800000 11.872895
-56.700000 11.892177
-56.600000 11.911475
-56.500000 11.930788
-56.400000 11.950117
-56.300000 11.969461
-56.200000 11.988822
-56.100000 12.008197
-56.000000 12.027589
-55.900000 12.046996
-55.800000 12.066419
-55.700000 12.085857
-55.600000 12.105311
-55.500000 12.124781
-55.400000 12.144267
-55.300000 12.163768
-55.200000 12.183284
-55.100000 12.202817
-55.000000 12.222365
-54.900000 12.241928
-54.800000 12.261507
-54.700000 12.281102
-54.600000 12.300713
-54.500000 12.320339
-54.400000 12.339981
-54.300000 12.359638
-54.200000 12.379311
-54.100000 12.399000
-54.000000 12.418705
-53.900000 12.438425
-53.800000 12.458160
-53.700000 12.477912
-53.600000 12.497679
-53.500000 12.517461
-53.400000 12.537260
-53.300000 12.557074
-53.200000 12.576903
-53.100000 12.596748
-53.000000 12.616609
-52.900000 12.636486
-52.800000 12.656378
-52.700000 12.676286
-52.600000 12.696209
-52.500000 12.716148
-52.400000 12.736103
-52.300000 12.756073
-52.200000 12.776059
-52.100000 12.796061
-52.000000 12.816078
-51.900000 12.836111
-51.800000 12.856160
-51.700000 12.876224
-51.600000 12.896304
-51.500000 12.916399
-51.400000 12.936510
-51.300000 12.956637
-51.200000 12.976780
-51.100000 12.996938
-51.000000 13.017112
-50.900000 13.037301
-50.800000 13.057506
-50.700000 13.077727
-50.600000 13.097963
-50.500000 13.118215
-50.400000 13.138483
-50.300000 13.158766
-50.200000 13.179065
-50.100000 13.199379
-50.000000 13.219710
-49.900000 13.240055
-49.800000 13.260417
-49.700000 13.280794
-49.600000 13.301187
-49.500000 13.321595
-49.400000 13.342019
-49.300000 13.362459
-49.200000 13.382914
-49.100000 13.403385
-49.000000 13.423872
-48.900000 13.444374
-48.800000 13.464892
-48.700000 13.485426
-48.600000 13.505975
-48.500000 13.526540
-48.400000 13.547120
-48.300000 13.567716
-48.200000 13.588328
-48.100000 13.608956
-48.000000 13.629599
-47.900000 13.650257
-47.800000 13.670932
-47.700000 13.691622
-47.600000 13.712328
-47.500000 13.733049
-47.400000 13.753786
-47.300000 13.774538
-47.200000 13.795307
-47.100000 13.816091
-47.000000 13.836890
-46.900000 13.857705
-46.800000 13.878536
-46.700000 13.899383
-46.600000 13.920245
-46.500000 13.941122
-46.400000 13.962016
-46.300000 13.982925
-46.200000 14.003849
-46.100000 14.024790
-46.000000 14.045746
-45.900000 14.066717
-45.800000 14.087705
-45.700000 14.108708
-45.600000 14.129726
-45.500000 14.150760
-45.400000 14.171810
-45.300000 14.192876
-45.200000 14.213957
-45.100000 14.235054
-45.000000 14.256166
-44.900000 14.277294
-44.800000 14.298438
-44.700000 14.319597
-44.600000 14.340772
-44.500000 14.361963
-44.400000 14.383169
-44.300000 14.404391
-44.200000 14.425629
-44.100000 14.446882
-44.000000 14.468151
-43.900000 14.489435
-43.800000 14.510735
-43.700000 14.532051
-43.600000 14.553383
-43.500000 14.574730
-43.400000 14.596092
-43.300000 14.617471
-43.200000 14.638865
-43.100000 14.660275
-43.000000 14.681700
-42.900000 14.703141
-42.800000 14.724597
-42.700000 14.746070
-42.600000 14.767558
-42.500000 14.789061
-42.400000 14.810580
-42.300000 14.832115
-42.200000 14.853666
-42.100000 14.875232
-42.000000 14.896813
-41.900000 14.918411
-41.800000 14.940024
-41.700000 14.961653
-41.600000 14.983297
-41.500000 15.004957
-41.400000 15.026633
-41.300000 15.048324
-41.200000 15.070031
-41.100000 15.091753
-41.000000 15.113492
-40.900000 15.135245
-40.800000 15.157015
-40.700000 15.178800
-40.600000 15.200601
-40.500000 15.222417
-40.400000 15.244249
-40.300000 15.266097
-40.200000 15.287960
-40.100000 15.309839
-40.000000 15.331734
-39.900000 15.353644
-39.800000 15.375570
-39.700000 15.397512
-39.600000 15.419469
-39.500000 15.441442
-39.400000 15.463431
-39.300000 15.485435
-39.200000 15.507455
-39.100000 15.529490
-39.000000 15.551541
-38.900000 15.573608
-38.800000 15.595690
-38.700000 15.617788
-38.600000 15.639902
-38.500000 15.662031
-38.400000 15.684176
-38.300000 15.706337
-38.200000 15.728513
-38.100000 15.750705
-38.000000 15.772913
-37.900000 15.795136
-37.800000 15.817375
-37.700000 15.839629
-37.600000 15.861899
-37.500000 15.884185
-37.400000 15.906486
-37.300000 15.928803
-37.200000 15.951136
-37.100000 15.973485
-37.000000 15.995849
-36.900000 16.018228
-36.800000 16.040623
-36.700000 16.063034
-36.600000 16.085461
-36.500000 16.107903
-36.400000 16.130361
-36.300000 16.152835
-36.200000 16.175324
-36.100000 16.197828
-36.000000 16.220349
-35.900000 16.242885
-35.800000 16.265437
-35.700000 16.288004
-35.600000 16.310587
-35.500000 16.333186
-35.400000 16.355800
-35.300000 16.378430
-35.200000 16.401076
-35.100000 16.423737
-35.000000 16.446414
-34.900000 16.469106
-34.800000 16.491814
-34.700000 16.514538
-34.600000 16.537278
-34.500000 16.560033
-34.400000 16.582804
-34.300000 16.605590
-34.200000 16.628392
-34.100000 16.651210
-34.000000 16.674043
-33.900000 16.696892
-33.800000 16.719757
-33.700000 16.742637
-33.600000 16.765533
-33.500000 16.788444
-33.400000 16.811372
-33.300000 16.834314
-33.200000 16.857273
-33.100000 16.880247
-33.000000 16.903237
-32.900000 16.926242
-32.800000 16.949263
-32.700000 16.972300
-32.600000 16.995352
-32.500000 17.018420
-32.400000 17.041504
-32.300000 17.064603
-32.200000 17.087718
-32.100000 17.110849
-32.000000 17.133995
-31.900000 17.157157
-31.800000 17.180334
-31.700000 17.203528
-31.600000 17.226736
-31.500000 17.249961
-31.400000 17.273201
-31.300000 17.296457
-31.200000 17.319728
-31.100000 17.343015
-31.000000 17.366318
-30.900000 17.389636
-30.800000 17.412970
-30.700000 17.436320
-30.600000 17.459685
-30.500000 17.483066
-30.400000 17.506462
-30.300000 17.529875
-30.200000 17.553302
-30.100000 17.576746
-30.000000 17.600205
-29.900000 17.623680
-29.800000 17.647170
-29.700000 17.670676
-29.600000 17.694198
-29.500000 17.717735
-29.400000 17.741288
-29.300000 17.764857
-29.200000 17.788441
-29.100000 17.812041
-29.000000 17.835657
-28.900000 17.859288
-28.800000 17.882935
-28.700000 17.906597
-28.600000 17.930275
-28.500000 17.953969
-28.400000 17.977679
-28.300000 18.001404
-28.200000 18.025144
-28.100000 18.048901
-28.000000 18.072673
-27.900000 18.096460
-27.800000 18.120264
-27.700000 18.144083
-27.600000 18.167917
-27.500000 18.191767
-27.400000 18.215633
-27.300000 18.239515
-27.200000 18.263412
-27.100000 18.287325
-27.000000 18.311253
-26.900000 18.335197
-26.800000 18.359157
-26.700000 18.383133
-26.600000 18.407124
-26.500000 18.431130
-26.400000 18.455153
-26.300000 18.479191
-26.200000 18.503244
-26.100000 18.527313
-26.000000 18.551398
-25.900000 18.575499
-25.800000 18.599615
-25.700000 18.623747
-25.600000 18.647894
-25.500000 18.672057
-25.400000 18.696236
-25.300000 18.720431
-25.200000 18.744641
-25.100000 18.768866
-25.000000 18.793108
-24.900000 18.817365
-24.800000 18.841637
-24.700000 18.865926
-24.600000 18.890230
-24.500000 18.914549
-24.400000 18.938884
-24.300000 18.963235
-24.200000 18.987602
-24.100000 19.011984
-24.000000 19.036382
-23.900000 19.060795
-23.800000 19.085224
-23.700000 19.109669
-23.600000 19.134129
-23.500000 19.158605
-23.400000 19.183097
-23.300000 19.207604
-23.200000 19.232127
-23.100000 19.256666
-23.000000 19.281220
-22.900000 19.305790
-22.800000 19.330376
-22.700000 19.354977
-22.600000 19.379594
-22.500000 19.404226
-22.400000 19.428874
-22.300000 19.453538
-22.200000 19.478217
-22.100000 19.502912
-22.000000 19.527623
-21.900000 19.552349
-21.800000 19.577091
-21.700000 19.601849
-21.600000 19.626622
-21.500000 19.651411
-21.400000 19.676216
-21.300000 19.701036
-21.200000 19.725872
-21.100000 19.750723
-21.000000 19.775590
-20.900000 19.800473
-20.800000 19.825372
-20.700000 19.850286
-20.600000 19.875215
-20.500000 19.900161
-20.400000 19.925122
-20.300000 19.950098
-20.200000 19.975091
-20.100000 20.000099
-20.000000 20.025122
-19.900000 20.050161
-19.800000 20.075216
-19.700000 20.100287
-19.600000 20.125373
-19.500000 20.150475
-19.400000 20.175592
-19.300000 20.200725
-19.200000 20.225874
-19.100000 20.251038
-19.000000 20.276218
-18.900000 20.301414
-18.800000 20.326625
-18.700000 20.351852
-18.600000 20.377095
-18.500000 20.402353
-18.400000 20.427627
-18.300000 20.452917
-18.200000 20.478222
-18.100000 20.503543
-18.000000 20.528879
-17.900000 20.554231
-17.800000 20.579599
-17.700000 20.604982
-17.600000 20.630381
-17.500000 20.655796
-17.400000 20.681226
-17.300000 20.706672
-17.200000 20.732134
-17.100000 20.757611
-17.000000 20.783104
-16.900000 20.808613
-16.800000 20.834137
-16.700000 20.859677
-16.600000 20.885232
-16.500000 20.910804
-16.400000 20.936390
-16.300000 20.961993
-16.200000 20.987611
-16.100000 21.013245
-16.000000 21.038894
-15.900000 21.064559
-15.800000 21.090240
-15.700000 21.115936
-15.600000 21.141648
-15.500000 21.167375
-15.400000 21.193119
-15.300000 21.218878
-15.200000 21.244652
-15.100000 21.270442
-15.000000 21.296248
-14.900000 21.322069
-14.800000 21.347907
-14.700000 21.373759
-14.600000 21.399628
-14.500000 21.425512
-14.400000 21.451411
-14.300000 21.477327
-14.200000 21.503258
-14.100000 21.529204
-14.000000 21.555167
-13.900000 21.581145
-13.800000 21.607138
-13.700000 21.633147
-13.600000 21.659172
-13.500000 21.685213
-13.400000 21.711269
-13.300000 21.737340
-13.200000 21.763428
-13.100000 21.789531
-13.000000 21.815650
-12.900000 21.841784
-12.800000 21.867934
-12.700000 21.894100
-12.600000 21.920281
-12.500000 21.946478
-12.400000 21.972690
-12.300000 21.998919
-12.200000 22.025162
-12.100000 22.051422
-12.000000 22.077697
-11.900000 22.103988
-11.800000 22.130294
-11.700000 22.156616
-11.600000 22.182954
-11.500000 22.209308
-11.400000 22.235677
-11.300000 22.262061
-11.200000 22.288462
-11.100000 22.314877
-11.000000 22.341309
-10.900000 22.367756
-10.800000 22.394219
-10.700000 22.420698
-10.600000 22.447192
-10.500000 22.473702
-10.400000 22.500227
-10.300000 22.526768
-10.200000 22.553325
-10.100000 22.579897
-10.000000 22.606486
-9.900000 22.633089
-9.800000 22.659709
-9.700000 22.686344
-9.600000 22.712994
-9.500000 22.739660
-9.400000 22.766342
-9.300000 22.793040
-9.200000 22.819753
-9.100000 22.846482
-9.000000 22.873226
-8.900000 22.899987
-8.800000 22.926762
-8.700000 22.953554
-8.600000 22.980361
-8.500000 23.007184
-8.400000 23.034022
-8.300000 23.060876
-8.200000 23.087746
-8.100000 23.114631
-8.000000 23.141532
-7.900000 23.168448
-7.800000 23.195381
-7.700000 23.222328
-7.600000 23.249292
-7.500000 23.276271
-7.400000 23.303266
-7.300000 23.330276
-7.200000 23.357302
-7.100000 23.384344
-7.000000 23.411402
-6.900000 23.438475
-6.800000 23.465563
-6.700000 23.492668
-6.600000 23.519788
-6.500000 23.546923
-6.400000 23.574074
-6.300000 23.601241
-6.200000 23.628424
-6.100000 23.655622
-6.000000 23.682836
-5.900000 23.710065
-5.800000 23.737310
-5.700000 23.764571
-5.600000 23.791848
-5.500000 23.819140
-5.400000 23.846447
-5.300000 23.873771
-5.200000 23.901110
-5.100000 23.928464
-5.000000 23.955835
-4.900000 23.983220
-4.800000 24.010622
-4.700000 24.038039
-4.600000 24.065472
-4.500000 24.092921
-4.400000 24.120385
-4.300000 24.147865
-4.200000 24.175360
-4.100000 24.202871
-4.000000 24.230398
-3.900000 24.257940
-3.800000 24.285498
-3.700000 24.313072
-3.600000 24.340661
-3.500000 24.368266
-3.400000 24.395887
-3.300000 24.423523
-3.200000 24.451175
-3.100000 24.478842
-3.000000 24.506525
-2.900000 24.534224
-2.800000 24.561939
-2.700000 24.589669
-2.600000 24.617415
-2.500000 24.645176
-2.400000 24.672953
-2.300000 24.700746
-2.200000 24.728554
-2.100000 24.756378
-2.000000 24.784218
-1.900000 24.812073
-1.800000 24.839944
-1.700000 24.867830
-1.600000 24.895732
-1.500000 24.923650
-1.400000 24.951584
-1.300000 24.979533
-1.200000 25.007498
-1.100000 25.035478
-1.000000 25.063474
-0.900000 25.091486
-0.800000 25.119513
-0.700000 25.147556
-0.600000 25.175615
-0.500000 25.203689
-0.400000 25.231779
-0.300000 25.259885
-0.200000 25.288006
-0.100000 25.316143
-0.000000 25.344295
0.100000 25.316143
0.200000 25.288006
0.300000 25.259885
0.400000 25.231779
0.500000 25.203689
0.600000 25.175615
0.700000 25.147556
0.800000 25.119513
0.900000 25.091486
1.000000 25.063474
1.100000 25.035478
1.200000 25.007498
1.300000 24.979533
1.400000 24.951584
1.500000 24.923650
1.600000 24.895732
1.700000 24.867830
1.800000 24.839944
1.900000 24.812073
2.000000 24.784218
2.100000 24.756378
2.200000 24.728554
2.300000 24.700746
2.400000 24.672953
2.500000 24.645176
2.600000 24.617415
2.700000 24.589669
2.800000 24.561939
2.900000 24.534224
3.000000 24.506525
3.100000 24.478842
3.200000 24.451175
3.300000 24.423523
3.400000 24.395887
3.500000 24.368266
3.600000 24.340661
3.700000 24.313072
3.800000 24.285498
3.900000 24.257940
4.000000 24.230398
4.100000 24.202871
4.200000 24.175360
4.300000 24.147865
4.400000 24.120385
4.500000 24.092921
4.600000 24.065472
4.700000 24.038039
4.800000 24.010622
4.900000 23.983220
5.000000 23.955835
5.100000 23.928464
5.200000 23.901110
5.300000 23.873771
5.400000 23.846447
5.500000 23.819140
5.600000 23.791848
5.700000 23.764571
5.800000 23.737310
5.900000 23.710065
6.000000 23.682836
6.100000 23.655622
6.200000 23.628424
6.300000 23.601241
6.400000 23.574074
6.500000 23.546923
6.600000 23.519788
6.700000 23.492668
6.800000 23.465563
6.900000 23.438475
7.000000 23.411402
7.100000 23.384344
7.200000 23.357302
7.300000 23.330276
7.400000 23.303266
7.500000 23.276271
7.600000 23.249292
7.700000 23.222328
7.800000 23.195381
7.900000 23.168448
8.000000 23.141532
8.100000 23.114631
8.200000 23.087746
8.300000 23.060876
8.400000 23.034022
8.500000 23.007184
8.600000 22.980361
8.700000 22.953554
8.800000 22.926762
8.900000 22.899987
9.000000 22.873226
9.100000 22.846482
9.200000 22.819753
9.300000 22.793040
9.400000 22.766342
9.500000 22.739660
9.600000 22.712994
9.700000 22.686344
9.800000 22.659709
9.900000 22.633089
10.000000 22.606486
10.100000 22.579897
10.200000 22.553325
10.300000 22.526768
10.400000 22.500227
10.500000 22.473702
10.600000 22.447192
10.700000 22.420698
10.800000 22.394219
10.900000 22.367756
11.000000 22.341309
11.100000 22.314877
11.200000 22.288462
11.300000 22.262061
11.400000 22.235677
11.500000 22.209308
11.600000 22.182954
11.700000 22.156616
11.800000 22.130294
11.900000 22.103988
12.000000 22.077697
12.100000 22.051422
12.200000 22.025162
12.300000 21.998919
12.400000 21.972690
12.500000 21.946478
12.600000 21.920281
12.700000 21.894100
12.800000 21.867934
12.900000 21.841784
13.000000 21.815650
13.100000 21.789531
13.200000 21.763428
13.300000 21.737340
13.400000 21.711269
13.500000 21.685213
13.600000 21.659172
13.700000 21.633147
13.800000 21.607138
13.900000 21.581145
14.000000 21.555167
14.100000 21.529204
14.200000 21.503258
14.300000 21.477327
14.400000 21.451411
14.500000 21.425512
14.600000 21.399628
14.700000 21.373759
14.800000 21.347907
14.900000 21.322069
15.000000 21.296248
15.100000 21.270442
15.200000 21.244652
15.300000 21.218878
15.400000 21.193119
15.500000 21.167375
15.600000 21.141648
15.700000 21.115936
15.800000 21.090240
15.900000 21.064559
16.000000 21.038894
16.100000 21.013245
16.200000 20.987611
16.300000 20.961993
16.400000 20.936390
16.500000 20.910804
16.600000 20.885232
16.700000 20.859677
16.800000 20.834137
16.900000 20.808613
17.000000 20.783104
17.100000 20.757611
17.200000 20.732134
17.300000 20.706672
17.400000 20.681226
17.500000 20.655796
17.600000 20.630381
17.700000 20.604982
17.800000 20.579599
17.900000 20.554231
18.000000 20.528879
18.100000 20.503543
18.200000 20.478222
18.300000 20.452917
18.400000 20.427627
18.500000 20.402353
18.600000 20.377095
18.700000 20.351852
18.800000 20.326625
18.900000 20.301414
19.000000 20.276218
19.100000 20.251038
19.200000 20.225874
19.300000 20.200725
19.400000 20.175592
19.500000 20.150475
19.600000 20.125373
19.700000 20.100287
19.800000 20.075216
19.900000 20.050161
20.000000 20.025122
20.100000 20.000099
20.200000 19.975091
20.300000 19.950098
20.400000 19.925122
20.500000 19.900161
20.600000 19.875215
20.700000 19.850286
20.800000 19.825372
20.900000 19.800473
21.000000 19.775590
21.100000 19.750723
21.200000 19.725872
21.300000 19.701036
21.400000 19.676216
21.500000 19.651411
21.600000 19.626622
21.700000 19.601849
21.800000 19.577091
21.900000 19.552349
22.000000 19.527623
22.100000 19.502912
22.200000 19.478217
22.300000 19.453538
22.400000 19.428874
22.500000 19.404226
22.600000 19.379594
22.700000 19.354977
22.800000 19.330376
22.900000 19.305790
23.000000 19.281220
23.100000 19.256666
23.200000 19.232127
23.300000 19.207604
23.400000 19.183097
23.500000 19.158605
23.600000 19.134129
23.700000 19.109669
23.800000 19.085224
23.900000 19.060795
24.000000 19.036382
24.100000 19.011984
24.200000 18.987602
24.300000 18.963235
24.400000 18.938884
24.500000 18.914549
24.600000 18.890230
24.700000 18.865926
24.800000 18.841637
24.900000 18.817365
25.000000 18.793108
25.100000 18.768866
25.200000 18.744641
25.300000 18.720431
25.400000 18.696236
25.500000 18.672057
25.600000 18.647894
25.700000 18.623747
25.800000 18.599615
25.900000 18.575499
26.000000 18.551398
26.100000 18.527313
26.200000 18.503244
26.300000 18.479191
26.400000 18.455153
26.500000 18.431130
26.600000 18.407124
26.700000 18.383133
26.800000 18.359157
26.900000 18.335197
27.000000 18.311253
27.100000 18.287325
27.200000 18.263412
27.300000 18.239515
27.400000 18.215633
27.500000 18.191767
27.600000 18.167917
27.700000 18.144083
27.800000 18.120264
27.900000 18.096460
28.000000 18.072673
28.100000 18.048901
28.200000 18.025144
28.300000 18.001404
28.400000 17.977679
28.500000 17.953969
28.600000 17.930275
28.700000 17.906597
28.800000 17.882935
28.900000 17.859288
29.000000 17.835657
29.100000 17.812041
29.200000 17.788441
29.300000 17.764857
29.400000 17.741288
29.500000 17.717735
29.600000 17.694198
29.700000 17.670676
29.800000 17.647170
29.900000 17.623680
30.000000 17.600205
30.100000 17.576746
30.200000 17.553302
30.300000 17.529875
30.400000 17.506462
30.500000 17.483066
30.600000 17.459685
30.700000 17.436320
30.800000 17.412970
30.900000 17.389636
31.000000 17.366318
31.100000 17.343015
31.200000 17.319728
31.300000 17.296457
31.400000 17.273201
31.500000 17.249961
31.600000 17.226736
31.700000 17.203528
31.800000 17.180334
31.900000 17.157157
32.000000 17.133995
32.100000 17.110849
32.200000 17.087718
32.300000 17.064603
32.400000 17.041504
32.500000 17.018420
32.600000 16.995352
32.700000 16.972300
32.800000 16.949263
32.900000 16.926242
33.000000 16.903237
33.100000 16.880247
33.200000 16.857273
33.300000 16.834314
33.400000 16.811372
33.500000 16.788444
33.600000 16.765533
33.700000 16.742637
33.800000 16.719757
33.900000 16.696892
34.000000 16.674043
34.100000 16.651210
34.200000 16.628392
34.300000 16.605590
34.400000 16.582804
34.500000 16.560033
34.600000 16.537278
34.700000 16.514538
34.800000 16.491814
34.900000 16.469106
35.000000 16.446414
35.100000 16.423737
35.200000 16.401076
35.300000 16.378430
35.400000 16.355800
35.500000 16.333186
35.600000 16.310587
35.700000 16.288004
35.800000 16.265437
35.900000 16.242885
36.000000 16.220349
36.100000 16.197828
36.200000 16.175324
36.300000 16.152835
36.400000 16.130361
36.500000 16.107903
36.600000 16.085461
36.700000 16.063034
36.800000 16.040623
36.900000 16.018228
37.000000 15.995849
37.100000 15.973485
37.200000 15.951136
37.300000 15.928803
37.400000 15.906486
37.500000 15.884185
37.600000 15.861899
37.700000 15.839629
37.800000 15.817375
37.900000 15.795136
38.000000 15.772913
38.100000 15.750705
38.200000 15.728513
38.300000 15.706337
38.400000 15.684176
38.500000 15.662031
38.600000 15.639902
38.700000 15.617788
38.800000 15.595690
38.900000 15.573608
39.000000 15.551541
39.100000 15.529490
39.200000 15.507455
39.300000 15.485435
39.400000 15.463431
39.500000 15.441442
39.600000 15.419469
39.700000 15.397512
39.800000 15.375570
39.900000 15.353644
40.000000 15.331734
40.100000 15.309839
40.200000 15.287960
40.300000 15.266097
40.400000 15.244249
40.500000 15.222417
40.600000 15.200601
40.700000 15.178800
40.800000 15.157015
40.900000 15.135245
41.000000 15.113492
41.100000 15.091753
41.200000 15.070031
41.300000 15.048324
41.400000 15.026633
41.500000 15.004957
41.600000 14.983297
41.700000 14.961653
41.800000 14.940024
41.900000 14.918411
42.000000 14.896813
42.100000 14.875232
42.200000 14.853666
42.300000 14.832115
42.400000 14.810580
42.500000 14.789061
42.600000 14.767558
42.700000 14.746070
42.800000 14.724597
42.900000 14.703141
43.000000 14.681700
43.100000 14.660275
43.200000 14.638865
43.300000 14.617471
43.400000 14.596092
43.500000 14.574730
43.600000 14.553383
43.700000 14.532051
43.800000 14.510735
43.900000 14.489435
44.000000 14.468151
44.100000 14.446882
44.200000 14.425629
44.300000 14.404391
44.400000 14.383169
44.500000 14.361963
44.600000 14.340772
44.700000 14.319597
44.800000 14.298438
44.900000 14.277294
45.000000 14.256166
45.100000 14.235054
45.200000 14.213957
45.300000 14.192876
45.400000 14.171810
45.500000 14.150760
45.600000 14.129726
45.700000 14.108708
45.800000 14.087705
45.900000 14.066717
46.000000 14.045746
46.100000 14.024790
46.200000 14.003849
46.300000 13.982925
46.400000 13.962016
46.500000 13.941122
46.600000 13.920245
46.700000 13.899383
46.800000 13.878536
46.900000 13.857705
47.000000 13.836890
47.100000 13.816091
47.200000 13.795307
47.300000 13.774538
47.400000 13.753786
47.500000 13.733049
47.600000 13.712328
47.700000 13.691622
47.800000 13.670932
47.900000 13.650257
48.000000 13.629599
48.100000 13.608956
48.200000 13.588328
48.300000 13.567716
48.400000 13.547120
48.500000 13.526540
48.600000 13.505975
48.700000 13.485426
48.800000 13.464892
48.900000 13.444374
49.000000 13.423872
49.100000 13.403385
49.200000 13.382914
49.300000 13.362459
49.400000 13.342019
49.500000 13.321595
49.600000 13.301187
49.700000 13.280794
49.800000 13.260417
49.900000 13.240055
50.000000 13.219710
50.100000 13.199379
50.200000 13.179065
50.300000 13.158766
50.400000 13.138483
50.500000 13.118215
50.600000 13.097963
50.700000 13.077727
50.800000 13.057506
50.900000 13.037301
51.000000 13.017112
51.100000 12.996938
51.200000 12.976780
51.300000 12.956637
51.400000 12.936510
51.500000 12.916399
51.600000 12.896304
51.700000 12.876224
51.800000 12.856160
51.900000 12.836111
52.000000 12.816078
52.100000 12.796061
52.200000 12.776059
52.300000 12.756073
52.400000 12.736103
52.500000 12.716148
52.600000 12.696209
52.700000 12.676286
52.800000 12.656378
52.900000 12.636486
53.000000 12.616609
53.100000 12.596748
53.200000 12.576903
53.300000 12.557074
53.400000 12.537260
53.500000 12.517461
53.600000 12.497679
53.700000 12.477912
53.800000 12.458160
53.900000 12.438425
54.000000 12.418705
54.100000 12.399000
54.200000 12.379311
54.300000 12.359638
54.400000 12.339981
54.500000 12.320339
54.600000 12.300713
54.700000 12.281102
54.800000 12.261507
54.900000 12.241928
55.000000 12.222365
55.100000 12.202817
55.200000 12.183284
55.300000 12.163768
55.400000 12.144267
55.500000 12.124781
55.600000 12.105311
55.700000 12.085857
55.800000 12.066419
55.900000 12.046996
56.000000 12.027589
56.100000 12.008197
56.200000 11.988822
56.300000 11.969461
56.400000 11.950117
56.500000 11.930788
56.600000 11.911475
56.700000 11.892177
56.800000 11.872895
56.900000 11.853629
57.000000 11.834378
57.100000 11.815143
57.200000 11.795923
57.300000 11.776720
57.400000 11.757531
57.500000 11.738359
57.600000 11.719202
57.700000 11.700061
57.800000 11.680935
57.900000 11.661825
58.000000 11.642731
58.100000 11.623653
58.200000 11.604590
58.300000 11.585542
58.400000 11.566511
58.500000 11.547494
58.600000 11.528494
58.700000 11.509509
58.800000 11.490540
58.900000 11.471587
59.000000 11.452649
59.100000 11.433727
59.200000 11.414820
59.300000 11.395929
59.400000 11.377054
59.500000 11.358195
59.600000 11.339351
59.700000 11.320522
59.800000 11.301710
59.900000 11.282913
60.000000 11.264131
60.100000 11.245365
60.200000 11.226615
60.300000 11.207881
60.400000 11.189162
60.500000 11.170459
60.600000 11.151771
60.700000 11.133100
60.800000 11.114443
60.900000 11.095803
61.000000 11.077178
61.100000 11.058569
61.200000 11.039975
61.300000 11.021397
61.400000 11.002835
61.500000 10.984288
61.600000 10.965757
61.700000 10.947241
61.800000 10.928742
61.900000 10.910258
62.000000 10.891789
62.100000 10.873336
62.200000 10.854899
62.300000 10.836477
62.400000 10.818072
62.500000 10.799681
62.600000 10.781307
62.700000 10.762948
62.800000 10.744604
62.900000 10.726277
63.000000 10.707965
63.100000 10.689668
63.200000 10.671388
63.300000 10.653122
63.400000 10.634873
63.500000 10.616639
63.600000 10.598421
63.700000 10.580219
63.800000 10.562032
63.900000 10.543860
64.000000 10.525705
64.100000 10.507565
64.200000 10.489441
64.300000 10.471332
64.400000 10.453239
64.500000 10.435162
64.600000 10.417100
64.700000 10.399054
64.800000 10.381023
64.900000 10.363009
65.000000 10.345009
65.100000 10.327026
65.200000 10.309058
65.300000 10.291106
65.400000 10.273169
65.500000 10.255248
65.600000 10.237343
65.700000 10.219453
65.800000 10.201579
65.900000 10.183721
66.000000 10.165878
66.100000 10.148051
66.200000 10.130240
66.300000 10.112444
66.400000 10.094664
66.500000 10.076900
66.600000 10.059151
66.700000 10.041418
66.800000 10.023700
66.900000 10.005998
67.000000 9.988312
67.100000 9.970641
67.200000 9.952986
67.300000 9.935347
67.400000 9.917723
67.500000 9.900115
67.600000 9.882523
67.700000 9.864946
67.800000 9.847385
67.900000 9.829840
68.000000 9.812310
68.100000 9.794796
68.200000 9.777297
68.300000 9.759814
68.400000 9.742347
68.500000 9.724895
68.600000 9.707460
68.700000 9.690039
68.800000 9.672635
68.900000 9.655246
69.000000 9.637872
69.100000 9.620515
69.200000 9.603172
69.300000 9.585846
69.400000 9.568535
69.500000 9.551240
69.600000 9.533961
69.700000 9.516697
69.800000 9.499449
69.900000 9.482216
70.000000 9.464999
70.100000 9.447798
70.200000 9.430612
70.300000 9.413442
70.400000 9.396288
70.500000 9.379149
70.600000 9.362026
70.700000 9.344919
70.800000 9.327827
70.900000 9.310751
71.000000 9.293690
71.100000 9.276646
71.200000 9.259616
71.300000 9.242603
71.400000 9.225605
71.500000 9.208623
71.600000 9.191656
71.700000 9.174705
71.800000 9.157770
71.900000 9.140850
72.000000 9.123946
72.100000 9.107058
72.200000 9.090185
72.300000 9.073328
72.400000 9.056487
72.500000 9.039661
72.600000 9.022851
72.700000 9.006056
72.800000 8.989277
72.900000 8.972514
73.000000 8.955767
73.100000 8.939035
73.200000 8.922318
73.300000 8.905618
73.400000 8.888933
73.500000 8.872263
73.600000 8.855610
73.700000 8.838972
73.800000 8.822349
73.900000 8.805742
74.000000 8.789151
74.100000 8.772576
74.200000 8.756016
74.300000 8.739472
74.400000 8.722943
74.500000 8.706430
74.600000 8.689933
74.700000 8.673451
74.800000 8.656985
74.900000 8.640535
75.000000 8.624100
75.100000 8.607681
75.200000 8.591278
75.300000 8.574890
75.400000 8.558518
75.500000 8.542162
75.600000 8.525821
75.700000 8.509496
75.800000 8.493186
75.900000 8.476892
76.000000 8.460614
76.100000 8.444352
76.200000 8.428105
76.300000 8.411873
76.400000 8.395658
76.500000 8.379458
76.600000 8.363273
76.700000 8.347105
76.800000 8.330951
76.900000 8.314814
77.000000 8.298692
77.100000 8.282586
77.200000 8.266496
77.300000 8.250421
77.400000 8.234362
77.500000 8.218318
77.600000 8.202290
77.700000 8.186278
77.800000 8.170281
77.900000 8.154300
78.000000 8.138335
78.100000 8.122385
78.200000 8.106451
78.300000 8.090533
78.400000 8.074630
78.500000 8.058743
78.600000 8.042871
78.700000 8.027015
78.800000 8.011175
78.900000 7.995351
79.000000 7.979542
79.100000 7.963749
79.200000 7.947971
79.300000 7.932209
79.400000 7.916463
79.500000 7.900732
79.600000 7.885017
79.700000 7.869318
79.800000 7.853634
79.900000 7.837966
80.000000 7.822313
80.100000 7.806677
80.200000 7.791055
80.300000 7.775450
80.400000 7.759860
80.500000 7.744286
80.600000 7.728727
80.700000 7.713184
80.800000 7.697657
80.900000 7.682145
81.000000 7.666649
81.100000 7.651169
81.200000 7.635704
81.300000 7.620255
81.400000 7.604822
81.500000 7.589404
81.600000 7.574002
81.700000 7.558615
81.800000 7.543244
81.900000 7.527889
82.000000 7.512550
82.100000 7.497226
82.200000 7.481918
82.300000 7.466625
82.400000 7.451348
82.500000 7.436087
82.600000 7.420841
82.700000 7.405611
82.800000 7.390396
82.900000 7.375198
83.000000 7.360015
83.100000 7.344847
83.200000 7.329695
83.300000 7.314559
83.400000 7.299439
83.500000 7.284334
83.600000 7.269244
83.700000 7.254171
83.800000 7.239113
83.900000 7.224071
84.000000 7.209044
84.100000 7.194033
84.200000 7.179038
84.300000 7.164058
84.400000 7.149094
84.500000 7.134145
84.600000 7.119213
84.700000 7.104295
84.800000 7.089394
84.900000 7.074508
85.000000 7.059638
85.100000 7.044783
85.200000 7.029944
85.300000 7.015121
85.400000 7.000313
85.500000 6.985521
85.600000 6.970745
85.700000 6.955984
85.800000 6.941239
85.900000 6.926510
86.000000 6.911796
86.100000 6.897098
86.200000 6.882415
86.300000 6.867749
86.400000 6.853097
86.500000 6.838462
86.600000 6.823842
86.700000 6.809238
86.800000 6.794649
86.900000 6.780076
87.000000 6.765519
87.100000 6.750977
87.200000 6.736451
87.300000 6.721941
87.400000 6.707446
87.500000 6.692967
87.600000 6.678503
87.700000 6.664056
87.800000 6.649623
87.900000 6.635207
88.000000 6.620806
88.100000 6.606421
88.200000 6.592051
88.300000 6.577697
88.400000 6.563359
88.500000 6.549036
88.600000 6.534729
88.700000 6.520438
88.800000 6.506162
88.900000 6.491902
89.000000 6.477658
89.100000 6.463429
89.200000 6.449216
89.300000 6.435018
89.400000 6.420836
89.500000 6.406670
89.600000 6.392520
89.700000 6.378385
89.800000 6.364265
89.900000 6.350162
90.000000 6.336074
90.100000 6.322001
90.200000 6.307945
90.300000 6.293904
90.400000 6.279878
90.500000 6.265869
90.600000 6.251874
90.700000 6.237896
90.800000 6.223933
90.900000 6.209986
91.000000 6.196054
91.100000 6.182138
91.200000 6.168238
91.300000 6.154354
91.400000 6.140485
91.500000 6.126631
91.600000 6.112794
91.700000 6.098972
91.800000 6.085165
91.900000 6.071375
92.000000 6.057599
92.100000 6.043840
92.200000 6.030096
92.300000 6.016368
92.400000 6.002656
92.500000 5.988959
92.600000 5.975277
92.700000 5.961612
92.800000 5.947962
92.900000 5.934328
93.000000 5.920709
93.100000 5.907106
93.200000 5.893519
93.300000 5.879947
93.400000 5.866391
93.500000 5.852850
93.600000 5.839326
93.700000 5.825816
93.800000 5.812323
93.900000 5.798845
94.000000 5.785383
94.100000 5.771936
94.200000 5.758505
94.300000 5.745090
94.400000 5.731691
94.500000 5.718307
94.600000 5.704938
94.700000 5.691586
94.800000 5.678249
94.900000 5.664927
95.000000 5.651621
95.100000 5.638331
95.200000 5.625057
95.300000 5.611798
95.400000 5.598555
95.500000 5.585327
95.600000 5.572115
95.700000 5.558919
95.800000 5.545739
95.900000 5.532574
96.000000 5.519424
96.100000 5.506291
96.200000 5.493173
96.300000 5.480070
96.400000 5.466983
96.500000 5.453912
96.600000 5.440857
96.700000 5.427817
96.800000 5.414793
96.900000 5.401785
97.000000 5.388792
97.100000 5.375814
97.200000 5.362853
97.300000 5.349907
97.400000 5.336977
97.500000 5.324062
97.600000 5.311163
97.700000 5.298280
97.800000 5.285412
97.900000 5.272560
98.000000 5.259723
98.100000 5.246903
98.200000 5.234098
98.300000 5.221308
98.400000 5.208534
98.500000 5.195776
98.600000 5.183034
98.700000 5.170307
98.800000 5.157595
98.900000 5.144900
99.000000 5.132220
99.100000 5.119555
99.200000 5.106907
99.300000 5.094274
99.400000 5.081656
99.500000 5.069055
99.600000 5.056468
99.700000 5.043898
99.800000 5.031343
99.900000 5.018804
100.000000 5.006281
100.100000 4.993773
100.200000 4.981280
100.300000 4.968804
100.400000 4.956343
100.500000 4.943898
100.600000 4.931468
100.700000 4.919054
100.800000 4.906656
100.900000 4.894273
101.000000 4.881906
101.100000 4.869554
101.200000 4.857219
101.300000 4.844898
101.400000 4.832594
101.500000 4.820305
101.600000 4.808032
101.700000 4.795774
101.800000 4.783532
101.900000 4.771306
102.000000 4.759095
102.100000 4.746900
102.200000 4.734721
102.300000 4.722557
102.400000 4.710409
102.500000 4.698277
102.600000 4.686160
102.700000 4.674059
102.800000 4.661974
102.900000 4.649904
103.000000 4.637850
103.100000 4.625811
103.200000 4.613788
103.300000 4.601781
103.400000 4.589789
103.500000 4.577813
103.600000 4.565853
103.700000 4.553908
103.800000 4.541979
103.900000 4.530066
104.000000 4.518168
104.100000 4.506286
104.200000 4.494420
104.300000 4.482569
104.400000 4.470734
104.500000 4.458914
104.600000 4.447110
104.700000 4.435322
104.800000 4.423549
104.900000 4.411793
105.000000 4.400051
105.100000 4.388326
105.200000 4.376616
105.300000 4.364921
105.400000 4.353243
105.500000 4.341579
105.600000 4.329932
105.700000 4.318300
105.800000 4.306684
105.900000 4.295084
106.000000 4.283499
106.100000 4.271930
106.200000 4.260376
106.300000 4.248838
106.400000 4.237316
106.500000 4.225809
106.600000 4.214318
106.700000 4.202843
106.800000 4.191383
106.900000 4.179939
107.000000 4.168511
107.100000 4.157098
107.200000 4.145701
107.300000 4.134319
107.400000 4.122954
107.500000 4.111603
107.600000 4.100269
107.700000 4.088950
107.800000 4.077647
107.900000 4.066359
108.000000 4.055087
108.100000 4.043831
108.200000 4.032590
108.300000 4.021365
108.400000 4.010156
108.500000 3.998962
108.600000 3.987784
108.700000 3.976622
108.800000 3.965475
108.900000 3.954344
109.000000 3.943228
109.100000 3.932128
109.200000 3.921044
109.300000 3.909975
109.400000 3.898923
109.500000 3.887885
109.600000 3.876864
109.700000 3.865858
109.800000 3.854867
109.900000 3.843893
110.000000 3.832934
110.100000 3.821990
110.200000 3.811062
110.300000 3.800150
110.400000 3.789254
110.500000 3.778373
110.600000 3.767508
110.700000 3.756658
110.800000 3.745824
110.900000 3.735006
111.000000 3.724203
111.100000 3.713416
111.200000 3.702645
111.300000 3.691889
111.400000 3.681149
111.500000 3.670425
111.600000 3.659716
111.700000 3.649023
111.800000 3.638346
111.900000 3.627684
112.000000 3.617038
112.100000 3.606407
112.200000 3.595792
112.300000 3.585193
112.400000 3.574609
112.500000 3.564042
112.600000 3.553489
112.700000 3.542953
112.800000 3.532432
112.900000 3.521926
113.000000 3.511436
113.100000 3.500962
113.200000 3.490504
113.300000 3.480061
113.400000 3.469634
113.500000 3.459223
113.600000 3.448827
113.700000 3.438446
113.800000 3.428082
113.900000 3.417733
114.000000 3.407400
114.100000 3.397082
114.200000 3.386780
114.300000 3.376494
114.400000 3.366223
114.500000 3.355968
114.600000 3.345729
114.700000 3.335505
114.800000 3.325297
114.900000 3.315104
115.000000 3.304927
115.100000 3.294766
115.200000 3.284621
115.300000 3.274491
115.400000 3.264377
115.500000 3.254278
115.600000 3.244195
115.700000 3.234128
115.800000 3.224076
115.900000 3.214040
116.000000 3.204020
116.100000 3.194015
116.200000 3.184026
116.300000 3.174052
116.400000 3.164094
116.500000 3.154152
116.600000 3.144226
116.700000 3.134315
116.800000 3.124420
116.900000 3.114540
117.000000 3.104676
117.100000 3.094828
117.200000 3.084995
117.300000 3.075178
117.400000 3.065377
117.500000 3.055591
117.600000 3.045821
117.700000 3.036067
117.800000 3.026328
117.900000 3.016605
118.000000 3.006897
118.100000 2.997205
118.200000 2.987529
118.300000 2.977869
118.400000 2.968224
118.500000 2.958594
118.600000 2.948981
118.700000 2.939383
118.800000 2.929801
118.900000 2.920234
119.000000 2.910683
119.100000 2.901147
119.200000 2.891628
119.300000 2.882124
119.400000 2.872635
119.500000 2.863162
119.600000 2.853705
119.700000 2.844264
119.800000 2.834838
119.900000 2.825427
120.000000 2.816033
120.100000 2.806654
120.200000 2.797291
120.300000 2.787943
120.400000 2.778611
120.500000 2.769294
120.600000 2.759994
120.700000 2.750709
120.800000 2.741439
120.900000 2.732185
121.000000 2.722947
121.100000 2.713725
121.200000 2.704518
121.300000 2.695327
121.400000 2.686151
121.500000 2.676991
121.600000 2.667847
121.700000 2.658718
121.800000 2.649605
121.900000 2.640508
122.000000 2.631426
122.100000 2.622360
122.200000 2.613310
122.300000 2.604275
122.400000 2.595256
122.500000 2.586252
122.600000 2.577265
122.700000 2.568292
122.800000 2.559336
122.900000 2.550395
123.000000 2.541470
123.100000 2.532560
123.200000 2.523666
123.300000 2.514788
123.400000 2.505925
123.500000 2.497078
123.600000 2.488247
123.700000 2.479431
123.800000 2.470631
123.900000 2.461846
124.000000 2.453077
124.100000 2.444324
124.200000 2.435587
124.300000 2.426865
124.400000 2.418159
124.500000 2.409468
124.600000 2.400793
124.700000 2.392134
124.800000 2.383490
124.900000 2.374862
125.000000 2.366250
125.100000 2.357653
125.200000 2.349072
125.300000 2.340507
125.400000 2.331957
125.500000 2.323423
125.600000 2.314904
125.700000 2.306401
125.800000 2.297914
125.900000 2.289442
126.000000 2.280987
126.100000 2.272546
126.200000 2.264122
126.300000 2.255713
126.400000 2.247319
126.500000 2.238942
126.600000 2.230580
126.700000 2.222233
126.800000 2.213902
126.900000 2.205587
127.000000 2.197288
127.100000 2.189004
127.200000 2.180736
127.300000 2.172483
127.400000 2.164246
127.500000 2.156025
127.600000 2.147820
127.700000 2.139630
127.800000 2.131455
127.900000 2.123297
128.000000 2.115154
128.100000 2.107026
128.200000 2.098914
128.300000 2.090818
128.400000 2.082738
128.500000 2.074673
128.600000 2.066624
128.700000 2.058590
128.800000 2.050573
128.900000 2.042570
129.000000 2.034584
129.100000 2.026613
129.200000 2.018657
129.300000 2.010718
129.400000 2.002794
129.500000 1.994885
129.600000 1.986993
129.700000 1.979116
129.800000 1.971254
129.900000 1.963408
130.000000 1.955578
130.100000 1.947764
130.200000 1.939965
130.300000 1.932182
130.400000 1.924414
130.500000 1.916662
130.600000 1.908926
130.700000 1.901205
130.800000 1.893500
130.900000 1.885811
131.000000 1.878137
131.100000 1.870479
131.200000 1.862837
131.300000 1.855210
131.400000 1.847599
131.500000 1.840004
131.600000 1.832424
131.700000 1.824860
131.800000 1.817311
131.900000 1.809778
132.000000 1.802261
132.100000 1.794759
132.200000 1.787273
132.300000 1.779803
132.400000 1.772348
132.500000 1.764909
132.600000 1.757486
132.700000 1.750078
132.800000 1.742686
132.900000 1.735310
133.000000 1.727949
133.100000 1.720604
133.200000 1.713274
133.300000 1.705960
133.400000 1.698662
133.500000 1.691380
133.600000 1.684113
133.700000 1.676861
133.800000 1.669626
133.900000 1.662406
134.000000 1.655201
134.100000 1.648013
134.200000 1.640840
134.300000 1.633682
134.400000 1.626541
134.500000 1.619414
134.600000 1.612304
134.700000 1.605209
134.800000 1.598130
134.900000 1.591066
135.000000 1.584018
135.100000 1.576986
135.200000 1.569970
135.300000 1.562969
135.400000 1.555983
135.500000 1.549014
135.600000 1.542060
135.700000 1.535121
135.800000 1.528198
135.900000 1.521291
136.000000 1.514400
136.100000 1.507524
136.200000 1.500664
136.300000 1.493819
136.400000 1.486990
136.500000 1.480177
136.600000 1.473380
136.700000 1.466598
136.800000 1.459831
136.900000 1.453081
137.000000 1.446346
137.100000 1.439626
137.200000 1.432923
137.300000 1.426235
137.400000 1.419562
137.500000 1.412905
137.600000 1.406264
137.700000 1.399639
137.800000 1.393029
137.900000 1.386435
138.000000 1.379856
138.100000 1.373293
138.200000 1.366746
138.300000 1.360214
138.400000 1.353698
138.500000 1.347198
138.600000 1.340713
138.700000 1.334244
138.800000 1.327791
138.900000 1.321353
139.000000 1.314931
139.100000 1.308524
139.200000 1.302134
139.300000 1.295758
139.400000 1.289399
139.500000 1.283055
139.600000 1.276727
139.700000 1.270414
139.800000 1.264117
139.900000 1.257836
140.000000 1.251570
140.100000 1.245320
140.200000 1.239086
140.300000 1.232867
140.400000 1.226664
140.500000 1.220476
140.600000 1.214305
140.700000 1.208148
140.800000 1.202008
140.900000 1.195883
141.000000 1.189774
141.100000 1.183680
141.200000 1.177602
141.300000 1.171540
141.400000 1.165493
141.500000 1.159462
141.600000 1.153447
141.700000 1.147447
141.800000 1.141463
141.900000 1.135495
142.000000 1.129542
142.100000 1.123605
142.200000 1.117683
142.300000 1.111778
142.400000 1.105887
142.500000 1.100013
142.600000 1.094154
142.700000 1.088311
142.800000 1.082483
142.900000 1.076671
143.000000 1.070875
143.100000 1.065094
143.200000 1.059329
143.300000 1.053580
143.400000 1.047846
143.500000 1.042128
143.600000 1.036425
143.700000 1.030738
143.800000 1.025067
143.900000 1.019412
144.000000 1.013772
144.100000 1.008148
144.200000 1.002539
144.300000 0.996946
144.400000 0.991369
144.500000 0.985807
144.600000 0.980261
144.700000 0.974731
144.800000 0.969216
144.900000 0.963717
145.000000 0.958233
145.100000 0.952766
145.200000 0.947313
145.300000 0.941877
145.400000 0.936456
145.500000 0.931051
145.600000 0.925661
145.700000 0.920287
145.800000 0.914929
145.900000 0.909586
146.000000 0.904259
146.100000 0.898948
146.200000 0.893652
146.300000 0.888372
146.400000 0.883108
146.500000 0.877859
146.600000 0.872626
146.700000 0.867409
146.800000 0.862207
146.900000 0.857020
147.000000 0.851850
147.100000 0.846695
147.200000 0.841556
147.300000 0.836432
147.400000 0.831324
147.500000 0.826232
147.600000 0.821155
147.700000 0.816094
147.800000 0.811049
147.900000 0.806019
148.000000 0.801005
148.100000 0.796006
148.200000 0.791024
148.300000 0.786056
148.400000 0.781105
148.500000 0.776169
148.600000 0.771249
148.700000 0.766344
148.800000 0.761455
148.900000 0.756582
149.000000 0.751724
149.100000 0.746882
149.200000 0.742056
149.300000 0.737245
149.400000 0.732450
149.500000 0.727671
149.600000 0.722907
149.700000 0.718159
149.800000 0.713426
149.900000 0.708709
150.000000 0.704008
150.100000 0.699323
150.200000 0.694653
150.300000 0.689998
150.400000 0.685360
150.500000 0.680737
150.600000 0.676129
150.700000 0.671538
150.800000 0.666962
150.900000 0.662401
151.000000 0.657857
151.100000 0.653327
151.200000 0.648814
151.300000 0.644316
151.400000 0.639834
151.500000 0.635367
151.600000 0.630917
151.700000 0.626481
151.800000 0.622062
151.900000 0.617658
152.000000 0.613269
152.100000 0.608897
152.200000 0.604540
152.300000 0.600198
152.400000 0.595873
152.500000 0.591562
152.600000 0.587268
152.700000 0.582989
152.800000 0.578726
152.900000 0.574479
153.000000 0.570247
153.100000 0.566030
153.200000 0.561830
153.300000 0.557645
153.400000 0.553476
153.500000 0.549322
153.600000 0.545184
153.700000 0.541062
153.800000 0.536955
153.900000 0.532864
154.000000 0.528788
154.100000 0.524729
154.200000 0.520684
154.300000 0.516656
154.400000 0.512643
154.500000 0.508646
154.600000 0.504664
154.700000 0.500698
154.800000 0.496748
154.900000 0.492814
155.000000 0.488895
155.100000 0.484991
155.200000 0.481104
155.300000 0.477232
155.400000 0.473375
155.500000 0.469534
155.600000 0.465709
155.700000 0.461900
155.800000 0.458106
155.900000 0.454328
156.000000 0.450565
156.100000 0.446818
156.200000 0.443087
156.300000 0.439372
156.400000 0.435672
156.500000 0.431987
156.600000 0.428319
156.700000 0.424666
156.800000 0.421028
156.900000 0.417406
157.000000 0.413800
157.100000 0.410210
157.200000 0.406635
157.300000 0.403076
157.400000 0.399532
157.500000 0.396005
157.600000 0.392492
157.700000 0.388996
157.800000 0.385515
157.900000 0.382050
158.000000 0.378600
158.100000 0.375166
158.200000 0.371748
158.300000 0.368345
158.400000 0.364958
158.500000 0.361586
158.600000 0.358231
158.700000 0.354891
158.800000 0.351566
158.900000 0.348257
159.000000 0.344964
159.100000 0.341686
159.200000 0.338425
159.300000 0.335178
159.400000 0.331948
159.500000 0.328733
159.600000 0.325533
159.700000 0.322350
159.800000 0.319182
159.900000 0.316029
160.000000 0.312893
160.100000 0.309771
160.200000 0.306666
160.300000 0.303576
160.400000 0.300502
160.500000 0.297443
160.600000 0.294401
160.700000 0.291373
160.800000 0.288362
160.900000 0.285366
161.000000 0.282386
161.100000 0.279421
161.200000 0.276472
161.300000 0.273538
161.400000 0.270621
161.500000 0.267719
161.600000 0.264832
161.700000 0.261961
161.800000 0.259106
161.900000 0.256267
162.000000 0.253443
162.100000 0.250635
162.200000 0.247842
162.300000 0.245065
162.400000 0.242304
162.500000 0.239558
162.600000 0.236828
162.700000 0.234114
162.800000 0.231415
162.900000 0.228732
163.000000 0.226065
163.100000 0.223413
163.200000 0.220777
163.300000 0.218156
163.400000 0.215552
163.500000 0.212962
163.600000 0.210389
163.700000 0.207831
163.800000 0.205289
163.900000 0.202762
164.000000 0.200251
164.100000 0.197756
164.200000 0.195276
164.300000 0.192812
164.400000 0.190364
164.500000 0.187931
164.600000 0.185514
164.700000 0.183113
164.800000 0.180727
164.900000 0.178357
165.000000 0.176002
165.100000 0.173663
165.200000 0.171340
165.300000 0.169032
165.400000 0.166740
165.500000 0.164464
165.600000 0.162203
165.700000 0.159958
165.800000 0.157729
165.900000 0.155515
166.000000 0.153317
166.100000 0.151135
166.200000 0.148968
166.300000 0.146817
166.400000 0.144682
166.500000 0.142562
166.600000 0.140457
166.700000 0.138369
166.800000 0.136296
166.900000 0.134239
167.000000 0.132197
167.100000 0.130171
167.200000 0.128161
167.300000 0.126166
167.400000 0.124187
167.500000 0.122224
167.600000 0.120276
167.700000 0.118344
167.800000 0.116427
167.900000 0.114526
168.000000 0.112641
168.100000 0.110772
168.200000 0.108918
168.300000 0.107080
168.400000 0.105257
168.500000 0.103450
168.600000 0.101659
168.700000 0.099883
168.800000 0.098123
168.900000 0.096379
169.000000 0.094650
169.100000 0.092937
169.200000 0.091239
169.300000 0.089558
169.400000 0.087892
169.500000 0.086241
169.600000 0.084606
169.700000 0.082987
169.800000 0.081383
169.900000 0.079795
170.000000 0.078223
170.100000 0.076666
170.200000 0.075125
170.300000 0.073600
170.400000 0.072090
170.500000 0.070596
170.600000 0.069118
170.700000 0.067655
170.800000 0.066208
170.900000 0.064777
171.000000 0.063361
171.100000 0.061961
171.200000 0.060576
171.300000 0.059207
171.400000 0.057854
171.500000 0.056516
171.600000 0.055194
171.700000 0.053888
171.800000 0.052597
171.900000 0.051322
172.000000 0.050063
172.100000 0.048819
172.200000 0.047591
172.300000 0.046378
172.400000 0.045182
172.500000 0.044001
172.600000 0.042835
172.700000 0.041685
172.800000 0.040551
172.900000 0.039432
173.000000 0.038329
173.100000 0.037242
173.200000 0.036170
173.300000 0.035114
173.400000 0.034074
173.500000 0.033049
173.600000 0.032040
173.700000 0.031047
173.800000 0.030069
173.900000 0.029107
174.000000 0.028160
174.100000 0.027229
174.200000 0.026314
174.300000 0.025415
174.400000 0.024531
174.500000 0.023662
174.600000 0.022810
174.700000 0.021973
174.800000 0.021152
174.900000 0.020346
175.000000 0.019556
175.100000 0.018781
175.200000 0.018023
175.300000 0.017279
175.400000 0.016552
175.500000 0.015840
175.600000 0.015144
175.700000 0.014463
175.800000 0.013799
175.900000 0.013149
176.000000 0.012516
176.100000 0.011898
176.200000 0.011295
176.300000 0.010709
176.400000 0.010138
176.500000 0.009582
176.600000 0.009043
176.700000 0.008518
176.800000 0.008010
176.900000 0.007517
177.000000 0.007040
177.100000 0.006579
177.200000 0.006133
177.300000 0.005702
177.400000 0.005288
177.500000 0.004889
177.600000 0.004506
177.700000 0.004138
177.800000 0.003786
177.900000 0.003450
178.000000 0.003129
178.100000 0.002824
178.200000 0.002534
178.300000 0.002261
178.400000 0.002003
178.500000 0.001760
178.600000 0.001533
178.700000 0.001322
178.800000 0.001126
178.900000 0.000946
179.000000 0.000782
179.100000 0.000634
179.200000 0.000501
179.300000 0.000383
179.400000 0.000282
179.500000 0.000196
179.600000 0.000125
179.700000 0.000070
179.800000 0.000031
179.900000 0.000008
180.000000 0.000000
