-180.000000 3.425235
-179.900000 3.431367
-179.800000 3.437478
-179.700000 3.443570
-179.600000 3.449641
-179.500000 3.455693
-179.400000 3.461725
-179.300000 3.467736
-179.200000 3.473728
-179.100000 3.479701
-179.000000 3.485653
-178.900000 3.491586
-178.800000 3.497499
-178.700000 3.503392
-178.600000 3.509266
-178.500000 3.515120
-178.400000 3.520955
-178.300000 3.526770
-178.200000 3.532566
-178.100000 3.538342
-178.000000 3.544099
-177.900000 3.549837
-177.800000 3.555556
-177.700000 3.561255
-177.600000 3.566935
-177.500000 3.572595
-177.400000 3.578237
-177.300000 3.583860
-177.200000 3.589463
-177.100000 3.595048
-177.000000 3.600613
-176.900000 3.606160
-176.800000 3.611688
-176.700000 3.617197
-176.600000 3.622687
-176.500000 3.628158
-176.400000 3.633611
-176.300000 3.639045
-176.200000 3.644460
-176.100000 3.649857
-176.000000 3.655235
-175.900000 3.660595
-175.800000 3.665936
-175.700000 3.671258
-175.600000 3.676563
-175.500000 3.681849
-175.400000 3.687117
-175.300000 3.692366
-175.200000 3.697597
-175.100000 3.702810
-175.000000 3.708005
-174.900000 3.713182
-174.800000 3.718341
-174.700000 3.723482
-174.600000 3.728605
-174.500000 3.733710
-174.400000 3.738797
-174.300000 3.743866
-174.200000 3.748918
-174.100000 3.753951
-174.000000 3.758967
-173.900000 3.763966
-173.800000 3.768946
-173.700000 3.773910
-173.600000 3.778855
-173.500000 3.783784
-173.400000 3.788694
-173.300000 3.793588
-173.200000 3.798464
-173.100000 3.803322
-173.000000 3.808164
-172.900000 3.812988
-172.800000 3.817795
-172.700000 3.822585
-172.600000 3.827358
-172.500000 3.832113
-172.400000 3.836852
-172.300000 3.841574
-172.200000 3.846279
-172.100000 3.850967
-172.000000 3.855638
-171.900000 3.860293
-171.800000 3.864930
-171.700000 3.869551
-171.600000 3.874156
-171.500000 3.878743
-171.400000 3.883315
-171.300000 3.887869
-171.200000 3.892408
-171.100000 3.896929
-171.000000 3.901435
-170.900000 3.905924
-170.800000 3.910397
-170.700000 3.914853
-170.600000 3.919293
-170.500000 3.923718
-170.400000 3.928126
-170.300000 3.932518
-170.200000 3.936893
-170.100000 3.941253
-170.000000 3.945597
-169.900000 3.949926
-169.800000 3.954238
-169.700000 3.958534
-169.600000 3.962815
-169.500000 3.967080
-169.400000 3.971329
-169.300000 3.975563
-169.200000 3.979781
-169.100000 3.983984
-169.000000 3.988171
-168.900000 3.992342
-168.800000 3.996498
-168.700000 4.000639
-168.600000 4.004765
-168.500000 4.008875
-168.400000 4.012970
-168.300000 4.017050
-168.200000 4.021114
-168.100000 4.025164
-168.000000 4.029198
-167.900000 4.033218
-167.800000 4.037222
-167.700000 4.041212
-167.600000 4.045186
-167.500000 4.049146
-167.400000 4.053091
-167.300000 4.057022
-167.200000 4.060937
-167.100000 4.064838
-167.000000 4.068724
-166.900000 4.072596
-166.800000 4.076453
-166.700000 4.080296
-166.600000 4.084124
-166.500000 4.087938
-166.400000 4.091738
-166.300000 4.095523
-166.200000 4.099294
-166.100000 4.103050
-166.000000 4.106793
-165.900000 4.110521
-165.800000 4.114235
-165.700000 4.117935
-165.600000 4.121621
-165.500000 4.125294
-165.400000 4.128952
-165.300000 4.132596
-165.200000 4.136227
-165.100000 4.139843
-165.000000 4.143446
-164.900000 4.147035
-164.800000 4.150611
-164.700000 4.154173
-164.600000 4.157721
-164.500000 4.161256
-164.400000 4.164777
-164.300000 4.168285
-164.200000 4.171779
-164.100000 4.175260
-164.000000 4.178728
-163.900000 4.182182
-163.800000 4.185624
-163.700000 4.189051
-163.600000 4.192466
-163.500000 4.195868
-163.400000 4.199256
-163.300000 4.202632
-163.200000 4.205994
-163.100000 4.209344
-163.000000 4.212680
-162.900000 4.216004
-162.800000 4.219315
-162.700000 4.222613
-162.600000 4.225898
-162.500000 4.229171
-162.400000 4.232431
-162.300000 4.235678
-162.200000 4.238913
-162.100000 4.242135
-162.000000 4.245344
-161.900000 4.248541
-161.800000 4.251726
-161.700000 4.254899
-161.600000 4.258059
-161.500000 4.261206
-161.400000 4.264342
-161.300000 4.267465
-161.200000 4.270576
-161.100000 4.273675
-161.000000 4.276761
-160.900000 4.279836
-160.800000 4.282899
-160.700000 4.285949
-160.600000 4.288988
-160.500000 4.292015
-160.400000 4.295030
-160.300000 4.298033
-160.200000 4.301024
-160.100000 4.304004
-160.000000 4.306972
-159.900000 4.309928
-159.800000 4.312872
-159.700000 4.315805
-159.600000 4.318727
-159.500000 4.321636
-159.400000 4.324535
-159.300000 4.327422
-159.200000 4.330297
-159.100000 4.333161
-159.000000 4.336014
-158.900000 4.338856
-158.800000 4.341686
-158.700000 4.344505
-158.600000 4.347313
-158.500000 4.350110
-158.400000 4.352896
-158.300000 4.355671
-158.200000 4.358434
-158.100000 4.361187
-158.000000 4.363929
-157.900000 4.366659
-157.800000 4.369379
-157.700000 4.372088
-157.600000 4.374787
-157.500000 4.377474
-157.400000 4.380151
-157.300000 4.382817
-157.200000 4.385473
-157.100000 4.388118
-157.000000 4.390752
-156.900000 4.393376
-156.800000 4.395989
-156.700000 4.398592
-156.600000 4.401184
-156.500000 4.403766
-156.400000 4.406338
-156.300000 4.408899
-156.200000 4.411450
-156.100000 4.413991
-156.000000 4.416522
-155.900000 4.419042
-155.800000 4.421552
-155.700000 4.424053
-155.600000 4.426543
-155.500000 4.429023
-155.400000 4.431493
-155.300000 4.433953
-155.200000 4.436403
-155.100000 4.438843
-155.000000 4.441274
-154.900000 4.443694
-154.800000 4.446105
-154.700000 4.448506
-154.600000 4.450898
-154.500000 4.453279
-154.400000 4.455651
-154.300000 4.458014
-154.200000 4.460367
-154.100000 4.462710
-154.000000 4.465044
-153.900000 4.467368
-153.800000 4.469683
-153.700000 4.471988
-153.600000 4.474285
-153.500000 4.476571
-153.400000 4.478849
-153.300000 4.481117
-153.200000 4.483376
-153.100000 4.485625
-153.000000 4.487866
-152.900000 4.490097
-152.800000 4.492320
-152.700000 4.494533
-152.600000 4.496737
-152.500000 4.498932
-152.400000 4.501118
-152.300000 4.503296
-152.200000 4.505464
-152.100000 4.507623
-152.000000 4.509774
-151.900000 4.511916
-151.800000 4.514049
-151.700000 4.516173
-151.600000 4.518289
-151.500000 4.520396
-151.400000 4.522494
-151.300000 4.524583
-151.200000 4.526664
-151.100000 4.528737
-151.000000 4.530801
-150.900000 4.532856
-150.800000 4.534903
-150.700000 4.536941
-150.600000 4.538972
-150.500000 4.540993
-150.400000 4.543007
-150.300000 4.545012
-150.200000 4.547009
-150.100000 4.548997
-150.000000 4.550977
-149.900000 4.552950
-149.800000 4.554914
-149.700000 4.556869
-149.600000 4.558817
-149.500000 4.560757
-149.400000 4.562689
-149.300000 4.564612
-149.200000 4.566528
-149.100000 4.568436
-149.000000 4.570335
-148.900000 4.572227
-148.800000 4.574111
-148.700000 4.575988
-148.600000 4.577856
-148.500000 4.579717
-148.400000 4.581570
-148.300000 4.583415
-148.200000 4.585252
-148.100000 4.587082
-148.000000 4.588905
-147.900000 4.590719
-147.800000 4.592526
-147.700000 4.594326
-147.600000 4.596118
-147.500000 4.597903
-147.400000 4.599680
-147.300000 4.601449
-147.200000 4.603212
-147.100000 4.604967
-147.000000 4.606714
-146.900000 4.608454
-146.800000 4.610187
-146.700000 4.611913
-146.600000 4.613632
-146.500000 4.615343
-146.400000 4.617047
-146.300000 4.618744
-146.200000 4.620434
-146.100000 4.622117
-146.000000 4.623792
-145.900000 4.625461
-145.800000 4.627122
-145.700000 4.628777
-145.600000 4.630425
-145.500000 4.632066
-145.400000 4.633699
-145.300000 4.635326
-145.200000 4.636947
-145.100000 4.638560
-145.000000 4.640166
-144.900000 4.641766
-144.800000 4.643359
-144.700000 4.644945
-144.600000 4.646525
-144.500000 4.648098
-144.400000 4.649664
-144.300000 4.651224
-144.200000 4.652777
-144.100000 4.654323
-144.000000 4.655863
-143.900000 4.657396
-143.800000 4.658923
-143.700000 4.660444
-143.600000 4.661958
-143.500000 4.663465
-143.400000 4.664967
-143.300000 4.666461
-143.200000 4.667950
-143.100000 4.669432
-143.000000 4.670908
-142.900000 4.672378
-142.800000 4.673841
-142.700000 4.675298
-142.600000 4.676749
-142.500000 4.678194
-142.400000 4.679633
-142.300000 4.681065
-142.200000 4.682492
-142.100000 4.683912
-142.000000 4.685326
-141.900000 4.686735
-141.800000 4.688137
-141.700000 4.689533
-141.600000 4.690924
-141.500000 4.692308
-141.400000 4.693686
-141.300000 4.695059
-141.200000 4.696426
-141.100000 4.697787
-141.000000 4.699142
-140.900000 4.700491
-140.800000 4.701835
-140.700000 4.703173
-140.600000 4.704505
-140.500000 4.705831
-140.400000 4.707152
-140.300000 4.708467
-140.200000 4.709776
-140.100000 4.711080
-140.000000 4.712378
-139.900000 4.713671
-139.800000 4.714958
-139.700000 4.716239
-139.600000 4.717515
-139.500000 4.718786
-139.400000 4.720051
-139.300000 4.721311
-139.200000 4.722565
-139.100000 4.723814
-139.000000 4.725057
-138.900000 4.726296
-138.800000 4.727528
-138.700000 4.728756
-138.600000 4.729978
-138.500000 4.731195
-138.400000 4.732407
-138.300000 4.733613
-138.200000 4.734815
-138.100000 4.736011
-138.000000 4.737202
-137.900000 4.738388
-137.800000 4.739568
-137.700000 4.740744
-137.600000 4.741915
-137.500000 4.743080
-137.400000 4.744240
-137.300000 4.745396
-137.200000 4.746546
-137.100000 4.747692
-137.000000 4.748832
-136.900000 4.749968
-136.800000 4.751098
-136.700000 4.752224
-136.600000 4.753345
-136.500000 4.754461
-136.400000 4.755572
-136.300000 4.756679
-136.200000 4.757780
-136.100000 4.758877
-136.000000 4.759969
-135.900000 4.761056
-135.800000 4.762139
-135.700000 4.763217
-135.600000 4.764290
-135.500000 4.765358
-135.400000 4.766422
-135.300000 4.767481
-135.200000 4.768536
-135.100000 4.769586
-135.000000 4.770632
-134.900000 4.771673
-134.800000 4.772709
-134.700000 4.773741
-134.600000 4.774768
-134.500000 4.775791
-134.400000 4.776810
-134.300000 4.777824
-134.200000 4.778833
-134.100000 4.779838
-134.000000 4.780839
-133.900000 4.781836
-133.800000 4.782828
-133.700000 4.783815
-133.600000 4.784799
-133.500000 4.785778
-133.400000 4.786753
-133.300000 4.787723
-133.200000 4.788690
-133.100000 4.789652
-133.000000 4.790610
-132.900000 4.791563
-132.800000 4.792513
-132.700000 4.793458
-132.600000 4.794400
-132.500000 4.795337
-132.400000 4.796270
-132.300000 4.797199
-132.200000 4.798124
-132.100000 4.799044
-132.000000 4.799961
-131.900000 4.800874
-131.800000 4.801783
-131.700000 4.802687
-131.600000 4.803588
-131.500000 4.804485
-131.400000 4.805378
-131.300000 4.806267
-131.200000 4.807152
-131.100000 4.808033
-131.000000 4.808910
-130.900000 4.809783
-130.800000 4.810653
-130.700000 4.811519
-130.600000 4.812381
-130.500000 4.813239
-130.400000 4.814093
-130.300000 4.814944
-130.200000 4.815791
-130.100000 4.816634
-130.000000 4.817473
-129.900000 4.818309
-129.800000 4.819141
-129.700000 4.819969
-129.600000 4.820794
-129.500000 4.821615
-129.400000 4.822432
-129.300000 4.823246
-129.200000 4.824056
-129.100000 4.824863
-129.000000 4.825666
-128.900000 4.826465
-128.800000 4.827261
-128.700000 4.828054
-128.600000 4.828843
-128.500000 4.829628
-128.400000 4.830410
-128.300000 4.831188
-128.200000 4.831964
-128.100000 4.832735
-128.000000 4.833503
-127.900000 4.834268
-127.800000 4.835030
-127.700000 4.835788
-127.600000 4.836542
-127.500000 4.837294
-127.400000 4.838042
-127.300000 4.838786
-127.200000 4.839528
-127.100000 4.840266
-127.000000 4.841000
-126.900000 4.841732
-126.800000 4.842460
-126.700000 4.843185
-126.600000 4.843907
-126.500000 4.844626
-126.400000 4.845341
-126.300000 4.846053
-126.200000 4.846762
-126.100000 4.847468
-126.000000 4.848171
-125.900000 4.848871
-125.800000 4.849567
-125.700000 4.850261
-125.600000 4.850951
-125.500000 4.851638
-125.400000 4.852322
-125.300000 4.853004
-125.200000 4.853682
-125.100000 4.854357
-125.000000 4.855029
-124.900000 4.855698
-124.800000 4.856364
-124.700000 4.857027
-124.600000 4.857687
-124.500000 4.858344
-124.400000 4.858999
-124.300000 4.859650
-124.200000 4.860298
-124.100000 4.860944
-124.000000 4.861587
-123.900000 4.862226
-123.800000 4.862863
-123.700000 4.863497
-123.600000 4.864129
-123.500000 4.864757
-123.400000 4.865383
-123.300000 4.866005
-123.200000 4.866625
-123.100000 4.867243
-123.000000 4.867857
-122.900000 4.868469
-122.800000 4.869078
-122.700000 4.869684
-122.600000 4.870287
-122.500000 4.870888
-122.400000 4.871486
-122.300000 4.872082
-122.200000 4.872674
-122.100000 4.873264
-122.000000 4.873852
-121.900000 4.874437
-121.800000 4.875019
-121.700000 4.875598
-121.600000 4.876175
-121.500000 4.876750
-121.400000 4.877321
-121.300000 4.877891
-121.200000 4.878457
-121.100000 4.879021
-121.000000 4.879583
-120.900000 4.880142
-120.800000 4.880698
-120.700000 4.881252
-120.600000 4.881804
-120.500000 4.882353
-120.400000 4.882900
-120.300000 4.883444
-120.200000 4.883985
-120.100000 4.884524
-120.000000 4.885061
-119.900000 4.885596
-119.800000 4.886128
-119.700000 4.886657
-119.600000 4.887184
-119.500000 4.887709
-119.400000 4.888231
-119.300000 4.888751
-119.200000 4.889269
-119.100000 4.889784
-119.000000 4.890297
-118.900000 4.890808
-118.800000 4.891317
-118.700000 4.891823
-118.600000 4.892327
-118.500000 4.892828
-118.400000 4.893327
-118.300000 4.893824
-118.200000 4.894319
-118.100000 4.894812
-118.000000 4.895302
-117.900000 4.895790
-117.800000 4.896276
-117.700000 4.896760
-117.600000 4.897241
-117.500000 4.897720
-117.400000 4.898197
-117.300000 4.898672
-117.200000 4.899145
-117.100000 4.899616
-117.000000 4.900084
-116.900000 4.900551
-116.800000 4.901015
-116.700000 4.901477
-116.600000 4.901937
-116.500000 4.902395
-116.400000 4.902851
-116.300000 4.903305
-116.200000 4.903757
-116.100000 4.904207
-116.000000 4.904654
-115.900000 4.905100
-115.800000 4.905544
-115.700000 4.905985
-115.600000 4.906425
-115.500000 4.906862
-115.400000 4.907298
-115.300000 4.907732
-115.200000 4.908163
-115.100000 4.908593
-115.000000 4.909021
-114.900000 4.909447
-114.800000 4.909870
-114.700000 4.910292
-114.600000 4.910712
-114.500000 4.911130
-114.400000 4.911547
-114.300000 4.911961
-114.200000 4.912373
-114.100000 4.912784
-114.000000 4.913192
-113.900000 4.913599
-113.800000 4.914004
-113.700000 4.914407
-113.600000 4.914808
-113.500000 4.915208
-113.400000 4.915605
-113.300000 4.916001
-113.200000 4.916395
-113.100000 4.916787
-113.000000 4.917178
-112.900000 4.917566
-112.800000 4.917953
-112.700000 4.918338
-112.600000 4.918722
-112.500000 4.919103
-112.400000 4.919483
-112.300000 4.919861
-112.200000 4.920237
-112.100000 4.920612
-112.000000 4.920985
-111.900000 4.921356
-111.800000 4.921725
-111.700000 4.922093
-111.600000 4.922459
-111.500000 4.922824
-111.400000 4.923187
-111.300000 4.923548
-111.200000 4.923907
-111.100000 4.924265
-111.000000 4.924621
-110.900000 4.924976
-110.800000 4.925329
-110.700000 4.925680
-110.600000 4.926030
-110.500000 4.926378
-110.400000 4.926724
-110.300000 4.927069
-110.200000 4.927412
-110.100000 4.927754
-110.000000 4.928094
-109.900000 4.928433
-109.800000 4.928770
-109.700000 4.929105
-109.600000 4.929439
-109.500000 4.929772
-109.400000 4.930103
-109.300000 4.930432
-109.200000 4.930760
-109.100000 4.931086
-109.000000 4.931411
-108.900000 4.931734
-108.800000 4.932056
-108.700000 4.932377
-108.600000 4.932696
-108.500000 4.933013
-108.400000 4.933329
-108.300000 4.933644
-108.200000 4.933957
-108.100000 4.934268
-108.000000 4.934579
-107.900000 4.934887
-107.800000 4.935195
-107.700000 4.935501
-107.600000 4.935805
-107.500000 4.936108
-107.400000 4.936410
-107.300000 4.936710
-107.200000 4.937009
-107.100000 4.937307
-107.000000 4.937603
-106.900000 4.937898
-106.800000 4.938191
-106.700000 4.938484
-106.600000 4.938774
-106.500000 4.939064
-106.400000 4.939352
-106.300000 4.939639
-106.200000 4.939924
-106.100000 4.940208
-106.000000 4.940491
-105.900000 4.940773
-105.800000 4.941053
-105.700000 4.941332
-105.600000 4.941609
-105.500000 4.941886
-105.400000 4.942161
-105.300000 4.942435
-105.200000 4.942707
-105.100000 4.942978
-105.000000 4.943248
-104.900000 4.943517
-104.800000 4.943785
-104.700000 4.944051
-104.600000 4.944316
-104.500000 4.944580
-104.400000 4.944842
-104.300000 4.945104
-104.200000 4.945364
-104.100000 4.945623
-104.000000 4.945881
-103.900000 4.946137
-103.800000 4.946393
-103.700000 4.946647
-103.600000 4.946900
-103.500000 4.947152
-103.400000 4.947402
-103.300000 4.947652
-103.200000 4.947900
-103.100000 4.948147
-103.000000 4.948393
-102.900000 4.948638
-102.800000 4.948882
-102.700000 4.949125
-102.600000 4.949366
-102.500000 4.949607
-102.400000 4.949846
-102.300000 4.950084
-102.200000 4.950321
-102.100000 4.950557
-102.000000 4.950792
-101.900000 4.951026
-101.800000 4.951259
-101.700000 4.951490
-101.600000 4.951721
-101.500000 4.951950
-101.400000 4.952179
-101.300000 4.952406
-101.200000 4.952632
-101.100000 4.952857
-101.000000 4.953082
-100.900000 4.953305
-100.800000 4.953527
-100.700000 4.953748
-100.600000 4.953968
-100.500000 4.954187
-100.400000 4.954405
-100.300000 4.954622
-100.200000 4.954838
-100.100000 4.955053
-100.000000 4.955267
-99.900000 4.955480
-99.800000 4.955692
-99.700000 4.955903
-99.600000 4.956113
-99.500000 4.956322
-99.400000 4.956530
-99.300000 4.956737
-99.200000 4.956943
-99.100000 4.957148
-99.000000 4.957352
-98.900000 4.957555
-98.800000 4.957758
-98.700000 4.957959
-98.600000 4.958160
-98.500000 4.958359
-98.400000 4.958558
-98.300000 4.958755
-98.200000 4.958952
-98.100000 4.959148
-98.000000 4.959342
-97.900000 4.959536
-97.800000 4.959729
-97.700000 4.959922
-97.600000 4.960113
-97.500000 4.960303
-97.400000 4.960493
-97.300000 4.960681
-97.200000 4.960869
-97.100000 4.961056
-97.000000 4.961242
-96.900000 4.961427
-96.800000 4.961611
-96.700000 4.961794
-96.600000 4.961977
-96.500000 4.962158
-96.400000 4.962339
-96.300000 4.962519
-96.200000 4.962698
-96.100000 4.962876
-96.000000 4.963054
-95.900000 4.963230
-95.800000 4.963406
-95.700000 4.963581
-95.600000 4.963755
-95.500000 4.963928
-95.400000 4.964101
-95.300000 4.964272
-95.200000 4.964443
-95.100000 4.964613
-95.000000 4.964783
-94.900000 4.964951
-94.800000 4.965119
-94.700000 4.965286
-94.600000 4.965452
-94.500000 4.965617
-94.400000 4.965782
-94.300000 4.965946
-94.200000 4.966109
-94.100000 4.966271
-94.000000 4.966432
-93.900000 4.966593
-93.800000 4.966753
-93.700000 4.966912
-93.600000 4.967071
-93.500000 4.967228
-93.400000 4.967385
-93.300000 4.967542
-93.200000 4.967697
-93.100000 4.967852
-93.000000 4.968006
-92.900000 4.968159
-92.800000 4.968312
-92.700000 4.968464
-92.600000 4.968615
-92.500000 4.968766
-92.400000 4.968915
-92.300000 4.969064
-92.200000 4.969213
-92.100000 4.969360
-92.000000 4.969507
-91.900000 4.969654
-91.800000 4.969799
-91.700000 4.969944
-91.600000 4.970088
-91.500000 4.970232
-91.400000 4.970375
-91.300000 4.970517
-91.200000 4.970658
-91.100000 4.970799
-91.000000 4.970940
-90.900000 4.971079
-90.800000 4.971218
-90.700000 4.971356
-90.600000 4.971494
-90.500000 4.971631
-90.400000 4.971767
-90.300000 4.971903
-90.200000 4.972037
-90.100000 4.972172
-90.000000 4.972306
-89.900000 4.972439
-89.800000 4.972571
-89.700000 4.972703
-89.600000 4.972834
-89.500000 4.972965
-89.400000 4.973095
-89.300000 4.973224
-89.200000 4.973353
-89.100000 4.973481
-89.000000 4.973609
-88.900000 4.973735
-88.800000 4.973862
-88.700000 4.973988
-88.600000 4.974113
-88.500000 4.974237
-88.400000 4.974361
-88.300000 4.974485
-88.200000 4.974607
-88.100000 4.974730
-88.000000 4.974851
-87.900000 4.974972
-87.800000 4.975093
-87.700000 4.975213
-87.600000 4.975332
-87.500000 4.975451
-87.400000 4.975569
-87.300000 4.975687
-87.200000 4.975804
-87.100000 4.975920
-87.000000 4.976036
-86.900000 4.976152
-86.800000 4.976267
-86.700000 4.976381
-86.600000 4.976495
-86.500000 4.976608
-86.400000 4.976721
-86.300000 4.976833
-86.200000 4.976945
-86.100000 4.977056
-86.000000 4.977167
-85.900000 4.977277
-85.800000 4.977386
-85.700000 4.977495
-85.600000 4.977604
-85.500000 4.977712
-85.400000 4.977819
-85.300000 4.977926
-85.200000 4.978033
-85.100000 4.978139
-85.000000 4.978244
-84.900000 4.978349
-84.800000 4.978454
-84.700000 4.978558
-84.600000 4.978661
-84.500000 4.978764
-84.400000 4.978867
-84.300000 4.978969
-84.200000 4.979071
-84.100000 4.979172
-84.000000 4.979272
-83.900000 4.979372
-83.800000 4.979472
-83.700000 4.979571
-83.600000 4.979670
-83.500000 4.979768
-83.400000 4.979866
-83.300000 4.979963
-83.200000 4.980060
-83.100000 4.980156
-83.000000 4.980252
-82.900000 4.980348
-82.800000 4.980443
-82.700000 4.980537
-82.600000 4.980631
-82.500000 4.980725
-82.400000 4.980818
-82.300000 4.980911
-82.200000 4.981003
-82.100000 4.981095
-82.000000 4.981187
-81.900000 4.981278
-81.800000 4.981368
-81.700000 4.981458
-81.600000 4.981548
-81.500000 4.981637
-81.400000 4.981726
-81.300000 4.981815
-81.200000 4.981903
-81.100000 4.981990
-81.000000 4.982077
-80.900000 4.982164
-80.800000 4.982251
-80.700000 4.982336
-80.600000 4.982422
-80.500000 4.982507
-80.400000 4.982592
-80.300000 4.982676
-80.200000 4.982760
-80.100000 4.982844
-80.000000 4.982927
-79.900000 4.983009
-79.800000 4.983092
-79.700000 4.983174
-79.600000 4.983255
-79.500000 4.983336
-79.400000 4.983417
-79.300000 4.983497
-79.200000 4.983577
-79.100000 4.983657
-79.000000 4.983736
-78.900000 4.983815
-78.800000 4.983894
-78.700000 4.983972
-78.600000 4.984050
-78.500000 4.984127
-78.400000 4.984204
-78.300000 4.984280
-78.200000 4.984357
-78.100000 4.984433
-78.000000 4.984508
-77.900000 4.984583
-77.800000 4.984658
-77.700000 4.984733
-77.600000 4.984807
-77.500000 4.984880
-77.400000 4.984954
-77.300000 4.985027
-77.200000 4.985100
-77.100000 4.985172
-77.000000 4.985244
-76.900000 4.985316
-76.800000 4.985387
-76.700000 4.985458
-76.600000 4.985528
-76.500000 4.985599
-76.400000 4.985669
-76.300000 4.985738
-76.200000 4.985808
-76.100000 4.985877
-76.000000 4.985945
-75.900000 4.986014
-75.800000 4.986081
-75.700000 4.986149
-75.600000 4.986216
-75.500000 4.986283
-75.400000 4.986350
-75.300000 4.986416
-75.200000 4.986483
-75.100000 4.986548
-75.000000 4.986614
-74.900000 4.986679
-74.800000 4.986744
-74.700000 4.986808
-74.600000 4.986872
-74.500000 4.986936
-74.400000 4.987000
-74.300000 4.987063
-74.200000 4.987126
-74.100000 4.987188
-74.000000 4.987251
-73.900000 4.987313
-73.800000 4.987375
-73.700000 4.987436
-73.600000 4.987497
-73.500000 4.987558
-73.400000 4.987619
-73.300000 4.987679
-73.200000 4.987739
-73.100000 4.987799
-73.000000 4.987858
-72.900000 4.987917
-72.800000 4.987976
-72.700000 4.988034
-72.600000 4.988093
-72.500000 4.988151
-72.400000 4.988208
-72.300000 4.988266
-72.200000 4.988323
-72.100000 4.988380
-72.000000 4.988437
-71.900000 4.988493
-71.800000 4.988549
-71.700000 4.988605
-71.600000 4.988660
-71.500000 4.988716
-71.400000 4.988771
-71.300000 4.988825
-71.200000 4.988880
-71.100000 4.988934
-71.000000 4.988988
-70.900000 4.989042
-70.800000 4.989095
-70.700000 4.989148
-70.600000 4.989201
-70.500000 4.989254
-70.400000 4.989306
-70.300000 4.989359
-70.200000 4.989411
-70.100000 4.989462
-70.000000 4.989514
-69.900000 4.989565
-69.800000 4.989616
-69.700000 4.989666
-69.600000 4.989717
-69.500000 4.989767
-69.400000 4.989817
-69.300000 4.989867
-69.200000 4.989916
-69.100000 4.989965
-69.000000 4.990014
-68.900000 4.990063
-68.800000 4.990112
-68.700000 4.990160
-68.600000 4.990208
-68.500000 4.990256
-68.400000 4.990303
-68.300000 4.990351
-68.200000 4.990398
-68.100000 4.990445
-68.000000 4.990492
-67.900000 4.990538
-67.800000 4.990584
-67.700000 4.990630
-67.600000 4.990676
-67.500000 4.990722
-67.400000 4.990767
-67.300000 4.990812
-67.200000 4.990857
-67.100000 4.990902
-67.000000 4.990946
-66.900000 4.990990
-66.800000 4.991035
-66.700000 4.991078
-66.600000 4.991122
-66.500000 4.991165
-66.400000 4.991209
-66.300000 4.991252
-66.200000 4.991294
-66.100000 4.991337
-66.000000 4.991379
-65.900000 4.991422
-65.800000 4.991464
-65.700000 4.991505
-65.600000 4.991547
-65.500000 4.991588
-65.400000 4.991629
-65.300000 4.991670
-65.200000 4.991711
-65.100000 4.991752
-65.000000 4.991792
-64.900000 4.991832
-64.800000 4.991872
-64.700000 4.991912
-64.600000 4.991952
-64.500000 4.991991
-64.400000 4.992030
-64.300000 4.992069
-64.200000 4.992108
-64.100000 4.992147
-64.000000 4.992185
-63.900000 4.992224
-63.800000 4.992262
-63.700000 4.992300
-63.600000 4.992337
-63.500000 4.992375
-63.400000 4.992412
-63.300000 4.992449
-63.200000 4.992486
-63.100000 4.992523
-63.000000 4.992560
-62.900000 4.992596
-62.800000 4.992633
-62.700000 4.992669
-62.600000 4.992705
-62.500000 4.992740
-62.400000 4.992776
-62.300000 4.992811
-62.200000 4.992847
-62.100000 4.992882
-62.000000 4.992917
-61.900000 4.992951
-61.800000 4.992986
-61.700000 4.993020
-61.600000 4.993055
-61.500000 4.993089
-61.400000 4.993123
-61.300000 4.993156
-61.200000 4.993190
-61.100000 4.993223
-61.000000 4.993257
-60.900000 4.993290
-60.800000 4.993323
-60.700000 4.993355
-60.600000 4.993388
-60.500000 4.993421
-60.400000 4.993453
-60.300000 4.993485
-60.200000 4.993517
-60.100000 4.993549
-60.000000 4.993580
-59.900000 4.993612
-59.800000 4.993643
-59.700000 4.993675
-59.600000 4.993706
-59.500000 4.993737
-59.400000 4.993767
-59.300000 4.993798
-59.200000 4.993828
-59.100000 4.993859
-59.000000 4.993889
-58.900000 4.993919
-58.800000 4.993949
-58.700000 4.993979
-58.600000 4.994008
-58.500000 4.994038
-58.400000 4.994067
-58.300000 4.994096
-58.200000 4.994125
-58.100000 4.994154
-58.000000 4.994183
-57.900000 4.994211
-57.800000 4.994240
-57.700000 4.994268
-57.600000 4.994296
-57.500000 4.994324
-57.400000 4.994352
-57.300000 4.994380
-57.200000 4.994408
-57.100000 4.994435
-57.000000 4.994463
-56.900000 4.994490
-56.800000 4.994517
-56.700000 4.994544
-56.600000 4.994571
-56.500000 4.994597
-56.400000 4.994624
-56.300000 4.994650
-56.200000 4.994677
-56.100000 4.994703
-56.000000 4.994729
-55.900000 4.994755
-55.800000 4.994781
-55.700000 4.994807
-55.600000 4.994832
-55.500000 4.994858
-55.400000 4.994883
-55.300000 4.994908
-55.200000 4.994933
-55.100000 4.994958
-55.000000 4.994983
-54.900000 4.995008
-54.800000 4.995032
-54.700000 4.995057
-54.600000 4.995081
-54.500000 4.995105
-54.400000 4.995129
-54.300000 4.995153
-54.200000 4.995177
-54.100000 4.995201
-54.000000 4.995225
-53.900000 4.995248
-53.800000 4.995272
-53.700000 4.995295
-53.600000 4.995318
-53.500000 4.995341
-53.400000 4.995364
-53.300000 4.995387
-53.200000 4.995410
-53.100000 4.995432
-53.000000 4.995455
-52.900000 4.995477
-52.800000 4.995500
-52.700000 4.995522
-52.600000 4.995544
-52.500000 4.995566
-52.400000 4.995588
-52.300000 4.995609
-52.200000 4.995631
-52.100000 4.995653
-52.000000 4.995674
-51.900000 4.995695
-51.800000 4.995717
-51.700000 4.995738
-51.600000 4.995759
-51.500000 4.995780
-51.400000 4.995801
-51.300000 4.995821
-51.200000 4.995842
-51.100000 4.995862
-51.000000 4.995883
-50.900000 4.995903
-50.800000 4.995923
-50.700000 4.995944
-50.600000 4.995964
-50.500000 4.995983
-50.400000 4.996003
-50.300000 4.996023
-50.200000 4.996043
-50.100000 4.996062
-50.000000 4.996082
-49.900000 4.996101
-49.800000 4.996120
-49.700000 4.996139
-49.600000 4.996159
-49.500000 4.996177
-49.400000 4.996196
-49.300000 4.996215
-49.200000 4.996234
-49.100000 4.996252
-49.000000 4.996271
-48.900000 4.996289
-48.800000 4.996308
-48.700000 4.996326
-48.600000 4.996344
-48.500000 4.996362
-48.400000 4.996380
-48.300000 4.996398
-48.200000 4.996416
-48.100000 4.996434
-48.000000 4.996451
-47.900000 4.996469
-47.800000 4.996486
-47.700000 4.996504
-47.600000 4.996521
-47.500000 4.996538
-47.400000 4.996555
-47.300000 4.996572
-47.200000 4.996589
-47.100000 4.996606
-47.000000 4.996623
-46.900000 4.996640
-46.800000 4.996656
-46.700000 4.996673
-46.600000 4.996689
-46.500000 4.996706
-46.400000 4.996722
-46.300000 4.996738
-46.200000 4.996754
-46.100000 4.996770
-46.000000 4.996786
-45.900000 4.996802
-45.800000 4.996818
-45.700000 4.996834
-45.600000 4.996849
-45.500000 4.996860
-45.400000 4.996844
-45.300000 4.996828
-45.200000 4.996813
-45.100000 4.996797
-45.000000 4.996781
-44.900000 4.996765
-44.800000 4.996749
-44.700000 4.996732
-44.600000 4.996716
-44.500000 4.996700
-44.400000 4.996683
-44.300000 4.996667
-44.200000 4.996650
-44.100000 4.996634
-44.000000 4.996617
-43.900000 4.996600
-43.800000 4.996583
-43.700000 4.996566
-43.600000 4.996549
-43.500000 4.996532
-43.400000 4.996515
-43.300000 4.996498
-43.200000 4.996480
-43.100000 4.996463
-43.000000 4.996445
-42.900000 4.996427
-42.800000 4.996410
-42.700000 4.996392
-42.600000 4.996374
-42.500000 4.996356
-42.400000 4.996338
-42.300000 4.996320
-42.200000 4.996301
-42.100000 4.996283
-42.000000 4.996265
-41.900000 4.996246
-41.800000 4.996227
-41.700000 4.996209
-41.600000 4.996190
-41.500000 4.996171
-41.400000 4.996152
-41.300000 4.996133
-41.200000 4.996114
-41.100000 4.996094
-41.000000 4.996075
-40.900000 4.996055
-40.800000 4.996036
-40.700000 4.996016
-40.600000 4.995996
-40.500000 4.995977
-40.400000 4.995957
-40.300000 4.995937
-40.200000 4.995916
-40.100000 4.995896
-40.000000 4.995876
-39.900000 4.995855
-39.800000 4.995835
-39.700000 4.995814
-39.600000 4.995793
-39.500000 4.995773
-39.400000 4.995752
-39.300000 4.995731
-39.200000 4.995709
-39.100000 4.995688
-39.000000 4.995667
-38.900000 4.995645
-38.800000 4.995624
-38.700000 4.995602
-38.600000 4.995580
-38.500000 4.995558
-38.400000 4.995536
-38.300000 4.995514
-38.200000 4.995492
-38.100000 4.995470
-38.000000 4.995447
-37.900000 4.995425
-37.800000 4.995402
-37.700000 4.995379
-37.600000 4.995356
-37.500000 4.995333
-37.400000 4.995310
-37.300000 4.995287
-37.200000 4.995264
-37.100000 4.995240
-37.000000 4.995217
-36.900000 4.995193
-36.800000 4.995169
-36.700000 4.995145
-36.600000 4.995121
-36.500000 4.995097
-36.400000 4.995073
-36.300000 4.995048
-36.200000 4.995024
-36.100000 4.994999
-36.000000 4.994974
-35.900000 4.994949
-35.800000 4.994924
-35.700000 4.994899
-35.600000 4.994874
-35.500000 4.994849
-35.400000 4.994823
-35.300000 4.994798
-35.200000 4.994772
-35.100000 4.994746
-35.000000 4.994720
-34.900000 4.994694
-34.800000 4.994668
-34.700000 4.994641
-34.600000 4.994615
-34.500000 4.994588
-34.400000 4.994561
-34.300000 4.994535
-34.200000 4.994508
-34.100000 4.994480
-34.000000 4.994453
-33.900000 4.994426
-33.800000 4.994398
-33.700000 4.994370
-33.600000 4.994343
-33.500000 4.994315
-33.400000 4.994287
-33.300000 4.994258
-33.200000 4.994230
-33.100000 4.994201
-33.000000 4.994173
-32.900000 4.994144
-32.800000 4.994115
-32.700000 4.994086
-32.600000 4.994057
-32.500000 4.994027
-32.400000 4.993998
-32.300000 4.993968
-32.200000 4.993939
-32.100000 4.993909
-32.000000 4.993879
-31.900000 4.993848
-31.800000 4.993818
-31.700000 4.993787
-31.600000 4.993757
-31.500000 4.993726
-31.400000 4.993695
-31.300000 4.993664
-31.200000 4.993633
-31.100000 4.993601
-31.000000 4.993570
-30.900000 4.993538
-30.800000 4.993506
-30.700000 4.993474
-30.600000 4.993442
-30.500000 4.993409
-30.400000 4.993377
-30.300000 4.993344
-30.200000 4.993311
-30.100000 4.993278
-30.000000 4.993245
-29.900000 4.993212
-29.800000 4.993178
-29.700000 4.993145
-29.600000 4.993111
-29.500000 4.993077
-29.400000 4.993043
-29.300000 4.993009
-29.200000 4.992974
-29.100000 4.992940
-29.000000 4.992905
-28.900000 4.992870
-28.800000 4.992835
-28.700000 4.992799
-28.600000 4.992764
-28.500000 4.992728
-28.400000 4.992692
-28.300000 4.992656
-28.200000 4.992620
-28.100000 4.992584
-28.000000 4.992547
-27.900000 4.992511
-27.800000 4.992474
-27.700000 4.992437
-27.600000 4.992399
-27.500000 4.992362
-27.400000 4.992324
-27.300000 4.992287
-27.200000 4.992249
-27.100000 4.992210
-27.000000 4.992172
-26.900000 4.992134
-26.800000 4.992095
-26.700000 4.992056
-26.600000 4.992017
-26.500000 4.991978
-26.400000 4.991938
-26.300000 4.991898
-26.200000 4.991858
-26.100000 4.991818
-26.000000 4.991778
-25.900000 4.991738
-25.800000 4.991697
-25.700000 4.991656
-25.600000 4.991615
-25.500000 4.991574
-25.400000 4.991533
-25.300000 4.991491
-25.200000 4.991449
-25.100000 4.991407
-25.000000 4.991365
-24.900000 4.991322
-24.800000 4.991280
-24.700000 4.991237
-24.600000 4.991194
-24.500000 4.991150
-24.400000 4.991107
-24.300000 4.991063
-24.200000 4.991019
-24.100000 4.990975
-24.000000 4.990931
-23.900000 4.990886
-23.800000 4.990842
-23.700000 4.990797
-23.600000 4.990751
-23.500000 4.990706
-23.400000 4.990660
-23.300000 4.990614
-23.200000 4.990568
-23.100000 4.990522
-23.000000 4.990475
-22.900000 4.990429
-22.800000 4.990382
-22.700000 4.990334
-22.600000 4.990287
-22.500000 4.990239
-22.400000 4.990191
-22.300000 4.990143
-22.200000 4.990095
-22.100000 4.990046
-22.000000 4.989997
-21.900000 4.989948
-21.800000 4.989899
-21.700000 4.989850
-21.600000 4.989800
-21.500000 4.989750
-21.400000 4.989699
-21.300000 4.989649
-21.200000 4.989598
-21.100000 4.989547
-21.000000 4.989496
-20.900000 4.989444
-20.800000 4.989393
-20.700000 4.989341
-20.600000 4.989288
-20.500000 4.989236
-20.400000 4.989183
-20.300000 4.989130
-20.200000 4.989077
-20.100000 4.989023
-20.000000 4.988970
-19.900000 4.988915
-19.800000 4.988861
-19.700000 4.988807
-19.600000 4.988752
-19.500000 4.988697
-19.400000 4.988641
-19.300000 4.988586
-19.200000 4.988530
-19.100000 4.988474
-19.000000 4.988417
-18.900000 4.988360
-18.800000 4.988303
-18.700000 4.988246
-18.600000 4.988189
-18.500000 4.988131
-18.400000 4.988073
-18.300000 4.988014
-18.200000 4.987956
-18.100000 4.987897
-18.000000 4.987837
-17.900000 4.987778
-17.800000 4.987718
-17.700000 4.987658
-17.600000 4.987598
-17.500000 4.987537
-17.400000 4.987476
-17.300000 4.987415
-17.200000 4.987353
-17.100000 4.987291
-17.000000 4.987229
-16.900000 4.987167
-16.800000 4.987104
-16.700000 4.987041
-16.600000 4.986978
-16.500000 4.986914
-16.400000 4.986850
-16.300000 4.986786
-16.200000 4.986721
-16.100000 4.986656
-16.000000 4.986591
-15.900000 4.986526
-15.800000 4.986460
-15.700000 4.986394
-15.600000 4.986327
-15.500000 4.986260
-15.400000 4.986193
-15.300000 4.986126
-15.200000 4.986058
-15.100000 4.985990
-15.000000 4.985922
-14.900000 4.985853
-14.800000 4.985784
-14.700000 4.985714
-14.600000 4.985645
-14.500000 4.985575
-14.400000 4.985504
-14.300000 4.985433
-14.200000 4.985362
-14.100000 4.985291
-14.000000 4.985219
-13.900000 4.985147
-13.800000 4.985075
-13.700000 4.985002
-13.600000 4.984929
-13.500000 4.984855
-13.400000 4.984781
-13.300000 4.984707
-13.200000 4.984632
-13.100000 4.984557
-13.000000 4.984482
-12.900000 4.984407
-12.800000 4.984330
-12.700000 4.984254
-12.600000 4.984177
-12.500000 4.984100
-12.400000 4.984023
-12.300000 4.983945
-12.200000 4.983867
-12.100000 4.983788
-12.000000 4.983709
-11.900000 4.983630
-11.800000 4.983550
-11.700000 4.983470
-11.600000 4.983389
-11.500000 4.983308
-11.400000 4.983227
-11.300000 4.983145
-11.200000 4.983063
-11.100000 4.982981
-11.000000 4.982898
-10.900000 4.982815
-10.800000 4.982731
-10.700000 4.982647
-10.600000 4.982563
-10.500000 4.982478
-10.400000 4.982393
-10.300000 4.982307
-10.200000 4.982221
-10.100000 4.982134
-10.000000 4.982047
-9.900000 4.981960
-9.800000 4.981872
-9.700000 4.981784
-9.600000 4.981696
-9.500000 4.981607
-9.400000 4.981517
-9.300000 4.981427
-9.200000 4.981337
-9.100000 4.981246
-9.000000 4.981155
-8.900000 4.981063
-8.800000 4.980971
-8.700000 4.980879
-8.600000 4.980786
-8.500000 4.980693
-8.400000 4.980599
-8.300000 4.980505
-8.200000 4.980410
-8.100000 4.980315
-8.000000 4.980219
-7.900000 4.980123
-7.800000 4.980027
-7.700000 4.979930
-7.600000 4.979832
-7.500000 4.979734
-7.400000 4.979636
-7.300000 4.979537
-7.200000 4.979438
-7.100000 4.979338
-7.000000 4.979238
-6.900000 4.979137
-6.800000 4.979036
-6.700000 4.978934
-6.600000 4.978832
-6.500000 4.978729
-6.400000 4.978626
-6.300000 4.978522
-6.200000 4.978418
-6.100000 4.978313
-6.000000 4.978208
-5.900000 4.978102
-5.800000 4.977996
-5.700000 4.977890
-5.600000 4.977782
-5.500000 4.977675
-5.400000 4.977567
-5.300000 4.977458
-5.200000 4.977349
-5.100000 4.977239
-5.000000 4.977129
-4.900000 4.977018
-4.800000 4.976906
-4.700000 4.976795
-4.600000 4.976682
-4.500000 4.976569
-4.400000 4.976456
-4.300000 4.976342
-4.200000 4.976227
-4.100000 4.976112
-4.000000 4.975996
-3.900000 4.975880
-3.800000 4.975764
-3.700000 4.975646
-3.600000 4.975528
-3.500000 4.975410
-3.400000 4.975291
-3.300000 4.975171
-3.200000 4.975051
-3.100000 4.974931
-3.000000 4.974809
-2.900000 4.974687
-2.800000 4.974565
-2.700000 4.974442
-2.600000 4.974319
-2.500000 4.974194
-2.400000 4.974070
-2.300000 4.973944
-2.200000 4.973818
-2.100000 4.973692
-2.000000 4.973565
-1.900000 4.973437
-1.800000 4.973308
-1.700000 4.973180
-1.600000 4.973050
-1.500000 4.972920
-1.400000 4.972789
-1.300000 4.972658
-1.200000 4.972525
-1.100000 4.972393
-1.000000 4.972260
-0.900000 4.972126
-0.800000 4.971991
-0.700000 4.971856
-0.600000 4.971720
-0.500000 4.971583
-0.400000 4.971446
-0.300000 4.971309
-0.200000 4.971170
-0.100000 4.971031
-0.000000 4.970891
0.100000 4.970751
0.200000 4.970610
0.300000 4.970468
0.400000 4.970326
0.500000 4.970182
0.600000 4.970039
0.700000 4.969894
0.800000 4.969749
0.900000 4.969603
1.000000 4.969457
1.100000 4.969310
1.200000 4.969162
1.300000 4.969013
1.400000 4.968864
1.500000 4.968714
1.600000 4.968563
1.700000 4.968412
1.800000 4.968259
1.900000 4.968107
2.000000 4.967953
2.100000 4.967799
2.200000 4.967644
2.300000 4.967488
2.400000 4.967331
2.500000 4.967174
2.600000 4.967016
2.700000 4.966857
2.800000 4.966698
2.900000 4.966538
3.000000 4.966377
3.100000 4.966215
3.200000 4.966052
3.300000 4.965889
3.400000 4.965725
3.500000 4.965560
3.600000 4.965395
3.700000 4.965228
3.800000 4.965061
3.900000 4.964893
4.000000 4.964724
4.100000 4.964555
4.200000 4.964385
4.300000 4.964213
4.400000 4.964041
4.500000 4.963869
4.600000 4.963695
4.700000 4.963521
4.800000 4.963345
4.900000 4.963169
5.000000 4.962993
5.100000 4.962815
5.200000 4.962636
5.300000 4.962457
5.400000 4.962277
5.500000 4.962096
5.600000 4.961914
5.700000 4.961731
5.800000 4.961547
5.900000 4.961363
6.000000 4.961178
6.100000 4.960991
6.200000 4.960804
6.300000 4.960616
6.400000 4.960427
6.500000 4.960238
6.600000 4.960047
6.700000 4.959855
6.800000 4.959663
6.900000 4.959470
7.000000 4.959275
7.100000 4.959080
7.200000 4.958884
7.300000 4.958687
7.400000 4.958489
7.500000 4.958290
7.600000 4.958091
7.700000 4.957890
7.800000 4.957688
7.900000 4.957486
8.000000 4.957282
8.100000 4.957077
8.200000 4.956872
8.300000 4.956666
8.400000 4.956458
8.500000 4.956250
8.600000 4.956040
8.700000 4.955830
8.800000 4.955619
8.900000 4.955406
9.000000 4.955193
9.100000 4.954979
9.200000 4.954764
9.300000 4.954547
9.400000 4.954330
9.500000 4.954112
9.600000 4.953892
9.700000 4.953672
9.800000 4.953450
9.900000 4.953228
10.000000 4.953004
10.100000 4.952780
10.200000 4.952554
10.300000 4.952328
10.400000 4.952100
10.500000 4.951871
10.600000 4.951641
10.700000 4.951410
10.800000 4.951178
10.900000 4.950945
11.000000 4.950711
11.100000 4.950476
11.200000 4.950240
11.300000 4.950002
11.400000 4.949764
11.500000 4.949524
11.600000 4.949283
11.700000 4.949041
11.800000 4.948798
11.900000 4.948554
12.000000 4.948309
12.100000 4.948062
12.200000 4.947815
12.300000 4.947566
12.400000 4.947316
12.500000 4.947065
12.600000 4.946813
12.700000 4.946559
12.800000 4.946305
12.900000 4.946049
13.000000 4.945792
13.100000 4.945534
13.200000 4.945274
13.300000 4.945014
13.400000 4.944752
13.500000 4.944489
13.600000 4.944225
13.700000 4.943959
13.800000 4.943692
13.900000 4.943425
14.000000 4.943155
14.100000 4.942885
14.200000 4.942613
14.300000 4.942340
14.400000 4.942066
14.500000 4.941790
14.600000 4.941514
14.700000 4.941236
14.800000 4.940956
14.900000 4.940676
15.000000 4.940394
15.100000 4.940110
15.200000 4.939826
15.300000 4.939540
15.400000 4.939253
15.500000 4.938964
15.600000 4.938674
15.700000 4.938383
15.800000 4.938090
15.900000 4.937796
16.000000 4.937501
16.100000 4.937204
16.200000 4.936906
16.300000 4.936607
16.400000 4.936306
16.500000 4.936004
16.600000 4.935700
16.700000 4.935395
16.800000 4.935089
16.900000 4.934781
17.000000 4.934472
17.100000 4.934161
17.200000 4.933849
17.300000 4.933535
17.400000 4.933220
17.500000 4.932904
17.600000 4.932586
17.700000 4.932266
17.800000 4.931945
17.900000 4.931623
18.000000 4.931299
18.100000 4.930974
18.200000 4.930647
18.300000 4.930319
18.400000 4.929989
18.500000 4.929657
18.600000 4.929324
18.700000 4.928990
18.800000 4.928654
18.900000 4.928316
19.000000 4.927977
19.100000 4.927636
19.200000 4.927294
19.300000 4.926950
19.400000 4.926605
19.500000 4.926258
19.600000 4.925909
19.700000 4.925559
19.800000 4.925207
19.900000 4.924854
20.000000 4.924498
20.100000 4.924142
20.200000 4.923783
20.300000 4.923423
20.400000 4.923062
20.500000 4.922698
20.600000 4.922333
20.700000 4.921967
20.800000 4.921598
20.900000 4.921228
21.000000 4.920856
21.100000 4.920483
21.200000 4.920108
21.300000 4.919731
21.400000 4.919352
21.500000 4.918972
21.600000 4.918590
21.700000 4.918206
21.800000 4.917820
21.900000 4.917433
22.000000 4.917043
22.100000 4.916652
22.200000 4.916260
22.300000 4.915865
22.400000 4.915469
22.500000 4.915070
22.600000 4.914670
22.700000 4.914268
22.800000 4.913865
22.900000 4.913459
23.000000 4.913052
23.100000 4.912642
23.200000 4.912231
23.300000 4.911818
23.400000 4.911403
23.500000 4.910986
23.600000 4.910568
23.700000 4.910147
23.800000 4.909724
23.900000 4.909300
24.000000 4.908873
24.100000 4.908445
24.200000 4.908015
24.300000 4.907582
24.400000 4.907148
24.500000 4.906712
24.600000 4.906273
24.700000 4.905833
24.800000 4.905391
24.900000 4.904946
25.000000 4.904500
25.100000 4.904052
25.200000 4.903601
25.300000 4.903149
25.400000 4.902694
25.500000 4.902238
25.600000 4.901779
25.700000 4.901318
25.800000 4.900855
25.900000 4.900390
26.000000 4.899923
26.100000 4.899454
26.200000 4.898982
26.300000 4.898509
26.400000 4.898033
26.500000 4.897555
26.600000 4.897075
26.700000 4.896593
26.800000 4.896109
26.900000 4.895622
27.000000 4.895133
27.100000 4.894642
27.200000 4.894149
27.300000 4.893653
27.400000 4.893155
27.500000 4.892655
27.600000 4.892153
27.700000 4.891648
27.800000 4.891142
27.900000 4.890632
28.000000 4.890121
28.100000 4.889607
28.200000 4.889091
28.300000 4.888572
28.400000 4.888051
28.500000 4.887528
28.600000 4.887003
28.700000 4.886475
28.800000 4.885944
28.900000 4.885412
29.000000 4.884876
29.100000 4.884339
29.200000 4.883799
29.300000 4.883256
29.400000 4.882711
29.500000 4.882164
29.600000 4.881614
29.700000 4.881062
29.800000 4.880507
29.900000 4.879949
30.000000 4.879390
30.100000 4.878827
30.200000 4.878262
30.300000 4.877695
30.400000 4.877125
30.500000 4.876552
30.600000 4.875977
30.700000 4.875399
30.800000 4.874818
30.900000 4.874235
31.000000 4.873650
31.100000 4.873061
31.200000 4.872470
31.300000 4.871877
31.400000 4.871280
31.500000 4.870681
31.600000 4.870079
31.700000 4.869475
31.800000 4.868868
31.900000 4.868258
32.000000 4.867645
32.100000 4.867030
32.200000 4.866412
32.300000 4.865791
32.400000 4.865167
32.500000 4.864541
32.600000 4.863911
32.700000 4.863279
32.800000 4.862644
32.900000 4.862006
33.000000 4.861365
33.100000 4.860722
33.200000 4.860075
33.300000 4.859426
33.400000 4.858773
33.500000 4.858118
33.600000 4.857460
33.700000 4.856799
33.800000 4.856135
33.900000 4.855467
34.000000 4.854797
34.100000 4.854124
34.200000 4.853448
34.300000 4.852769
34.400000 4.852087
34.500000 4.851402
34.600000 4.850713
34.700000 4.850022
34.800000 4.849327
34.900000 4.848630
35.000000 4.847929
35.100000 4.847225
35.200000 4.846518
35.300000 4.845808
35.400000 4.845095
35.500000 4.844378
35.600000 4.843659
35.700000 4.842936
35.800000 4.842209
35.900000 4.841480
36.000000 4.840747
36.100000 4.840011
36.200000 4.839272
36.300000 4.838530
36.400000 4.837784
36.500000 4.837035
36.600000 4.836282
36.700000 4.835527
36.800000 4.834767
36.900000 4.834005
37.000000 4.833239
37.100000 4.832469
37.200000 4.831697
37.300000 4.830920
37.400000 4.830141
37.500000 4.829357
37.600000 4.828571
37.700000 4.827781
37.800000 4.826987
37.900000 4.826190
38.000000 4.825389
38.100000 4.824585
38.200000 4.823777
38.300000 4.822966
38.400000 4.822151
38.500000 4.821332
38.600000 4.820510
38.700000 4.819684
38.800000 4.818854
38.900000 4.818021
39.000000 4.817184
39.100000 4.816343
39.200000 4.815499
39.300000 4.814651
39.400000 4.813799
39.500000 4.812943
39.600000 4.812084
39.700000 4.811221
39.800000 4.810354
39.900000 4.809483
40.000000 4.808608
40.100000 4.807729
40.200000 4.806847
40.300000 4.805960
40.400000 4.805070
40.500000 4.804176
40.600000 4.803278
40.700000 4.802376
40.800000 4.801470
40.900000 4.800559
41.000000 4.799645
41.100000 4.798727
41.200000 4.797805
41.300000 4.796879
41.400000 4.795948
41.500000 4.795014
41.600000 4.794075
41.700000 4.793133
41.800000 4.792186
41.900000 4.791235
42.000000 4.790280
42.100000 4.789320
42.200000 4.788357
42.300000 4.787389
42.400000 4.786417
42.500000 4.785441
42.600000 4.784460
42.700000 4.783475
42.800000 4.782486
42.900000 4.781492
43.000000 4.780494
43.100000 4.779492
43.200000 4.778485
43.300000 4.777474
43.400000 4.776459
43.500000 4.775439
43.600000 4.774414
43.700000 4.773385
43.800000 4.772352
43.900000 4.771314
44.000000 4.770272
44.100000 4.769224
44.200000 4.768173
44.300000 4.767117
44.400000 4.766056
44.500000 4.764990
44.600000 4.763920
44.700000 4.762845
44.800000 4.761766
44.900000 4.760682
45.000000 4.759593
45.100000 4.758499
45.200000 4.757401
45.300000 4.756298
45.400000 4.755190
45.500000 4.754077
45.600000 4.752959
45.700000 4.751836
45.800000 4.750709
45.900000 4.749577
46.000000 4.748439
46.100000 4.747297
46.200000 4.746150
46.300000 4.744998
46.400000 4.743841
46.500000 4.742679
46.600000 4.741511
46.700000 4.740339
46.800000 4.739162
46.900000 4.737979
47.000000 4.736792
47.100000 4.735599
47.200000 4.734401
47.300000 4.733198
47.400000 4.731990
47.500000 4.730776
47.600000 4.729557
47.700000 4.728333
47.800000 4.727104
47.900000 4.725869
48.000000 4.724629
48.100000 4.723384
48.200000 4.722133
48.300000 4.720877
48.400000 4.719615
48.500000 4.718348
48.600000 4.717076
48.700000 4.715798
48.800000 4.714514
48.900000 4.713225
49.000000 4.711931
49.100000 4.710631
49.200000 4.709325
49.300000 4.708014
49.400000 4.706697
49.500000 4.705374
49.600000 4.704046
49.700000 4.702712
49.800000 4.701372
49.900000 4.700026
50.000000 4.698675
50.100000 4.697318
50.200000 4.695955
50.300000 4.694586
50.400000 4.693212
50.500000 4.691831
50.600000 4.690445
50.700000 4.689052
50.800000 4.687654
50.900000 4.686249
51.000000 4.684839
51.100000 4.683423
51.200000 4.682000
51.300000 4.680572
51.400000 4.679137
51.500000 4.677696
51.600000 4.676249
51.700000 4.674796
51.800000 4.673337
51.900000 4.671871
52.000000 4.670400
52.100000 4.668922
52.200000 4.667437
52.300000 4.665947
52.400000 4.664450
52.500000 4.662946
52.600000 4.661436
52.700000 4.659920
52.800000 4.658397
52.900000 4.656868
53.000000 4.655333
53.100000 4.653790
53.200000 4.652242
53.300000 4.650686
53.400000 4.649124
53.500000 4.647556
53.600000 4.645981
53.700000 4.644399
53.800000 4.642810
53.900000 4.641215
54.000000 4.639613
54.100000 4.638004
54.200000 4.636388
54.300000 4.634766
54.400000 4.633137
54.500000 4.631500
54.600000 4.629857
54.700000 4.628207
54.800000 4.626550
54.900000 4.624886
55.000000 4.623215
55.100000 4.621537
55.200000 4.619852
55.300000 4.618159
55.400000 4.616460
55.500000 4.614753
55.600000 4.613040
55.700000 4.611319
55.800000 4.609590
55.900000 4.607855
56.000000 4.606112
56.100000 4.604362
56.200000 4.602605
56.300000 4.600840
56.400000 4.599067
56.500000 4.597288
56.600000 4.595501
56.700000 4.593706
56.800000 4.591904
56.900000 4.590094
57.000000 4.588277
57.100000 4.586452
57.200000 4.584619
57.300000 4.582779
57.400000 4.580931
57.500000 4.579076
57.600000 4.577212
57.700000 4.575341
57.800000 4.573462
57.900000 4.571576
58.000000 4.569681
58.100000 4.567778
58.200000 4.565868
58.300000 4.563950
58.400000 4.562023
58.500000 4.560089
58.600000 4.558146
58.700000 4.556196
58.800000 4.554237
58.900000 4.552270
59.000000 4.550295
59.100000 4.548312
59.200000 4.546321
59.300000 4.544321
59.400000 4.542313
59.500000 4.540297
59.600000 4.538272
59.700000 4.536239
59.800000 4.534198
59.900000 4.532148
60.000000 4.530090
60.100000 4.528023
60.200000 4.525947
60.300000 4.523864
60.400000 4.521771
60.500000 4.519670
60.600000 4.517560
60.700000 4.515441
60.800000 4.513314
60.900000 4.511178
61.000000 4.509033
61.100000 4.506880
61.200000 4.504717
61.300000 4.502546
61.400000 4.500365
61.500000 4.498176
61.600000 4.495978
61.700000 4.493771
61.800000 4.491554
61.900000 4.489329
62.000000 4.487094
62.100000 4.484851
62.200000 4.482598
62.300000 4.480336
62.400000 4.478064
62.500000 4.475784
62.600000 4.473494
62.700000 4.471194
62.800000 4.468886
62.900000 4.466567
63.000000 4.464240
63.100000 4.461903
63.200000 4.459556
63.300000 4.457200
63.400000 4.454834
63.500000 4.452459
63.600000 4.450074
63.700000 4.447679
63.800000 4.445275
63.900000 4.442861
64.000000 4.440437
64.100000 4.438003
64.200000 4.435559
64.300000 4.433105
64.400000 4.430642
64.500000 4.428168
64.600000 4.425685
64.700000 4.423191
64.800000 4.420688
64.900000 4.418174
65.000000 4.415650
65.100000 4.413116
65.200000 4.410571
65.300000 4.408017
65.400000 4.405452
65.500000 4.402877
65.600000 4.400291
65.700000 4.397695
65.800000 4.395089
65.900000 4.392472
66.000000 4.389844
66.100000 4.387207
66.200000 4.384558
66.300000 4.381899
66.400000 4.379229
66.500000 4.376548
66.600000 4.373857
66.700000 4.371155
66.800000 4.368442
66.900000 4.365719
67.000000 4.362984
67.100000 4.360239
67.200000 4.357482
67.300000 4.354715
67.400000 4.351936
67.500000 4.349147
67.600000 4.346346
67.700000 4.343534
67.800000 4.340711
67.900000 4.337877
68.000000 4.335032
68.100000 4.332175
68.200000 4.329307
68.300000 4.326427
68.400000 4.323536
68.500000 4.320634
68.600000 4.317720
68.700000 4.314795
68.800000 4.311858
68.900000 4.308909
69.000000 4.305949
69.100000 4.302977
69.200000 4.299994
69.300000 4.296998
69.400000 4.293991
69.500000 4.290972
69.600000 4.287941
69.700000 4.284898
69.800000 4.281844
69.900000 4.278777
70.000000 4.275698
70.100000 4.272607
70.200000 4.269504
70.300000 4.266389
70.400000 4.263261
70.500000 4.260122
70.600000 4.256970
70.700000 4.253806
70.800000 4.250629
70.900000 4.247440
71.000000 4.244239
71.100000 4.241025
71.200000 4.237798
71.300000 4.234559
71.400000 4.231308
71.500000 4.228043
71.600000 4.224766
71.700000 4.221477
71.800000 4.218174
71.900000 4.214859
72.000000 4.211531
72.100000 4.208190
72.200000 4.204836
72.300000 4.201469
72.400000 4.198089
72.500000 4.194696
72.600000 4.191290
72.700000 4.187871
72.800000 4.184438
72.900000 4.180992
73.000000 4.177533
73.100000 4.174061
73.200000 4.170576
73.300000 4.167077
73.400000 4.163564
73.500000 4.160038
73.600000 4.156499
73.700000 4.152946
73.800000 4.149379
73.900000 4.145799
74.000000 4.142205
74.100000 4.138597
74.200000 4.134976
74.300000 4.131341
74.400000 4.127692
74.500000 4.124029
74.600000 4.120352
74.700000 4.116661
74.800000 4.112956
74.900000 4.109237
75.000000 4.105503
75.100000 4.101756
75.200000 4.097994
75.300000 4.094219
75.400000 4.090429
75.500000 4.086624
75.600000 4.082805
75.700000 4.078972
75.800000 4.075124
75.900000 4.071262
76.000000 4.067386
76.100000 4.063494
76.200000 4.059588
76.300000 4.055668
76.400000 4.051732
76.500000 4.047782
76.600000 4.043817
76.700000 4.039837
76.800000 4.035843
76.900000 4.031833
77.000000 4.027808
77.100000 4.023769
77.200000 4.019714
77.300000 4.015644
77.400000 4.011559
77.500000 4.007459
77.600000 4.003343
77.700000 3.999213
77.800000 3.995066
77.900000 3.990905
78.000000 3.986728
78.100000 3.982536
78.200000 3.978328
78.300000 3.974104
78.400000 3.969865
78.500000 3.965611
78.600000 3.961340
78.700000 3.957054
78.800000 3.952752
78.900000 3.948434
79.000000 3.944101
79.100000 3.939751
79.200000 3.935386
79.300000 3.931004
79.400000 3.926607
79.500000 3.922193
79.600000 3.917764
79.700000 3.913318
79.800000 3.908856
79.900000 3.904377
80.000000 3.899883
80.100000 3.895372
80.200000 3.890844
80.300000 3.886300
80.400000 3.881740
80.500000 3.877163
80.600000 3.872569
80.700000 3.867959
80.800000 3.863333
80.900000 3.858689
81.000000 3.854029
81.100000 3.849352
81.200000 3.844658
81.300000 3.839947
81.400000 3.835220
81.500000 3.830475
81.600000 3.825713
81.700000 3.820935
81.800000 3.816139
81.900000 3.811326
82.000000 3.806496
82.100000 3.801648
82.200000 3.796784
82.300000 3.791902
82.400000 3.787002
82.500000 3.782086
82.600000 3.777151
82.700000 3.772200
82.800000 3.767230
82.900000 3.762244
83.000000 3.757239
83.100000 3.752217
83.200000 3.747177
83.300000 3.742120
83.400000 3.737044
83.500000 3.731951
83.600000 3.726840
83.700000 3.721711
83.800000 3.716564
83.900000 3.711399
84.000000 3.706216
84.100000 3.701014
84.200000 3.695795
84.300000 3.690557
84.400000 3.685302
84.500000 3.680028
84.600000 3.674735
84.700000 3.669425
84.800000 3.664095
84.900000 3.658748
85.000000 3.653382
85.100000 3.647997
85.200000 3.642594
85.300000 3.637172
85.400000 3.631732
85.500000 3.626273
85.600000 3.620795
85.700000 3.615299
85.800000 3.609783
85.900000 3.604249
86.000000 3.598696
86.100000 3.593124
86.200000 3.587533
86.300000 3.581922
86.400000 3.576293
86.500000 3.570645
86.600000 3.564978
86.700000 3.559291
86.800000 3.553585
86.900000 3.547860
87.000000 3.542116
87.100000 3.536352
87.200000 3.530569
87.300000 3.524767
87.400000 3.518945
87.500000 3.513103
87.600000 3.507242
87.700000 3.501362
87.800000 3.495461
87.900000 3.489542
88.000000 3.483602
88.100000 3.477643
88.200000 3.471664
88.300000 3.465665
88.400000 3.459646
88.500000 3.453608
88.600000 3.447549
88.700000 3.441471
88.800000 3.435373
88.900000 3.429254
89.000000 3.423116
89.100000 3.416957
89.200000 3.410778
89.300000 3.404580
89.400000 3.398361
89.500000 3.392121
89.600000 3.385862
89.700000 3.379582
89.800000 3.373282
89.900000 3.366961
90.000000 3.360620
90.100000 3.354258
90.200000 3.347876
90.300000 3.341474
90.400000 3.335051
90.500000 3.328607
90.600000 3.322143
90.700000 3.315658
90.800000 3.309153
90.900000 3.302627
91.000000 3.296080
91.100000 3.289512
91.200000 3.282923
91.300000 3.276314
91.400000 3.269684
91.500000 3.263033
91.600000 3.256361
91.700000 3.249668
91.800000 3.242954
91.900000 3.236219
92.000000 3.229463
92.100000 3.222686
92.200000 3.215887
92.300000 3.209068
92.400000 3.202228
92.500000 3.195366
92.600000 3.188483
92.700000 3.181579
92.800000 3.174654
92.900000 3.167707
93.000000 3.160739
93.100000 3.153750
93.200000 3.146740
93.300000 3.139708
93.400000 3.132654
93.500000 3.125579
93.600000 3.118483
93.700000 3.111365
93.800000 3.104226
93.900000 3.097065
94.000000 3.089883
94.100000 3.082679
94.200000 3.075454
94.300000 3.068207
94.400000 3.060938
94.500000 3.053648
94.600000 3.046336
94.700000 3.039003
94.800000 3.031647
94.900000 3.024270
95.000000 3.016872
95.100000 3.009451
95.200000 3.002009
95.300000 2.994545
95.400000 2.987059
95.500000 2.979552
95.600000 2.972022
95.700000 2.964471
95.800000 2.956898
95.900000 2.949303
96.000000 2.941686
96.100000 2.934048
96.200000 2.926387
96.300000 2.918705
96.400000 2.911000
96.500000 2.903274
96.600000 2.895526
96.700000 2.887755
96.800000 2.879963
96.900000 2.872149
97.000000 2.864313
97.100000 2.856455
97.200000 2.848575
97.300000 2.840673
97.400000 2.832749
97.500000 2.824803
97.600000 2.816836
97.700000 2.808846
97.800000 2.800834
97.900000 2.792800
98.000000 2.784744
98.100000 2.776666
98.200000 2.768566
98.300000 2.760444
98.400000 2.752301
98.500000 2.744135
98.600000 2.735947
98.700000 2.727737
98.800000 2.719506
98.900000 2.711252
99.000000 2.702976
99.100000 2.694679
99.200000 2.686359
99.300000 2.678018
99.400000 2.669654
99.500000 2.661269
99.600000 2.652862
99.700000 2.644432
99.800000 2.635982
99.900000 2.627509
100.000000 2.619014
100.100000 2.610497
100.200000 2.601959
100.300000 2.593399
100.400000 2.584817
100.500000 2.576213
100.600000 2.567588
100.700000 2.558941
100.800000 2.550272
100.900000 2.541581
101.000000 2.532869
101.100000 2.524135
101.200000 2.515379
101.300000 2.506602
101.400000 2.497804
101.500000 2.488983
101.600000 2.480142
101.700000 2.471279
101.800000 2.462394
101.900000 2.453488
102.000000 2.444561
102.100000 2.435612
102.200000 2.426642
102.300000 2.417650
102.400000 2.408638
102.500000 2.399604
102.600000 2.390549
102.700000 2.381473
102.800000 2.372376
102.900000 2.363257
103.000000 2.354118
103.100000 2.344958
103.200000 2.335777
103.300000 2.326575
103.400000 2.317352
103.500000 2.308108
103.600000 2.298844
103.700000 2.289559
103.800000 2.280253
103.900000 2.270927
104.000000 2.261581
104.100000 2.252213
104.200000 2.242826
104.300000 2.233418
104.400000 2.223990
104.500000 2.214541
104.600000 2.205073
104.700000 2.195584
104.800000 2.186075
104.900000 2.176547
105.000000 2.166998
105.100000 2.157430
105.200000 2.147841
105.300000 2.138233
105.400000 2.128606
105.500000 2.118959
105.600000 2.109292
105.700000 2.099606
105.800000 2.089901
105.900000 2.080176
106.000000 2.070433
106.100000 2.060670
106.200000 2.050888
106.300000 2.041088
106.400000 2.031268
106.500000 2.021430
106.600000 2.011573
106.700000 2.001697
106.800000 1.991804
106.900000 1.981891
107.000000 1.971961
107.100000 1.962012
107.200000 1.952045
107.300000 1.942060
107.400000 1.932058
107.500000 1.922037
107.600000 1.911999
107.700000 1.901944
107.800000 1.891871
107.900000 1.881780
108.000000 1.871673
108.100000 1.861548
108.200000 1.851406
108.300000 1.841247
108.400000 1.831072
108.500000 1.820880
108.600000 1.810672
108.700000 1.800447
108.800000 1.790206
108.900000 1.779948
109.000000 1.769675
109.100000 1.759386
109.200000 1.749081
109.300000 1.738761
109.400000 1.728425
109.500000 1.718073
109.600000 1.707707
109.700000 1.697326
109.800000 1.686929
109.900000 1.676518
110.000000 1.666093
110.100000 1.655653
110.200000 1.645198
110.300000 1.634730
110.400000 1.624248
110.500000 1.613751
110.600000 1.603242
110.700000 1.592718
110.800000 1.582182
110.900000 1.571632
111.000000 1.561070
111.100000 1.550494
111.200000 1.539906
111.300000 1.529306
111.400000 1.518693
111.500000 1.508068
111.600000 1.497432
111.700000 1.486784
111.800000 1.476124
111.900000 1.465453
112.000000 1.454771
112.100000 1.444078
112.200000 1.433374
112.300000 1.422660
112.400000 1.411936
112.500000 1.401201
112.600000 1.390457
112.700000 1.379703
112.800000 1.368939
112.900000 1.358166
113.000000 1.347385
113.100000 1.336594
113.200000 1.325795
113.300000 1.314988
113.400000 1.304173
113.500000 1.293350
113.600000 1.282519
113.700000 1.271681
113.800000 1.260836
113.900000 1.249984
114.000000 1.239125
114.100000 1.228260
114.200000 1.217389
114.300000 1.206512
114.400000 1.195629
114.500000 1.184741
114.600000 1.173848
114.700000 1.162951
114.800000 1.152049
114.900000 1.141142
115.000000 1.130232
115.100000 1.119318
115.200000 1.108401
115.300000 1.097480
115.400000 1.086557
115.500000 1.075631
115.600000 1.064704
115.700000 1.053774
115.800000 1.042843
115.900000 1.031910
116.000000 1.020977
116.100000 1.010043
116.200000 0.999108
116.300000 0.988209
116.400000 0.977369
116.500000 0.966589
116.600000 0.955868
116.700000 0.945208
116.800000 0.934607
116.900000 0.924066
117.000000 0.913585
117.100000 0.903164
117.200000 0.892802
117.300000 0.882500
117.400000 0.872258
117.500000 0.862076
117.600000 0.851953
117.700000 0.841891
117.800000 0.831888
117.900000 0.821945
118.000000 0.812061
118.100000 0.802238
118.200000 0.792474
118.300000 0.782770
118.400000 0.773126
118.500000 0.763541
118.600000 0.754016
118.700000 0.744552
118.800000 0.735146
118.900000 0.725801
119.000000 0.716516
119.100000 0.707290
119.200000 0.698124
119.300000 0.689018
119.400000 0.679971
119.500000 0.670984
119.600000 0.662058
119.700000 0.653190
119.800000 0.644383
119.900000 0.635636
120.000000 0.626948
120.100000 0.618320
120.200000 0.609752
120.300000 0.601243
120.400000 0.592795
120.500000 0.584406
120.600000 0.576077
120.700000 0.567807
120.800000 0.559598
120.900000 0.551448
121.000000 0.543358
121.100000 0.535328
121.200000 0.527358
121.300000 0.519447
121.400000 0.511596
121.500000 0.503805
121.600000 0.496074
121.700000 0.488402
121.800000 0.480791
121.900000 0.473239
122.000000 0.465747
122.100000 0.458314
122.200000 0.450942
122.300000 0.443629
122.400000 0.436376
122.500000 0.429183
122.600000 0.422049
122.700000 0.414975
122.800000 0.407962
122.900000 0.401007
123.000000 0.394113
123.100000 0.387279
123.200000 0.380504
123.300000 0.373789
123.400000 0.367134
123.500000 0.360538
123.600000 0.354002
123.700000 0.347527
123.800000 0.341110
123.900000 0.334754
124.000000 0.328458
124.100000 0.322221
124.200000 0.316044
124.300000 0.309927
124.400000 0.303869
124.500000 0.297872
124.600000 0.291934
124.700000 0.286056
124.800000 0.280237
124.900000 0.274479
125.000000 0.268780
125.100000 0.263141
125.200000 0.257562
125.300000 0.252043
125.400000 0.246583
125.500000 0.241183
125.600000 0.235843
125.700000 0.230563
125.800000 0.225342
125.900000 0.220182
126.000000 0.215081
126.100000 0.210040
126.200000 0.205058
126.300000 0.200137
126.400000 0.195275
126.500000 0.190473
126.600000 0.185731
126.700000 0.181048
126.800000 0.176426
126.900000 0.171863
127.000000 0.167359
127.100000 0.162916
127.200000 0.158533
127.300000 0.154209
127.400000 0.149945
127.500000 0.145741
127.600000 0.141596
127.700000 0.137511
127.800000 0.133487
127.900000 0.129522
128.000000 0.125616
128.100000 0.121771
128.200000 0.117985
128.300000 0.114259
128.400000 0.110593
128.500000 0.106986
128.600000 0.103440
128.700000 0.099953
128.800000 0.096526
128.900000 0.093159
129.000000 0.089851
129.100000 0.086603
129.200000 0.083415
129.300000 0.080287
129.400000 0.077219
129.500000 0.074210
129.600000 0.071261
129.700000 0.068372
129.800000 0.065543
129.900000 0.062774
130.000000 0.060064
130.100000 0.057414
130.200000 0.054824
130.300000 0.052293
130.400000 0.049823
130.500000 0.047412
130.600000 0.045061
130.700000 0.042770
130.800000 0.040538
130.900000 0.038367
131.000000 0.036255
131.100000 0.034203
131.200000 0.032210
131.300000 0.030278
131.400000 0.028405
131.500000 0.026592
131.600000 0.024839
131.700000 0.023145
131.800000 0.021512
131.900000 0.019938
132.000000 0.018424
132.100000 0.016969
132.200000 0.015575
132.300000 0.014240
132.400000 0.012965
132.500000 0.011750
132.600000 0.010594
132.700000 0.009499
132.800000 0.008463
132.900000 0.007487
133.000000 0.006571
133.100000 0.005714
133.200000 0.004917
133.300000 0.004180
133.400000 0.003503
133.500000 0.002886
133.600000 0.002328
133.700000 0.001830
133.800000 0.001392
133.900000 0.001014
134.000000 0.000696
134.100000 0.000437
134.200000 0.000238
134.300000 0.000099
134.400000 0.000020
134.500000 0.000000
134.600000 0.000040
134.700000 0.000140
134.800000 0.000300
134.900000 0.000519
135.000000 0.000799
135.100000 0.001138
135.200000 0.001537
135.300000 0.001995
135.400000 0.002514
135.500000 0.003092
135.600000 0.003730
135.700000 0.004428
135.800000 0.005185
135.900000 0.006003
136.000000 0.006880
136.100000 0.007817
136.200000 0.008814
136.300000 0.009870
136.400000 0.010986
136.500000 0.012162
136.600000 0.013398
136.700000 0.014694
136.800000 0.016049
136.900000 0.017464
137.000000 0.018939
137.100000 0.020474
137.200000 0.022068
137.300000 0.023723
137.400000 0.025437
137.500000 0.027211
137.600000 0.029044
137.700000 0.030938
137.800000 0.032891
137.900000 0.034904
138.000000 0.036976
138.100000 0.039109
138.200000 0.041301
138.300000 0.043553
138.400000 0.045865
138.500000 0.048237
138.600000 0.050668
138.700000 0.053159
138.800000 0.055710
138.900000 0.058321
139.000000 0.060992
139.100000 0.063722
139.200000 0.066512
139.300000 0.069362
139.400000 0.072272
139.500000 0.075241
139.600000 0.078270
139.700000 0.081359
139.800000 0.084508
139.900000 0.087717
140.000000 0.090985
140.100000 0.094313
140.200000 0.097701
140.300000 0.101149
140.400000 0.104656
140.500000 0.108224
140.600000 0.111851
140.700000 0.115537
140.800000 0.119284
140.900000 0.123090
141.000000 0.126957
141.100000 0.130882
141.200000 0.134868
141.300000 0.138914
141.400000 0.143019
141.500000 0.147184
141.600000 0.151409
141.700000 0.155693
141.800000 0.160038
141.900000 0.164442
142.000000 0.168906
142.100000 0.173430
142.200000 0.178013
142.300000 0.182657
142.400000 0.187360
142.500000 0.192122
142.600000 0.196945
142.700000 0.201828
142.800000 0.206770
142.900000 0.211772
143.000000 0.216833
143.100000 0.221955
143.200000 0.227136
143.300000 0.232377
143.400000 0.237678
143.500000 0.243039
143.600000 0.248459
143.700000 0.253940
143.800000 0.259480
143.900000 0.265079
144.000000 0.270739
144.100000 0.276458
144.200000 0.282238
144.300000 0.288076
144.400000 0.293975
144.500000 0.299934
144.600000 0.305952
144.700000 0.312030
144.800000 0.318168
144.900000 0.324365
145.000000 0.330623
145.100000 0.336940
145.200000 0.343317
145.300000 0.349753
145.400000 0.356250
145.500000 0.362806
145.600000 0.369422
145.700000 0.376098
145.800000 0.382834
145.900000 0.389629
146.000000 0.396484
146.100000 0.403399
146.200000 0.410374
146.300000 0.417409
146.400000 0.424503
146.500000 0.431657
146.600000 0.438871
146.700000 0.446144
146.800000 0.453478
146.900000 0.460871
147.000000 0.468324
147.100000 0.475837
147.200000 0.483409
147.300000 0.491042
147.400000 0.498734
147.500000 0.506486
147.600000 0.514297
147.700000 0.522169
147.800000 0.530100
147.900000 0.538091
148.000000 0.546142
148.100000 0.554252
148.200000 0.562423
148.300000 0.570653
148.400000 0.578943
148.500000 0.587293
148.600000 0.595702
148.700000 0.604171
148.800000 0.612700
148.900000 0.621289
149.000000 0.629938
149.100000 0.638646
149.200000 0.647414
149.300000 0.656242
149.400000 0.665130
149.500000 0.674077
149.600000 0.683085
149.700000 0.692152
149.800000 0.701279
149.900000 0.710465
150.000000 0.719712
150.100000 0.729018
150.200000 0.738384
150.300000 0.747809
150.400000 0.757295
150.500000 0.766840
150.600000 0.776445
150.700000 0.786110
150.800000 0.795835
150.900000 0.805619
151.000000 0.815464
151.100000 0.825368
151.200000 0.835331
151.300000 0.845355
151.400000 0.855438
151.500000 0.865581
151.600000 0.875784
151.700000 0.886047
151.800000 0.896369
151.900000 0.906752
152.000000 0.917194
152.100000 0.927695
152.200000 0.938257
152.300000 0.948878
152.400000 0.959559
152.500000 0.970300
152.600000 0.981101
152.700000 0.991961
152.800000 1.002882
152.900000 1.013816
153.000000 1.024750
153.100000 1.035683
153.200000 1.046615
153.300000 1.057546
153.400000 1.068475
153.500000 1.079402
153.600000 1.090327
153.700000 1.101249
153.800000 1.112169
153.900000 1.123085
154.000000 1.133997
154.100000 1.144906
154.200000 1.155811
154.300000 1.166712
154.400000 1.177608
154.500000 1.188499
154.600000 1.199385
154.700000 1.210266
154.800000 1.221141
154.900000 1.232010
155.000000 1.242873
155.100000 1.253729
155.200000 1.264579
155.300000 1.275422
155.400000 1.286257
155.500000 1.297086
155.600000 1.307906
155.700000 1.318719
155.800000 1.329523
155.900000 1.340319
156.000000 1.351107
156.100000 1.361885
156.200000 1.372655
156.300000 1.383415
156.400000 1.394166
156.500000 1.404907
156.600000 1.415638
156.700000 1.426359
156.800000 1.437069
156.900000 1.447769
157.000000 1.458459
157.100000 1.469137
157.200000 1.479804
157.300000 1.490460
157.400000 1.501104
157.500000 1.511736
157.600000 1.522357
157.700000 1.532965
157.800000 1.543562
157.900000 1.554145
158.000000 1.564716
158.100000 1.575274
158.200000 1.585820
158.300000 1.596352
158.400000 1.606870
158.500000 1.617375
158.600000 1.627867
158.700000 1.638344
158.800000 1.648808
158.900000 1.659257
159.000000 1.669692
159.100000 1.680113
159.200000 1.690519
159.300000 1.700910
159.400000 1.711286
159.500000 1.721647
159.600000 1.731993
159.700000 1.742324
159.800000 1.752639
159.900000 1.762938
160.000000 1.773222
160.100000 1.783490
160.200000 1.793742
160.300000 1.803977
160.400000 1.814196
160.500000 1.824399
160.600000 1.834586
160.700000 1.844755
160.800000 1.854908
160.900000 1.865044
161.000000 1.875163
161.100000 1.885264
161.200000 1.895349
161.300000 1.905416
161.400000 1.915466
161.500000 1.925498
161.600000 1.935512
161.700000 1.945508
161.800000 1.955487
161.900000 1.965447
162.000000 1.975390
162.100000 1.985314
162.200000 1.995220
162.300000 2.005108
162.400000 2.014977
162.500000 2.024827
162.600000 2.034659
162.700000 2.044472
162.800000 2.054266
162.900000 2.064041
163.000000 2.073798
163.100000 2.083535
163.200000 2.093253
163.300000 2.102951
163.400000 2.112631
163.500000 2.122290
163.600000 2.131931
163.700000 2.141552
163.800000 2.151153
163.900000 2.160734
164.000000 2.170296
164.100000 2.179837
164.200000 2.189359
164.300000 2.198861
164.400000 2.208343
164.500000 2.217804
164.600000 2.227246
164.700000 2.236667
164.800000 2.246068
164.900000 2.255449
165.000000 2.264809
165.100000 2.274148
165.200000 2.283467
165.300000 2.292766
165.400000 2.302044
165.500000 2.311301
165.600000 2.320537
165.700000 2.329753
165.800000 2.338948
165.900000 2.348122
166.000000 2.357275
166.100000 2.366407
166.200000 2.375518
166.300000 2.384608
166.400000 2.393676
166.500000 2.402724
166.600000 2.411751
166.700000 2.420756
166.800000 2.429740
166.900000 2.438703
167.000000 2.447644
167.100000 2.456564
167.200000 2.465463
167.300000 2.474340
167.400000 2.483196
167.500000 2.492030
167.600000 2.500843
167.700000 2.509634
167.800000 2.518404
167.900000 2.527152
168.000000 2.535878
168.100000 2.544583
168.200000 2.553266
168.300000 2.561927
168.400000 2.570567
168.500000 2.579185
168.600000 2.587781
168.700000 2.596356
168.800000 2.604908
168.900000 2.613439
169.000000 2.621948
169.100000 2.630435
169.200000 2.638901
169.300000 2.647344
169.400000 2.655766
169.500000 2.664166
169.600000 2.672543
169.700000 2.680899
169.800000 2.689233
169.900000 2.697545
170.000000 2.705835
170.100000 2.714103
170.200000 2.722349
170.300000 2.730573
170.400000 2.738776
170.500000 2.746956
170.600000 2.755114
170.700000 2.763250
170.800000 2.771365
170.900000 2.779457
171.000000 2.787527
171.100000 2.795575
171.200000 2.803602
171.300000 2.811606
171.400000 2.819588
171.500000 2.827549
171.600000 2.835487
171.700000 2.843403
171.800000 2.851298
171.900000 2.859170
172.000000 2.867020
172.100000 2.874849
172.200000 2.882655
172.300000 2.890440
172.400000 2.898203
172.500000 2.905943
172.600000 2.913662
172.700000 2.921359
172.800000 2.929034
172.900000 2.936687
173.000000 2.944318
173.100000 2.951927
173.200000 2.959515
173.300000 2.967080
173.400000 2.974624
173.500000 2.982146
173.600000 2.989646
173.700000 2.997124
173.800000 3.004580
173.900000 3.012015
174.000000 3.019428
174.100000 3.026819
174.200000 3.034189
174.300000 3.041537
174.400000 3.048863
174.500000 3.056167
174.600000 3.063450
174.700000 3.070711
174.800000 3.077951
174.900000 3.085169
175.000000 3.092365
175.100000 3.099540
175.200000 3.106693
175.300000 3.113825
175.400000 3.120935
175.500000 3.128024
175.600000 3.135091
175.700000 3.142137
175.800000 3.149162
175.900000 3.156165
176.000000 3.163147
176.100000 3.170108
176.200000 3.177047
176.300000 3.183965
176.400000 3.190862
176.500000 3.197737
176.600000 3.204591
176.700000 3.211425
176.800000 3.218237
176.900000 3.225027
177.000000 3.231797
177.100000 3.238546
177.200000 3.245274
177.300000 3.251980
177.400000 3.258666
177.500000 3.265331
177.600000 3.271975
177.700000 3.278598
177.800000 3.285200
177.900000 3.291782
178.000000 3.298342
178.100000 3.304882
178.200000 3.311401
178.300000 3.317899
178.400000 3.324377
178.500000 3.330834
178.600000 3.337271
178.700000 3.343687
178.800000 3.350082
178.900000 3.356457
179.000000 3.362811
179.100000 3.369145
179.200000 3.375459
179.300000 3.381752
179.400000 3.388025
179.500000 3.394277
179.600000 3.400510
179.700000 3.406722
179.800000 3.412914
179.900000 3.419086
180.000000 3.425237
