0.000000000000000000e+00 1.279890724158817875e+03
1.000000000000000056e-01 1.260300875567406592e+03
2.000000000000000111e-01 1.240862226965123909e+03
3.000000000000000444e-01 1.221574778351968689e+03
4.000000000000000222e-01 1.202438529727942068e+03
5.000000000000000000e-01 1.183453481093043365e+03
6.000000000000000888e-01 1.164619632447272807e+03
7.000000000000000666e-01 1.145936983790630620e+03
8.000000000000000444e-01 1.127405535123115669e+03
9.000000000000000222e-01 1.109025286444729772e+03
1.000000000000000000e+00 1.090796237755471566e+03
1.100000000000000089e+00 1.072718389055341731e+03
1.200000000000000178e+00 1.054791740344339814e+03
1.300000000000000044e+00 1.037016291622466042e+03
1.400000000000000133e+00 1.019392042889720415e+03
1.500000000000000000e+00 1.001918994146102818e+03
1.600000000000000089e+00 9.845971453916133669e+02
1.700000000000000178e+00 9.674264966262520602e+02
1.800000000000000044e+00 9.504070478500185573e+02
1.900000000000000133e+00 9.335387990629136539e+02
2.000000000000000000e+00 9.168217502649366679e+02
2.100000000000000089e+00 9.002559014560878268e+02
2.200000000000000178e+00 8.838412526363671304e+02
2.300000000000000266e+00 8.675778038057742378e+02
2.400000000000000355e+00 8.514655549643098311e+02
2.500000000000000000e+00 8.355045061119734555e+02
2.600000000000000089e+00 8.196946572487651110e+02
2.700000000000000178e+00 8.040360083746850250e+02
2.800000000000000266e+00 7.885285594897327428e+02
2.900000000000000355e+00 7.731723105939087191e+02
3.000000000000000000e+00 7.579672616872129538e+02
3.100000000000000089e+00 7.429134127696453334e+02
3.200000000000000178e+00 7.280107638412057440e+02
3.300000000000000266e+00 7.132593149018939584e+02
3.400000000000000355e+00 6.986590659517105451e+02
3.500000000000000000e+00 6.842100169906553901e+02
3.600000000000000089e+00 6.699121680187282664e+02
3.700000000000000178e+00 6.557655190359291737e+02
3.800000000000000266e+00 6.417700700422581122e+02
3.900000000000000355e+00 6.279258210377150817e+02
4.000000000000000000e+00 6.142327720223005372e+02
4.100000000000000533e+00 6.006909229960137964e+02
4.200000000000000178e+00 5.873002739588555414e+02
4.299999999999999822e+00 5.740608249108248629e+02
4.400000000000000355e+00 5.609725758519227838e+02
4.500000000000000000e+00 5.480355267821486223e+02
4.600000000000000533e+00 5.352496777015023781e+02
4.700000000000000178e+00 5.226150286099847335e+02
4.800000000000000711e+00 5.101315795075947790e+02
4.900000000000000355e+00 4.977993303943330829e+02
5.000000000000000000e+00 4.856182812701995317e+02
5.100000000000000533e+00 4.735884321351938979e+02
5.200000000000000178e+00 4.617097829893165795e+02
5.300000000000000711e+00 4.499823338325672921e+02
5.400000000000000355e+00 4.384060846649462064e+02
5.500000000000000000e+00 4.269810354864530950e+02
5.600000000000000533e+00 4.157071862970881284e+02
5.700000000000000178e+00 4.045845370968514203e+02
5.800000000000000711e+00 3.936130878857426865e+02
5.900000000000000355e+00 3.827928386637621543e+02
6.000000000000000000e+00 3.721237894309097101e+02
6.100000000000000533e+00 3.616059401871851833e+02
6.200000000000000178e+00 3.512392909325890287e+02
6.300000000000000711e+00 3.410238416671208483e+02
6.400000000000000355e+00 3.309595923907808697e+02
6.500000000000000000e+00 3.210465431035689789e+02
6.600000000000000533e+00 3.112846938054851762e+02
6.700000000000000178e+00 3.016740444965294614e+02
6.800000000000000711e+00 2.922145951767018346e+02
6.900000000000000355e+00 2.829063458460024094e+02
7.000000000000000000e+00 2.737492965044311859e+02
7.100000000000000533e+00 2.647434471519878798e+02
7.200000000000000178e+00 2.558887977886728606e+02
7.300000000000000711e+00 2.471853484144858157e+02
7.400000000000000355e+00 2.386330990294268872e+02
7.500000000000000000e+00 2.302320496334961319e+02
7.600000000000000533e+00 2.219822002266934362e+02
7.700000000000000178e+00 2.138835508090189137e+02
7.800000000000000711e+00 2.059361013804724223e+02
7.900000000000000355e+00 1.981398519410541610e+02
8.000000000000000000e+00 1.904948024907639592e+02
8.099999999999999645e+00 1.830009530296019022e+02
8.200000000000001066e+00 1.756583035575677911e+02
8.300000000000000711e+00 1.684668540746619385e+02
8.400000000000000355e+00 1.614266045808842307e+02
8.500000000000000000e+00 1.545375550762345824e+02
8.599999999999999645e+00 1.477997055607130790e+02
8.700000000000001066e+00 1.412130560343195782e+02
8.800000000000000711e+00 1.347776064970542791e+02
8.900000000000000355e+00 1.284933569489171248e+02
9.000000000000000000e+00 1.223603073899080584e+02
9.099999999999999645e+00 1.163784578200270943e+02
9.200000000000001066e+00 1.105478082392741612e+02
9.300000000000000711e+00 1.048683586476494298e+02
9.400000000000000355e+00 9.934010904515282903e+01
9.500000000000000000e+00 9.396305943178433040e+01
9.600000000000001421e+00 8.873720980754383447e+01
9.700000000000001066e+00 8.366256017243159704e+01
9.800000000000000711e+00 7.873911052644741915e+01
9.900000000000000355e+00 7.396686086959137185e+01
1.000000000000000000e+01 6.934581120186342673e+01
1.010000000000000142e+01 6.487596152326352694e+01
1.020000000000000107e+01 6.055731183379181459e+01
1.030000000000000071e+01 5.638986213344822573e+01
1.040000000000000036e+01 5.237361242223273905e+01
1.050000000000000000e+01 4.850856270014536875e+01
1.060000000000000142e+01 4.479471296718604378e+01
1.070000000000000107e+01 4.123206322335488494e+01
1.080000000000000071e+01 3.782061346865185669e+01
1.090000000000000036e+01 3.456036370307693062e+01
1.100000000000000000e+01 3.145131392663012093e+01
1.110000000000000142e+01 2.849346413931136368e+01
1.120000000000000107e+01 2.568681434112078321e+01
1.130000000000000071e+01 2.303136453205830492e+01
1.140000000000000036e+01 2.052711471212394301e+01
1.150000000000000000e+01 1.817406488131769748e+01
1.160000000000000142e+01 1.597221503963952216e+01
1.170000000000000107e+01 1.392156518708950053e+01
1.180000000000000071e+01 1.202211532366758817e+01
1.190000000000000036e+01 1.027386544937378865e+01
1.200000000000000000e+01 8.676815564208100184e+00
1.210000000000000142e+01 7.230965668170500571e+00
1.220000000000000107e+01 5.936315761261039547e+00
1.230000000000000071e+01 4.792865843479690469e+00
1.240000000000000036e+01 3.800615914826454222e+00
1.250000000000000000e+01 2.959565975301329033e+00
1.260000000000000142e+01 2.269716024904305129e+00
1.270000000000000107e+01 1.731066063635406049e+00
1.280000000000000071e+01 1.343616091494619358e+00
1.290000000000000036e+01 1.107366108481944389e+00
1.300000000000000000e+01 1.022316114597381365e+00
1.310000000000000142e+01 1.012866115276874313e+00
1.320000000000000107e+01 1.003416115956367261e+00
1.330000000000000071e+01 9.939661166358602085e-01
1.340000000000000036e+01 9.845161173153532674e-01
1.350000000000000000e+01 9.750661179948464374e-01
1.360000000000000142e+01 9.656161186743392744e-01
1.370000000000000107e+01 9.561661193538322223e-01
1.380000000000000071e+01 9.467161200333251703e-01
1.390000000000000036e+01 9.372661207128180072e-01
1.400000000000000000e+01 9.278161213923110662e-01
1.410000000000000142e+01 9.183661220718039031e-01
1.420000000000000107e+01 9.089161227512967400e-01
1.430000000000000071e+01 8.994661234307899100e-01
1.440000000000000036e+01 8.900161241102828580e-01
1.450000000000000000e+01 8.805661247897758059e-01
1.460000000000000142e+01 8.711161254692686429e-01
1.470000000000000107e+01 8.616661261487614798e-01
1.480000000000000071e+01 8.522161268282545388e-01
1.490000000000000036e+01 8.427661275077474867e-01
1.500000000000000000e+01 8.333161281872403237e-01
1.510000000000000142e+01 8.238661288667331606e-01
1.520000000000000107e+01 8.144161295462261085e-01
1.530000000000000071e+01 8.049661302257191675e-01
1.540000000000000036e+01 7.955161309052122265e-01
1.550000000000000000e+01 7.860661315847050634e-01
1.560000000000000142e+01 7.766161322641979003e-01
1.570000000000000107e+01 7.671661329436909593e-01
1.580000000000000071e+01 7.577161336231839073e-01
1.590000000000000036e+01 7.482661343026768552e-01
1.600000000000000000e+01 7.388161349821698032e-01
1.610000000000000142e+01 7.293661356616624181e-01
1.619999999999999929e+01 7.199161363411556991e-01
1.630000000000000071e+01 7.104661370206486470e-01
1.640000000000000213e+01 7.010161377001413729e-01
1.650000000000000000e+01 6.915661383796346540e-01
1.660000000000000142e+01 6.821161390591273799e-01
1.669999999999999929e+01 6.726661397386205499e-01
1.680000000000000071e+01 6.632161404181133868e-01
1.690000000000000213e+01 6.537661410976061127e-01
1.700000000000000000e+01 6.443161417770991717e-01
1.710000000000000142e+01 6.348661424565918976e-01
1.719999999999999929e+01 6.254161431360850676e-01
1.730000000000000071e+01 6.159661438155780155e-01
1.740000000000000213e+01 6.065161444950708525e-01
1.750000000000000000e+01 5.970661451745640225e-01
1.760000000000000142e+01 5.876161458540567484e-01
1.769999999999999929e+01 5.781661465335496963e-01
1.780000000000000071e+01 5.687161472130426443e-01
1.790000000000000213e+01 5.592661478925354812e-01
1.800000000000000000e+01 5.498196212057869792e-01
1.810000000000000142e+01 5.403730945190380330e-01
1.819999999999999929e+01 5.310042440338391678e-01
1.830000000000000071e+01 5.216353935486398585e-01
1.840000000000000213e+01 5.123047916683534098e-01
1.850000000000000000e+01 5.029741897880672941e-01
1.860000000000000142e+01 4.936475298501494802e-01
1.869999999999999929e+01 4.843208699122321104e-01
1.880000000000000071e+01 4.749685702777450280e-01
1.890000000000000213e+01 4.656162706432581677e-01
1.900000000000000000e+01 4.562131566977557506e-01
1.910000000000000142e+01 4.468100427522530005e-01
1.920000000000000284e+01 4.373350980688640033e-01
1.930000000000000071e+01 4.278601533854752281e-01
1.940000000000000213e+01 4.182962697748972003e-01
1.950000000000000000e+01 4.087323861643195055e-01
1.960000000000000142e+01 3.990661850671248234e-01
1.970000000000000284e+01 3.893999839699303078e-01
1.980000000000000071e+01 3.796216353348099704e-01
1.990000000000000213e+01 3.698432866996891888e-01
2.000000000000000000e+01 3.599463628630988898e-01
2.010000000000000142e+01 3.500494390265081468e-01
2.020000000000000284e+01 3.400323513655233443e-01
2.030000000000000071e+01 3.300152637045388193e-01
2.040000000000000213e+01 3.200735706282496484e-01
2.050000000000000000e+01 3.101318775519609217e-01
2.060000000000000142e+01 3.005662195758057043e-01
2.070000000000000284e+01 2.910005615996505424e-01
2.080000000000000071e+01 2.818984911911173175e-01
2.090000000000000213e+01 2.727964207825837595e-01
2.100000000000000000e+01 2.641280763397144682e-01
2.110000000000000142e+01 2.554597318968448993e-01
2.120000000000000284e+01 2.472005450692408846e-01
2.130000000000000071e+01 2.389413582416371196e-01
2.140000000000000213e+01 2.310717933552457470e-01
2.150000000000000000e+01 2.232022284688547076e-01
2.160000000000000142e+01 2.157075361207627662e-01
2.170000000000000284e+01 2.082128437726708525e-01
2.180000000000000071e+01 2.010828275292861622e-01
2.190000000000000213e+01 1.939528112859012499e-01
2.200000000000000000e+01 1.871816126305860251e-01
2.210000000000000142e+01 1.804104139752706060e-01
2.220000000000000284e+01 1.739963104929849458e-01
2.230000000000000071e+01 1.675822070106995354e-01
2.240000000000000213e+01 1.615274218357001801e-01
2.250000000000000000e+01 1.554726366607010746e-01
2.260000000000000142e+01 1.497831595703180141e-01
2.270000000000000284e+01 1.440936824799349814e-01
2.280000000000000071e+01 1.387791007179284553e-01
2.290000000000000213e+01 1.334645189559218181e-01
2.300000000000000000e+01 1.285326700084944151e-01
2.310000000000000142e+01 1.236008210610668179e-01
2.320000000000000284e+01 1.189529419942455118e-01
2.330000000000000071e+01 1.143050629274243585e-01
2.340000000000000213e+01 1.099234770669913486e-01
2.350000000000000000e+01 1.055418912065584913e-01
2.360000000000000142e+01 1.014101239055781867e-01
2.370000000000000284e+01 9.727835660459790978e-02
2.380000000000000071e+01 9.338106887636916931e-02
2.390000000000000213e+01 8.948378114814030393e-02
2.400000000000000000e+01 8.580670413413342412e-02
2.410000000000000142e+01 8.212962712012640554e-02
2.420000000000000284e+01 7.865947670705458750e-02
2.430000000000000071e+01 7.518932629398288048e-02
2.440000000000000213e+01 7.191376379860695001e-02
2.450000000000000000e+01 6.863820130323114443e-02
2.460000000000000142e+01 6.554575936322581953e-02
2.470000000000000284e+01 6.245331742322049462e-02
2.480000000000000071e+01 5.953335355985874683e-02
2.490000000000000213e+01 5.661338969649688108e-02
2.500000000000000000e+01 5.385602263764104058e-02
2.510000000000000142e+01 5.109865557878508907e-02
2.520000000000000284e+01 4.849234879497492379e-02
2.530000000000000071e+01 4.588604201116485565e-02
2.540000000000000213e+01 4.342160830115587844e-02
2.550000000000000000e+01 4.095717459114699838e-02
2.560000000000000142e+01 3.862601303794634816e-02
2.570000000000000284e+01 3.629485148474571182e-02
2.580000000000000071e+01 3.408892099718311558e-02
2.590000000000000213e+01 3.188299050962045689e-02
2.600000000000000000e+01 2.979477024677302383e-02
2.610000000000000142e+01 2.770654998392550403e-02
2.620000000000000284e+01 2.572900188134418648e-02
2.630000000000000071e+01 2.375145377876294525e-02
2.640000000000000213e+01 2.187798878138962066e-02
2.650000000000000000e+01 2.000452378401636547e-02
2.660000000000000142e+01 1.822897627527398853e-02
2.670000000000000284e+01 1.645342876653161507e-02
2.680000000000000071e+01 1.477002760561031344e-02
2.690000000000000213e+01 1.308662644468895978e-02
2.700000000000000000e+01 1.148996650794321950e-02
2.710000000000000142e+01 9.893306571197423710e-03
2.720000000000000284e+01 8.378325923475890211e-03
2.730000000000000071e+01 6.863345275754409620e-03
2.740000000000000213e+01 5.423645814928471434e-03
2.750000000000000000e+01 3.983946354102586157e-03
2.760000000000000142e+01 2.615892445328886484e-03
2.770000000000000284e+01 1.247838536555186595e-03
2.780000000000000071e+01 -5.201329124646003241e-05
2.790000000000000213e+01 -1.351865119048150298e-03
2.800000000000000000e+01 -2.586775712999154868e-03
2.810000000000000142e+01 -3.821686306950204323e-03
2.820000000000000284e+01 -5.003636863750499618e-03
2.830000000000000071e+01 -6.185587420550752412e-03
2.840000000000000213e+01 -7.317957844925196582e-03
2.850000000000000000e+01 -8.450328269299596518e-03
2.860000000000000142e+01 -9.534292174243834406e-03
2.870000000000000284e+01 -1.061825607918807229e-02
2.880000000000000071e+01 -1.165600384951554630e-02
2.890000000000000213e+01 -1.269375161984305327e-02
2.900000000000000000e+01 -1.368461911095488620e-02
2.910000000000000142e+01 -1.467548660206675383e-02
2.920000000000000284e+01 -1.561464915606433114e-02
2.930000000000000071e+01 -1.655381171006187549e-02
2.940000000000000213e+01 -1.743064242680045575e-02
2.950000000000000000e+01 -1.830747314353900132e-02
2.960000000000000142e+01 -1.911961633163961755e-02
2.970000000000000284e+01 -1.993175951974023030e-02
2.980000000000000071e+01 -2.067325624478492940e-02
2.990000000000000213e+01 -2.141475296982965279e-02
3.000000000000000000e+01 -2.210665635751847893e-02
3.010000000000000142e+01 -2.279855974520732589e-02
3.020000000000000284e+01 -2.344695582219579952e-02
3.030000000000000071e+01 -2.409535189918424886e-02
3.040000000000000213e+01 -2.470069568448825942e-02
3.050000000000000000e+01 -2.530603946979224916e-02
3.060000000000000142e+01 -2.581176053800867884e-02
3.070000000000000284e+01 -2.631748160622511545e-02
3.080000000000000071e+01 -2.668319328865389334e-02
3.090000000000000213e+01 -2.704890497108268510e-02
3.100000000000000000e+01 -2.725496908310495736e-02
3.110000000000000142e+01 -2.746103319512724350e-02
3.120000000000000284e+01 -2.748619422772853593e-02
3.130000000000000071e+01 -2.751135526032983183e-02
3.140000000000000213e+01 -2.734445314044129521e-02
3.150000000000000000e+01 -2.717755102055276553e-02
3.160000000000000142e+01 -2.681622728743022349e-02
3.170000000000000284e+01 -2.645490355430768145e-02
3.180000000000000071e+01 -2.590451213944085923e-02
3.190000000000000213e+01 -2.535412072457400232e-02
3.200000000000000000e+01 -2.462682435958699415e-02
3.210000000000000142e+01 -2.389952799459995475e-02
3.220000000000000284e+01 -2.301352484446023833e-02
3.230000000000000426e+01 -2.212752169432051150e-02
3.239999999999999858e+01 -2.110392380603996754e-02
3.250000000000000000e+01 -2.008032591775935419e-02
3.260000000000000142e+01 -1.894700960057322039e-02
3.270000000000000284e+01 -1.781369328338707966e-02
3.280000000000000426e+01 -1.660261607383521978e-02
3.289999999999999858e+01 -1.539153886428344491e-02
3.300000000000000000e+01 -1.413785740915611544e-02
3.310000000000000142e+01 -1.288417595402878771e-02
3.320000000000000284e+01 -1.161256836226087774e-02
3.330000000000000426e+01 -1.034096077049297124e-02
3.339999999999999858e+01 -9.080399434334271089e-03
3.350000000000000000e+01 -7.819838098175480728e-03
3.360000000000000142e+01 -6.599262551040609680e-03
3.370000000000000284e+01 -5.378687003905738631e-03
3.380000000000000426e+01 -4.222514482940814204e-03
3.389999999999999858e+01 -3.066341961975970008e-03
3.400000000000000000e+01 -1.997139539281957837e-03
3.410000000000000142e+01 -9.279371165879516303e-04
3.420000000000000284e+01 3.112603644695840686e-05
3.430000000000000426e+01 9.901891894818588488e-04
3.439999999999999858e+01 1.810363190754379903e-03
3.450000000000000000e+01 2.630537192026959070e-03
3.460000000000000142e+01 3.292288479273307658e-03
3.470000000000000284e+01 3.954039766519655379e-03
3.480000000000000426e+01 4.437285191148862377e-03
3.489999999999999858e+01 4.920530615778034682e-03
3.500000000000000000e+01 5.247402154329615896e-03
3.510000000000000142e+01 5.574273692881186702e-03
3.520000000000000284e+01 5.779067571896341626e-03
3.530000000000000426e+01 5.983861450911492214e-03
3.539999999999999858e+01 6.122624115559864751e-03
3.550000000000000000e+01 6.261386780208247696e-03
3.560000000000000142e+01 6.338923883772017154e-03
3.570000000000000284e+01 6.416460987335787479e-03
3.580000000000000426e+01 6.437853361582254047e-03
3.589999999999999858e+01 6.459245735828719748e-03
3.600000000000000000e+01 6.441116108839493176e-03
3.610000000000000142e+01 6.422986481850263135e-03
3.620000000000000284e+01 6.372522246772324185e-03
3.630000000000000426e+01 6.322058011694383500e-03
3.639999999999999858e+01 6.245808550209732204e-03
3.650000000000000000e+01 6.169559088725075705e-03
3.660000000000000142e+01 6.073358291117038517e-03
3.670000000000000284e+01 5.977157493509002197e-03
3.680000000000000426e+01 5.866048264095896636e-03
3.689999999999999858e+01 5.754939034682798882e-03
3.700000000000000000e+01 5.633153262713440530e-03
3.710000000000000142e+01 5.511367490744083046e-03
3.720000000000000284e+01 5.382331691323400183e-03
3.730000000000000426e+01 5.253295891902716452e-03
3.739999999999999858e+01 5.119734491351303311e-03
3.750000000000000000e+01 4.986173090799878894e-03
3.760000000000000142e+01 4.850699663476788250e-03
3.770000000000000284e+01 4.715226236153698472e-03
3.780000000000000426e+01 4.580283894659703189e-03
3.789999999999999858e+01 4.445341553165716580e-03
3.800000000000000000e+01 4.312914498822391536e-03
3.810000000000000142e+01 4.180487444479067359e-03
3.820000000000000284e+01 4.052117376926397257e-03
3.830000000000000426e+01 3.923747309373728891e-03
3.840000000000000568e+01 3.800538561337097037e-03
3.850000000000000000e+01 3.677329813300474724e-03
3.860000000000000142e+01 3.559963285456777329e-03
3.870000000000000284e+01 3.442596757613079067e-03
3.880000000000000426e+01 3.331374389449836323e-03
3.890000000000000568e+01 3.220152021286594446e-03
3.900000000000000000e+01 3.115093805474979452e-03
3.910000000000000142e+01 3.010035589663356218e-03
3.920000000000000284e+01 2.910998250703658065e-03
3.930000000000000426e+01 2.811960911743959478e-03
3.940000000000000568e+01 2.718605287919645397e-03
3.950000000000000000e+01 2.625249664095337387e-03
3.960000000000000142e+01 2.537177856094060061e-03
3.970000000000000284e+01 2.449106048092782300e-03
3.980000000000000426e+01 2.365950169520729830e-03
3.990000000000000568e+01 2.282794290948678226e-03
4.000000000000000000e+01 2.204277631011196999e-03
4.010000000000000142e+01 2.125760971073710568e-03
4.020000000000000284e+01 2.051582312410246255e-03
4.030000000000000426e+01 1.977403653746782810e-03
4.040000000000000568e+01 1.907240918722583837e-03
4.050000000000000000e+01 1.837078183698390718e-03
4.060000000000000142e+01 1.770669965909413756e-03
4.070000000000000284e+01 1.704261748120436577e-03
4.080000000000000426e+01 1.641451812974639582e-03
4.090000000000000568e+01 1.578641877828842154e-03
4.100000000000000000e+01 1.519293060729582073e-03
4.110000000000000142e+01 1.459944243630318089e-03
4.120000000000000284e+01 1.403924916967416682e-03
4.130000000000000426e+01 1.347905590304515275e-03
4.140000000000000568e+01 1.295088745078991571e-03
4.150000000000000000e+01 1.242271899853471771e-03
4.160000000000000142e+01 1.192534546851116558e-03
4.170000000000000284e+01 1.142797193848761779e-03
4.180000000000000426e+01 1.096018679984096626e-03
4.190000000000000568e+01 1.049240166119431474e-03
4.200000000000000000e+01 1.005304915450805706e-03
4.210000000000000142e+01 9.613696647821766850e-04
4.220000000000000284e+01 9.201640357007815317e-04
4.230000000000000426e+01 8.789584066193865952e-04
4.240000000000000568e+01 8.403718263334002733e-04
4.250000000000000000e+01 8.017852460474167702e-04
4.260000000000000142e+01 7.657108174072435212e-04
4.270000000000000284e+01 7.296363887670701638e-04
4.280000000000000426e+01 6.959676674815366490e-04
4.290000000000000568e+01 6.622989461960031342e-04
4.300000000000000000e+01 6.309355175760298891e-04
4.310000000000000142e+01 5.995720889560545840e-04
4.320000000000000284e+01 5.704110237971886637e-04
4.330000000000000426e+01 5.412499586383225265e-04
4.340000000000000568e+01 5.141970662248262786e-04
4.350000000000000000e+01 4.871441738113319281e-04
4.360000000000000142e+01 4.621003905180477061e-04
4.370000000000000284e+01 4.370566072247634840e-04
4.380000000000000426e+01 4.139325699915320485e-04
4.390000000000000568e+01 3.908085327583006672e-04
4.400000000000000000e+01 3.695099326391258288e-04
4.410000000000000142e+01 3.482113325199494183e-04
4.420000000000000284e+01 3.286514953282510801e-04
4.430000000000000426e+01 3.090916581365527418e-04
4.440000000000000568e+01 2.911811642240841498e-04
4.450000000000000000e+01 2.732706703116166962e-04
4.460000000000000142e+01 2.569246546758497817e-04
4.470000000000000284e+01 2.405786390400828400e-04
4.480000000000000426e+01 2.257129551305953389e-04
4.490000000000000568e+01 2.108472712211077835e-04
4.500000000000000000e+01 1.973794717160685182e-04
4.510000000000000142e+01 1.839116722110283584e-04
4.520000000000000284e+01 1.717616944055862390e-04
4.530000000000000426e+01 1.596117166001440925e-04
4.540000000000000568e+01 1.487007124435171411e-04
4.550000000000000000e+01 1.377897082868909757e-04
4.560000000000000142e+01 1.280397799611019826e-04
4.570000000000000284e+01 1.182898516353129487e-04
4.580000000000000426e+01 1.096257147153402233e-04
4.590000000000000568e+01 1.009615777953675115e-04
4.600000000000000000e+01 9.330758905258888498e-05
4.610000000000000142e+01 8.565360030980968928e-05
4.620000000000000284e+01 7.893792349231811879e-05
4.630000000000000426e+01 7.222224667482652120e-05
4.640000000000000568e+01 6.637367838987386754e-05
4.650000000000000000e+01 6.052511010492162723e-05
4.660000000000000142e+01 5.547031378228181044e-05
4.670000000000000284e+01 5.041551745964198688e-05
4.680000000000000426e+01 4.608543811571481913e-05
4.690000000000000568e+01 4.175535877178765816e-05
4.700000000000000000e+01 3.807662763763667994e-05
4.710000000000000142e+01 3.439789650348543744e-05
4.720000000000000284e+01 3.130121334327367472e-05
4.730000000000000426e+01 2.820453018306191538e-05
4.740000000000000568e+01 2.562006129549411712e-05
4.750000000000000000e+01 2.303559240792649166e-05
4.760000000000000142e+01 2.093630380123299113e-05
4.770000000000000284e+01 1.883701519453948722e-05
4.780000000000000426e+01 1.715334951885885922e-05
4.790000000000000568e+01 1.546968384317823122e-05
4.800000000000000000e+01 1.414053012305378032e-05
4.810000000000000142e+01 1.281137640292922946e-05
4.820000000000000284e+01 1.177587644313315483e-05
4.830000000000000426e+01 1.074037648333708188e-05
4.840000000000000568e+01 9.937908213824204779e-06
4.850000000000000000e+01 9.135439944311381883e-06
4.860000000000000142e+01 8.505601862530851338e-06
4.870000000000000284e+01 7.875763780750317405e-06
4.880000000000000426e+01 7.358360419014088937e-06
4.890000000000000568e+01 6.840957057277863010e-06
4.900000000000000000e+01 6.375985407647356499e-06
4.910000000000000142e+01 5.911013758016815260e-06
4.920000000000000284e+01 5.438650591619091443e-06
4.930000000000000426e+01 4.966287425221366780e-06
4.940000000000000568e+01 4.426877447063662099e-06
4.950000000000000000e+01 3.887467468905996382e-06
4.960000000000000142e+01 3.221512253139119093e-06
4.970000000000000284e+01 2.555557037372242651e-06
4.980000000000000426e+01 1.703704691581474843e-06
4.990000000000000568e+01 8.518523457907073517e-07
5.000000000000000000e+01 0.000000000000000000e+00
