0.000000 95.457779
0.100000 95.351745
0.200000 95.245769
0.300000 95.139852
0.400000 95.033994
0.500000 94.928195
0.600000 94.822455
0.700000 94.716774
0.800000 94.611151
0.900000 94.505588
1.000000 94.400084
1.100000 94.294638
1.200000 94.189251
1.300000 94.083924
1.400000 93.978655
1.500000 93.873445
1.600000 93.768294
1.700000 93.663203
1.800000 93.558170
1.900000 93.453195
2.000000 93.348280
2.100000 93.243424
2.200000 93.138627
2.300000 93.033888
2.400000 92.929209
2.500000 92.824588
2.600000 92.720027
2.700000 92.615524
2.800000 92.511080
2.900000 92.406695
3.000000 92.302369
3.100000 92.198102
3.200000 92.093894
3.300000 91.989745
3.400000 91.885655
3.500000 91.781624
3.600000 91.677651
3.700000 91.573738
3.800000 91.469883
3.900000 91.366088
4.000000 91.262351
4.100000 91.158673
4.200000 91.055054
4.300000 90.951494
4.400000 90.847994
4.500000 90.744551
4.600000 90.641168
4.700000 90.537844
4.800000 90.434579
4.900000 90.331372
5.000000 90.228225
5.100000 90.125137
5.200000 90.022107
5.300000 89.919136
5.400000 89.816225
5.500000 89.713372
5.600000 89.610578
5.700000 89.507843
5.800000 89.405167
5.900000 89.302550
6.000000 89.199992
6.100000 89.097492
6.200000 88.995052
6.300000 88.892671
6.400000 88.790348
6.500000 88.688084
6.600000 88.585880
6.700000 88.483734
6.800000 88.381647
6.900000 88.279619
7.000000 88.177651
7.100000 88.075741
7.200000 87.973889
7.300000 87.872097
7.400000 87.770364
7.500000 87.668690
7.600000 87.567074
7.700000 87.465518
7.800000 87.364020
7.900000 87.262582
8.000000 87.161202
8.100000 87.059881
8.200000 86.958619
8.300000 86.857416
8.400000 86.756272
8.500000 86.655187
8.600000 86.554161
8.700000 86.453194
8.800000 86.352286
8.900000 86.251436
9.000000 86.150646
9.100000 86.049914
9.200000 85.949242
9.300000 85.848628
9.400000 85.748073
9.500000 85.647577
9.600000 85.547141
9.700000 85.446763
9.800000 85.346444
9.900000 85.246183
10.000000 85.145982
10.100000 85.045840
10.200000 84.945757
10.300000 84.845732
10.400000 84.745767
10.500000 84.645860
10.600000 84.546012
10.700000 84.446224
10.800000 84.346494
10.900000 84.246823
11.000000 84.147211
11.100000 84.047658
11.200000 83.948164
11.300000 83.848729
11.400000 83.749352
11.500000 83.650035
11.600000 83.550777
11.700000 83.451577
11.800000 83.352437
11.900000 83.253355
12.000000 83.154332
12.100000 83.055368
12.200000 82.956464
12.300000 82.857618
12.400000 82.758831
12.500000 82.660102
12.600000 82.561433
12.700000 82.462823
12.800000 82.364272
12.900000 82.265779
13.000000 82.167346
13.100000 82.068971
13.200000 81.970656
13.300000 81.872399
13.400000 81.774201
13.500000 81.676062
13.600000 81.577983
13.700000 81.479962
13.800000 81.381999
13.900000 81.284096
14.000000 81.186252
14.100000 81.088467
14.200000 80.990740
14.300000 80.893073
14.400000 80.795464
14.500000 80.697915
14.600000 80.600424
14.700000 80.502992
14.800000 80.405620
14.900000 80.308306
15.000000 80.211051
15.100000 80.113855
15.200000 80.016717
15.300000 79.919639
15.400000 79.822620
15.500000 79.725660
15.600000 79.628758
15.700000 79.531916
15.800000 79.435132
15.900000 79.338407
16.000000 79.241742
16.100000 79.145135
16.200000 79.048587
16.300000 78.952098
16.400000 78.855668
16.500000 78.759297
16.600000 78.662985
16.700000 78.566732
16.800000 78.470537
16.900000 78.374402
17.000000 78.278325
17.100000 78.182308
17.200000 78.086349
17.300000 77.990449
17.400000 77.894609
17.500000 77.798827
17.600000 77.703104
17.700000 77.607440
17.800000 77.511835
17.900000 77.416288
18.000000 77.320801
18.100000 77.225373
18.200000 77.130004
18.300000 77.034693
18.400000 76.939442
18.500000 76.844249
18.600000 76.749115
18.700000 76.654040
18.800000 76.559025
18.900000 76.464068
19.000000 76.369170
19.100000 76.274331
19.200000 76.179550
19.300000 76.084829
19.400000 75.990167
19.500000 75.895564
19.600000 75.801019
19.700000 75.706534
19.800000 75.612107
19.900000 75.517739
20.000000 75.423431
20.100000 75.329181
20.200000 75.234990
20.300000 75.140858
20.400000 75.046785
20.500000 74.952771
20.600000 74.858815
20.700000 74.764919
20.800000 74.671082
20.900000 74.577303
21.000000 74.483584
21.100000 74.389923
21.200000 74.296322
21.300000 74.202779
21.400000 74.109295
21.500000 74.015870
21.600000 73.922504
21.700000 73.829197
21.800000 73.735949
21.900000 73.642760
22.000000 73.549630
22.100000 73.456558
22.200000 73.363546
22.300000 73.270592
22.400000 73.177698
22.500000 73.084862
22.600000 72.992086
22.700000 72.899368
22.800000 72.806709
22.900000 72.714109
23.000000 72.621568
23.100000 72.529086
23.200000 72.436663
23.300000 72.344298
23.400000 72.251993
23.500000 72.159747
23.600000 72.067559
23.700000 71.975431
23.800000 71.883361
23.900000 71.791350
24.000000 71.699399
24.100000 71.607506
24.200000 71.515672
24.300000 71.423897
24.400000 71.332181
24.500000 71.240524
24.600000 71.148925
24.700000 71.057386
24.800000 70.965906
24.900000 70.874484
25.000000 70.783122
25.100000 70.691818
25.200000 70.600574
25.300000 70.509388
25.400000 70.418261
25.500000 70.327193
25.600000 70.236184
25.700000 70.145234
25.800000 70.054343
25.900000 69.963511
26.000000 69.872737
26.100000 69.782023
26.200000 69.691368
26.300000 69.600771
26.400000 69.510234
26.500000 69.419755
26.600000 69.329335
26.700000 69.238974
26.800000 69.148673
26.900000 69.058430
27.000000 68.968246
27.100000 68.878120
27.200000 68.788054
27.300000 68.698047
27.400000 68.608099
27.500000 68.518209
27.600000 68.428379
27.700000 68.338607
27.800000 68.248895
27.900000 68.159241
28.000000 68.069646
28.100000 67.980110
28.200000 67.890633
28.300000 67.801215
28.400000 67.711856
28.500000 67.622556
28.600000 67.533315
28.700000 67.444132
28.800000 67.355009
28.900000 67.265945
29.000000 67.176939
29.100000 67.087992
29.200000 66.999105
29.300000 66.910276
29.400000 66.821506
29.500000 66.732795
29.600000 66.644143
29.700000 66.555550
29.800000 66.467016
29.900000 66.378541
30.000000 66.290125
30.100000 66.201767
30.200000 66.113469
30.300000 66.025229
30.400000 65.937049
30.500000 65.848927
30.600000 65.760864
30.700000 65.672860
30.800000 65.584915
30.900000 65.497029
31.000000 65.409202
31.100000 65.321434
31.200000 65.233725
31.300000 65.146075
31.400000 65.058483
31.500000 64.970951
31.600000 64.883478
31.700000 64.796063
31.800000 64.708707
31.900000 64.621411
32.000000 64.534173
32.100000 64.446994
32.200000 64.359874
32.300000 64.272813
32.400000 64.185811
32.500000 64.098868
32.600000 64.011983
32.700000 63.925158
32.800000 63.838392
32.900000 63.751684
33.000000 63.665036
33.100000 63.578446
33.200000 63.491915
33.300000 63.405443
33.400000 63.319031
33.500000 63.232677
33.600000 63.146382
33.700000 63.060146
33.800000 62.973968
33.900000 62.887850
34.000000 62.801791
34.100000 62.715790
34.200000 62.629849
34.300000 62.543966
34.400000 62.458143
34.500000 62.372378
34.600000 62.286672
34.700000 62.201026
34.800000 62.115438
34.900000 62.029909
35.000000 61.944439
35.100000 61.859027
35.200000 61.773675
35.300000 61.688382
35.400000 61.603148
35.500000 61.517972
35.600000 61.432856
35.700000 61.347798
35.800000 61.262799
35.900000 61.177860
36.000000 61.092979
36.100000 61.008157
36.200000 60.923394
36.300000 60.838690
36.400000 60.754045
36.500000 60.669459
36.600000 60.584931
36.700000 60.500463
36.800000 60.416053
36.900000 60.331703
37.000000 60.247411
37.100000 60.163179
37.200000 60.079005
37.300000 59.994890
37.400000 59.910834
37.500000 59.826837
37.600000 59.742899
37.700000 59.659020
37.800000 59.575200
37.900000 59.491439
38.000000 59.407736
38.100000 59.324093
38.200000 59.240509
38.300000 59.156983
38.400000 59.073516
38.500000 58.990109
38.600000 58.906760
38.700000 58.823470
38.800000 58.740239
38.900000 58.657067
39.000000 58.573954
39.100000 58.490900
39.200000 58.407905
39.300000 58.324968
39.400000 58.242091
39.500000 58.159272
39.600000 58.076513
39.700000 57.993812
39.800000 57.911171
39.900000 57.828588
40.000000 57.746064
40.100000 57.663599
40.200000 57.581193
40.300000 57.498846
40.400000 57.416558
40.500000 57.334329
40.600000 57.252158
40.700000 57.170047
40.800000 57.087995
40.900000 57.006001
41.000000 56.924066
41.100000 56.842191
41.200000 56.760374
41.300000 56.678616
41.400000 56.596917
41.500000 56.515277
41.600000 56.433696
41.700000 56.352174
41.800000 56.270711
41.900000 56.189307
42.000000 56.107961
42.100000 56.026675
42.200000 55.945447
42.300000 55.864279
42.400000 55.783169
42.500000 55.702119
42.600000 55.621127
42.700000 55.540194
42.800000 55.459320
42.900000 55.378505
43.000000 55.297749
43.100000 55.217052
43.200000 55.136413
43.300000 55.055834
43.400000 54.975314
43.500000 54.894852
43.600000 54.814450
43.700000 54.734106
43.800000 54.653821
43.900000 54.573595
44.000000 54.493429
44.100000 54.413321
44.200000 54.333272
44.300000 54.253282
44.400000 54.173350
44.500000 54.093478
44.600000 54.013665
44.700000 53.933910
44.800000 53.854215
44.900000 53.774578
45.000000 53.695001
45.100000 53.615482
45.200000 53.536022
45.300000 53.456622
45.400000 53.377280
45.500000 53.297997
45.600000 53.218773
45.700000 53.139607
45.800000 53.060501
45.900000 52.981454
46.000000 52.902466
46.100000 52.823536
46.200000 52.744666
46.300000 52.665854
46.400000 52.587101
46.500000 52.508408
46.600000 52.429773
46.700000 52.351197
46.800000 52.272680
46.900000 52.194222
47.000000 52.115823
47.100000 52.037483
47.200000 51.959201
47.300000 51.880979
47.400000 51.802816
47.500000 51.724711
47.600000 51.646665
47.700000 51.568679
47.800000 51.490751
47.900000 51.412882
48.000000 51.335072
48.100000 51.257321
48.200000 51.179629
48.300000 51.101996
48.400000 51.024422
48.500000 50.946907
48.600000 50.869451
48.700000 50.792053
48.800000 50.714715
48.900000 50.637435
49.000000 50.560215
49.100000 50.483053
49.200000 50.405950
49.300000 50.328906
49.400000 50.251921
49.500000 50.174995
49.600000 50.098128
49.700000 50.021320
49.800000 49.944571
49.900000 49.867880
50.000000 49.791249
50.100000 49.714677
50.200000 49.638163
50.300000 49.561708
50.400000 49.485313
50.500000 49.408976
50.600000 49.332698
50.700000 49.256479
50.800000 49.180319
50.900000 49.104218
51.000000 49.028176
51.100000 48.952193
51.200000 48.876269
51.300000 48.800403
51.400000 48.724597
51.500000 48.648849
51.600000 48.573161
51.700000 48.497531
51.800000 48.421960
51.900000 48.346448
52.000000 48.270996
52.100000 48.195602
52.200000 48.120267
52.300000 48.044990
52.400000 47.969773
52.500000 47.894615
52.600000 47.819516
52.700000 47.744475
52.800000 47.669494
52.900000 47.594571
53.000000 47.519707
53.100000 47.444903
53.200000 47.370157
53.300000 47.295470
53.400000 47.220842
53.500000 47.146273
53.600000 47.071763
53.700000 46.997312
53.800000 46.922920
53.900000 46.848586
54.000000 46.774312
54.100000 46.700096
54.200000 46.625940
54.300000 46.551842
54.400000 46.477804
54.500000 46.403824
54.600000 46.329903
54.700000 46.256041
54.800000 46.182238
54.900000 46.108494
55.000000 46.034809
55.100000 45.961182
55.200000 45.887615
55.300000 45.814107
55.400000 45.740657
55.500000 45.667267
55.600000 45.593935
55.700000 45.520662
55.800000 45.447449
55.900000 45.374294
56.000000 45.301198
56.100000 45.228161
56.200000 45.155183
56.300000 45.082264
56.400000 45.009404
56.500000 44.936602
56.600000 44.863860
56.700000 44.791176
56.800000 44.718552
56.900000 44.645986
57.000000 44.573480
57.100000 44.501032
57.200000 44.428643
57.300000 44.356313
57.400000 44.284042
57.500000 44.211830
57.600000 44.139677
57.700000 44.067583
57.800000 43.995548
57.900000 43.923571
58.000000 43.851654
58.100000 43.779795
58.200000 43.707996
58.300000 43.636255
58.400000 43.564573
58.500000 43.492951
58.600000 43.421387
58.700000 43.349882
58.800000 43.278436
58.900000 43.207049
59.000000 43.135721
59.100000 43.064451
59.200000 42.993241
59.300000 42.922090
59.400000 42.850997
59.500000 42.779964
59.600000 42.708989
59.700000 42.638073
59.800000 42.567216
59.900000 42.496419
60.000000 42.425680
60.100000 42.355000
60.200000 42.284379
60.300000 42.213816
60.400000 42.143313
60.500000 42.072869
60.600000 42.002484
60.700000 41.932157
60.800000 41.861890
60.900000 41.791681
61.000000 41.721531
61.100000 41.651441
61.200000 41.581409
61.300000 41.511436
61.400000 41.441522
61.500000 41.371667
61.600000 41.301871
61.700000 41.232133
61.800000 41.162455
61.900000 41.092836
62.000000 41.023275
62.100000 40.953774
62.200000 40.884331
62.300000 40.814948
62.400000 40.745623
62.500000 40.676357
62.600000 40.607150
62.700000 40.538002
62.800000 40.468913
62.900000 40.399883
63.000000 40.330912
63.100000 40.261999
63.200000 40.193146
63.300000 40.124352
63.400000 40.055616
63.500000 39.986940
63.600000 39.918322
63.700000 39.849763
63.800000 39.781264
63.900000 39.712823
64.000000 39.644441
64.100000 39.576118
64.200000 39.507854
64.300000 39.439648
64.400000 39.371502
64.500000 39.303415
64.600000 39.235386
64.700000 39.167417
64.800000 39.099506
64.900000 39.031655
65.000000 38.963862
65.100000 38.896128
65.200000 38.828453
65.300000 38.760838
65.400000 38.693281
65.500000 38.625782
65.600000 38.558343
65.700000 38.490963
65.800000 38.423642
65.900000 38.356379
66.000000 38.289176
66.100000 38.222031
66.200000 38.154946
66.300000 38.087919
66.400000 38.020951
66.500000 37.954043
66.600000 37.887193
66.700000 37.820402
66.800000 37.753670
66.900000 37.686996
67.000000 37.620382
67.100000 37.553827
67.200000 37.487331
67.300000 37.420893
67.400000 37.354515
67.500000 37.288195
67.600000 37.221934
67.700000 37.155733
67.800000 37.089590
67.900000 37.023506
68.000000 36.957481
68.100000 36.891515
68.200000 36.825608
68.300000 36.759760
68.400000 36.693970
68.500000 36.628240
68.600000 36.562569
68.700000 36.496956
68.800000 36.431403
68.900000 36.365908
69.000000 36.300472
69.100000 36.235095
69.200000 36.169778
69.300000 36.104519
69.400000 36.039319
69.500000 35.974177
69.600000 35.909095
69.700000 35.844072
69.800000 35.779108
69.900000 35.714202
70.000000 35.649356
70.100000 35.584568
70.200000 35.519840
70.300000 35.455170
70.400000 35.390559
70.500000 35.326007
70.600000 35.261514
70.700000 35.197080
70.800000 35.132705
70.900000 35.068389
71.000000 35.004132
71.100000 34.939934
71.200000 34.875794
71.300000 34.811714
71.400000 34.747692
71.500000 34.683730
71.600000 34.619826
71.700000 34.555981
71.800000 34.492195
71.900000 34.428469
72.000000 34.364801
72.100000 34.301191
72.200000 34.237641
72.300000 34.174150
72.400000 34.110718
72.500000 34.047345
72.600000 33.984030
72.700000 33.920775
72.800000 33.857578
72.900000 33.794440
73.000000 33.731362
73.100000 33.668342
73.200000 33.605381
73.300000 33.542479
73.400000 33.479636
73.500000 33.416852
73.600000 33.354127
73.700000 33.291460
73.800000 33.228853
73.900000 33.166305
74.000000 33.103815
74.100000 33.041385
74.200000 32.979013
74.300000 32.916700
74.400000 32.854446
74.500000 32.792251
74.600000 32.730116
74.700000 32.668039
74.800000 32.606020
74.900000 32.544061
75.000000 32.482161
75.100000 32.420320
75.200000 32.358537
75.300000 32.296814
75.400000 32.235149
75.500000 32.173544
75.600000 32.111997
75.700000 32.050509
75.800000 31.989080
75.900000 31.927710
76.000000 31.866399
76.100000 31.805147
76.200000 31.743954
76.300000 31.682820
76.400000 31.621745
76.500000 31.560728
76.600000 31.499771
76.700000 31.438872
76.800000 31.378033
76.900000 31.317252
77.000000 31.256530
77.100000 31.195867
77.200000 31.135264
77.300000 31.074719
77.400000 31.014232
77.500000 30.953805
77.600000 30.893437
77.700000 30.833128
77.800000 30.772878
77.900000 30.712686
78.000000 30.652554
78.100000 30.592480
78.200000 30.532465
78.300000 30.472510
78.400000 30.412613
78.500000 30.352775
78.600000 30.292996
78.700000 30.233276
78.800000 30.173615
78.900000 30.114013
79.000000 30.054469
79.100000 29.994985
79.200000 29.935560
79.300000 29.876193
79.400000 29.816886
79.500000 29.757637
79.600000 29.698447
79.700000 29.639316
79.800000 29.580245
79.900000 29.521232
80.000000 29.462278
80.100000 29.403382
80.200000 29.344546
80.300000 29.285769
80.400000 29.227051
80.500000 29.168391
80.600000 29.109791
80.700000 29.051249
80.800000 28.992767
80.900000 28.934343
81.000000 28.875978
81.100000 28.817672
81.200000 28.759425
81.300000 28.701237
81.400000 28.643108
81.500000 28.585038
81.600000 28.527027
81.700000 28.469075
81.800000 28.411181
81.900000 28.353347
82.000000 28.295571
82.100000 28.237855
82.200000 28.180197
82.300000 28.122598
82.400000 28.065059
82.500000 28.007578
82.600000 27.950156
82.700000 27.892793
82.800000 27.835488
82.900000 27.778243
83.000000 27.721057
83.100000 27.663930
83.200000 27.606861
83.300000 27.549852
83.400000 27.492901
83.500000 27.436009
83.600000 27.379177
83.700000 27.322403
83.800000 27.265688
83.900000 27.209032
84.000000 27.152435
84.100000 27.095897
84.200000 27.039418
84.300000 26.982997
84.400000 26.926636
84.500000 26.870334
84.600000 26.814090
84.700000 26.757906
84.800000 26.701780
84.900000 26.645713
85.000000 26.589706
85.100000 26.533757
85.200000 26.477867
85.300000 26.422036
85.400000 26.366264
85.500000 26.310550
85.600000 26.254896
85.700000 26.199301
85.800000 26.143764
85.900000 26.088287
86.000000 26.032868
86.100000 25.977509
86.200000 25.922208
86.300000 25.866966
86.400000 25.811784
86.500000 25.756660
86.600000 25.701595
86.700000 25.646589
86.800000 25.591641
86.900000 25.536753
87.000000 25.481924
87.100000 25.427153
87.200000 25.372442
87.300000 25.317790
87.400000 25.263196
87.500000 25.208661
87.600000 25.154185
87.700000 25.099769
87.800000 25.045411
87.900000 24.991112
88.000000 24.936872
88.100000 24.882691
88.200000 24.828568
88.300000 24.774505
88.400000 24.720501
88.500000 24.666555
88.600000 24.612669
88.700000 24.558841
88.800000 24.505073
88.900000 24.451363
89.000000 24.397712
89.100000 24.344120
89.200000 24.290587
89.300000 24.237113
89.400000 24.183698
89.500000 24.130342
89.600000 24.077045
89.700000 24.023806
89.800000 23.970627
89.900000 23.917506
90.000000 23.864445
90.100000 23.811442
90.200000 23.758498
90.300000 23.705614
90.400000 23.652788
90.500000 23.600021
90.600000 23.547313
90.700000 23.494664
90.800000 23.442074
90.900000 23.389542
91.000000 23.337070
91.100000 23.284657
91.200000 23.232302
91.300000 23.180007
91.400000 23.127770
91.500000 23.075592
91.600000 23.023474
91.700000 22.971414
91.800000 22.919413
91.900000 22.867471
92.000000 22.815588
92.100000 22.763764
92.200000 22.711998
92.300000 22.660292
92.400000 22.608645
92.500000 22.557056
92.600000 22.505527
92.700000 22.454056
92.800000 22.402644
92.900000 22.351292
93.000000 22.299998
93.100000 22.248763
93.200000 22.197587
93.300000 22.146470
93.400000 22.095412
93.500000 22.044413
93.600000 21.993472
93.700000 21.942591
93.800000 21.891769
93.900000 21.841005
94.000000 21.790300
94.100000 21.739655
94.200000 21.689068
94.300000 21.638540
94.400000 21.588071
94.500000 21.537661
94.600000 21.487310
94.700000 21.437018
94.800000 21.386785
94.900000 21.336611
95.000000 21.286496
95.100000 21.236439
95.200000 21.186442
95.300000 21.136503
95.400000 21.086623
95.500000 21.036803
95.600000 20.987041
95.700000 20.937338
95.800000 20.887694
95.900000 20.838109
96.000000 20.788583
96.100000 20.739116
96.200000 20.689708
96.300000 20.640358
96.400000 20.591068
96.500000 20.541836
96.600000 20.492664
96.700000 20.443550
96.800000 20.394496
96.900000 20.345500
97.000000 20.296563
97.100000 20.247685
97.200000 20.198866
97.300000 20.150106
97.400000 20.101405
97.500000 20.052763
97.600000 20.004179
97.700000 19.955655
97.800000 19.907190
97.900000 19.858783
98.000000 19.810435
98.100000 19.762147
98.200000 19.713917
98.300000 19.665746
98.400000 19.617634
98.500000 19.569581
98.600000 19.521587
98.700000 19.473652
98.800000 19.425776
98.900000 19.377959
99.000000 19.330200
99.100000 19.282501
99.200000 19.234860
99.300000 19.187279
99.400000 19.139756
99.500000 19.092292
99.600000 19.044888
99.700000 18.997542
99.800000 18.950255
99.900000 18.903027
100.000000 18.855858
100.100000 18.808747
100.200000 18.761696
100.300000 18.714704
100.400000 18.667770
100.500000 18.620896
100.600000 18.574080
100.700000 18.527324
100.800000 18.480626
100.900000 18.433987
101.000000 18.387407
101.100000 18.340886
101.200000 18.294424
101.300000 18.248021
101.400000 18.201677
101.500000 18.155392
101.600000 18.109166
101.700000 18.062998
101.800000 18.016890
101.900000 17.970840
102.000000 17.924850
102.100000 17.878918
102.200000 17.833045
102.300000 17.787231
102.400000 17.741476
102.500000 17.695780
102.600000 17.650143
102.700000 17.604565
102.800000 17.559046
102.900000 17.513586
103.000000 17.468184
103.100000 17.422842
103.200000 17.377558
103.300000 17.332334
103.400000 17.287168
103.500000 17.242061
103.600000 17.197014
103.700000 17.152025
103.800000 17.107095
103.900000 17.062224
104.000000 17.017412
104.100000 16.972658
104.200000 16.927964
104.300000 16.883329
104.400000 16.838752
104.500000 16.794235
104.600000 16.749776
104.700000 16.705377
104.800000 16.661036
104.900000 16.616754
105.000000 16.572531
105.100000 16.528367
105.200000 16.484262
105.300000 16.440216
105.400000 16.396229
105.500000 16.352301
105.600000 16.308431
105.700000 16.264621
105.800000 16.220869
105.900000 16.177177
106.000000 16.133543
106.100000 16.089968
106.200000 16.046453
106.300000 16.002996
106.400000 15.959598
106.500000 15.916259
106.600000 15.872979
106.700000 15.829758
106.800000 15.786595
106.900000 15.743492
107.000000 15.700448
107.100000 15.657462
107.200000 15.614536
107.300000 15.571668
107.400000 15.528859
107.500000 15.486110
107.600000 15.443419
107.700000 15.400787
107.800000 15.358214
107.900000 15.315700
108.000000 15.273245
108.100000 15.230848
108.200000 15.188511
108.300000 15.146233
108.400000 15.104013
108.500000 15.061853
108.600000 15.019751
108.700000 14.977709
108.800000 14.935725
108.900000 14.893800
109.000000 14.851934
109.100000 14.810127
109.200000 14.768379
109.300000 14.726690
109.400000 14.685060
109.500000 14.643489
109.600000 14.601976
109.700000 14.560523
109.800000 14.519128
109.900000 14.477793
110.000000 14.436516
110.100000 14.395298
110.200000 14.354139
110.300000 14.313040
110.400000 14.271999
110.500000 14.231017
110.600000 14.190094
110.700000 14.149229
110.800000 14.108424
110.900000 14.067678
111.000000 14.026990
111.100000 13.986362
111.200000 13.945792
111.300000 13.905282
111.400000 13.864830
111.500000 13.824437
111.600000 13.784103
111.700000 13.743828
111.800000 13.703612
111.900000 13.663455
112.000000 13.623357
112.100000 13.583318
112.200000 13.543338
112.300000 13.503416
112.400000 13.463554
112.500000 13.423750
112.600000 13.384006
112.700000 13.344320
112.800000 13.304693
112.900000 13.265125
113.000000 13.225616
113.100000 13.186166
113.200000 13.146775
113.300000 13.107443
113.400000 13.068170
113.500000 13.028956
113.600000 12.989800
113.700000 12.950704
113.800000 12.911666
113.900000 12.872688
114.000000 12.833768
114.100000 12.794907
114.200000 12.756106
114.300000 12.717363
114.400000 12.678679
114.500000 12.640054
114.600000 12.601488
114.700000 12.562980
114.800000 12.524532
114.900000 12.486143
115.000000 12.447812
115.100000 12.409541
115.200000 12.371328
115.300000 12.333175
115.400000 12.295080
115.500000 12.257044
115.600000 12.219067
115.700000 12.181149
115.800000 12.143290
115.900000 12.105490
116.000000 12.067749
116.100000 12.030067
116.200000 11.992443
116.300000 11.954879
116.400000 11.917373
116.500000 11.879927
116.600000 11.842539
116.700000 11.805211
116.800000 11.767941
116.900000 11.730730
117.000000 11.693578
117.100000 11.656485
117.200000 11.619451
117.300000 11.582476
117.400000 11.545559
117.500000 11.508702
117.600000 11.471904
117.700000 11.435164
117.800000 11.398484
117.900000 11.361862
118.000000 11.325299
118.100000 11.288796
118.200000 11.252351
118.300000 11.215965
118.400000 11.179638
118.500000 11.143370
118.600000 11.107161
118.700000 11.071011
118.800000 11.034919
118.900000 10.998887
119.000000 10.962913
119.100000 10.926999
119.200000 10.891143
119.300000 10.855347
119.400000 10.819609
119.500000 10.783930
119.600000 10.748310
119.700000 10.712749
119.800000 10.677247
119.900000 10.641804
120.000000 10.606420
120.100000 10.571095
120.200000 10.535828
120.300000 10.500621
120.400000 10.465472
120.500000 10.430383
120.600000 10.395352
120.700000 10.360380
120.800000 10.325468
120.900000 10.290614
121.000000 10.255819
121.100000 10.221083
121.200000 10.186406
121.300000 10.151788
121.400000 10.117228
121.500000 10.082728
121.600000 10.048287
121.700000 10.013904
121.800000 9.979581
121.900000 9.945316
122.000000 9.911110
122.100000 9.876963
122.200000 9.842876
122.300000 9.808847
122.400000 9.774877
122.500000 9.740966
122.600000 9.707113
122.700000 9.673320
122.800000 9.639586
122.900000 9.605910
123.000000 9.572294
123.100000 9.538736
123.200000 9.505238
123.300000 9.471798
123.400000 9.438417
123.500000 9.405096
123.600000 9.371833
123.700000 9.338629
123.800000 9.305484
123.900000 9.272397
124.000000 9.239370
124.100000 9.206402
124.200000 9.173493
124.300000 9.140642
124.400000 9.107851
124.500000 9.075118
124.600000 9.042444
124.700000 9.009830
124.800000 8.977274
124.900000 8.944777
125.000000 8.912339
125.100000 8.879960
125.200000 8.847640
125.300000 8.815379
125.400000 8.783176
125.500000 8.751033
125.600000 8.718949
125.700000 8.686923
125.800000 8.654957
125.900000 8.623049
126.000000 8.591200
126.100000 8.559410
126.200000 8.527679
126.300000 8.496008
126.400000 8.464394
126.500000 8.432840
126.600000 8.401345
126.700000 8.369909
126.800000 8.338532
126.900000 8.307213
127.000000 8.275954
127.100000 8.244753
127.200000 8.213612
127.300000 8.182529
127.400000 8.151505
127.500000 8.120540
127.600000 8.089634
127.700000 8.058787
127.800000 8.027999
127.900000 7.997270
128.000000 7.966600
128.100000 7.935989
128.200000 7.905436
128.300000 7.874943
128.400000 7.844508
128.500000 7.814133
128.600000 7.783816
128.700000 7.753558
128.800000 7.723359
128.900000 7.693219
129.000000 7.663138
129.100000 7.633116
129.200000 7.603153
129.300000 7.573249
129.400000 7.543404
129.500000 7.513617
129.600000 7.483890
129.700000 7.454221
129.800000 7.424612
129.900000 7.395061
130.000000 7.365569
130.100000 7.336137
130.200000 7.306763
130.300000 7.277448
130.400000 7.248192
130.500000 7.218995
130.600000 7.189856
130.700000 7.160777
130.800000 7.131757
130.900000 7.102795
131.000000 7.073893
131.100000 7.045049
131.200000 7.016265
131.300000 6.987539
131.400000 6.958872
131.500000 6.930264
131.600000 6.901715
131.700000 6.873225
131.800000 6.844794
131.900000 6.816422
132.000000 6.788109
132.100000 6.759854
132.200000 6.731659
132.300000 6.703523
132.400000 6.675445
132.500000 6.647426
132.600000 6.619467
132.700000 6.591566
132.800000 6.563724
132.900000 6.535941
133.000000 6.508217
133.100000 6.480552
133.200000 6.452946
133.300000 6.425399
133.400000 6.397910
133.500000 6.370481
133.600000 6.343111
133.700000 6.315799
133.800000 6.288546
133.900000 6.261353
134.000000 6.234218
134.100000 6.207142
134.200000 6.180125
134.300000 6.153167
134.400000 6.126268
134.500000 6.099428
134.600000 6.072647
134.700000 6.045925
134.800000 6.019261
134.900000 5.992657
135.000000 5.966111
135.100000 5.939625
135.200000 5.913197
135.300000 5.886828
135.400000 5.860518
135.500000 5.834268
135.600000 5.808076
135.700000 5.781943
135.800000 5.755868
135.900000 5.729853
136.000000 5.703897
136.100000 5.678000
136.200000 5.652161
136.300000 5.626382
136.400000 5.600661
136.500000 5.574999
136.600000 5.549397
136.700000 5.523853
136.800000 5.498368
136.900000 5.472942
137.000000 5.447575
137.100000 5.422267
137.200000 5.397018
137.300000 5.371828
137.400000 5.346696
137.500000 5.321624
137.600000 5.296610
137.700000 5.271656
137.800000 5.246760
137.900000 5.221924
138.000000 5.197146
138.100000 5.172427
138.200000 5.147767
138.300000 5.123166
138.400000 5.098624
138.500000 5.074141
138.600000 5.049717
138.700000 5.025351
138.800000 5.001045
138.900000 4.976797
139.000000 4.952609
139.100000 4.928479
139.200000 4.904409
139.300000 4.880397
139.400000 4.856444
139.500000 4.832550
139.600000 4.808715
139.700000 4.784939
139.800000 4.761222
139.900000 4.737564
140.000000 4.713964
140.100000 4.690424
140.200000 4.666943
140.300000 4.643520
140.400000 4.620157
140.500000 4.596852
140.600000 4.573606
140.700000 4.550419
140.800000 4.527291
140.900000 4.504222
141.000000 4.481212
141.100000 4.458261
141.200000 4.435369
141.300000 4.412536
141.400000 4.389762
141.500000 4.367046
141.600000 4.344390
141.700000 4.321792
141.800000 4.299253
141.900000 4.276774
142.000000 4.254353
142.100000 4.231991
142.200000 4.209688
142.300000 4.187444
142.400000 4.165259
142.500000 4.143133
142.600000 4.121066
142.700000 4.099057
142.800000 4.077108
142.900000 4.055217
143.000000 4.033386
143.100000 4.011613
143.200000 3.989899
143.300000 3.968245
143.400000 3.946649
143.500000 3.925112
143.600000 3.903634
143.700000 3.882215
143.800000 3.860855
143.900000 3.839553
144.000000 3.818311
144.100000 3.797128
144.200000 3.776003
144.300000 3.754938
144.400000 3.733931
144.500000 3.712984
144.600000 3.692095
144.700000 3.671265
144.800000 3.650494
144.900000 3.629782
145.000000 3.609129
145.100000 3.588535
145.200000 3.568000
145.300000 3.547523
145.400000 3.527106
145.500000 3.506748
145.600000 3.486448
145.700000 3.466207
145.800000 3.446026
145.900000 3.425903
146.000000 3.405839
146.100000 3.385834
146.200000 3.365888
146.300000 3.346001
146.400000 3.326173
146.500000 3.306404
146.600000 3.286694
146.700000 3.267042
146.800000 3.247450
146.900000 3.227917
147.000000 3.208442
147.100000 3.189026
147.200000 3.169670
147.300000 3.150372
147.400000 3.131133
147.500000 3.111953
147.600000 3.092832
147.700000 3.073770
147.800000 3.054767
147.900000 3.035823
148.000000 3.016937
148.100000 2.998111
148.200000 2.979343
148.300000 2.960635
148.400000 2.941985
148.500000 2.923394
148.600000 2.904863
148.700000 2.886390
148.800000 2.867976
148.900000 2.849621
149.000000 2.831325
149.100000 2.813088
149.200000 2.794909
149.300000 2.776790
149.400000 2.758730
149.500000 2.740728
149.600000 2.722786
149.700000 2.704902
149.800000 2.687078
149.900000 2.669312
150.000000 2.651605
150.100000 2.633957
150.200000 2.616368
150.300000 2.598838
150.400000 2.581367
150.500000 2.563955
150.600000 2.546601
150.700000 2.529307
150.800000 2.512072
150.900000 2.494895
151.000000 2.477778
151.100000 2.460719
151.200000 2.443719
151.300000 2.426778
151.400000 2.409896
151.500000 2.393073
151.600000 2.376309
151.700000 2.359604
151.800000 2.342958
151.900000 2.326371
152.000000 2.309843
152.100000 2.293373
152.200000 2.276963
152.300000 2.260611
152.400000 2.244318
152.500000 2.228085
152.600000 2.211910
152.700000 2.195794
152.800000 2.179737
152.900000 2.163739
153.000000 2.147800
153.100000 2.131920
153.200000 2.116099
153.300000 2.100336
153.400000 2.084633
153.500000 2.068988
153.600000 2.053403
153.700000 2.037876
153.800000 2.022409
153.900000 2.007000
154.000000 1.991650
154.100000 1.976359
154.200000 1.961127
154.300000 1.945954
154.400000 1.930840
154.500000 1.915785
154.600000 1.900788
154.700000 1.885851
154.800000 1.870972
154.900000 1.856153
155.000000 1.841392
155.100000 1.826691
155.200000 1.812048
155.300000 1.797464
155.400000 1.782939
155.500000 1.768473
155.600000 1.754066
155.700000 1.739718
155.800000 1.725429
155.900000 1.711199
156.000000 1.697027
156.100000 1.682915
156.200000 1.668861
156.300000 1.654867
156.400000 1.640931
156.500000 1.627054
156.600000 1.613236
156.700000 1.599478
156.800000 1.585778
156.900000 1.572137
157.000000 1.558554
157.100000 1.545031
157.200000 1.531567
157.300000 1.518162
157.400000 1.504815
157.500000 1.491528
157.600000 1.478299
157.700000 1.465130
157.800000 1.452019
157.900000 1.438967
158.000000 1.425974
158.100000 1.413040
158.200000 1.400165
158.300000 1.387349
158.400000 1.374592
158.500000 1.361894
158.600000 1.349254
158.700000 1.336674
158.800000 1.324153
158.900000 1.311690
159.000000 1.299286
159.100000 1.286942
159.200000 1.274656
159.300000 1.262429
159.400000 1.250261
159.500000 1.238152
159.600000 1.226102
159.700000 1.214111
159.800000 1.202179
159.900000 1.190305
160.000000 1.178491
160.100000 1.166736
160.200000 1.155039
160.300000 1.143402
160.400000 1.131823
160.500000 1.120303
160.600000 1.108842
160.700000 1.097440
160.800000 1.086097
160.900000 1.074813
161.000000 1.063588
161.100000 1.052422
161.200000 1.041315
161.300000 1.030266
161.400000 1.019277
161.500000 1.008346
161.600000 0.997475
161.700000 0.986662
161.800000 0.975908
161.900000 0.965214
162.000000 0.954578
162.100000 0.944001
162.200000 0.933483
162.300000 0.923024
162.400000 0.912624
162.500000 0.902282
162.600000 0.892000
162.700000 0.881777
162.800000 0.871612
162.900000 0.861506
163.000000 0.851460
163.100000 0.841472
163.200000 0.831543
163.300000 0.821673
163.400000 0.811863
163.500000 0.802111
163.600000 0.792417
163.700000 0.782783
163.800000 0.773208
163.900000 0.763692
164.000000 0.754234
164.100000 0.744836
164.200000 0.735496
164.300000 0.726216
164.400000 0.716994
164.500000 0.707831
164.600000 0.698727
164.700000 0.689682
164.800000 0.680696
164.900000 0.671769
165.000000 0.662901
165.100000 0.654092
165.200000 0.645342
165.300000 0.636650
165.400000 0.628018
165.500000 0.619444
165.600000 0.610930
165.700000 0.602474
165.800000 0.594077
165.900000 0.585740
166.000000 0.577461
166.100000 0.569241
166.200000 0.561080
166.300000 0.552977
166.400000 0.544934
166.500000 0.536950
166.600000 0.529025
166.700000 0.521158
166.800000 0.513351
166.900000 0.505602
167.000000 0.497912
167.100000 0.490282
167.200000 0.482710
167.300000 0.475197
167.400000 0.467743
167.500000 0.460348
167.600000 0.453012
167.700000 0.445735
167.800000 0.438517
167.900000 0.431357
168.000000 0.424257
168.100000 0.417215
168.200000 0.410233
168.300000 0.403309
168.400000 0.396444
168.500000 0.389639
168.600000 0.382892
168.700000 0.376204
168.800000 0.369575
168.900000 0.363005
169.000000 0.356494
169.100000 0.350041
169.200000 0.343648
169.300000 0.337314
169.400000 0.331038
169.500000 0.324822
169.600000 0.318664
169.700000 0.312565
169.800000 0.306526
169.900000 0.300545
170.000000 0.294623
170.100000 0.288760
170.200000 0.282956
170.300000 0.277211
170.400000 0.271524
170.500000 0.265897
170.600000 0.260329
170.700000 0.254819
170.800000 0.249369
170.900000 0.243977
171.000000 0.238644
171.100000 0.233371
171.200000 0.228156
171.300000 0.223000
171.400000 0.217903
171.500000 0.212865
171.600000 0.207886
171.700000 0.202966
171.800000 0.198104
171.900000 0.193302
172.000000 0.188559
172.100000 0.183874
172.200000 0.179248
172.300000 0.174682
172.400000 0.170174
172.500000 0.165725
172.600000 0.161335
172.700000 0.157004
172.800000 0.152732
172.900000 0.148519
173.000000 0.144365
173.100000 0.140270
173.200000 0.136234
173.300000 0.132256
173.400000 0.128338
173.500000 0.124478
173.600000 0.120677
173.700000 0.116936
173.800000 0.113253
173.900000 0.109629
174.000000 0.106064
174.100000 0.102558
174.200000 0.099111
174.300000 0.095723
174.400000 0.092394
174.500000 0.089123
174.600000 0.085912
174.700000 0.082760
174.800000 0.079666
174.900000 0.076631
175.000000 0.073656
175.100000 0.070739
175.200000 0.067881
175.300000 0.065082
175.400000 0.062342
175.500000 0.059661
175.600000 0.057039
175.700000 0.054476
175.800000 0.051971
175.900000 0.049526
176.000000 0.047140
176.100000 0.044812
176.200000 0.042544
176.300000 0.040334
176.400000 0.038183
176.500000 0.036091
176.600000 0.034058
176.700000 0.032084
176.800000 0.030169
176.900000 0.028313
177.000000 0.026516
177.100000 0.024778
177.200000 0.023098
177.300000 0.021478
177.400000 0.019916
177.500000 0.018414
177.600000 0.016970
177.700000 0.015586
177.800000 0.014260
177.900000 0.012993
178.000000 0.011785
178.100000 0.010636
178.200000 0.009546
178.300000 0.008515
178.400000 0.007542
178.500000 0.006629
178.600000 0.005775
178.700000 0.004979
178.800000 0.004243
178.900000 0.003565
179.000000 0.002946
179.100000 0.002386
179.200000 0.001886
179.300000 0.001444
179.400000 0.001061
179.500000 0.000737
179.600000 0.000471
179.700000 0.000265
179.800000 0.000118
179.900000 0.000029
180.000000 0.000000
180.100000 0.000029
180.200000 0.000118
180.300000 0.000265
180.400000 0.000471
180.500000 0.000737
180.600000 0.001061
180.700000 0.001444
180.800000 0.001886
180.900000 0.002386
181.000000 0.002946
