0.000000 108.802417
0.100000 108.681559
0.200000 108.560768
0.300000 108.440044
0.400000 108.319388
0.500000 108.198798
0.600000 108.078276
0.700000 107.957821
0.800000 107.837433
0.900000 107.717113
1.000000 107.596859
1.100000 107.476673
1.200000 107.356554
1.300000 107.236502
1.400000 107.116517
1.500000 106.996599
1.600000 106.876748
1.700000 106.756965
1.800000 106.637249
1.900000 106.517600
2.000000 106.398018
2.100000 106.278503
2.200000 106.159055
2.300000 106.039675
2.400000 105.920362
2.500000 105.801116
2.600000 105.681937
2.700000 105.562825
2.800000 105.443780
2.900000 105.324803
3.000000 105.205892
3.100000 105.087049
3.200000 104.968273
3.300000 104.849565
3.400000 104.730923
3.500000 104.612348
3.600000 104.493841
3.700000 104.375401
3.800000 104.257028
3.900000 104.138722
4.000000 104.020483
4.100000 103.902312
4.200000 103.784208
4.300000 103.666170
4.400000 103.548200
4.500000 103.430297
4.600000 103.312462
4.700000 103.194693
4.800000 103.076992
4.900000 102.959358
5.000000 102.841791
5.100000 102.724291
5.200000 102.606858
5.300000 102.489492
5.400000 102.372194
5.500000 102.254963
5.600000 102.137799
5.700000 102.020702
5.800000 101.903672
5.900000 101.786709
6.000000 101.669814
6.100000 101.552986
6.200000 101.436225
6.300000 101.319531
6.400000 101.202904
6.500000 101.086344
6.600000 100.969852
6.700000 100.853426
6.800000 100.737068
6.900000 100.620777
7.000000 100.504553
7.100000 100.388397
7.200000 100.272307
7.300000 100.156285
7.400000 100.040330
7.500000 99.924442
7.600000 99.808621
7.700000 99.692867
7.800000 99.577181
7.900000 99.461561
8.000000 99.346009
8.100000 99.230524
8.200000 99.115106
8.300000 98.999756
8.400000 98.884472
8.500000 98.769256
8.600000 98.654106
8.700000 98.539024
8.800000 98.424009
8.900000 98.309062
9.000000 98.194181
9.100000 98.079368
9.200000 97.964621
9.300000 97.849942
9.400000 97.735330
9.500000 97.620786
9.600000 97.506308
9.700000 97.391898
9.800000 97.277554
9.900000 97.163278
10.000000 97.049069
10.100000 96.934927
10.200000 96.820853
10.300000 96.706845
10.400000 96.592905
10.500000 96.479032
10.600000 96.365226
10.700000 96.251487
10.800000 96.137815
10.900000 96.024211
11.000000 95.910674
11.100000 95.797203
11.200000 95.683800
11.300000 95.570465
11.400000 95.457196
11.500000 95.343994
11.600000 95.230860
11.700000 95.117793
11.800000 95.004793
11.900000 94.891860
12.000000 94.778994
12.100000 94.666196
12.200000 94.553464
12.300000 94.440800
12.400000 94.328203
12.500000 94.215673
12.600000 94.103210
12.700000 93.990815
12.800000 93.878486
12.900000 93.766225
13.000000 93.654031
13.100000 93.541904
13.200000 93.429844
13.300000 93.317852
13.400000 93.205926
13.500000 93.094068
13.600000 92.982277
13.700000 92.870553
13.800000 92.758896
13.900000 92.647306
14.000000 92.535784
14.100000 92.424329
14.200000 92.312940
14.300000 92.201619
14.400000 92.090366
14.500000 91.979179
14.600000 91.868059
14.700000 91.757007
14.800000 91.646022
14.900000 91.535104
15.000000 91.424253
15.100000 91.313469
15.200000 91.202753
15.300000 91.092103
15.400000 90.981521
15.500000 90.871006
15.600000 90.760558
15.700000 90.650178
15.800000 90.539864
15.900000 90.429618
16.000000 90.319438
16.100000 90.209326
16.200000 90.099281
16.300000 89.989304
16.400000 89.879393
16.500000 89.769550
16.600000 89.659773
16.700000 89.550064
16.800000 89.440422
16.900000 89.330847
17.000000 89.221340
17.100000 89.111899
17.200000 89.002526
17.300000 88.893220
17.400000 88.783981
17.500000 88.674809
17.600000 88.565705
17.700000 88.456667
17.800000 88.347697
17.900000 88.238794
18.000000 88.129958
18.100000 88.021189
18.200000 87.912487
18.300000 87.803853
18.400000 87.695285
18.500000 87.586785
18.600000 87.478352
18.700000 87.369986
18.800000 87.261687
18.900000 87.153456
19.000000 87.045292
19.100000 86.937194
19.200000 86.829164
19.300000 86.721201
19.400000 86.613306
19.500000 86.505477
19.600000 86.397716
19.700000 86.290021
19.800000 86.182394
19.900000 86.074834
20.000000 85.967342
20.100000 85.859916
20.200000 85.752558
20.300000 85.645266
20.400000 85.538042
20.500000 85.430885
20.600000 85.323796
20.700000 85.216773
20.800000 85.109817
20.900000 85.002929
21.000000 84.896108
21.100000 84.789354
21.200000 84.682667
21.300000 84.576048
21.400000 84.469495
21.500000 84.363010
21.600000 84.256592
21.700000 84.150241
21.800000 84.043957
21.900000 83.937740
22.000000 83.831591
22.100000 83.725508
22.200000 83.619493
22.300000 83.513545
22.400000 83.407664
22.500000 83.301850
22.600000 83.196104
22.700000 83.090424
22.800000 82.984812
22.900000 82.879267
23.000000 82.773789
23.100000 82.668378
23.200000 82.563035
23.300000 82.457759
23.400000 82.352549
23.500000 82.247407
23.600000 82.142332
23.700000 82.037324
23.800000 81.932384
23.900000 81.827510
24.000000 81.722704
24.100000 81.617965
24.200000 81.513293
24.300000 81.408688
24.400000 81.304151
24.500000 81.199680
24.600000 81.095277
24.700000 80.990941
24.800000 80.886672
24.900000 80.782470
25.000000 80.678335
25.100000 80.574268
25.200000 80.470267
25.300000 80.366334
25.400000 80.262468
25.500000 80.158669
25.600000 80.054938
25.700000 79.951273
25.800000 79.847676
25.900000 79.744146
26.000000 79.640683
26.100000 79.537287
26.200000 79.433958
26.300000 79.330696
26.400000 79.227502
26.500000 79.124375
26.600000 79.021315
26.700000 78.918322
26.800000 78.815396
26.900000 78.712538
27.000000 78.609746
27.100000 78.507022
27.200000 78.404365
27.300000 78.301775
27.400000 78.199252
27.500000 78.096796
27.600000 77.994408
27.700000 77.892087
27.800000 77.789833
27.900000 77.687646
28.000000 77.585526
28.100000 77.483473
28.200000 77.381488
28.300000 77.279569
28.400000 77.177718
28.500000 77.075934
28.600000 76.974217
28.700000 76.872568
28.800000 76.770985
28.900000 76.669470
29.000000 76.568022
29.100000 76.466641
29.200000 76.365327
29.300000 76.264080
29.400000 76.162901
29.500000 76.061788
29.600000 75.960743
29.700000 75.859765
29.800000 75.758854
29.900000 75.658010
30.000000 75.557234
30.100000 75.456524
30.200000 75.355882
30.300000 75.255307
30.400000 75.154799
30.500000 75.054359
30.600000 74.953985
30.700000 74.853678
30.800000 74.753439
30.900000 74.653267
31.000000 74.553162
31.100000 74.453124
31.200000 74.353154
31.300000 74.253250
31.400000 74.153414
31.500000 74.053645
31.600000 73.953943
31.700000 73.854308
31.800000 73.754741
31.900000 73.655240
32.000000 73.555807
32.100000 73.456441
32.200000 73.357142
32.300000 73.257910
32.400000 73.158745
32.500000 73.059648
32.600000 72.960617
32.700000 72.861654
32.800000 72.762758
32.900000 72.663929
33.000000 72.565167
33.100000 72.466473
33.200000 72.367845
33.300000 72.269285
33.400000 72.170792
33.500000 72.072366
33.600000 71.974008
33.700000 71.875716
33.800000 71.777492
33.900000 71.679334
34.000000 71.581244
34.100000 71.483221
34.200000 71.385266
34.300000 71.287377
34.400000 71.189556
34.500000 71.091801
34.600000 70.994114
34.700000 70.896494
34.800000 70.798942
34.900000 70.701456
35.000000 70.604037
35.100000 70.506686
35.200000 70.409402
35.300000 70.312185
35.400000 70.215035
35.500000 70.117953
35.600000 70.020937
35.700000 69.923989
35.800000 69.827108
35.900000 69.730294
36.000000 69.633547
36.100000 69.536867
36.200000 69.440255
36.300000 69.343709
36.400000 69.247231
36.500000 69.150820
36.600000 69.054476
36.700000 68.958199
36.800000 68.861990
36.900000 68.765847
37.000000 68.669772
37.100000 68.573764
37.200000 68.477823
37.300000 68.381950
37.400000 68.286143
37.500000 68.190404
37.600000 68.094731
37.700000 67.999126
37.800000 67.903588
37.900000 67.808118
38.000000 67.712714
38.100000 67.617378
38.200000 67.522108
38.300000 67.426906
38.400000 67.331771
38.500000 67.236703
38.600000 67.141703
38.700000 67.046769
38.800000 66.951903
38.900000 66.857104
39.000000 66.762372
39.100000 66.667707
39.200000 66.573109
39.300000 66.478579
39.400000 66.384116
39.500000 66.289719
39.600000 66.195390
39.700000 66.101129
39.800000 66.006934
39.900000 65.912806
40.000000 65.818746
40.100000 65.724753
40.200000 65.630827
40.300000 65.536968
40.400000 65.443176
40.500000 65.349452
40.600000 65.255794
40.700000 65.162204
40.800000 65.068681
40.900000 64.975225
41.000000 64.881836
41.100000 64.788515
41.200000 64.695260
41.300000 64.602073
41.400000 64.508953
41.500000 64.415900
41.600000 64.322914
41.700000 64.229996
41.800000 64.137144
41.900000 64.044360
42.000000 63.951643
42.100000 63.858993
42.200000 63.766410
42.300000 63.673894
42.400000 63.581446
42.500000 63.489065
42.600000 63.396750
42.700000 63.304503
42.800000 63.212324
42.900000 63.120211
43.000000 63.028165
43.100000 62.936187
43.200000 62.844276
43.300000 62.752432
43.400000 62.660655
43.500000 62.568945
43.600000 62.477303
43.700000 62.385727
43.800000 62.294219
43.900000 62.202778
44.000000 62.111404
44.100000 62.020098
44.200000 61.928858
44.300000 61.837686
44.400000 61.746580
44.500000 61.655542
44.600000 61.564571
44.700000 61.473668
44.800000 61.382831
44.900000 61.292062
45.000000 61.201359
45.100000 61.110724
45.200000 61.020156
45.300000 60.929656
45.400000 60.839222
45.500000 60.748856
45.600000 60.658556
45.700000 60.568324
45.800000 60.478159
45.900000 60.388061
46.000000 60.298031
46.100000 60.208067
46.200000 60.118171
46.300000 60.028342
46.400000 59.938580
46.500000 59.848885
46.600000 59.759257
46.700000 59.669697
46.800000 59.580203
46.900000 59.490777
47.000000 59.401418
47.100000 59.312126
47.200000 59.222902
47.300000 59.133744
47.400000 59.044654
47.500000 58.955631
47.600000 58.866674
47.700000 58.777786
47.800000 58.688964
47.900000 58.600209
48.000000 58.511522
48.100000 58.422902
48.200000 58.334349
48.300000 58.245863
48.400000 58.157444
48.500000 58.069092
48.600000 57.980808
48.700000 57.892591
48.800000 57.804441
48.900000 57.716358
49.000000 57.628342
49.100000 57.540393
49.200000 57.452512
49.300000 57.364697
49.400000 57.276950
49.500000 57.189270
49.600000 57.101658
49.700000 57.014112
49.800000 56.926633
49.900000 56.839222
50.000000 56.751878
50.100000 56.664601
50.200000 56.577391
50.300000 56.490248
50.400000 56.403173
50.500000 56.316165
50.600000 56.229223
50.700000 56.142349
50.800000 56.055542
50.900000 55.968803
51.000000 55.882130
51.100000 55.795525
51.200000 55.708987
51.300000 55.622516
51.400000 55.536112
51.500000 55.449775
51.600000 55.363505
51.700000 55.277303
51.800000 55.191168
51.900000 55.105100
52.000000 55.019099
52.100000 54.933165
52.200000 54.847298
52.300000 54.761499
52.400000 54.675767
52.500000 54.590101
52.600000 54.504504
52.700000 54.418973
52.800000 54.333509
52.900000 54.248113
53.000000 54.162783
53.100000 54.077521
53.200000 53.992326
53.300000 53.907198
53.400000 53.822138
53.500000 53.737144
53.600000 53.652218
53.700000 53.567359
53.800000 53.482567
53.900000 53.397842
54.000000 53.313184
54.100000 53.228594
54.200000 53.144070
54.300000 53.059614
54.400000 52.975225
54.500000 52.890903
54.600000 52.806649
54.700000 52.722461
54.800000 52.638341
54.900000 52.554287
55.000000 52.470301
55.100000 52.386382
55.200000 52.302531
55.300000 52.218746
55.400000 52.135029
55.500000 52.051378
55.600000 51.967795
55.700000 51.884279
55.800000 51.800831
55.900000 51.717449
56.000000 51.634135
56.100000 51.550887
56.200000 51.467707
56.300000 51.384594
56.400000 51.301548
56.500000 51.218570
56.600000 51.135658
56.700000 51.052814
56.800000 50.970037
56.900000 50.887327
57.000000 50.804684
57.100000 50.722108
57.200000 50.639600
57.300000 50.557159
57.400000 50.474784
57.500000 50.392477
57.600000 50.310238
57.700000 50.228065
57.800000 50.145959
57.900000 50.063921
58.000000 49.981950
58.100000 49.900046
58.200000 49.818209
58.300000 49.736439
58.400000 49.654737
58.500000 49.573101
58.600000 49.491533
58.700000 49.410032
58.800000 49.328598
58.900000 49.247231
59.000000 49.165932
59.100000 49.084699
59.200000 49.003534
59.300000 48.922436
59.400000 48.841405
59.500000 48.760441
59.600000 48.679545
59.700000 48.598715
59.800000 48.517953
59.900000 48.437258
60.000000 48.356630
60.100000 48.276069
60.200000 48.195575
60.300000 48.115149
60.400000 48.034789
60.500000 47.954497
60.600000 47.874272
60.700000 47.794114
60.800000 47.714024
60.900000 47.634000
61.000000 47.554044
61.100000 47.474155
61.200000 47.394333
61.300000 47.314578
61.400000 47.234890
61.500000 47.155270
61.600000 47.075716
61.700000 46.996230
61.800000 46.916811
61.900000 46.837459
62.000000 46.758174
62.100000 46.678957
62.200000 46.599806
62.300000 46.520723
62.400000 46.441707
62.500000 46.362758
62.600000 46.283876
62.700000 46.205062
62.800000 46.126314
62.900000 46.047634
63.000000 45.969021
63.100000 45.890475
63.200000 45.811996
63.300000 45.733585
63.400000 45.655240
63.500000 45.576963
63.600000 45.498753
63.700000 45.420610
63.800000 45.342534
63.900000 45.264525
64.000000 45.186584
64.100000 45.108710
64.200000 45.030902
64.300000 44.953162
64.400000 44.875490
64.500000 44.797884
64.600000 44.720345
64.700000 44.642874
64.800000 44.565470
64.900000 44.488133
65.000000 44.410863
65.100000 44.333660
65.200000 44.256525
65.300000 44.179456
65.400000 44.102455
65.500000 44.025521
65.600000 43.948654
65.700000 43.871855
65.800000 43.795122
65.900000 43.718457
66.000000 43.641858
66.100000 43.565327
66.200000 43.488863
66.300000 43.412467
66.400000 43.336137
66.500000 43.259874
66.600000 43.183679
66.700000 43.107551
66.800000 43.031490
66.900000 42.955496
67.000000 42.879570
67.100000 42.803710
67.200000 42.727918
67.300000 42.652193
67.400000 42.576535
67.500000 42.500944
67.600000 42.425420
67.700000 42.349964
67.800000 42.274575
67.900000 42.199252
68.000000 42.123997
68.100000 42.048810
68.200000 41.973689
68.300000 41.898635
68.400000 41.823649
68.500000 41.748730
68.600000 41.673878
68.700000 41.599093
68.800000 41.524375
68.900000 41.449725
69.000000 41.375141
69.100000 41.300625
69.200000 41.226176
69.300000 41.151794
69.400000 41.077479
69.500000 41.003232
69.600000 40.929051
69.700000 40.854938
69.800000 40.780892
69.900000 40.706913
70.000000 40.633001
70.100000 40.559157
70.200000 40.485379
70.300000 40.411669
70.400000 40.338026
70.500000 40.264450
70.600000 40.190941
70.700000 40.117500
70.800000 40.044125
70.900000 39.970818
71.000000 39.897578
71.100000 39.824405
71.200000 39.751299
71.300000 39.678260
71.400000 39.605289
71.500000 39.532384
71.600000 39.459547
71.700000 39.386777
71.800000 39.314074
71.900000 39.241439
72.000000 39.168870
72.100000 39.096369
72.200000 39.023934
72.300000 38.951567
72.400000 38.879268
72.500000 38.807035
72.600000 38.734869
72.700000 38.662771
72.800000 38.590740
72.900000 38.518776
73.000000 38.446879
73.100000 38.375049
73.200000 38.303286
73.300000 38.231591
73.400000 38.159963
73.500000 38.088402
73.600000 38.016908
73.700000 37.945481
73.800000 37.874121
73.900000 37.802829
74.000000 37.731604
74.100000 37.660445
74.200000 37.589354
74.300000 37.518331
74.400000 37.447374
74.500000 37.376485
74.600000 37.305662
74.700000 37.234907
74.800000 37.164219
74.900000 37.093598
75.000000 37.023045
75.100000 36.952558
75.200000 36.882139
75.300000 36.811787
75.400000 36.741502
75.500000 36.671284
75.600000 36.601133
75.700000 36.531049
75.800000 36.461033
75.900000 36.391084
76.000000 36.321202
76.100000 36.251387
76.200000 36.181639
76.300000 36.111959
76.400000 36.042345
76.500000 35.972799
76.600000 35.903320
76.700000 35.833908
76.800000 35.764563
76.900000 35.695286
77.000000 35.626075
77.100000 35.556932
77.200000 35.487856
77.300000 35.418847
77.400000 35.349905
77.500000 35.281031
77.600000 35.212223
77.700000 35.143483
77.800000 35.074810
77.900000 35.006204
78.000000 34.937665
78.100000 34.869193
78.200000 34.800789
78.300000 34.732451
78.400000 34.664181
78.500000 34.595978
78.600000 34.527843
78.700000 34.459774
78.800000 34.391772
78.900000 34.323838
79.000000 34.255971
79.100000 34.188171
79.200000 34.120438
79.300000 34.052772
79.400000 33.985174
79.500000 33.917642
79.600000 33.850178
79.700000 33.782781
79.800000 33.715451
79.900000 33.648188
80.000000 33.580993
80.100000 33.513864
80.200000 33.446803
80.300000 33.379809
80.400000 33.312882
80.500000 33.246022
80.600000 33.179230
80.700000 33.112504
80.800000 33.045846
80.900000 32.979255
81.000000 32.912731
81.100000 32.846274
81.200000 32.779885
81.300000 32.713562
81.400000 32.647307
81.500000 32.581119
81.600000 32.514998
81.700000 32.448944
81.800000 32.382957
81.900000 32.317038
82.000000 32.251186
82.100000 32.185400
82.200000 32.119682
82.300000 32.054032
82.400000 31.988448
82.500000 31.922931
82.600000 31.857482
82.700000 31.792100
82.800000 31.726785
82.900000 31.661537
83.000000 31.596356
83.100000 31.531243
83.200000 31.466196
83.300000 31.401217
83.400000 31.336305
83.500000 31.271460
83.600000 31.206682
83.700000 31.141972
83.800000 31.077328
83.900000 31.012752
84.000000 30.948243
84.100000 30.883801
84.200000 30.819426
84.300000 30.755119
84.400000 30.690878
84.500000 30.626705
84.600000 30.562599
84.700000 30.498560
84.800000 30.434588
84.900000 30.370683
85.000000 30.306846
85.100000 30.243076
85.200000 30.179373
85.300000 30.115737
85.400000 30.052168
85.500000 29.988666
85.600000 29.925232
85.700000 29.861864
85.800000 29.798564
85.900000 29.735331
86.000000 29.672165
86.100000 29.609067
86.200000 29.546035
86.300000 29.483071
86.400000 29.420173
86.500000 29.357343
86.600000 29.294581
86.700000 29.231885
86.800000 29.169256
86.900000 29.106695
87.000000 29.044201
87.100000 28.981774
87.200000 28.919414
87.300000 28.857121
87.400000 28.794895
87.500000 28.732737
87.600000 28.670646
87.700000 28.608622
87.800000 28.546665
87.900000 28.484775
88.000000 28.422952
88.100000 28.361197
88.200000 28.299509
88.300000 28.237887
88.400000 28.176334
88.500000 28.114847
88.600000 28.053427
88.700000 27.992075
88.800000 27.930789
88.900000 27.869571
89.000000 27.808420
89.100000 27.747336
89.200000 27.686320
89.300000 27.625370
89.400000 27.564488
89.500000 27.503673
89.600000 27.442925
89.700000 27.382244
89.800000 27.321630
89.900000 27.261084
90.000000 27.200604
90.100000 27.140192
90.200000 27.079847
90.300000 27.019569
90.400000 26.959358
90.500000 26.899215
90.600000 26.839138
90.700000 26.779129
90.800000 26.719187
90.900000 26.659312
91.000000 26.599504
91.100000 26.539764
91.200000 26.480090
91.300000 26.420484
91.400000 26.360945
91.500000 26.301473
91.600000 26.242068
91.700000 26.182731
91.800000 26.123460
91.900000 26.064257
92.000000 26.005121
92.100000 25.946052
92.200000 25.887050
92.300000 25.828115
92.400000 25.769248
92.500000 25.710448
92.600000 25.651714
92.700000 25.593048
92.800000 25.534450
92.900000 25.475918
93.000000 25.417453
93.100000 25.359056
93.200000 25.300726
93.300000 25.242463
93.400000 25.184267
93.500000 25.126138
93.600000 25.068077
93.700000 25.010082
93.800000 24.952155
93.900000 24.894295
94.000000 24.836502
94.100000 24.778777
94.200000 24.721118
94.300000 24.663527
94.400000 24.606002
94.500000 24.548545
94.600000 24.491155
94.700000 24.433833
94.800000 24.376577
94.900000 24.319389
95.000000 24.262267
95.100000 24.205213
95.200000 24.148226
95.300000 24.091306
95.400000 24.034454
95.500000 23.977668
95.600000 23.920950
95.700000 23.864299
95.800000 23.807715
95.900000 23.751198
96.000000 23.694749
96.100000 23.638366
96.200000 23.582051
96.300000 23.525803
96.400000 23.469622
96.500000 23.413508
96.600000 23.357461
96.700000 23.301482
96.800000 23.245569
96.900000 23.189724
97.000000 23.133946
97.100000 23.078235
97.200000 23.022591
97.300000 22.967015
97.400000 22.911505
97.500000 22.856063
97.600000 22.800688
97.700000 22.745380
97.800000 22.690140
97.900000 22.634966
98.000000 22.579860
98.100000 22.524820
98.200000 22.469848
98.300000 22.414943
98.400000 22.360106
98.500000 22.305335
98.600000 22.250632
98.700000 22.195995
98.800000 22.141426
98.900000 22.086924
99.000000 22.032489
99.100000 21.978122
99.200000 21.923821
99.300000 21.869588
99.400000 21.815422
99.500000 21.761323
99.600000 21.707291
99.700000 21.653326
99.800000 21.599429
99.900000 21.545599
100.000000 21.491835
100.100000 21.438139
100.200000 21.384511
100.300000 21.330949
100.400000 21.277454
100.500000 21.224027
100.600000 21.170667
100.700000 21.117374
100.800000 21.064148
100.900000 21.010989
101.000000 20.957898
101.100000 20.904873
101.200000 20.851916
101.300000 20.799026
101.400000 20.746203
101.500000 20.693447
101.600000 20.640759
101.700000 20.588137
101.800000 20.535583
101.900000 20.483096
102.000000 20.430676
102.100000 20.378323
102.200000 20.326038
102.300000 20.273819
102.400000 20.221668
102.500000 20.169584
102.600000 20.117567
102.700000 20.065617
102.800000 20.013734
102.900000 19.961919
103.000000 19.910171
103.100000 19.858490
103.200000 19.806876
103.300000 19.755329
103.400000 19.703849
103.500000 19.652437
103.600000 19.601091
103.700000 19.549813
103.800000 19.498602
103.900000 19.447458
104.000000 19.396381
104.100000 19.345372
104.200000 19.294430
104.300000 19.243554
104.400000 19.192746
104.500000 19.142005
104.600000 19.091332
104.700000 19.040725
104.800000 18.990186
104.900000 18.939714
105.000000 18.889308
105.100000 18.838971
105.200000 18.788700
105.300000 18.738496
105.400000 18.688360
105.500000 18.638291
105.600000 18.588288
105.700000 18.538354
105.800000 18.488486
105.900000 18.438685
106.000000 18.388952
106.100000 18.339285
106.200000 18.289686
106.300000 18.240154
106.400000 18.190689
106.500000 18.141292
106.600000 18.091961
106.700000 18.042698
106.800000 17.993502
106.900000 17.944373
107.000000 17.895311
107.100000 17.846316
107.200000 17.797389
107.300000 17.748529
107.400000 17.699735
107.500000 17.651009
107.600000 17.602350
107.700000 17.553759
107.800000 17.505234
107.900000 17.456777
108.000000 17.408387
108.100000 17.360064
108.200000 17.311808
108.300000 17.263619
108.400000 17.215497
108.500000 17.167443
108.600000 17.119456
108.700000 17.071536
108.800000 17.023683
108.900000 16.975897
109.000000 16.928178
109.100000 16.880527
109.200000 16.832943
109.300000 16.785426
109.400000 16.737976
109.500000 16.690593
109.600000 16.643277
109.700000 16.596029
109.800000 16.548848
109.900000 16.501733
110.000000 16.454686
110.100000 16.407707
110.200000 16.360794
110.300000 16.313949
110.400000 16.267170
110.500000 16.220459
110.600000 16.173815
110.700000 16.127238
110.800000 16.080729
110.900000 16.034286
111.000000 15.987911
111.100000 15.941602
111.200000 15.895361
111.300000 15.849188
111.400000 15.803081
111.500000 15.757041
111.600000 15.711069
111.700000 15.665164
111.800000 15.619326
111.900000 15.573555
112.000000 15.527851
112.100000 15.482215
112.200000 15.436645
112.300000 15.391143
112.400000 15.345708
112.500000 15.300340
112.600000 15.255039
112.700000 15.209806
112.800000 15.164639
112.900000 15.119540
113.000000 15.074508
113.100000 15.029543
113.200000 14.984645
113.300000 14.939814
113.400000 14.895051
113.500000 14.850355
113.600000 14.805725
113.700000 14.761163
113.800000 14.716669
113.900000 14.672241
114.000000 14.627880
114.100000 14.583587
114.200000 14.539361
114.300000 14.495202
114.400000 14.451110
114.500000 14.407085
114.600000 14.363128
114.700000 14.319238
114.800000 14.275414
114.900000 14.231658
115.000000 14.187969
115.100000 14.144348
115.200000 14.100793
115.300000 14.057306
115.400000 14.013886
115.500000 13.970533
115.600000 13.927247
115.700000 13.884028
115.800000 13.840876
115.900000 13.797792
116.000000 13.754775
116.100000 13.711825
116.200000 13.668942
116.300000 13.626126
116.400000 13.583377
116.500000 13.540696
116.600000 13.498082
116.700000 13.455534
116.800000 13.413054
116.900000 13.370642
117.000000 13.328296
117.100000 13.286018
117.200000 13.243806
117.300000 13.201662
117.400000 13.159585
117.500000 13.117575
117.600000 13.075633
117.700000 13.033757
117.800000 12.991949
117.900000 12.950208
118.000000 12.908534
118.100000 12.866927
118.200000 12.825387
118.300000 12.783915
118.400000 12.742509
118.500000 12.701171
118.600000 12.659900
118.700000 12.618696
118.800000 12.577559
118.900000 12.536490
119.000000 12.495487
119.100000 12.454552
119.200000 12.413684
119.300000 12.372883
119.400000 12.332149
119.500000 12.291483
119.600000 12.250883
119.700000 12.210351
119.800000 12.169886
119.900000 12.129488
120.000000 12.089157
120.100000 12.048894
120.200000 12.008697
120.300000 11.968568
120.400000 11.928506
120.500000 11.888511
120.600000 11.848583
120.700000 11.808723
120.800000 11.768929
120.900000 11.729203
121.000000 11.689544
121.100000 11.649952
121.200000 11.610427
121.300000 11.570969
121.400000 11.531579
121.500000 11.492255
121.600000 11.452999
121.700000 11.413810
121.800000 11.374688
121.900000 11.335634
122.000000 11.296646
122.100000 11.257726
122.200000 11.218872
122.300000 11.180086
122.400000 11.141367
122.500000 11.102716
122.600000 11.064131
122.700000 11.025614
122.800000 10.987164
122.900000 10.948780
123.000000 10.910465
123.100000 10.872216
123.200000 10.834034
123.300000 10.795920
123.400000 10.757873
123.500000 10.719892
123.600000 10.681979
123.700000 10.644134
123.800000 10.606355
123.900000 10.568644
124.000000 10.530999
124.100000 10.493422
124.200000 10.455912
124.300000 10.418469
124.400000 10.381094
124.500000 10.343785
124.600000 10.306544
124.700000 10.269370
124.800000 10.232263
124.900000 10.195223
125.000000 10.158250
125.100000 10.121345
125.200000 10.084506
125.300000 10.047735
125.400000 10.011031
125.500000 9.974394
125.600000 9.937825
125.700000 9.901322
125.800000 9.864887
125.900000 9.828519
126.000000 9.792218
126.100000 9.755984
126.200000 9.719817
126.300000 9.683717
126.400000 9.647685
126.500000 9.611720
126.600000 9.575822
126.700000 9.539991
126.800000 9.504227
126.900000 9.468530
127.000000 9.432901
127.100000 9.397339
127.200000 9.361844
127.300000 9.326416
127.400000 9.291055
127.500000 9.255761
127.600000 9.220535
127.700000 9.185375
127.800000 9.150283
127.900000 9.115258
128.000000 9.080300
128.100000 9.045410
128.200000 9.010586
128.300000 8.975830
128.400000 8.941141
128.500000 8.906519
128.600000 8.871964
128.700000 8.837476
128.800000 8.803056
128.900000 8.768702
129.000000 8.734416
129.100000 8.700197
129.200000 8.666045
129.300000 8.631961
129.400000 8.597943
129.500000 8.563993
129.600000 8.530109
129.700000 8.496293
129.800000 8.462545
129.900000 8.428863
130.000000 8.395248
130.100000 8.361701
130.200000 8.328221
130.300000 8.294807
130.400000 8.261462
130.500000 8.228183
130.600000 8.194971
130.700000 8.161827
130.800000 8.128749
130.900000 8.095739
131.000000 8.062796
131.100000 8.029921
131.200000 7.997112
131.300000 7.964370
131.400000 7.931696
131.500000 7.899089
131.600000 7.866549
131.700000 7.834076
131.800000 7.801671
131.900000 7.769332
132.000000 7.737061
132.100000 7.704857
132.200000 7.672720
132.300000 7.640650
132.400000 7.608647
132.500000 7.576712
132.600000 7.544843
132.700000 7.513042
132.800000 7.481308
132.900000 7.449641
133.000000 7.418041
133.100000 7.386509
133.200000 7.355043
133.300000 7.323645
133.400000 7.292314
133.500000 7.261050
133.600000 7.229853
133.700000 7.198724
133.800000 7.167661
133.900000 7.136666
134.000000 7.105738
134.100000 7.074877
134.200000 7.044083
134.300000 7.013357
134.400000 6.982697
134.500000 6.952105
134.600000 6.921580
134.700000 6.891122
134.800000 6.860731
134.900000 6.830408
135.000000 6.800151
135.100000 6.769962
135.200000 6.739840
135.300000 6.709785
135.400000 6.679797
135.500000 6.649876
135.600000 6.620023
135.700000 6.590236
135.800000 6.560517
135.900000 6.530865
136.000000 6.501280
136.100000 6.471763
136.200000 6.442312
136.300000 6.412929
136.400000 6.383612
136.500000 6.354363
136.600000 6.325181
136.700000 6.296067
136.800000 6.267019
136.900000 6.238039
137.000000 6.209126
137.100000 6.180280
137.200000 6.151501
137.300000 6.122789
137.400000 6.094144
137.500000 6.065567
137.600000 6.037057
137.700000 6.008613
137.800000 5.980238
137.900000 5.951929
138.000000 5.923687
138.100000 5.895513
138.200000 5.867405
138.300000 5.839365
138.400000 5.811392
138.500000 5.783486
138.600000 5.755648
138.700000 5.727876
138.800000 5.700172
138.900000 5.672535
139.000000 5.644965
139.100000 5.617462
139.200000 5.590026
139.300000 5.562658
139.400000 5.535357
139.500000 5.508122
139.600000 5.480955
139.700000 5.453855
139.800000 5.426823
139.900000 5.399857
140.000000 5.372959
140.100000 5.346128
140.200000 5.319364
140.300000 5.292667
140.400000 5.266037
140.500000 5.239474
140.600000 5.212979
140.700000 5.186551
140.800000 5.160190
140.900000 5.133896
141.000000 5.107669
141.100000 5.081509
141.200000 5.055417
141.300000 5.029392
141.400000 5.003434
141.500000 4.977543
141.600000 4.951719
141.700000 4.925962
141.800000 4.900273
141.900000 4.874651
142.000000 4.849095
142.100000 4.823607
142.200000 4.798187
142.300000 4.772833
142.400000 4.747546
142.500000 4.722327
142.600000 4.697175
142.700000 4.672090
142.800000 4.647072
142.900000 4.622121
143.000000 4.597238
143.100000 4.572422
143.200000 4.547672
143.300000 4.522990
143.400000 4.498375
143.500000 4.473828
143.600000 4.449347
143.700000 4.424934
143.800000 4.400588
143.900000 4.376309
144.000000 4.352097
144.100000 4.327952
144.200000 4.303874
144.300000 4.279864
144.400000 4.255921
144.500000 4.232045
144.600000 4.208236
144.700000 4.184494
144.800000 4.160819
144.900000 4.137212
145.000000 4.113672
145.100000 4.090199
145.200000 4.066793
145.300000 4.043454
145.400000 4.020182
145.500000 3.996978
145.600000 3.973840
145.700000 3.950770
145.800000 3.927767
145.900000 3.904831
146.000000 3.881963
146.100000 3.859161
146.200000 3.836427
146.300000 3.813760
146.400000 3.791160
146.500000 3.768627
146.600000 3.746161
146.700000 3.723763
146.800000 3.701431
146.900000 3.679167
147.000000 3.656970
147.100000 3.634840
147.200000 3.612778
147.300000 3.590782
147.400000 3.568854
147.500000 3.546992
147.600000 3.525198
147.700000 3.503471
147.800000 3.481812
147.900000 3.460219
148.000000 3.438694
148.100000 3.417235
148.200000 3.395844
148.300000 3.374520
148.400000 3.353264
148.500000 3.332074
148.600000 3.310952
148.700000 3.289896
148.800000 3.268908
148.900000 3.247987
149.000000 3.227133
149.100000 3.206347
149.200000 3.185627
149.300000 3.164975
149.400000 3.144390
149.500000 3.123872
149.600000 3.103421
149.700000 3.083037
149.800000 3.062721
149.900000 3.042472
150.000000 3.022289
150.100000 3.002174
150.200000 2.982126
150.300000 2.962146
150.400000 2.942232
150.500000 2.922386
150.600000 2.902607
150.700000 2.882895
150.800000 2.863250
150.900000 2.843672
151.000000 2.824161
151.100000 2.804718
151.200000 2.785342
151.300000 2.766033
151.400000 2.746791
151.500000 2.727616
151.600000 2.708509
151.700000 2.689468
151.800000 2.670495
151.900000 2.651589
152.000000 2.632750
152.100000 2.613978
152.200000 2.595273
152.300000 2.576636
152.400000 2.558066
152.500000 2.539563
152.600000 2.521127
152.700000 2.502758
152.800000 2.484456
152.900000 2.466222
153.000000 2.448054
153.100000 2.429954
153.200000 2.411921
153.300000 2.393955
153.400000 2.376057
153.500000 2.358225
153.600000 2.340461
153.700000 2.322764
153.800000 2.305134
153.900000 2.287571
154.000000 2.270075
154.100000 2.252647
154.200000 2.235285
154.300000 2.217991
154.400000 2.200764
154.500000 2.183604
154.600000 2.166511
154.700000 2.149486
154.800000 2.132527
154.900000 2.115636
155.000000 2.098812
155.100000 2.082055
155.200000 2.065365
155.300000 2.048743
155.400000 2.032187
155.500000 2.015699
155.600000 1.999278
155.700000 1.982924
155.800000 1.966637
155.900000 1.950418
156.000000 1.934265
156.100000 1.918180
156.200000 1.902162
156.300000 1.886211
156.400000 1.870327
156.500000 1.854510
156.600000 1.838761
156.700000 1.823079
156.800000 1.807463
156.900000 1.791915
157.000000 1.776435
157.100000 1.761021
157.200000 1.745674
157.300000 1.730395
157.400000 1.715183
157.500000 1.700038
157.600000 1.684960
157.700000 1.669949
157.800000 1.655006
157.900000 1.640129
158.000000 1.625320
158.100000 1.610578
158.200000 1.595903
158.300000 1.581295
158.400000 1.566755
158.500000 1.552281
158.600000 1.537875
158.700000 1.523536
158.800000 1.509264
158.900000 1.495059
159.000000 1.480922
159.100000 1.466851
159.200000 1.452848
159.300000 1.438912
159.400000 1.425043
159.500000 1.411241
159.600000 1.397507
159.700000 1.383839
159.800000 1.370239
159.900000 1.356706
160.000000 1.343240
160.100000 1.329841
160.200000 1.316509
160.300000 1.303245
160.400000 1.290047
160.500000 1.276917
160.600000 1.263854
160.700000 1.250858
160.800000 1.237930
160.900000 1.225068
161.000000 1.212274
161.100000 1.199547
161.200000 1.186887
161.300000 1.174294
161.400000 1.161768
161.500000 1.149309
161.600000 1.136918
161.700000 1.124594
161.800000 1.112337
161.900000 1.100147
162.000000 1.088024
162.100000 1.075969
162.200000 1.063980
162.300000 1.052059
162.400000 1.040205
162.500000 1.028418
162.600000 1.016698
162.700000 1.005046
162.800000 0.993460
162.900000 0.981942
163.000000 0.970491
163.100000 0.959107
163.200000 0.947790
163.300000 0.936540
163.400000 0.925358
163.500000 0.914243
163.600000 0.903194
163.700000 0.892213
163.800000 0.881300
163.900000 0.870453
164.000000 0.859673
164.100000 0.848961
164.200000 0.838316
164.300000 0.827738
164.400000 0.817227
164.500000 0.806783
164.600000 0.796407
164.700000 0.786097
164.800000 0.775855
164.900000 0.765680
165.000000 0.755572
165.100000 0.745532
165.200000 0.735558
165.300000 0.725652
165.400000 0.715812
165.500000 0.706040
165.600000 0.696335
165.700000 0.686698
165.800000 0.677127
165.900000 0.667624
166.000000 0.658187
166.100000 0.648818
166.200000 0.639516
166.300000 0.630282
166.400000 0.621114
166.500000 0.612014
166.600000 0.602980
166.700000 0.594014
166.800000 0.585115
166.900000 0.576283
167.000000 0.567519
167.100000 0.558821
167.200000 0.550191
167.300000 0.541628
167.400000 0.533132
167.500000 0.524703
167.600000 0.516341
167.700000 0.508047
167.800000 0.499819
167.900000 0.491659
168.000000 0.483566
168.100000 0.475540
168.200000 0.467582
168.300000 0.459690
168.400000 0.451866
168.500000 0.444109
168.600000 0.436419
168.700000 0.428796
168.800000 0.421240
168.900000 0.413751
169.000000 0.406330
169.100000 0.398976
169.200000 0.391689
169.300000 0.384469
169.400000 0.377316
169.500000 0.370230
169.600000 0.363212
169.700000 0.356261
169.800000 0.349377
169.900000 0.342560
170.000000 0.335810
170.100000 0.329127
170.200000 0.322512
170.300000 0.315964
170.400000 0.309482
170.500000 0.303068
170.600000 0.296722
170.700000 0.290442
170.800000 0.284230
170.900000 0.278084
171.000000 0.272006
171.100000 0.265995
171.200000 0.260051
171.300000 0.254175
171.400000 0.248365
171.500000 0.242623
171.600000 0.236947
171.700000 0.231339
171.800000 0.225799
171.900000 0.220325
172.000000 0.214918
172.100000 0.209579
172.200000 0.204307
172.300000 0.199102
172.400000 0.193964
172.500000 0.188893
172.600000 0.183890
172.700000 0.178953
172.800000 0.174084
172.900000 0.169282
173.000000 0.164547
173.100000 0.159879
173.200000 0.155279
173.300000 0.150745
173.400000 0.146279
173.500000 0.141880
173.600000 0.137548
173.700000 0.133283
173.800000 0.129085
173.900000 0.124955
174.000000 0.120892
174.100000 0.116895
174.200000 0.112966
174.300000 0.109105
174.400000 0.105310
174.500000 0.101583
174.600000 0.097922
174.700000 0.094329
174.800000 0.090803
174.900000 0.087344
175.000000 0.083952
175.100000 0.080628
175.200000 0.077371
175.300000 0.074180
175.400000 0.071057
175.500000 0.068002
175.600000 0.065013
175.700000 0.062091
175.800000 0.059237
175.900000 0.056450
176.000000 0.053730
176.100000 0.051077
176.200000 0.048491
176.300000 0.045972
176.400000 0.043521
176.500000 0.041137
176.600000 0.038820
176.700000 0.036570
176.800000 0.034387
176.900000 0.032271
177.000000 0.030223
177.100000 0.028242
177.200000 0.026327
177.300000 0.024481
177.400000 0.022701
177.500000 0.020988
177.600000 0.019343
177.700000 0.017764
177.800000 0.016253
177.900000 0.014809
178.000000 0.013432
178.100000 0.012123
178.200000 0.010880
178.300000 0.009705
178.400000 0.008597
178.500000 0.007556
178.600000 0.006582
178.700000 0.005675
178.800000 0.004836
178.900000 0.004063
179.000000 0.003358
179.100000 0.002720
179.200000 0.002149
179.300000 0.001645
179.400000 0.001209
179.500000 0.000840
179.600000 0.000537
179.700000 0.000302
179.800000 0.000134
179.900000 0.000034
180.000000 0.000000
180.100000 0.000034
180.200000 0.000134
180.300000 0.000302
180.400000 0.000537
180.500000 0.000840
180.600000 0.001209
180.700000 0.001645
180.800000 0.002149
180.900000 0.002720
181.000000 0.003358
