-180.000000 246.844369
-179.900000 247.183750
-179.800000 247.523365
-179.700000 247.863213
-179.600000 248.203293
-179.500000 248.543607
-179.400000 248.884154
-179.300000 249.224934
-179.200000 249.565948
-179.100000 249.907194
-179.000000 250.248674
-178.900000 250.590387
-178.800000 250.932333
-178.700000 251.274512
-178.600000 251.616924
-178.500000 251.959569
-178.400000 252.302448
-178.300000 252.645560
-178.200000 252.988904
-178.100000 253.332482
-178.000000 253.676293
-177.900000 254.020338
-177.800000 254.364615
-177.700000 254.709126
-177.600000 255.053869
-177.500000 255.398846
-177.400000 255.744056
-177.300000 256.089499
-177.200000 256.435175
-177.100000 256.781085
-177.000000 257.127227
-176.900000 257.473603
-176.800000 257.820212
-176.700000 258.167054
-176.600000 258.514129
-176.500000 258.861437
-176.400000 259.208978
-176.300000 259.556753
-176.200000 259.904761
-176.100000 260.253001
-176.000000 260.601475
-175.900000 260.950182
-175.800000 261.299123
-175.700000 261.648296
-175.600000 261.997703
-175.500000 262.347342
-175.400000 262.697215
-175.300000 263.047321
-175.200000 263.397660
-175.100000 263.748233
-175.000000 264.099038
-174.900000 264.450076
-174.800000 264.801348
-174.700000 265.152853
-174.600000 265.504591
-174.500000 265.856562
-174.400000 266.208766
-174.300000 266.561204
-174.200000 266.913874
-174.100000 267.266778
-174.000000 267.619915
-173.900000 267.973285
-173.800000 268.326888
-173.700000 268.680724
-173.600000 269.034794
-173.500000 269.389096
-173.400000 269.743632
-173.300000 270.098401
-173.200000 270.453403
-173.100000 270.808638
-173.000000 271.164106
-172.900000 271.519808
-172.800000 271.875742
-172.700000 272.231910
-172.600000 272.588311
-172.500000 272.944945
-172.400000 273.301812
-172.300000 273.658912
-172.200000 274.016246
-172.100000 274.373812
-172.000000 274.731612
-171.900000 275.089645
-171.800000 275.447911
-171.700000 275.806410
-171.600000 276.165143
-171.500000 276.524108
-171.400000 276.883307
-171.300000 277.242738
-171.200000 277.602403
-171.100000 277.962301
-171.000000 278.322432
-170.900000 278.682797
-170.800000 279.043394
-170.700000 279.404225
-170.600000 279.765288
-170.500000 280.126585
-170.400000 280.488115
-170.300000 280.849879
-170.200000 281.211875
-170.100000 281.574104
-170.000000 281.936567
-169.900000 282.299263
-169.800000 282.662192
-169.700000 283.025354
-169.600000 283.388749
-169.500000 283.752377
-169.400000 284.116239
-169.300000 284.480333
-169.200000 284.844661
-169.100000 285.209222
-169.000000 285.574016
-168.900000 285.939043
-168.800000 286.304304
-168.700000 286.669797
-168.600000 287.035524
-168.500000 287.401483
-168.400000 287.767676
-168.300000 288.134102
-168.200000 288.500762
-168.100000 288.867654
-168.000000 289.234779
-167.900000 289.602138
-167.800000 289.969730
-167.700000 290.337555
-167.600000 290.705613
-167.500000 291.073904
-167.400000 291.442428
-167.300000 291.811186
-167.200000 292.180177
-167.100000 292.549400
-167.000000 292.918857
-166.900000 293.288547
-166.800000 293.658471
-166.700000 294.028627
-166.600000 294.399016
-166.500000 294.769639
-166.400000 295.140495
-166.300000 295.511584
-166.200000 295.882906
-166.100000 296.254461
-166.000000 296.626249
-165.900000 296.998271
-165.800000 297.370526
-165.700000 297.743013
-165.600000 298.115734
-165.500000 298.488688
-165.400000 298.861876
-165.300000 299.235296
-165.200000 299.608950
-165.100000 299.982836
-165.000000 300.356956
-164.900000 300.731309
-164.800000 301.105895
-164.700000 301.480714
-164.600000 301.855767
-164.500000 302.231052
-164.400000 302.606571
-164.300000 302.982323
-164.200000 303.358308
-164.100000 303.734526
-164.000000 304.110977
-163.900000 304.487662
-163.800000 304.864579
-163.700000 305.241730
-163.600000 305.619114
-163.500000 305.996731
-163.400000 306.374581
-163.300000 306.752664
-163.200000 307.130980
-163.100000 307.509530
-163.000000 307.888313
-162.900000 308.267328
-162.800000 308.646577
-162.700000 309.026060
-162.600000 309.405775
-162.500000 309.785723
-162.400000 310.165905
-162.300000 310.546319
-162.200000 310.926967
-162.100000 311.307848
-162.000000 311.688962
-161.900000 312.070310
-161.800000 312.451890
-161.700000 312.833704
-161.600000 313.215750
-161.500000 313.598030
-161.400000 313.980543
-161.300000 314.363289
-161.200000 314.746269
-161.100000 315.129481
-161.000000 315.512927
-160.900000 315.896605
-160.800000 316.280517
-160.700000 316.664662
-160.600000 317.049040
-160.500000 317.433652
-160.400000 317.818496
-160.300000 318.203574
-160.200000 318.588884
-160.100000 318.974428
-160.000000 319.360205
-159.900000 319.746215
-159.800000 320.132459
-159.700000 320.518935
-159.600000 320.905645
-159.500000 321.292588
-159.400000 321.679763
-159.300000 322.067172
-159.200000 322.454815
-159.100000 322.842690
-159.000000 323.230798
-158.900000 323.619140
-158.800000 324.007715
-158.700000 324.396523
-158.600000 324.785564
-158.500000 325.174838
-158.400000 325.564345
-158.300000 325.954086
-158.200000 326.344059
-158.100000 326.734266
-158.000000 327.124706
-157.900000 327.515379
-157.800000 327.906285
-157.700000 328.297424
-157.600000 328.688797
-157.500000 329.080402
-157.400000 329.472241
-157.300000 329.864313
-157.200000 330.256618
-157.100000 330.649156
-157.000000 331.041928
-156.900000 331.434932
-156.800000 331.828170
-156.700000 332.221641
-156.600000 332.615344
-156.500000 333.009282
-156.400000 333.403452
-156.300000 333.797855
-156.200000 334.192492
-156.100000 334.587361
-156.000000 334.982464
-155.900000 335.377800
-155.800000 335.773369
-155.700000 336.169171
-155.600000 336.565207
-155.500000 336.961475
-155.400000 337.357977
-155.300000 337.754711
-155.200000 338.151679
-155.100000 338.548880
-155.000000 338.946315
-154.900000 339.343982
-154.800000 339.741883
-154.700000 340.140016
-154.600000 340.538383
-154.500000 340.936983
-154.400000 341.335816
-154.300000 341.734882
-154.200000 342.134182
-154.100000 342.533714
-154.000000 342.933480
-153.900000 343.333479
-153.800000 343.733710
-153.700000 344.134176
-153.600000 344.534874
-153.500000 344.935805
-153.400000 345.336970
-153.300000 345.738367
-153.200000 346.139998
-153.100000 346.541862
-153.000000 346.943959
-152.900000 347.346289
-152.800000 347.748853
-152.700000 348.151649
-152.600000 348.554679
-152.500000 348.957942
-152.400000 349.361438
-152.300000 349.765167
-152.200000 350.169129
-152.100000 350.573325
-152.000000 350.977753
-151.900000 351.382415
-151.800000 351.787310
-151.700000 352.192438
-151.600000 352.597799
-151.500000 353.003393
-151.400000 353.409220
-151.300000 353.815281
-151.200000 354.221575
-151.100000 354.628101
-151.000000 355.034861
-150.900000 355.441855
-150.800000 355.849081
-150.700000 356.256540
-150.600000 356.664233
-150.500000 357.072158
-150.400000 357.480317
-150.300000 357.888709
-150.200000 358.297334
-150.100000 358.706193
-150.000000 359.115284
-149.900000 359.524609
-149.800000 359.934166
-149.700000 360.343957
-149.600000 360.753981
-149.500000 361.164238
-149.400000 361.574729
-149.300000 361.985452
-149.200000 362.396409
-149.100000 362.807598
-149.000000 363.219021
-148.900000 363.630677
-148.800000 364.042566
-148.700000 364.454689
-148.600000 364.867044
-148.500000 365.279633
-148.400000 365.692454
-148.300000 366.105509
-148.200000 366.518797
-148.100000 366.932318
-148.000000 367.346073
-147.900000 367.760060
-147.800000 368.174281
-147.700000 368.588734
-147.600000 369.003421
-147.500000 369.418341
-147.400000 369.833495
-147.300000 370.248881
-147.200000 370.664500
-147.100000 371.080353
-147.000000 371.496439
-146.900000 371.912757
-146.800000 372.329310
-146.700000 372.746095
-146.600000 373.163113
-146.500000 373.580364
-146.400000 373.997849
-146.300000 374.415567
-146.200000 374.833518
-146.100000 375.251702
-146.000000 375.670119
-145.900000 376.088769
-145.800000 376.507653
-145.700000 376.926769
-145.600000 377.346119
-145.500000 377.620992
-145.400000 377.201489
-145.300000 376.782220
-145.200000 376.363184
-145.100000 375.944381
-145.000000 375.525811
-144.900000 375.107474
-144.800000 374.689370
-144.700000 374.271500
-144.600000 373.853863
-144.500000 373.436458
-144.400000 373.019287
-144.300000 372.602349
-144.200000 372.185645
-144.100000 371.769173
-144.000000 371.352934
-143.900000 370.936929
-143.800000 370.521157
-143.700000 370.105618
-143.600000 369.690312
-143.500000 369.275239
-143.400000 368.860400
-143.300000 368.445793
-143.200000 368.031420
-143.100000 367.617280
-143.000000 367.203372
-142.900000 366.789699
-142.800000 366.376258
-142.700000 365.963050
-142.600000 365.550076
-142.500000 365.137334
-142.400000 364.724826
-142.300000 364.312551
-142.200000 363.900509
-142.100000 363.488701
-142.000000 363.077125
-141.900000 362.665782
-141.800000 362.254673
-141.700000 361.843797
-141.600000 361.433154
-141.500000 361.022744
-141.400000 360.612567
-141.300000 360.202624
-141.200000 359.792913
-141.100000 359.383436
-141.000000 358.974192
-140.900000 358.565181
-140.800000 358.156403
-140.700000 357.747858
-140.600000 357.339547
-140.500000 356.931468
-140.400000 356.523623
-140.300000 356.116011
-140.200000 355.708632
-140.100000 355.301486
-140.000000 354.894573
-139.900000 354.487893
-139.800000 354.081447
-139.700000 353.675234
-139.600000 353.269254
-139.500000 352.863507
-139.400000 352.457993
-139.300000 352.052712
-139.200000 351.647664
-139.100000 351.242850
-139.000000 350.838269
-138.900000 350.433921
-138.800000 350.029806
-138.700000 349.625924
-138.600000 349.222275
-138.500000 348.818859
-138.400000 348.415677
-138.300000 348.012728
-138.200000 347.610012
-138.100000 347.207529
-138.000000 346.805279
-137.900000 346.403262
-137.800000 346.001478
-137.700000 345.599928
-137.600000 345.198611
-137.500000 344.797527
-137.400000 344.396676
-137.300000 343.996058
-137.200000 343.595673
-137.100000 343.195522
-137.000000 342.795603
-136.900000 342.395918
-136.800000 341.996466
-136.700000 341.597247
-136.600000 341.198261
-136.500000 340.799508
-136.400000 340.400989
-136.300000 340.002702
-136.200000 339.604649
-136.100000 339.206829
-136.000000 338.809242
-135.900000 338.411888
-135.800000 338.014768
-135.700000 337.617880
-135.600000 337.221226
-135.500000 336.824804
-135.400000 336.428616
-135.300000 336.032661
-135.200000 335.636940
-135.100000 335.241451
-135.000000 334.846195
-134.900000 334.451173
-134.800000 334.056384
-134.700000 333.661828
-134.600000 333.267505
-134.500000 332.873415
-134.400000 332.479558
-134.300000 332.085935
-134.200000 331.692544
-134.100000 331.299387
-134.000000 330.906463
-133.900000 330.513772
-133.800000 330.121314
-133.700000 329.729090
-133.600000 329.337098
-133.500000 328.945340
-133.400000 328.553815
-133.300000 328.162522
-133.200000 327.771463
-133.100000 327.380638
-133.000000 326.990045
-132.900000 326.599686
-132.800000 326.209559
-132.700000 325.819666
-132.600000 325.430006
-132.500000 325.040579
-132.400000 324.651385
-132.300000 324.262425
-132.200000 323.873697
-132.100000 323.485203
-132.000000 323.096942
-131.900000 322.708913
-131.800000 322.321119
-131.700000 321.933557
-131.600000 321.546228
-131.500000 321.159133
-131.400000 320.772270
-131.300000 320.385641
-131.200000 319.999245
-131.100000 319.613082
-131.000000 319.227152
-130.900000 318.841456
-130.800000 318.455992
-130.700000 318.070762
-130.600000 317.685765
-130.500000 317.301001
-130.400000 316.916470
-130.300000 316.532172
-130.200000 316.148108
-130.100000 315.764276
-130.000000 315.380678
-129.900000 314.997313
-129.800000 314.614181
-129.700000 314.231282
-129.600000 313.848616
-129.500000 313.466183
-129.400000 313.083984
-129.300000 312.702017
-129.200000 312.320284
-129.100000 311.938784
-129.000000 311.557517
-128.900000 311.176484
-128.800000 310.795683
-128.700000 310.415116
-128.600000 310.034781
-128.500000 309.654680
-128.400000 309.274812
-128.300000 308.895177
-128.200000 308.515776
-128.100000 308.136607
-128.000000 307.757672
-127.900000 307.378969
-127.800000 307.000500
-127.700000 306.622264
-127.600000 306.244261
-127.500000 305.866491
-127.400000 305.488955
-127.300000 305.111651
-127.200000 304.734581
-127.100000 304.357744
-127.000000 303.981140
-126.900000 303.604769
-126.800000 303.228631
-126.700000 302.852727
-126.600000 302.477055
-126.500000 302.101617
-126.400000 301.726412
-126.300000 301.351440
-126.200000 300.976701
-126.100000 300.602195
-126.000000 300.227923
-125.900000 299.853884
-125.800000 299.480077
-125.700000 299.106504
-125.600000 298.733164
-125.500000 298.360057
-125.400000 297.987184
-125.300000 297.614543
-125.200000 297.242136
-125.100000 296.869961
-125.000000 296.498020
-124.900000 296.126312
-124.800000 295.754837
-124.700000 295.383596
-124.600000 295.012587
-124.500000 294.641812
-124.400000 294.271270
-124.300000 293.900960
-124.200000 293.530884
-124.100000 293.161042
-124.000000 292.791432
-123.900000 292.422055
-123.800000 292.052912
-123.700000 291.684002
-123.600000 291.315325
-123.500000 290.946881
-123.400000 290.578670
-123.300000 290.210692
-123.200000 289.842948
-123.100000 289.475436
-123.000000 289.108158
-122.900000 288.741113
-122.800000 288.374301
-122.700000 288.007722
-122.600000 287.641377
-122.500000 287.275264
-122.400000 286.909385
-122.300000 286.543738
-122.200000 286.178325
-122.100000 285.813145
-122.000000 285.448199
-121.900000 285.083485
-121.800000 284.719004
-121.700000 284.354757
-121.600000 283.990743
-121.500000 283.626962
-121.400000 283.263414
-121.300000 282.900099
-121.200000 282.537017
-121.100000 282.174169
-121.000000 281.811554
-120.900000 281.449171
-120.800000 281.087022
-120.700000 280.725106
-120.600000 280.363424
-120.500000 280.001974
-120.400000 279.640757
-120.300000 279.279774
-120.200000 278.919024
-120.100000 278.558507
-120.000000 278.198223
-119.900000 277.838172
-119.800000 277.478354
-119.700000 277.118770
-119.600000 276.759419
-119.500000 276.400300
-119.400000 276.041415
-119.300000 275.682763
-119.200000 275.324345
-119.100000 274.966159
-119.000000 274.608207
-118.900000 274.250487
-118.800000 273.893001
-118.700000 273.535748
-118.600000 273.178728
-118.500000 272.821941
-118.400000 272.465388
-118.300000 272.109067
-118.200000 271.752980
-118.100000 271.397126
-118.000000 271.041505
-117.900000 270.686117
-117.800000 270.330962
-117.700000 269.976040
-117.600000 269.621352
-117.500000 269.266897
-117.400000 268.912675
-117.300000 268.558686
-117.200000 268.204930
-117.100000 267.851407
-117.000000 267.498117
-116.900000 267.145061
-116.800000 266.792238
-116.700000 266.439647
-116.600000 266.087290
-116.500000 265.735166
-116.400000 265.383276
-116.300000 265.031618
-116.200000 264.680194
-116.100000 264.329002
-116.000000 263.978044
-115.900000 263.627319
-115.800000 263.276827
-115.700000 262.926569
-115.600000 262.576543
-115.500000 262.226751
-115.400000 261.877191
-115.300000 261.527865
-115.200000 261.178772
-115.100000 260.829912
-115.000000 260.481286
-114.900000 260.132892
-114.800000 259.784732
-114.700000 259.436804
-114.600000 259.089110
-114.500000 258.741649
-114.400000 258.394421
-114.300000 258.047427
-114.200000 257.700665
-114.100000 257.354137
-114.000000 257.007841
-113.900000 256.661779
-113.800000 256.315950
-113.700000 255.970354
-113.600000 255.624992
-113.500000 255.279862
-113.400000 254.934966
-113.300000 254.590302
-113.200000 254.245872
-113.100000 253.901675
-113.000000 253.557711
-112.900000 253.213981
-112.800000 252.870483
-112.700000 252.527219
-112.600000 252.184188
-112.500000 251.841389
-112.400000 251.498825
-112.300000 251.156493
-112.200000 250.814394
-112.100000 250.472528
-112.000000 250.130896
-111.900000 249.789497
-111.800000 249.448331
-111.700000 249.107398
-111.600000 248.766698
-111.500000 248.426231
-111.400000 248.085998
-111.300000 247.745997
-111.200000 247.406230
-111.100000 247.066696
-111.000000 246.727395
-110.900000 246.388327
-110.800000 246.049493
-110.700000 245.710891
-110.600000 245.372523
-110.500000 245.034387
-110.400000 244.696485
-110.300000 244.358816
-110.200000 244.021381
-110.100000 243.684178
-110.000000 243.347208
-109.900000 243.010472
-109.800000 242.673969
-109.700000 242.337699
-109.600000 242.001662
-109.500000 241.665858
-109.400000 241.330287
-109.300000 240.994950
-109.200000 240.659845
-109.100000 240.324974
-109.000000 239.990336
-108.900000 239.655931
-108.800000 239.321759
-108.700000 238.987821
-108.600000 238.654115
-108.500000 238.320643
-108.400000 237.987404
-108.300000 237.654398
-108.200000 237.321625
-108.100000 236.989085
-108.000000 236.656778
-107.900000 236.324705
-107.800000 235.992865
-107.700000 235.661257
-107.600000 235.329883
-107.500000 234.998742
-107.400000 234.667835
-107.300000 234.337160
-107.200000 234.006718
-107.100000 233.676510
-107.000000 233.346535
-106.900000 233.016793
-106.800000 232.687284
-106.700000 232.358008
-106.600000 232.028966
-106.500000 231.700156
-106.400000 231.371580
-106.300000 231.043237
-106.200000 230.715127
-106.100000 230.387250
-106.000000 230.059606
-105.900000 229.732195
-105.800000 229.405018
-105.700000 229.078074
-105.600000 228.751362
-105.500000 228.424884
-105.400000 228.098639
-105.300000 227.772628
-105.200000 227.446849
-105.100000 227.121304
-105.000000 226.795991
-104.900000 226.470912
-104.800000 226.146066
-104.700000 225.821453
-104.600000 225.497074
-104.500000 225.172927
-104.400000 224.849013
-104.300000 224.525333
-104.200000 224.201886
-104.100000 223.878672
-104.000000 223.555691
-103.900000 223.232943
-103.800000 222.910429
-103.700000 222.588147
-103.600000 222.266099
-103.500000 221.944284
-103.400000 221.622702
-103.300000 221.301353
-103.200000 220.980237
-103.100000 220.659355
-103.000000 220.338705
-102.900000 220.018289
-102.800000 219.698106
-102.700000 219.378156
-102.600000 219.058439
-102.500000 218.738955
-102.400000 218.419705
-102.300000 218.100687
-102.200000 217.781903
-102.100000 217.463352
-102.000000 217.145034
-101.900000 216.826949
-101.800000 216.509097
-101.700000 216.191479
-101.600000 215.874093
-101.500000 215.556941
-101.400000 215.240022
-101.300000 214.923336
-101.200000 214.606883
-101.100000 214.290664
-101.000000 213.974677
-100.900000 213.658924
-100.800000 213.343403
-100.700000 213.028116
-100.600000 212.713062
-100.500000 212.398241
-100.400000 212.083654
-100.300000 211.769299
-100.200000 211.455178
-100.100000 211.141289
-100.000000 210.827634
-99.900000 210.514212
-99.800000 210.201024
-99.700000 209.888068
-99.600000 209.575345
-99.500000 209.262856
-99.400000 208.950600
-99.300000 208.638577
-99.200000 208.326787
-99.100000 208.015230
-99.000000 207.703906
-98.900000 207.392816
-98.800000 207.081958
-98.700000 206.771334
-98.600000 206.460943
-98.500000 206.150785
-98.400000 205.840860
-98.300000 205.531169
-98.200000 205.221710
-98.100000 204.912485
-98.000000 204.603492
-97.900000 204.294733
-97.800000 203.986207
-97.700000 203.677915
-97.600000 203.369855
-97.500000 203.062028
-97.400000 202.754435
-97.300000 202.447075
-97.200000 202.139948
-97.100000 201.833054
-97.000000 201.526393
-96.900000 201.219965
-96.800000 200.913771
-96.700000 200.607810
-96.600000 200.302081
-96.500000 199.996586
-96.400000 199.691324
-96.300000 199.386296
-96.200000 199.081500
-96.100000 198.776937
-96.000000 198.472608
-95.900000 198.168512
-95.800000 197.864649
-95.700000 197.561019
-95.600000 197.257622
-95.500000 196.954458
-95.400000 196.651528
-95.300000 196.348831
-95.200000 196.046366
-95.100000 195.744135
-95.000000 195.442138
-94.900000 195.140373
-94.800000 194.838841
-94.700000 194.537543
-94.600000 194.236477
-94.500000 193.935645
-94.400000 193.635046
-94.300000 193.334680
-94.200000 193.034547
-94.100000 192.734648
-94.000000 192.434981
-93.900000 192.135548
-93.800000 191.836348
-93.700000 191.537381
-93.600000 191.238647
-93.500000 190.940146
-93.400000 190.641879
-93.300000 190.343844
-93.200000 190.046043
-93.100000 189.748475
-93.000000 189.451140
-92.900000 189.154038
-92.800000 188.857169
-92.700000 188.560533
-92.600000 188.264131
-92.500000 187.967962
-92.400000 187.672025
-92.300000 187.376322
-92.200000 187.080853
-92.100000 186.785616
-92.000000 186.490612
-91.900000 186.195842
-91.800000 185.901304
-91.700000 185.607000
-91.600000 185.312929
-91.500000 185.019091
-91.400000 184.725487
-91.300000 184.432115
-91.200000 184.138977
-91.100000 183.846071
-91.000000 183.553399
-90.900000 183.260960
-90.800000 182.968754
-90.700000 182.676782
-90.600000 182.385042
-90.500000 182.093536
-90.400000 181.802262
-90.300000 181.511222
-90.200000 181.220415
-90.100000 180.929841
-90.000000 180.639501
-89.900000 180.349393
-89.800000 180.059519
-89.700000 179.769877
-89.600000 179.480469
-89.500000 179.191294
-89.400000 178.902353
-89.300000 178.613644
-89.200000 178.325168
-89.100000 178.036926
-89.000000 177.748917
-88.900000 177.461140
-88.800000 177.173598
-88.700000 176.886288
-88.600000 176.599211
-88.500000 176.312367
-88.400000 176.025757
-88.300000 175.739380
-88.200000 175.453236
-88.100000 175.167325
-88.000000 174.881647
-87.900000 174.596202
-87.800000 174.310991
-87.700000 174.026012
-87.600000 173.741267
-87.500000 173.456755
-87.400000 173.172476
-87.300000 172.888430
-87.200000 172.604617
-87.100000 172.321038
-87.000000 172.037692
-86.900000 171.754578
-86.800000 171.471698
-86.700000 171.189051
-86.600000 170.906637
-86.500000 170.624457
-86.400000 170.342509
-86.300000 170.060795
-86.200000 169.779314
-86.100000 169.498066
-86.000000 169.217051
-85.900000 168.936269
-85.800000 168.655720
-85.700000 168.375405
-85.600000 168.095322
-85.500000 167.815473
-85.400000 167.535857
-85.300000 167.256474
-85.200000 166.977324
-85.100000 166.698408
-85.000000 166.419724
-84.900000 166.141274
-84.800000 165.863057
-84.700000 165.585072
-84.600000 165.307322
-84.500000 165.029804
-84.400000 164.752519
-84.300000 164.475468
-84.200000 164.198649
-84.100000 163.922064
-84.000000 163.645712
-83.900000 163.369593
-83.800000 163.093707
-83.700000 162.818055
-83.600000 162.542635
-83.500000 162.267449
-83.400000 161.992496
-83.300000 161.717776
-83.200000 161.443289
-83.100000 161.169035
-83.000000 160.895014
-82.900000 160.621227
-82.800000 160.347672
-82.700000 160.074351
-82.600000 159.801263
-82.500000 159.528408
-82.400000 159.255787
-82.300000 158.983398
-82.200000 158.711242
-82.100000 158.439320
-82.000000 158.167631
-81.900000 157.896175
-81.800000 157.624952
-81.700000 157.353962
-81.600000 157.083206
-81.500000 156.812682
-81.400000 156.542392
-81.300000 156.272335
-81.200000 156.002511
-81.100000 155.732920
-81.000000 155.463562
-80.900000 155.194437
-80.800000 154.925546
-80.700000 154.656888
-80.600000 154.388463
-80.500000 154.120270
-80.400000 153.852312
-80.300000 153.584586
-80.200000 153.317093
-80.100000 153.049834
-80.000000 152.782808
-79.900000 152.516014
-79.800000 152.249454
-79.700000 151.983127
-79.600000 151.717034
-79.500000 151.451173
-79.400000 151.185546
-79.300000 150.920151
-79.200000 150.654990
-79.100000 150.390062
-79.000000 150.125367
-78.900000 149.860906
-78.800000 149.596677
-78.700000 149.332682
-78.600000 149.068919
-78.500000 148.805390
-78.400000 148.542094
-78.300000 148.279031
-78.200000 148.016202
-78.100000 147.753605
-78.000000 147.491242
-77.900000 147.229111
-77.800000 146.967214
-77.700000 146.705550
-77.600000 146.444119
-77.500000 146.182922
-77.400000 145.921957
-77.300000 145.661226
-77.200000 145.400728
-77.100000 145.140462
-77.000000 144.880430
-76.900000 144.620632
-76.800000 144.361066
-76.700000 144.101733
-76.600000 143.842634
-76.500000 143.583768
-76.400000 143.325135
-76.300000 143.066735
-76.200000 142.808568
-76.100000 142.550634
-76.000000 142.292934
-75.900000 142.035466
-75.800000 141.778232
-75.700000 141.521231
-75.600000 141.264463
-75.500000 141.007928
-75.400000 140.751626
-75.300000 140.495558
-75.200000 140.239722
-75.100000 139.984120
-75.000000 139.728751
-74.900000 139.473615
-74.800000 139.218712
-74.700000 138.964043
-74.600000 138.709606
-74.500000 138.455403
-74.400000 138.201433
-74.300000 137.947695
-74.200000 137.694191
-74.100000 137.440921
-74.000000 137.187883
-73.900000 136.935078
-73.800000 136.682507
-73.700000 136.430169
-73.600000 136.178064
-73.500000 135.926192
-73.400000 135.674553
-73.300000 135.423147
-73.200000 135.171975
-73.100000 134.921036
-73.000000 134.670329
-72.900000 134.419856
-72.800000 134.169616
-72.700000 133.919610
-72.600000 133.669836
-72.500000 133.420295
-72.400000 133.170988
-72.300000 132.921914
-72.200000 132.673073
-72.100000 132.424465
-72.000000 132.176090
-71.900000 131.927948
-71.800000 131.680040
-71.700000 131.432365
-71.600000 131.184922
-71.500000 130.937713
-71.400000 130.690737
-71.300000 130.443995
-71.200000 130.197485
-71.100000 129.951209
-71.000000 129.705165
-70.900000 129.459355
-70.800000 129.213778
-70.700000 128.968434
-70.600000 128.723323
-70.500000 128.478446
-70.400000 128.233801
-70.300000 127.989390
-70.200000 127.745212
-70.100000 127.501267
-70.000000 127.257555
-69.900000 127.014076
-69.800000 126.770830
-69.700000 126.527818
-69.600000 126.285039
-69.500000 126.042492
-69.400000 125.800179
-69.300000 125.558099
-69.200000 125.316253
-69.100000 125.074639
-69.000000 124.833259
-68.900000 124.592111
-68.800000 124.351197
-68.700000 124.110516
-68.600000 123.870068
-68.500000 123.629854
-68.400000 123.389872
-68.300000 123.150124
-68.200000 122.910608
-68.100000 122.671326
-68.000000 122.432277
-67.900000 122.193461
-67.800000 121.954878
-67.700000 121.716529
-67.600000 121.478412
-67.500000 121.240529
-67.400000 121.002879
-67.300000 120.765462
-67.200000 120.528278
-67.100000 120.291327
-67.000000 120.054610
-66.900000 119.818125
-66.800000 119.581874
-66.700000 119.345856
-66.600000 119.110071
-66.500000 118.874519
-66.400000 118.639200
-66.300000 118.404115
-66.200000 118.169262
-66.100000 117.934643
-66.000000 117.700257
-65.900000 117.466104
-65.800000 117.232184
-65.700000 116.998497
-65.600000 116.765044
-65.500000 116.531823
-65.400000 116.298836
-65.300000 116.066082
-65.200000 115.833561
-65.100000 115.601273
-65.000000 115.369218
-64.900000 115.137397
-64.800000 114.905809
-64.700000 114.674453
-64.600000 114.443331
-64.500000 114.212442
-64.400000 113.981786
-64.300000 113.751364
-64.200000 113.521174
-64.100000 113.291218
-64.000000 113.061494
-63.900000 112.832004
-63.800000 112.602747
-63.700000 112.373724
-63.600000 112.144933
-63.500000 111.916375
-63.400000 111.688051
-63.300000 111.459960
-63.200000 111.232102
-63.100000 111.004477
-63.000000 110.777085
-62.900000 110.549926
-62.800000 110.323001
-62.700000 110.096308
-62.600000 109.869849
-62.500000 109.643623
-62.400000 109.417630
-62.300000 109.191870
-62.200000 108.966343
-62.100000 108.741050
-62.000000 108.515990
-61.900000 108.291162
-61.800000 108.066568
-61.700000 107.842207
-61.600000 107.618080
-61.500000 107.394185
-61.400000 107.170523
-61.300000 106.947095
-61.200000 106.723900
-61.100000 106.500938
-61.000000 106.278209
-60.900000 106.055713
-60.800000 105.833450
-60.700000 105.611421
-60.600000 105.389624
-60.500000 105.168061
-60.400000 104.946731
-60.300000 104.725634
-60.200000 104.504770
-60.100000 104.284140
-60.000000 104.063742
-59.900000 103.843578
-59.800000 103.623647
-59.700000 103.403949
-59.600000 103.184484
-59.500000 102.965252
-59.400000 102.746253
-59.300000 102.527488
-59.200000 102.308956
-59.100000 102.090656
-59.000000 101.872590
-58.900000 101.654757
-58.800000 101.437158
-58.700000 101.219791
-58.600000 101.002658
-58.500000 100.785757
-58.400000 100.569090
-58.300000 100.352656
-58.200000 100.136455
-58.100000 99.920487
-58.000000 99.704753
-57.900000 99.489251
-57.800000 99.273983
-57.700000 99.058948
-57.600000 98.844146
-57.500000 98.629577
-57.400000 98.415241
-57.300000 98.201138
-57.200000 97.987269
-57.100000 97.773633
-57.000000 97.560230
-56.900000 97.347059
-56.800000 97.134123
-56.700000 96.921419
-56.600000 96.708948
-56.500000 96.496711
-56.400000 96.284707
-56.300000 96.072935
-56.200000 95.861397
-56.100000 95.650092
-56.000000 95.439021
-55.900000 95.228182
-55.800000 95.017577
-55.700000 94.807204
-55.600000 94.597065
-55.500000 94.387159
-55.400000 94.177486
-55.300000 93.968047
-55.200000 93.758840
-55.100000 93.549867
-55.000000 93.341126
-54.900000 93.132619
-54.800000 92.924345
-54.700000 92.716304
-54.600000 92.508497
-54.500000 92.300922
-54.400000 92.093581
-54.300000 91.886472
-54.200000 91.679597
-54.100000 91.472955
-54.000000 91.266546
-53.900000 91.060371
-53.800000 90.854428
-53.700000 90.648719
-53.600000 90.443242
-53.500000 90.237999
-53.400000 90.032989
-53.300000 89.828212
-53.200000 89.623669
-53.100000 89.419358
-53.000000 89.215281
-52.900000 89.011436
-52.800000 88.807825
-52.700000 88.604447
-52.600000 88.401303
-52.500000 88.198391
-52.400000 87.995712
-52.300000 87.793267
-52.200000 87.591055
-52.100000 87.389076
-52.000000 87.187330
-51.900000 86.985817
-51.800000 86.784537
-51.700000 86.583490
-51.600000 86.382677
-51.500000 86.182097
-51.400000 85.981750
-51.300000 85.781636
-51.200000 85.581755
-51.100000 85.382107
-51.000000 85.182693
-50.900000 84.983511
-50.800000 84.784563
-50.700000 84.585848
-50.600000 84.387366
-50.500000 84.189117
-50.400000 83.991102
-50.300000 83.793319
-50.200000 83.595770
-50.100000 83.398453
-50.000000 83.201370
-49.900000 83.004520
-49.800000 82.807904
-49.700000 82.611520
-49.600000 82.415369
-49.500000 82.219452
-49.400000 82.023768
-49.300000 81.828317
-49.200000 81.633099
-49.100000 81.438114
-49.000000 81.243362
-48.900000 81.048844
-48.800000 80.854559
-48.700000 80.660506
-48.600000 80.466687
-48.500000 80.273101
-48.400000 80.079749
-48.300000 79.886629
-48.200000 79.693742
-48.100000 79.501089
-48.000000 79.308669
-47.900000 79.116482
-47.800000 78.924528
-47.700000 78.732807
-47.600000 78.541319
-47.500000 78.350065
-47.400000 78.159044
-47.300000 77.968255
-47.200000 77.777700
-47.100000 77.587378
-47.000000 77.397290
-46.900000 77.207434
-46.800000 77.017812
-46.700000 76.828422
-46.600000 76.639266
-46.500000 76.450343
-46.400000 76.261653
-46.300000 76.073196
-46.200000 75.884973
-46.100000 75.696982
-46.000000 75.509225
-45.900000 75.321701
-45.800000 75.134410
-45.700000 74.947352
-45.600000 74.760527
-45.500000 74.573935
-45.400000 74.387577
-45.300000 74.201452
-45.200000 74.015559
-45.100000 73.829900
-45.000000 73.644475
-44.900000 73.459282
-44.800000 73.274322
-44.700000 73.089596
-44.600000 72.905102
-44.500000 72.720842
-44.400000 72.536815
-44.300000 72.353021
-44.200000 72.169461
-44.100000 71.986133
-44.000000 71.803039
-43.900000 71.620177
-43.800000 71.437549
-43.700000 71.255154
-43.600000 71.072992
-43.500000 70.891064
-43.400000 70.709368
-43.300000 70.527905
-43.200000 70.346676
-43.100000 70.165680
-43.000000 69.984917
-42.900000 69.804387
-42.800000 69.624090
-42.700000 69.444027
-42.600000 69.264196
-42.500000 69.084599
-42.400000 68.905235
-42.300000 68.726104
-42.200000 68.547206
-42.100000 68.368541
-42.000000 68.190110
-41.900000 68.011911
-41.800000 67.833946
-41.700000 67.656214
-41.600000 67.478715
-41.500000 67.301449
-41.400000 67.124417
-41.300000 66.947617
-41.200000 66.771051
-41.100000 66.594717
-41.000000 66.418617
-40.900000 66.242750
-40.800000 66.067116
-40.700000 65.891716
-40.600000 65.716548
-40.500000 65.541614
-40.400000 65.366912
-40.300000 65.192444
-40.200000 65.018209
-40.100000 64.844207
-40.000000 64.670439
-39.900000 64.496903
-39.800000 64.323601
-39.700000 64.150532
-39.600000 63.977696
-39.500000 63.805093
-39.400000 63.632723
-39.300000 63.460586
-39.200000 63.288683
-39.100000 63.117012
-39.000000 62.945575
-38.900000 62.774371
-38.800000 62.603400
-38.700000 62.432662
-38.600000 62.262157
-38.500000 62.091886
-38.400000 61.921847
-38.300000 61.752042
-38.200000 61.582470
-38.100000 61.413131
-38.000000 61.244025
-37.900000 61.075153
-37.800000 60.906513
-37.700000 60.738107
-37.600000 60.569934
-37.500000 60.401993
-37.400000 60.234287
-37.300000 60.066813
-37.200000 59.899572
-37.100000 59.732565
-37.000000 59.565790
-36.900000 59.399249
-36.800000 59.232941
-36.700000 59.066866
-36.600000 58.901024
-36.500000 58.735416
-36.400000 58.570040
-36.300000 58.404898
-36.200000 58.239988
-36.100000 58.075312
-36.000000 57.910870
-35.900000 57.746660
-35.800000 57.582683
-35.700000 57.418940
-35.600000 57.255429
-35.500000 57.092152
-35.400000 56.929108
-35.300000 56.766297
-35.200000 56.603719
-35.100000 56.441375
-35.000000 56.279263
-34.900000 56.117385
-34.800000 55.955740
-34.700000 55.794328
-34.600000 55.633149
-34.500000 55.472203
-34.400000 55.311490
-34.300000 55.151011
-34.200000 54.990765
-34.100000 54.830751
-34.000000 54.670971
-33.900000 54.511424
-33.800000 54.352111
-33.700000 54.193030
-33.600000 54.034183
-33.500000 53.875568
-33.400000 53.717187
-33.300000 53.559039
-33.200000 53.401124
-33.100000 53.243442
-33.000000 53.085994
-32.900000 52.928778
-32.800000 52.771796
-32.700000 52.615047
-32.600000 52.458531
-32.500000 52.302248
-32.400000 52.146198
-32.300000 51.990382
-32.200000 51.834798
-32.100000 51.679448
-32.000000 51.524331
-31.900000 51.369447
-31.800000 51.214796
-31.700000 51.060378
-31.600000 50.906193
-31.500000 50.752242
-31.400000 50.598524
-31.300000 50.445039
-31.200000 50.291787
-31.100000 50.138768
-31.000000 49.985982
-30.900000 49.833429
-30.800000 49.681110
-30.700000 49.529024
-30.600000 49.377171
-30.500000 49.225551
-30.400000 49.074164
-30.300000 48.923010
-30.200000 48.772089
-30.100000 48.621402
-30.000000 48.470948
-29.900000 48.320727
-29.800000 48.170739
-29.700000 48.020984
-29.600000 47.871462
-29.500000 47.722173
-29.400000 47.573118
-29.300000 47.424296
-29.200000 47.275707
-29.100000 47.127351
-29.000000 46.979228
-28.900000 46.831338
-28.800000 46.683682
-28.700000 46.536258
-28.600000 46.389068
-28.500000 46.242111
-28.400000 46.095387
-28.300000 45.948896
-28.200000 45.802638
-28.100000 45.656614
-28.000000 45.510822
-27.900000 45.365264
-27.800000 45.219939
-27.700000 45.074847
-27.600000 44.929988
-27.500000 44.785362
-27.400000 44.640970
-27.300000 44.496811
-27.200000 44.352884
-27.100000 44.209191
-27.000000 44.065731
-26.900000 43.922504
-26.800000 43.779511
-26.700000 43.636750
-26.600000 43.494223
-26.500000 43.351929
-26.400000 43.209867
-26.300000 43.068040
-26.200000 42.926445
-26.100000 42.785083
-26.000000 42.643955
-25.900000 42.503059
-25.800000 42.362397
-25.700000 42.221968
-25.600000 42.081772
-25.500000 41.941809
-25.400000 41.802079
-25.300000 41.662583
-25.200000 41.523320
-25.100000 41.384289
-25.000000 41.245492
-24.900000 41.106928
-24.800000 40.968598
-24.700000 40.830500
-24.600000 40.692635
-24.500000 40.555004
-24.400000 40.417606
-24.300000 40.280441
-24.200000 40.143509
-24.100000 40.006810
-24.000000 39.870344
-23.900000 39.734112
-23.800000 39.598113
-23.700000 39.462346
-23.600000 39.326813
-23.500000 39.191513
-23.400000 39.056447
-23.300000 38.921613
-23.200000 38.787012
-23.100000 38.652645
-23.000000 38.518511
-22.900000 38.384610
-22.800000 38.250942
-22.700000 38.117507
-22.600000 37.984306
-22.500000 37.851337
-22.400000 37.718602
-22.300000 37.586100
-22.200000 37.453831
-22.100000 37.321795
-22.000000 37.189992
-21.900000 37.058422
-21.800000 36.927086
-21.700000 36.795982
-21.600000 36.665112
-21.500000 36.534475
-21.400000 36.404071
-21.300000 36.273901
-21.200000 36.143963
-21.100000 36.014259
-21.000000 35.884787
-20.900000 35.755549
-20.800000 35.626544
-20.700000 35.497772
-20.600000 35.369233
-20.500000 35.240928
-20.400000 35.112855
-20.300000 34.985016
-20.200000 34.857410
-20.100000 34.730037
-20.000000 34.602897
-19.900000 34.475990
-19.800000 34.349317
-19.700000 34.222876
-19.600000 34.096669
-19.500000 33.970695
-19.400000 33.844954
-19.300000 33.719446
-19.200000 33.594171
-19.100000 33.469130
-19.000000 33.344321
-18.900000 33.219746
-18.800000 33.095404
-18.700000 32.971295
-18.600000 32.847419
-18.500000 32.723776
-18.400000 32.600366
-18.300000 32.477190
-18.200000 32.354247
-18.100000 32.231537
-18.000000 32.109060
-17.900000 31.986816
-17.800000 31.864805
-17.700000 31.743028
-17.600000 31.621483
-17.500000 31.500172
-17.400000 31.379094
-17.300000 31.258249
-17.200000 31.137637
-17.100000 31.017258
-17.000000 30.897113
-16.900000 30.777200
-16.800000 30.657521
-16.700000 30.538075
-16.600000 30.418862
-16.500000 30.299882
-16.400000 30.181135
-16.300000 30.062622
-16.200000 29.944341
-16.100000 29.826294
-16.000000 29.708480
-15.900000 29.590899
-15.800000 29.473551
-15.700000 29.356436
-15.600000 29.239555
-15.500000 29.122907
-15.400000 29.006491
-15.300000 28.890309
-15.200000 28.774360
-15.100000 28.658644
-15.000000 28.543162
-14.900000 28.427912
-14.800000 28.312896
-14.700000 28.198113
-14.600000 28.083562
-14.500000 27.969246
-14.400000 27.855162
-14.300000 27.741311
-14.200000 27.627694
-14.100000 27.514309
-14.000000 27.401158
-13.900000 27.288240
-13.800000 27.175555
-13.700000 27.063103
-13.600000 26.950884
-13.500000 26.838899
-13.400000 26.727147
-13.300000 26.615627
-13.200000 26.504341
-13.100000 26.393288
-13.000000 26.282468
-12.900000 26.171882
-12.800000 26.061528
-12.700000 25.951408
-12.600000 25.841521
-12.500000 25.731867
-12.400000 25.622446
-12.300000 25.513258
-12.200000 25.404303
-12.100000 25.295582
-12.000000 25.187093
-11.900000 25.078838
-11.800000 24.970816
-11.700000 24.863027
-11.600000 24.755471
-11.500000 24.648149
-11.400000 24.541059
-11.300000 24.434203
-11.200000 24.327580
-11.100000 24.221190
-11.000000 24.115033
-10.900000 24.009109
-10.800000 23.903418
-10.700000 23.797961
-10.600000 23.692737
-10.500000 23.587745
-10.400000 23.482987
-10.300000 23.378462
-10.200000 23.274171
-10.100000 23.170112
-10.000000 23.066287
-9.900000 22.962694
-9.800000 22.859335
-9.700000 22.756209
-9.600000 22.653316
-9.500000 22.550656
-9.400000 22.448230
-9.300000 22.346036
-9.200000 22.244076
-9.100000 22.142349
-9.000000 22.040855
-8.900000 21.939594
-8.800000 21.838566
-8.700000 21.737772
-8.600000 21.637210
-8.500000 21.536882
-8.400000 21.436787
-8.300000 21.336925
-8.200000 21.237296
-8.100000 21.137900
-8.000000 21.038737
-7.900000 20.939808
-7.800000 20.841112
-7.700000 20.742648
-7.600000 20.644418
-7.500000 20.546422
-7.400000 20.448658
-7.300000 20.351127
-7.200000 20.253830
-7.100000 20.156766
-7.000000 20.059934
-6.900000 19.963336
-6.800000 19.866972
-6.700000 19.770840
-6.600000 19.674941
-6.500000 19.579276
-6.400000 19.483844
-6.300000 19.388644
-6.200000 19.293678
-6.100000 19.198946
-6.000000 19.104446
-5.900000 19.010179
-5.800000 18.916146
-5.700000 18.822346
-5.600000 18.728778
-5.500000 18.635444
-5.400000 18.542344
-5.300000 18.449476
-5.200000 18.356841
-5.100000 18.264440
-5.000000 18.172272
-4.900000 18.080336
-4.800000 17.988634
-4.700000 17.897166
-4.600000 17.805930
-4.500000 17.714927
-4.400000 17.624158
-4.300000 17.533622
-4.200000 17.443319
-4.100000 17.353249
-4.000000 17.263412
-3.900000 17.173808
-3.800000 17.084438
-3.700000 16.995300
-3.600000 16.906396
-3.500000 16.817725
-3.400000 16.729287
-3.300000 16.641082
-3.200000 16.553110
-3.100000 16.465372
-3.000000 16.377866
-2.900000 16.290594
-2.800000 16.203555
-2.700000 16.116749
-2.600000 16.030176
-2.500000 15.943837
-2.400000 15.857730
-2.300000 15.771857
-2.200000 15.686216
-2.100000 15.600809
-2.000000 15.515635
-1.900000 15.430695
-1.800000 15.345987
-1.700000 15.261512
-1.600000 15.177271
-1.500000 15.093263
-1.400000 15.009488
-1.300000 14.925946
-1.200000 14.842637
-1.100000 14.759561
-1.000000 14.676719
-0.900000 14.594110
-0.800000 14.511733
-0.700000 14.429590
-0.600000 14.347680
-0.500000 14.266003
-0.400000 14.184560
-0.300000 14.103349
-0.200000 14.022372
-0.100000 13.941628
-0.000000 13.861117
0.100000 13.780839
0.200000 13.700794
0.300000 13.620982
0.400000 13.541404
0.500000 13.462059
0.600000 13.382946
0.700000 13.304067
0.800000 13.225421
0.900000 13.147009
1.000000 13.068829
1.100000 12.990882
1.200000 12.913169
1.300000 12.835689
1.400000 12.758442
1.500000 12.681428
1.600000 12.604647
1.700000 12.528100
1.800000 12.451785
1.900000 12.375704
2.000000 12.299856
2.100000 12.224241
2.200000 12.148859
2.300000 12.073710
2.400000 11.998794
2.500000 11.924112
2.600000 11.849662
2.700000 11.775446
2.800000 11.701463
2.900000 11.627713
3.000000 11.554197
3.100000 11.480913
3.200000 11.407863
3.300000 11.335045
3.400000 11.262461
3.500000 11.190110
3.600000 11.117992
3.700000 11.046107
3.800000 10.974456
3.900000 10.903037
4.000000 10.831852
4.100000 10.760900
4.200000 10.690181
4.300000 10.619695
4.400000 10.549442
4.500000 10.479423
4.600000 10.409636
4.700000 10.340083
4.800000 10.270763
4.900000 10.201676
5.000000 10.132822
5.100000 10.064201
5.200000 9.995814
5.300000 9.927659
5.400000 9.859738
5.500000 9.792050
5.600000 9.724595
5.700000 9.657373
5.800000 9.590384
5.900000 9.523629
6.000000 9.457106
6.100000 9.390817
6.200000 9.324761
6.300000 9.258938
6.400000 9.193348
6.500000 9.127991
6.600000 9.062868
6.700000 8.997977
6.800000 8.933320
6.900000 8.868896
7.000000 8.804705
7.100000 8.740747
7.200000 8.677022
7.300000 8.613531
7.400000 8.550272
7.500000 8.487247
7.600000 8.424455
7.700000 8.361896
7.800000 8.299570
7.900000 8.237477
8.000000 8.175618
8.100000 8.113991
8.200000 8.052598
8.300000 7.991438
8.400000 7.930511
8.500000 7.869817
8.600000 7.809357
8.700000 7.749129
8.800000 7.689135
8.900000 7.629373
9.000000 7.569845
9.100000 7.510550
9.200000 7.451489
9.300000 7.392660
9.400000 7.334064
9.500000 7.275702
9.600000 7.217573
9.700000 7.159677
9.800000 7.102014
9.900000 7.044584
10.000000 6.987387
10.100000 6.930424
10.200000 6.873693
10.300000 6.817196
10.400000 6.760932
10.500000 6.704901
10.600000 6.649103
10.700000 6.593539
10.800000 6.538207
10.900000 6.483109
11.000000 6.428243
11.100000 6.373611
11.200000 6.319212
11.300000 6.265047
11.400000 6.211114
11.500000 6.157415
11.600000 6.103948
11.700000 6.050715
11.800000 5.997715
11.900000 5.944948
12.000000 5.892414
12.100000 5.840114
12.200000 5.788046
12.300000 5.736212
12.400000 5.684610
12.500000 5.633242
12.600000 5.582107
12.700000 5.531206
12.800000 5.480537
12.900000 5.430102
13.000000 5.379899
13.100000 5.329930
13.200000 5.280194
13.300000 5.230691
13.400000 5.181421
13.500000 5.132385
13.600000 5.083581
13.700000 5.035011
13.800000 4.986674
13.900000 4.938570
14.000000 4.890699
14.100000 4.843061
14.200000 4.795656
14.300000 4.748485
14.400000 4.701547
14.500000 4.654841
14.600000 4.608369
14.700000 4.562130
14.800000 4.516125
14.900000 4.470352
15.000000 4.424813
15.100000 4.379506
15.200000 4.334433
15.300000 4.289593
15.400000 4.244986
15.500000 4.200612
15.600000 4.156472
15.700000 4.112564
15.800000 4.068890
15.900000 4.025449
16.000000 3.982241
16.100000 3.939266
16.200000 3.896524
16.300000 3.854016
16.400000 3.811740
16.500000 3.769698
16.600000 3.727889
16.700000 3.686313
16.800000 3.644970
16.900000 3.603860
17.000000 3.562984
17.100000 3.522340
17.200000 3.481930
17.300000 3.441753
17.400000 3.401809
17.500000 3.362098
17.600000 3.322620
17.700000 3.283376
17.800000 3.244364
17.900000 3.205586
18.000000 3.167041
18.100000 3.128729
18.200000 3.090650
18.300000 3.052804
18.400000 3.015192
18.500000 2.977812
18.600000 2.940666
18.700000 2.903753
18.800000 2.867073
18.900000 2.830626
19.000000 2.794412
19.100000 2.758432
19.200000 2.722684
19.300000 2.687170
19.400000 2.651889
19.500000 2.616841
19.600000 2.582026
19.700000 2.547444
19.800000 2.513096
19.900000 2.478980
20.000000 2.445098
20.100000 2.411449
20.200000 2.378033
20.300000 2.344850
20.400000 2.311901
20.500000 2.279184
20.600000 2.246701
20.700000 2.214450
20.800000 2.182433
20.900000 2.150649
21.000000 2.119098
21.100000 2.087781
21.200000 2.056696
21.300000 2.025845
21.400000 1.995227
21.500000 1.964842
21.600000 1.934690
21.700000 1.904771
21.800000 1.875085
21.900000 1.845633
22.000000 1.816413
22.100000 1.787427
22.200000 1.758674
22.300000 1.730154
22.400000 1.701867
22.500000 1.673813
22.600000 1.645993
22.700000 1.618406
22.800000 1.591051
22.900000 1.563930
23.000000 1.537042
23.100000 1.510387
23.200000 1.483966
23.300000 1.457777
23.400000 1.431822
23.500000 1.406100
23.600000 1.380611
23.700000 1.355355
23.800000 1.330332
23.900000 1.305542
24.000000 1.280986
24.100000 1.256662
24.200000 1.232572
24.300000 1.208715
24.400000 1.185091
24.500000 1.161700
24.600000 1.138543
24.700000 1.115618
24.800000 1.092927
24.900000 1.070469
25.000000 1.048244
25.100000 1.026252
25.200000 1.004493
25.300000 0.982967
25.400000 0.961675
25.500000 0.940616
25.600000 0.919789
25.700000 0.899196
25.800000 0.878836
25.900000 0.858710
26.000000 0.838816
26.100000 0.819156
26.200000 0.799728
26.300000 0.780534
26.400000 0.761573
26.500000 0.742845
26.600000 0.724350
26.700000 0.706089
26.800000 0.688060
26.900000 0.670265
27.000000 0.652703
27.100000 0.635374
27.200000 0.618278
27.300000 0.601415
27.400000 0.584786
27.500000 0.568389
27.600000 0.552226
27.700000 0.536296
27.800000 0.520599
27.900000 0.505135
28.000000 0.489904
28.100000 0.474906
28.200000 0.460142
28.300000 0.445611
28.400000 0.431312
28.500000 0.417247
28.600000 0.403416
28.700000 0.389817
28.800000 0.376451
28.900000 0.363319
29.000000 0.350420
29.100000 0.337753
29.200000 0.325320
29.300000 0.313120
29.400000 0.301154
29.500000 0.289420
29.600000 0.277920
29.700000 0.266652
29.800000 0.255618
29.900000 0.244817
30.000000 0.234249
30.100000 0.223915
30.200000 0.213813
30.300000 0.203945
30.400000 0.194309
30.500000 0.184907
30.600000 0.175738
30.700000 0.166803
30.800000 0.158100
30.900000 0.149630
31.000000 0.141394
31.100000 0.133391
31.200000 0.125620
31.300000 0.118083
31.400000 0.110780
31.500000 0.103709
31.600000 0.096871
31.700000 0.090267
31.800000 0.083896
31.900000 0.077758
32.000000 0.071853
32.100000 0.066181
32.200000 0.060742
32.300000 0.055537
32.400000 0.050564
32.500000 0.045825
32.600000 0.041319
32.700000 0.037046
32.800000 0.033006
32.900000 0.029199
33.000000 0.025626
33.100000 0.022285
33.200000 0.019178
33.300000 0.016304
33.400000 0.013663
33.500000 0.011255
33.600000 0.009081
33.700000 0.007139
33.800000 0.005431
33.900000 0.003955
34.000000 0.002713
34.100000 0.001704
34.200000 0.000929
34.300000 0.000386
34.400000 0.000076
34.500000 0.000000
34.600000 0.000157
34.700000 0.000547
34.800000 0.001170
34.900000 0.002026
35.000000 0.003115
35.100000 0.004438
35.200000 0.005993
35.300000 0.007782
35.400000 0.009804
35.500000 0.012059
35.600000 0.014547
35.700000 0.017269
35.800000 0.020223
35.900000 0.023411
36.000000 0.026832
36.100000 0.030486
36.200000 0.034373
36.300000 0.038493
36.400000 0.042846
36.500000 0.047433
36.600000 0.052252
36.700000 0.057305
36.800000 0.062591
36.900000 0.068110
37.000000 0.073862
37.100000 0.079848
37.200000 0.086066
37.300000 0.092518
37.400000 0.099203
37.500000 0.106121
37.600000 0.113272
37.700000 0.120656
37.800000 0.128273
37.900000 0.136124
38.000000 0.144208
38.100000 0.152524
38.200000 0.161074
38.300000 0.169857
38.400000 0.178874
38.500000 0.188123
38.600000 0.197606
38.700000 0.207321
38.800000 0.217270
38.900000 0.227452
39.000000 0.237867
39.100000 0.248515
39.200000 0.259397
39.300000 0.270511
39.400000 0.281859
39.500000 0.293440
39.600000 0.305254
39.700000 0.317301
39.800000 0.329581
39.900000 0.342095
40.000000 0.354841
40.100000 0.367821
40.200000 0.381034
40.300000 0.394480
40.400000 0.408159
40.500000 0.422071
40.600000 0.436217
40.700000 0.450595
40.800000 0.465207
40.900000 0.480052
41.000000 0.495130
41.100000 0.510441
41.200000 0.525985
41.300000 0.541762
41.400000 0.557773
41.500000 0.574017
41.600000 0.590494
41.700000 0.607204
41.800000 0.624147
41.900000 0.641323
42.000000 0.658732
42.100000 0.676375
42.200000 0.694251
42.300000 0.712360
42.400000 0.730702
42.500000 0.749277
42.600000 0.768085
42.700000 0.787126
42.800000 0.806401
42.900000 0.825909
43.000000 0.845650
43.100000 0.865624
43.200000 0.885831
43.300000 0.906271
43.400000 0.926945
43.500000 0.947851
43.600000 0.968991
43.700000 0.990364
43.800000 1.011970
43.900000 1.033809
44.000000 1.055881
44.100000 1.078187
44.200000 1.100725
44.300000 1.123497
44.400000 1.146502
44.500000 1.169740
44.600000 1.193211
44.700000 1.216915
44.800000 1.240853
44.900000 1.265023
45.000000 1.289427
45.100000 1.314064
45.200000 1.338934
45.300000 1.364037
45.400000 1.389374
45.500000 1.414943
45.600000 1.440746
45.700000 1.466782
45.800000 1.493050
45.900000 1.519552
46.000000 1.546288
46.100000 1.573256
46.200000 1.600457
46.300000 1.627892
46.400000 1.655560
46.500000 1.683461
46.600000 1.711595
46.700000 1.739962
46.800000 1.768562
46.900000 1.797396
47.000000 1.826462
47.100000 1.855762
47.200000 1.885295
47.300000 1.915061
47.400000 1.945060
47.500000 1.975293
47.600000 2.005758
47.700000 2.036457
47.800000 2.067389
47.900000 2.098554
48.000000 2.129952
48.100000 2.161583
48.200000 2.193447
48.300000 2.225545
48.400000 2.257875
48.500000 2.290439
48.600000 2.323236
48.700000 2.356266
48.800000 2.389529
48.900000 2.423026
49.000000 2.456755
49.100000 2.490718
49.200000 2.524914
49.300000 2.559343
49.400000 2.594005
49.500000 2.628900
49.600000 2.664028
49.700000 2.699390
49.800000 2.734985
49.900000 2.770812
50.000000 2.806873
50.100000 2.843167
50.200000 2.879695
50.300000 2.916455
50.400000 2.953449
50.500000 2.990675
50.600000 3.028135
50.700000 3.065828
50.800000 3.103754
50.900000 3.141913
51.000000 3.180306
51.100000 3.218931
51.200000 3.257790
51.300000 3.296882
51.400000 3.336207
51.500000 3.375765
51.600000 3.415556
51.700000 3.455581
51.800000 3.495838
51.900000 3.536329
52.000000 3.577053
52.100000 3.618010
52.200000 3.659200
52.300000 3.700623
52.400000 3.742279
52.500000 3.784169
52.600000 3.826292
52.700000 3.868648
52.800000 3.911236
52.900000 3.954059
53.000000 3.997114
53.100000 4.040402
53.200000 4.083924
53.300000 4.127679
53.400000 4.171666
53.500000 4.215887
53.600000 4.260342
53.700000 4.305029
53.800000 4.349949
53.900000 4.395103
54.000000 4.440490
54.100000 4.486109
54.200000 4.531962
54.300000 4.578049
54.400000 4.624368
54.500000 4.670920
54.600000 4.717706
54.700000 4.764725
54.800000 4.811976
54.900000 4.859461
55.000000 4.907180
55.100000 4.955131
55.200000 5.003315
55.300000 5.051733
55.400000 5.100384
55.500000 5.149268
55.600000 5.198385
55.700000 5.247735
55.800000 5.297318
55.900000 5.347134
56.000000 5.397184
56.100000 5.447467
56.200000 5.497983
56.300000 5.548732
56.400000 5.599714
56.500000 5.650929
56.600000 5.702378
56.700000 5.754059
56.800000 5.805974
56.900000 5.858122
57.000000 5.910503
57.100000 5.963117
57.200000 6.015964
57.300000 6.069045
57.400000 6.122359
57.500000 6.175905
57.600000 6.229685
57.700000 6.283698
57.800000 6.337944
57.900000 6.392424
58.000000 6.447136
58.100000 6.502082
58.200000 6.557261
58.300000 6.612672
58.400000 6.668318
58.500000 6.724196
58.600000 6.780307
58.700000 6.836652
58.800000 6.893229
58.900000 6.950040
59.000000 7.007084
59.100000 7.064361
59.200000 7.121871
59.300000 7.179614
59.400000 7.237591
59.500000 7.295801
59.600000 7.354243
59.700000 7.412919
59.800000 7.471828
59.900000 7.530971
60.000000 7.590346
60.100000 7.649954
60.200000 7.709796
60.300000 7.769871
60.400000 7.830179
60.500000 7.890720
60.600000 7.951494
60.700000 8.012501
60.800000 8.073742
60.900000 8.135216
61.000000 8.196922
61.100000 8.258862
61.200000 8.321035
61.300000 8.383442
61.400000 8.446081
61.500000 8.508954
61.600000 8.572059
61.700000 8.635398
61.800000 8.698970
61.900000 8.762775
62.000000 8.826813
62.100000 8.891085
62.200000 8.955589
62.300000 9.020327
62.400000 9.085298
62.500000 9.150502
62.600000 9.215939
62.700000 9.281609
62.800000 9.347512
62.900000 9.413649
63.000000 9.480019
63.100000 9.546621
63.200000 9.613457
63.300000 9.680526
63.400000 9.747829
63.500000 9.815364
63.600000 9.883133
63.700000 9.951134
63.800000 10.019369
63.900000 10.087837
64.000000 10.156538
64.100000 10.225473
64.200000 10.294640
64.300000 10.364041
64.400000 10.433674
64.500000 10.503541
64.600000 10.573641
64.700000 10.643974
64.800000 10.714540
64.900000 10.785340
65.000000 10.856372
65.100000 10.927638
65.200000 10.999137
65.300000 11.070869
65.400000 11.142834
65.500000 11.215032
65.600000 11.287464
65.700000 11.360128
65.800000 11.433026
65.900000 11.506157
66.000000 11.579521
66.100000 11.653118
66.200000 11.726948
66.300000 11.801012
66.400000 11.875308
66.500000 11.949838
66.600000 12.024601
66.700000 12.099597
66.800000 12.174826
66.900000 12.250288
67.000000 12.325984
67.100000 12.401912
67.200000 12.478074
67.300000 12.554469
67.400000 12.631097
67.500000 12.707958
67.600000 12.785052
67.700000 12.862380
67.800000 12.939940
67.900000 13.017734
68.000000 13.095761
68.100000 13.174021
68.200000 13.252514
68.300000 13.331241
68.400000 13.410200
68.500000 13.489393
68.600000 13.568818
68.700000 13.648477
68.800000 13.728369
68.900000 13.808494
69.000000 13.888853
69.100000 13.969444
69.200000 14.050269
69.300000 14.131327
69.400000 14.212618
69.500000 14.294142
69.600000 14.375899
69.700000 14.457889
69.800000 14.540113
69.900000 14.622569
70.000000 14.705259
70.100000 14.788182
70.200000 14.871338
70.300000 14.954727
70.400000 15.038349
70.500000 15.122205
70.600000 15.206294
70.700000 15.290615
70.800000 15.375170
70.900000 15.459958
71.000000 15.544979
71.100000 15.630234
71.200000 15.715721
71.300000 15.801442
71.400000 15.887396
71.500000 15.973583
71.600000 16.060003
71.700000 16.146656
71.800000 16.233542
71.900000 16.320662
72.000000 16.408014
72.100000 16.495600
72.200000 16.583419
72.300000 16.671471
72.400000 16.759756
72.500000 16.848275
72.600000 16.937026
72.700000 17.026011
72.800000 17.115229
72.900000 17.204680
73.000000 17.294364
73.100000 17.384281
73.200000 17.474431
73.300000 17.564815
73.400000 17.655431
73.500000 17.746281
73.600000 17.837364
73.700000 17.928680
73.800000 18.020230
73.900000 18.112012
74.000000 18.204027
74.100000 18.296276
74.200000 18.388758
74.300000 18.481473
74.400000 18.574421
74.500000 18.667602
74.600000 18.761017
74.700000 18.854664
74.800000 18.948545
74.900000 19.042659
75.000000 19.137006
75.100000 19.231586
75.200000 19.326399
75.300000 19.421445
75.400000 19.516725
75.500000 19.612238
75.600000 19.707983
75.700000 19.803962
75.800000 19.900174
75.900000 19.996620
76.000000 20.093298
76.100000 20.190210
76.200000 20.287354
76.300000 20.384732
76.400000 20.482343
76.500000 20.580187
76.600000 20.678265
76.700000 20.776575
76.800000 20.875119
76.900000 20.973895
77.000000 21.072905
77.100000 21.172148
77.200000 21.271624
77.300000 21.371333
77.400000 21.471276
77.500000 21.571451
77.600000 21.671860
77.700000 21.772502
77.800000 21.873377
77.900000 21.974485
78.000000 22.075826
78.100000 22.177401
78.200000 22.279208
78.300000 22.381249
78.400000 22.483523
78.500000 22.586030
78.600000 22.688770
78.700000 22.791743
78.800000 22.894950
78.900000 22.998389
79.000000 23.102062
79.100000 23.205968
79.200000 23.310107
79.300000 23.414479
79.400000 23.519085
79.500000 23.623923
79.600000 23.728995
79.700000 23.834299
79.800000 23.939837
79.900000 24.045608
80.000000 24.151612
80.100000 24.257850
80.200000 24.364320
80.300000 24.471024
80.400000 24.577960
80.500000 24.685130
80.600000 24.792533
80.700000 24.900170
80.800000 25.008039
80.900000 25.116141
81.000000 25.224477
81.100000 25.333046
81.200000 25.441848
81.300000 25.550883
81.400000 25.660151
81.500000 25.769652
81.600000 25.879387
81.700000 25.989354
81.800000 26.099555
81.900000 26.209989
82.000000 26.320656
82.100000 26.431556
82.200000 26.542689
82.300000 26.654056
82.400000 26.765655
82.500000 26.877488
82.600000 26.989554
82.700000 27.101853
82.800000 27.214385
82.900000 27.327151
83.000000 27.440149
83.100000 27.553381
83.200000 27.666846
83.300000 27.780544
83.400000 27.894475
83.500000 28.008639
83.600000 28.123036
83.700000 28.237667
83.800000 28.352530
83.900000 28.467627
84.000000 28.582957
84.100000 28.698520
84.200000 28.814316
84.300000 28.930346
84.400000 29.046608
84.500000 29.163104
84.600000 29.279833
84.700000 29.396795
84.800000 29.513990
84.900000 29.631418
85.000000 29.749079
85.100000 29.866974
85.200000 29.985101
85.300000 30.103462
85.400000 30.222056
85.500000 30.340883
85.600000 30.459943
85.700000 30.579237
85.800000 30.698763
85.900000 30.818523
86.000000 30.938516
86.100000 31.058742
86.200000 31.179201
86.300000 31.299893
86.400000 31.420818
86.500000 31.541977
86.600000 31.663369
86.700000 31.784993
86.800000 31.906851
86.900000 32.028943
87.000000 32.151267
87.100000 32.273824
87.200000 32.396615
87.300000 32.519638
87.400000 32.642895
87.500000 32.766385
87.600000 32.890108
87.700000 33.014065
87.800000 33.138254
87.900000 33.262676
88.000000 33.387332
88.100000 33.512221
88.200000 33.637343
88.300000 33.762698
88.400000 33.888286
88.500000 34.014108
88.600000 34.140162
88.700000 34.266450
88.800000 34.392971
88.900000 34.519725
89.000000 34.646712
89.100000 34.773932
89.200000 34.901386
89.300000 35.029072
89.400000 35.156992
89.500000 35.285145
89.600000 35.413531
89.700000 35.542150
89.800000 35.671002
89.900000 35.800088
90.000000 35.929406
90.100000 36.058958
90.200000 36.188743
90.300000 36.318761
90.400000 36.449012
90.500000 36.579496
90.600000 36.710214
90.700000 36.841164
90.800000 36.972348
90.900000 37.103765
91.000000 37.235415
91.100000 37.367298
91.200000 37.499414
91.300000 37.631764
91.400000 37.764346
91.500000 37.897162
91.600000 38.030211
91.700000 38.163493
91.800000 38.297008
91.900000 38.430756
92.000000 38.564738
92.100000 38.698952
92.200000 38.833400
92.300000 38.968081
92.400000 39.102995
92.500000 39.238142
92.600000 39.373522
92.700000 39.509136
92.800000 39.644983
92.900000 39.781062
93.000000 39.917375
93.100000 40.053921
93.200000 40.190700
93.300000 40.327713
93.400000 40.464958
93.500000 40.602437
93.600000 40.740149
93.700000 40.878093
93.800000 41.016271
93.900000 41.154683
94.000000 41.293327
94.100000 41.432204
94.200000 41.571315
94.300000 41.710659
94.400000 41.850236
94.500000 41.990046
94.600000 42.130089
94.700000 42.270365
94.800000 42.410875
94.900000 42.551617
95.000000 42.692593
95.100000 42.833802
95.200000 42.975244
95.300000 43.116919
95.400000 43.258828
95.500000 43.400969
95.600000 43.543344
95.700000 43.685952
95.800000 43.828793
95.900000 43.971867
96.000000 44.115174
96.100000 44.258714
96.200000 44.402488
96.300000 44.546494
96.400000 44.690734
96.500000 44.835207
96.600000 44.979913
96.700000 45.124852
96.800000 45.270025
96.900000 45.415430
97.000000 45.561069
97.100000 45.706941
97.200000 45.853046
97.300000 45.999384
97.400000 46.145955
97.500000 46.292759
97.600000 46.439797
97.700000 46.587067
97.800000 46.734571
97.900000 46.882308
98.000000 47.030278
98.100000 47.178482
98.200000 47.326918
98.300000 47.475587
98.400000 47.624490
98.500000 47.773626
98.600000 47.922995
98.700000 48.072597
98.800000 48.222432
98.900000 48.372501
99.000000 48.522802
99.100000 48.673337
99.200000 48.824105
99.300000 48.975106
99.400000 49.126340
99.500000 49.277807
99.600000 49.429507
99.700000 49.581441
99.800000 49.733608
99.900000 49.886007
100.000000 50.038640
100.100000 50.191506
100.200000 50.344606
100.300000 50.497938
100.400000 50.651504
100.500000 50.805302
100.600000 50.959334
100.700000 51.113599
100.800000 51.268097
100.900000 51.422829
101.000000 51.577793
101.100000 51.732991
101.200000 51.888421
101.300000 52.044085
101.400000 52.199982
101.500000 52.356112
101.600000 52.512476
101.700000 52.669072
101.800000 52.825901
101.900000 52.982964
102.000000 53.140260
102.100000 53.297789
102.200000 53.455551
102.300000 53.613546
102.400000 53.771775
102.500000 53.930236
102.600000 54.088931
102.700000 54.247859
102.800000 54.407020
102.900000 54.566414
103.000000 54.726042
103.100000 54.885902
103.200000 55.045996
103.300000 55.206322
103.400000 55.366882
103.500000 55.527675
103.600000 55.688701
103.700000 55.849961
103.800000 56.011453
103.900000 56.173179
104.000000 56.335137
104.100000 56.497329
104.200000 56.659754
104.300000 56.822412
104.400000 56.985304
104.500000 57.148428
104.600000 57.311786
104.700000 57.475377
104.800000 57.639200
104.900000 57.803257
105.000000 57.967548
105.100000 58.132071
105.200000 58.296827
105.300000 58.461817
105.400000 58.627040
105.500000 58.792496
105.600000 58.958185
105.700000 59.124107
105.800000 59.290262
105.900000 59.456651
106.000000 59.623272
106.100000 59.790127
106.200000 59.957215
106.300000 60.124536
106.400000 60.292090
106.500000 60.459878
106.600000 60.627898
106.700000 60.796152
106.800000 60.964638
106.900000 61.133358
107.000000 61.302311
107.100000 61.471498
107.200000 61.640917
107.300000 61.810569
107.400000 61.980455
107.500000 62.150574
107.600000 62.320926
107.700000 62.491511
107.800000 62.662329
107.900000 62.833380
108.000000 63.004665
108.100000 63.176182
108.200000 63.347933
108.300000 63.519917
108.400000 63.692134
108.500000 63.864584
108.600000 64.037268
108.700000 64.210184
108.800000 64.383334
108.900000 64.556717
109.000000 64.730333
109.100000 64.904182
109.200000 65.078264
109.300000 65.252579
109.400000 65.427128
109.500000 65.601910
109.600000 65.776924
109.700000 65.952172
109.800000 66.127653
109.900000 66.303368
110.000000 66.479315
110.100000 66.655496
110.200000 66.831909
110.300000 67.008556
110.400000 67.185436
110.500000 67.362549
110.600000 67.539895
110.700000 67.717475
110.800000 67.895287
110.900000 68.073333
111.000000 68.251612
111.100000 68.430124
111.200000 68.608869
111.300000 68.787847
111.400000 68.967058
111.500000 69.146503
111.600000 69.326181
111.700000 69.506091
111.800000 69.686235
111.900000 69.866613
112.000000 70.047223
112.100000 70.228066
112.200000 70.409143
112.300000 70.590452
112.400000 70.771995
112.500000 70.953771
112.600000 71.135780
112.700000 71.318023
112.800000 71.500498
112.900000 71.683207
113.000000 71.866148
113.100000 72.049323
113.200000 72.232731
113.300000 72.416372
113.400000 72.600246
113.500000 72.784354
113.600000 72.968694
113.700000 73.153268
113.800000 73.338075
113.900000 73.523115
114.000000 73.708388
114.100000 73.893894
114.200000 74.079634
114.300000 74.265606
114.400000 74.451812
114.500000 74.638251
114.600000 74.824923
114.700000 75.011828
114.800000 75.198966
114.900000 75.386338
115.000000 75.573942
115.100000 75.761780
115.200000 75.949851
115.300000 76.138155
115.400000 76.326692
115.500000 76.515463
115.600000 76.704466
115.700000 76.893703
115.800000 77.083172
115.900000 77.272875
116.000000 77.462811
116.100000 77.652980
116.200000 77.843383
116.300000 78.034018
116.400000 78.224887
116.500000 78.415988
116.600000 78.607323
116.700000 78.798891
116.800000 78.990693
116.900000 79.182727
117.000000 79.374994
117.100000 79.567495
117.200000 79.760229
117.300000 79.953196
117.400000 80.146396
117.500000 80.339829
117.600000 80.533495
117.700000 80.727395
117.800000 80.921527
117.900000 81.115893
118.000000 81.310492
118.100000 81.505324
118.200000 81.700389
118.300000 81.895687
118.400000 82.091219
118.500000 82.286983
118.600000 82.482981
118.700000 82.679212
118.800000 82.875676
118.900000 83.072373
119.000000 83.269304
119.100000 83.466467
119.200000 83.663864
119.300000 83.861494
119.400000 84.059357
119.500000 84.257453
119.600000 84.455782
119.700000 84.654344
119.800000 84.853140
119.900000 85.052168
120.000000 85.251430
120.100000 85.450925
120.200000 85.650653
120.300000 85.850614
120.400000 86.050809
120.500000 86.251236
120.600000 86.451897
120.700000 86.652791
120.800000 86.853917
120.900000 87.055278
121.000000 87.256871
121.100000 87.458697
121.200000 87.660757
121.300000 87.863049
121.400000 88.065575
121.500000 88.268334
121.600000 88.471326
121.700000 88.674551
121.800000 88.878010
121.900000 89.081701
122.000000 89.285626
122.100000 89.489784
122.200000 89.694175
122.300000 89.898799
122.400000 90.103656
122.500000 90.308746
122.600000 90.514070
122.700000 90.719627
122.800000 90.925416
122.900000 91.131439
123.000000 91.337695
123.100000 91.544185
123.200000 91.750907
123.300000 91.957863
123.400000 92.165051
123.500000 92.372473
123.600000 92.580128
123.700000 92.788016
123.800000 92.996137
123.900000 93.204492
124.000000 93.413079
124.100000 93.621900
124.200000 93.830954
124.300000 94.040241
124.400000 94.249761
124.500000 94.459514
124.600000 94.669501
124.700000 94.879720
124.800000 95.090173
124.900000 95.300859
125.000000 95.511778
125.100000 95.722930
125.200000 95.934315
125.300000 96.145934
125.400000 96.357785
125.500000 96.569870
125.600000 96.782188
125.700000 96.994739
125.800000 97.207523
125.900000 97.420540
126.000000 97.633790
126.100000 97.847274
126.200000 98.060991
126.300000 98.274941
126.400000 98.489124
126.500000 98.703540
126.600000 98.918189
126.700000 99.133071
126.800000 99.348187
126.900000 99.563536
127.000000 99.779118
127.100000 99.994933
127.200000 100.210981
127.300000 100.427262
127.400000 100.643777
127.500000 100.860524
127.600000 101.077505
127.700000 101.294719
127.800000 101.512166
127.900000 101.729846
128.000000 101.947759
128.100000 102.165906
128.200000 102.384285
128.300000 102.602898
128.400000 102.821744
128.500000 103.040823
128.600000 103.260135
128.700000 103.479680
128.800000 103.699459
128.900000 103.919470
129.000000 104.139715
129.100000 104.360193
129.200000 104.580904
129.300000 104.801848
129.400000 105.023026
129.500000 105.244436
129.600000 105.466080
129.700000 105.687956
129.800000 105.910066
129.900000 106.132409
130.000000 106.354986
130.100000 106.577795
130.200000 106.800837
130.300000 107.024113
130.400000 107.247622
130.500000 107.471364
130.600000 107.695339
130.700000 107.919547
130.800000 108.143988
130.900000 108.368663
131.000000 108.593570
131.100000 108.818711
131.200000 109.044085
131.300000 109.269692
131.400000 109.495532
131.500000 109.721606
131.600000 109.947912
131.700000 110.174452
131.800000 110.401224
131.900000 110.628230
132.000000 110.855469
132.100000 111.082942
132.200000 111.310647
132.300000 111.538586
132.400000 111.766757
132.500000 111.995162
132.600000 112.223800
132.700000 112.452671
132.800000 112.681775
132.900000 112.911113
133.000000 113.140683
133.100000 113.370487
133.200000 113.600523
133.300000 113.830793
133.400000 114.061296
133.500000 114.292033
133.600000 114.523002
133.700000 114.754205
133.800000 114.985640
133.900000 115.217309
134.000000 115.449211
134.100000 115.681346
134.200000 115.913714
134.300000 116.146316
134.400000 116.379150
134.500000 116.612218
134.600000 116.845519
134.700000 117.079053
134.800000 117.312820
134.900000 117.546820
135.000000 117.781053
135.100000 118.015520
135.200000 118.250220
135.300000 118.485152
135.400000 118.720318
135.500000 118.955717
135.600000 119.191350
135.700000 119.427215
135.800000 119.663314
135.900000 119.899645
136.000000 120.136210
136.100000 120.373008
136.200000 120.610039
136.300000 120.847304
136.400000 121.084801
136.500000 121.322531
136.600000 121.560495
136.700000 121.798692
136.800000 122.037122
136.900000 122.275785
137.000000 122.514681
137.100000 122.753811
137.200000 122.993173
137.300000 123.232769
137.400000 123.472598
137.500000 123.712660
137.600000 123.952955
137.700000 124.193483
137.800000 124.434245
137.900000 124.675239
138.000000 124.916467
138.100000 125.157928
138.200000 125.399622
138.300000 125.641549
138.400000 125.883709
138.500000 126.126103
138.600000 126.368729
138.700000 126.611589
138.800000 126.854682
138.900000 127.098008
139.000000 127.341567
139.100000 127.585359
139.200000 127.829385
139.300000 128.073643
139.400000 128.318135
139.500000 128.562860
139.600000 128.807818
139.700000 129.053009
139.800000 129.298433
139.900000 129.544091
140.000000 129.789981
140.100000 130.036105
140.200000 130.282462
140.300000 130.529052
140.400000 130.775875
140.500000 131.022931
140.600000 131.270221
140.700000 131.517744
140.800000 131.765499
140.900000 132.013488
141.000000 132.261710
141.100000 132.510165
141.200000 132.758854
141.300000 133.007775
141.400000 133.256930
141.500000 133.506318
141.600000 133.755938
141.700000 134.005792
141.800000 134.255880
141.900000 134.506200
142.000000 134.756753
142.100000 135.007540
142.200000 135.258560
142.300000 135.509813
142.400000 135.761299
142.500000 136.013018
142.600000 136.264970
142.700000 136.517156
142.800000 136.769574
142.900000 137.022226
143.000000 137.275111
143.100000 137.528229
143.200000 137.781580
143.300000 138.035165
143.400000 138.288982
143.500000 138.543033
143.600000 138.797317
143.700000 139.051833
143.800000 139.306583
143.900000 139.561567
144.000000 139.816783
144.100000 140.072233
144.200000 140.327915
144.300000 140.583831
144.400000 140.839980
144.500000 141.096362
144.600000 141.352977
144.700000 141.609826
144.800000 141.866907
144.900000 142.124222
145.000000 142.381769
145.100000 142.639550
145.200000 142.897564
145.300000 143.155812
145.400000 143.414292
145.500000 143.673006
145.600000 143.931952
145.700000 144.191132
145.800000 144.450545
145.900000 144.710191
146.000000 144.970070
146.100000 145.230183
146.200000 145.490528
146.300000 145.751107
146.400000 146.011919
146.500000 146.272964
146.600000 146.534242
146.700000 146.795753
146.800000 147.057497
146.900000 147.319475
147.000000 147.581686
147.100000 147.844129
147.200000 148.106806
147.300000 148.369716
147.400000 148.632860
147.500000 148.896236
147.600000 149.159846
147.700000 149.423688
147.800000 149.687764
147.900000 149.952073
148.000000 150.216615
148.100000 150.481390
148.200000 150.746399
148.300000 151.011640
148.400000 151.277115
148.500000 151.542823
148.600000 151.808764
148.700000 152.074938
148.800000 152.341345
148.900000 152.607986
149.000000 152.874859
149.100000 153.141966
149.200000 153.409306
149.300000 153.676879
149.400000 153.944685
149.500000 154.212724
149.600000 154.480997
149.700000 154.749502
149.800000 155.018241
149.900000 155.287213
150.000000 155.556418
150.100000 155.825856
150.200000 156.095527
150.300000 156.365432
150.400000 156.635569
150.500000 156.905940
150.600000 157.176544
150.700000 157.447381
150.800000 157.718451
150.900000 157.989754
151.000000 158.261291
151.100000 158.533060
151.200000 158.805063
151.300000 159.077299
151.400000 159.349768
151.500000 159.622470
151.600000 159.895405
151.700000 160.168574
151.800000 160.441975
151.900000 160.715610
152.000000 160.989478
152.100000 161.263579
152.200000 161.537913
152.300000 161.812480
152.400000 162.087281
152.500000 162.362314
152.600000 162.637581
152.700000 162.913081
152.800000 163.188814
152.900000 163.464780
153.000000 163.740979
153.100000 164.017412
153.200000 164.294078
153.300000 164.570976
153.400000 164.848108
153.500000 165.125473
153.600000 165.403071
153.700000 165.680903
153.800000 165.958967
153.900000 166.237265
154.000000 166.515796
154.100000 166.794559
154.200000 167.073556
154.300000 167.352787
154.400000 167.632250
154.500000 167.911946
154.600000 168.191876
154.700000 168.472039
154.800000 168.752435
154.900000 169.033064
155.000000 169.313926
155.100000 169.595021
155.200000 169.876350
155.300000 170.157911
155.400000 170.439706
155.500000 170.721734
155.600000 171.003995
155.700000 171.286489
155.800000 171.569217
155.900000 171.852177
156.000000 172.135371
156.100000 172.418798
156.200000 172.702458
156.300000 172.986351
156.400000 173.270477
156.500000 173.554836
156.600000 173.839429
156.700000 174.124254
156.800000 174.409313
156.900000 174.694605
157.000000 174.980130
157.100000 175.265888
157.200000 175.551880
157.300000 175.838104
157.400000 176.124562
157.500000 176.411253
157.600000 176.698177
157.700000 176.985334
157.800000 177.272724
157.900000 177.560347
158.000000 177.848204
158.100000 178.136293
158.200000 178.424616
158.300000 178.713172
158.400000 179.001961
158.500000 179.290984
158.600000 179.580239
158.700000 179.869727
158.800000 180.159449
158.900000 180.449404
159.000000 180.739592
159.100000 181.030013
159.200000 181.320667
159.300000 181.611555
159.400000 181.902675
159.500000 182.194029
159.600000 182.485616
159.700000 182.777436
159.800000 183.069489
159.900000 183.361775
160.000000 183.654294
160.100000 183.947047
160.200000 184.240033
160.300000 184.533251
160.400000 184.826703
160.500000 185.120389
160.600000 185.414307
160.700000 185.708458
160.800000 186.002843
160.900000 186.297460
161.000000 186.592311
161.100000 186.887395
161.200000 187.182712
161.300000 187.478263
161.400000 187.774046
161.500000 188.070063
161.600000 188.366312
161.700000 188.662795
161.800000 188.959511
161.900000 189.256460
162.000000 189.553643
162.100000 189.851058
162.200000 190.148707
162.300000 190.446588
162.400000 190.744703
162.500000 191.043051
162.600000 191.341632
162.700000 191.640447
162.800000 191.939494
162.900000 192.238775
163.000000 192.538288
163.100000 192.838035
163.200000 193.138015
163.300000 193.438228
163.400000 193.738675
163.500000 194.039354
163.600000 194.340267
163.700000 194.641412
163.800000 194.942791
163.900000 195.244403
164.000000 195.546248
164.100000 195.848327
164.200000 196.150638
164.300000 196.453183
164.400000 196.755960
164.500000 197.058971
164.600000 197.362215
164.700000 197.665693
164.800000 197.969403
164.900000 198.273346
165.000000 198.577523
165.100000 198.881933
165.200000 199.186576
165.300000 199.491452
165.400000 199.796561
165.500000 200.101903
165.600000 200.407479
165.700000 200.713287
165.800000 201.019329
165.900000 201.325604
166.000000 201.632112
166.100000 201.938853
166.200000 202.245827
166.300000 202.553035
166.400000 202.860475
166.500000 203.168149
166.600000 203.476056
166.700000 203.784196
166.800000 204.092569
166.900000 204.401176
167.000000 204.710015
167.100000 205.019088
167.200000 205.328394
167.300000 205.637932
167.400000 205.947704
167.500000 206.257710
167.600000 206.567948
167.700000 206.878420
167.800000 207.189124
167.900000 207.500062
168.000000 207.811233
168.100000 208.122637
168.200000 208.434274
168.300000 208.746144
168.400000 209.058248
168.500000 209.370585
168.600000 209.683154
168.700000 209.995957
168.800000 210.308993
168.900000 210.622263
169.000000 210.935765
169.100000 211.249500
169.200000 211.563469
169.300000 211.877671
169.400000 212.192106
169.500000 212.506774
169.600000 212.821675
169.700000 213.136810
169.800000 213.452177
169.900000 213.767778
170.000000 214.083611
170.100000 214.399678
170.200000 214.715979
170.300000 215.032512
170.400000 215.349278
170.500000 215.666278
170.600000 215.983510
170.700000 216.300976
170.800000 216.618675
170.900000 216.936607
171.000000 217.254772
171.100000 217.573171
171.200000 217.891802
171.300000 218.210667
171.400000 218.529765
171.500000 218.849096
171.600000 219.168660
171.700000 219.488457
171.800000 219.808488
171.900000 220.128751
172.000000 220.449248
172.100000 220.769978
172.200000 221.090941
172.300000 221.412137
172.400000 221.733566
172.500000 222.055228
172.600000 222.377124
172.700000 222.699253
172.800000 223.021614
172.900000 223.344209
173.000000 223.667038
173.100000 223.990099
173.200000 224.313393
173.300000 224.636921
173.400000 224.960681
173.500000 225.284675
173.600000 225.608902
173.700000 225.933362
173.800000 226.258056
173.900000 226.582982
174.000000 226.908142
174.100000 227.233534
174.200000 227.559160
174.300000 227.885019
174.400000 228.211111
174.500000 228.537437
174.600000 228.863995
174.700000 229.190787
174.800000 229.517811
174.900000 229.845069
175.000000 230.172560
175.100000 230.500284
175.200000 230.828242
175.300000 231.156432
175.400000 231.484856
175.500000 231.813512
175.600000 232.142402
175.700000 232.471525
175.800000 232.800881
175.900000 233.130471
176.000000 233.460293
176.100000 233.790349
176.200000 234.120637
176.300000 234.451159
176.400000 234.781914
176.500000 235.112903
176.600000 235.444124
176.700000 235.775578
176.800000 236.107266
176.900000 236.439187
177.000000 236.771341
177.100000 237.103728
177.200000 237.436348
177.300000 237.769201
177.400000 238.102288
177.500000 238.435607
177.600000 238.769160
177.700000 239.102946
177.800000 239.436965
177.900000 239.771217
178.000000 240.105702
178.100000 240.440421
178.200000 240.775372
178.300000 241.110557
178.400000 241.445975
178.500000 241.781626
178.600000 242.117510
178.700000 242.453628
178.800000 242.789978
178.900000 243.126562
179.000000 243.463378
179.100000 243.800428
179.200000 244.137711
179.300000 244.475228
179.400000 244.812977
179.500000 245.150959
179.600000 245.489175
179.700000 245.827624
179.800000 246.166306
179.900000 246.505221
180.000000 246.844369
