-180.000000 243.243440
-179.900000 243.578665
-179.800000 243.914121
-179.700000 244.249808
-179.600000 244.585726
-179.500000 244.921874
-179.400000 245.258254
-179.300000 245.594864
-179.200000 245.931705
-179.100000 246.268777
-179.000000 246.606079
-178.900000 246.943613
-178.800000 247.281377
-178.700000 247.619372
-178.600000 247.957598
-178.500000 248.296055
-178.400000 248.634743
-178.300000 248.973662
-178.200000 249.312811
-178.100000 249.652191
-178.000000 249.991802
-177.900000 250.331644
-177.800000 250.671717
-177.700000 251.012020
-177.600000 251.352555
-177.500000 251.693320
-177.400000 252.034316
-177.300000 252.375543
-177.200000 252.717001
-177.100000 253.058689
-177.000000 253.400608
-176.900000 253.742759
-176.800000 254.085140
-176.700000 254.427752
-176.600000 254.770594
-176.500000 255.113668
-176.400000 255.456972
-176.300000 255.800508
-176.200000 256.144274
-176.100000 256.488271
-176.000000 256.832498
-175.900000 257.176957
-175.800000 257.521646
-175.700000 257.866567
-175.600000 258.211718
-175.500000 258.557100
-175.400000 258.902712
-175.300000 259.248556
-175.200000 259.594630
-175.100000 259.940936
-175.000000 260.287472
-174.900000 260.634239
-174.800000 260.981236
-174.700000 261.328465
-174.600000 261.675925
-174.500000 262.023615
-174.400000 262.371536
-174.300000 262.719688
-174.200000 263.068071
-174.100000 263.416684
-174.000000 263.765529
-173.900000 264.114604
-173.800000 264.463910
-173.700000 264.813447
-173.600000 265.163215
-173.500000 265.513214
-173.400000 265.863443
-173.300000 266.213903
-173.200000 266.564595
-173.100000 266.915517
-173.000000 267.266669
-172.900000 267.618053
-172.800000 267.969668
-172.700000 268.321513
-172.600000 268.673589
-172.500000 269.025896
-172.400000 269.378434
-172.300000 269.731203
-172.200000 270.084202
-172.100000 270.437432
-172.000000 270.790894
-171.900000 271.144586
-171.800000 271.498508
-171.700000 271.852662
-171.600000 272.207047
-171.500000 272.561662
-171.400000 272.916508
-171.300000 273.271585
-171.200000 273.626893
-171.100000 273.982432
-171.000000 274.338201
-170.900000 274.694202
-170.800000 275.050433
-170.700000 275.406895
-170.600000 275.763588
-170.500000 276.120511
-170.400000 276.477666
-170.300000 276.835051
-170.200000 277.192668
-170.100000 277.550515
-170.000000 277.908593
-169.900000 278.266901
-169.800000 278.625441
-169.700000 278.984211
-169.600000 279.343212
-169.500000 279.702445
-169.400000 280.061907
-169.300000 280.421601
-169.200000 280.781526
-169.100000 281.141681
-169.000000 281.502067
-168.900000 281.862684
-168.800000 282.223532
-168.700000 282.584611
-168.600000 282.945921
-168.500000 283.307461
-168.400000 283.669232
-168.300000 284.031235
-168.200000 284.393467
-168.100000 284.755931
-168.000000 285.118626
-167.900000 285.481551
-167.800000 285.844708
-167.700000 286.208095
-167.600000 286.571713
-167.500000 286.935561
-167.400000 287.299641
-167.300000 287.663951
-167.200000 288.028493
-167.100000 288.393265
-167.000000 288.758268
-166.900000 289.123502
-166.800000 289.488966
-166.700000 289.854662
-166.600000 290.220588
-166.500000 290.586745
-166.400000 290.953133
-166.300000 291.319752
-166.200000 291.686602
-166.100000 292.053682
-166.000000 292.420993
-165.900000 292.788536
-165.800000 293.156309
-165.700000 293.524312
-165.600000 293.892547
-165.500000 294.261013
-165.400000 294.629709
-165.300000 294.998636
-165.200000 295.367794
-165.100000 295.737183
-165.000000 296.106803
-164.900000 296.476653
-164.800000 296.846734
-164.700000 297.217047
-164.600000 297.587590
-164.500000 297.958363
-164.400000 298.329368
-164.300000 298.700604
-164.200000 299.072070
-164.100000 299.443767
-164.000000 299.815695
-163.900000 300.187854
-163.800000 300.560244
-163.700000 300.932864
-163.600000 301.305716
-163.500000 301.678798
-163.400000 302.052111
-163.300000 302.425655
-163.200000 302.799430
-163.100000 303.173435
-163.000000 303.547672
-162.900000 303.922139
-162.800000 304.296837
-162.700000 304.671766
-162.600000 305.046925
-162.500000 305.422316
-162.400000 305.797937
-162.300000 306.173790
-162.200000 306.549873
-162.100000 306.926187
-162.000000 307.302731
-161.900000 307.679507
-161.800000 308.056513
-161.700000 308.433751
-161.600000 308.811219
-161.500000 309.188918
-161.400000 309.566847
-161.300000 309.945008
-161.200000 310.323399
-161.100000 310.702022
-161.000000 311.080875
-160.900000 311.459959
-160.800000 311.839273
-160.700000 312.218819
-160.600000 312.598596
-160.500000 312.978603
-160.400000 313.358841
-160.300000 313.739310
-160.200000 314.120010
-160.100000 314.500940
-160.000000 314.882102
-159.900000 315.263494
-159.800000 315.645117
-159.700000 316.026971
-159.600000 316.409056
-159.500000 316.791372
-159.400000 317.173918
-159.300000 317.556695
-159.200000 317.939703
-159.100000 318.322942
-159.000000 318.706412
-158.900000 319.090113
-158.800000 319.474044
-158.700000 319.858207
-158.600000 320.242600
-158.500000 320.627224
-158.400000 321.012079
-158.300000 321.397164
-158.200000 321.782481
-158.100000 322.168028
-158.000000 322.553806
-157.900000 322.939815
-157.800000 323.326055
-157.700000 323.712526
-157.600000 324.099227
-157.500000 324.486160
-157.400000 324.873323
-157.300000 325.260717
-157.200000 325.648342
-157.100000 326.036198
-157.000000 326.424284
-156.900000 326.812601
-156.800000 327.201150
-156.700000 327.589929
-156.600000 327.978939
-156.500000 328.368179
-156.400000 328.757651
-156.300000 329.147353
-156.200000 329.537286
-156.100000 329.927450
-156.000000 330.317845
-155.900000 330.708471
-155.800000 331.099328
-155.700000 331.490415
-155.600000 331.881733
-155.500000 332.273282
-155.400000 332.665062
-155.300000 333.057073
-155.200000 333.449315
-155.100000 333.841787
-155.000000 334.234490
-154.900000 334.627424
-154.800000 335.020589
-154.700000 335.413985
-154.600000 335.807611
-154.500000 336.201469
-154.400000 336.595557
-154.300000 336.989876
-154.200000 337.384426
-154.100000 337.779207
-154.000000 338.174219
-153.900000 338.569461
-153.800000 338.964934
-153.700000 339.360638
-153.600000 339.756573
-153.500000 340.152739
-153.400000 340.549136
-153.300000 340.945763
-153.200000 341.342621
-153.100000 341.739711
-153.000000 342.137031
-152.900000 342.534581
-152.800000 342.932363
-152.700000 343.330375
-152.600000 343.728619
-152.500000 344.127093
-152.400000 344.525798
-152.300000 344.924734
-152.200000 345.323900
-152.100000 345.723298
-152.000000 346.122926
-151.900000 346.522785
-151.800000 346.922875
-151.700000 347.323196
-151.600000 347.723748
-151.500000 348.124530
-151.400000 348.525543
-151.300000 348.926788
-151.200000 349.328263
-151.100000 349.729968
-151.000000 350.131905
-150.900000 350.534073
-150.800000 350.936471
-150.700000 351.339100
-150.600000 351.741960
-150.500000 352.145051
-150.400000 352.548373
-150.300000 352.951925
-150.200000 353.355709
-150.100000 353.759723
-150.000000 354.163968
-149.900000 354.568444
-149.800000 354.973150
-149.700000 355.378088
-149.600000 355.783256
-149.500000 356.188655
-149.400000 356.594286
-149.300000 357.000146
-149.200000 357.406238
-149.100000 357.812561
-149.000000 358.219114
-148.900000 358.625898
-148.800000 359.032913
-148.700000 359.440159
-148.600000 359.847636
-148.500000 360.255343
-148.400000 360.663282
-148.300000 361.071451
-148.200000 361.479851
-148.100000 361.888482
-148.000000 362.297344
-147.900000 362.706436
-147.800000 363.115760
-147.700000 363.525314
-147.600000 363.935099
-147.500000 364.345115
-147.400000 364.755362
-147.300000 365.165839
-147.200000 365.576548
-147.100000 365.987487
-147.000000 366.398657
-146.900000 366.810058
-146.800000 367.221690
-146.700000 367.633553
-146.600000 368.045646
-146.500000 368.457970
-146.400000 368.870525
-146.300000 369.283311
-146.200000 369.696328
-146.100000 370.109576
-146.000000 370.523054
-145.900000 370.936763
-145.800000 371.350704
-145.700000 371.764875
-145.600000 372.179276
-145.500000 372.593909
-145.400000 373.008772
-145.300000 373.423867
-145.200000 373.839192
-145.100000 373.652980
-145.000000 373.237759
-144.900000 372.822768
-144.800000 372.408008
-144.700000 371.993479
-144.600000 371.579180
-144.500000 371.165113
-144.400000 370.751276
-144.300000 370.337670
-144.200000 369.924296
-144.100000 369.511151
-144.000000 369.098238
-143.900000 368.685556
-143.800000 368.273104
-143.700000 367.860883
-143.600000 367.448893
-143.500000 367.037134
-143.400000 366.625606
-143.300000 366.214308
-143.200000 365.803242
-143.100000 365.392406
-143.000000 364.981801
-142.900000 364.571427
-142.800000 364.161284
-142.700000 363.751371
-142.600000 363.341690
-142.500000 362.932239
-142.400000 362.523019
-142.300000 362.114030
-142.200000 361.705271
-142.100000 361.296744
-142.000000 360.888447
-141.900000 360.480382
-141.800000 360.072547
-141.700000 359.664943
-141.600000 359.257569
-141.500000 358.850427
-141.400000 358.443515
-141.300000 358.036835
-141.200000 357.630385
-141.100000 357.224166
-141.000000 356.818178
-140.900000 356.412420
-140.800000 356.006894
-140.700000 355.601598
-140.600000 355.196533
-140.500000 354.791699
-140.400000 354.387096
-140.300000 353.982723
-140.200000 353.578582
-140.100000 353.174671
-140.000000 352.770991
-139.900000 352.367542
-139.800000 351.964324
-139.700000 351.561337
-139.600000 351.158580
-139.500000 350.756054
-139.400000 350.353759
-139.300000 349.951695
-139.200000 349.549862
-139.100000 349.148260
-139.000000 348.746888
-138.900000 348.345748
-138.800000 347.944838
-138.700000 347.544159
-138.600000 347.143711
-138.500000 346.743493
-138.400000 346.343507
-138.300000 345.943751
-138.200000 345.544226
-138.100000 345.144932
-138.000000 344.745869
-137.900000 344.347037
-137.800000 343.948435
-137.700000 343.550065
-137.600000 343.151925
-137.500000 342.754016
-137.400000 342.356338
-137.300000 341.958890
-137.200000 341.561674
-137.100000 341.164688
-137.000000 340.767933
-136.900000 340.371410
-136.800000 339.975116
-136.700000 339.579054
-136.600000 339.183223
-136.500000 338.787622
-136.400000 338.392252
-136.300000 337.997113
-136.200000 337.602205
-136.100000 337.207528
-136.000000 336.813081
-135.900000 336.418866
-135.800000 336.024881
-135.700000 335.631127
-135.600000 335.237604
-135.500000 334.844312
-135.400000 334.451250
-135.300000 334.058420
-135.200000 333.665820
-135.100000 333.273451
-135.000000 332.881313
-134.900000 332.489406
-134.800000 332.097729
-134.700000 331.706284
-134.600000 331.315069
-134.500000 330.924085
-134.400000 330.533332
-134.300000 330.142810
-134.200000 329.752518
-134.100000 329.362458
-134.000000 328.972628
-133.900000 328.583029
-133.800000 328.193661
-133.700000 327.804524
-133.600000 327.415617
-133.500000 327.026942
-133.400000 326.638497
-133.300000 326.250283
-133.200000 325.862300
-133.100000 325.474548
-133.000000 325.087027
-132.900000 324.699736
-132.800000 324.312676
-132.700000 323.925847
-132.600000 323.539249
-132.500000 323.152882
-132.400000 322.766746
-132.300000 322.380840
-132.200000 321.995166
-132.100000 321.609722
-132.000000 321.224509
-131.900000 320.839527
-131.800000 320.454775
-131.700000 320.070255
-131.600000 319.685965
-131.500000 319.301906
-131.400000 318.918078
-131.300000 318.534481
-131.200000 318.151115
-131.100000 317.767979
-131.000000 317.385074
-130.900000 317.002401
-130.800000 316.619958
-130.700000 316.237745
-130.600000 315.855764
-130.500000 315.474014
-130.400000 315.092494
-130.300000 314.711205
-130.200000 314.330147
-130.100000 313.949320
-130.000000 313.568724
-129.900000 313.188358
-129.800000 312.808224
-129.700000 312.428320
-129.600000 312.048647
-129.500000 311.669205
-129.400000 311.289993
-129.300000 310.911013
-129.200000 310.532263
-129.100000 310.153745
-129.000000 309.775457
-128.900000 309.397400
-128.800000 309.019573
-128.700000 308.641978
-128.600000 308.264613
-128.500000 307.887479
-128.400000 307.510577
-128.300000 307.133904
-128.200000 306.757463
-128.100000 306.381253
-128.000000 306.005273
-127.900000 305.629524
-127.800000 305.254006
-127.700000 304.878719
-127.600000 304.503663
-127.500000 304.128838
-127.400000 303.754243
-127.300000 303.379879
-127.200000 303.005746
-127.100000 302.631844
-127.000000 302.258173
-126.900000 301.884733
-126.800000 301.511523
-126.700000 301.138544
-126.600000 300.765797
-126.500000 300.393280
-126.400000 300.020993
-126.300000 299.648938
-126.200000 299.277113
-126.100000 298.905520
-126.000000 298.534157
-125.900000 298.163025
-125.800000 297.792123
-125.700000 297.421453
-125.600000 297.051014
-125.500000 296.680805
-125.400000 296.310827
-125.300000 295.941080
-125.200000 295.571564
-125.100000 295.202278
-125.000000 294.833224
-124.900000 294.464400
-124.800000 294.095807
-124.700000 293.727445
-124.600000 293.359314
-124.500000 292.991414
-124.400000 292.623744
-124.300000 292.256306
-124.200000 291.889098
-124.100000 291.522121
-124.000000 291.155375
-123.900000 290.788859
-123.800000 290.422575
-123.700000 290.056521
-123.600000 289.690698
-123.500000 289.325106
-123.400000 288.959745
-123.300000 288.594615
-123.200000 288.229715
-123.100000 287.865047
-123.000000 287.500609
-122.900000 287.136402
-122.800000 286.772426
-122.700000 286.408681
-122.600000 286.045166
-122.500000 285.681882
-122.400000 285.318830
-122.300000 284.956008
-122.200000 284.593417
-122.100000 284.231056
-122.000000 283.868927
-121.900000 283.507028
-121.800000 283.145360
-121.700000 282.783923
-121.600000 282.422717
-121.500000 282.061742
-121.400000 281.700998
-121.300000 281.340484
-121.200000 280.980201
-121.100000 280.620149
-121.000000 280.260328
-120.900000 279.900738
-120.800000 279.541379
-120.700000 279.182250
-120.600000 278.823352
-120.500000 278.464685
-120.400000 278.106249
-120.300000 277.748044
-120.200000 277.390070
-120.100000 277.032326
-120.000000 276.674813
-119.900000 276.317531
-119.800000 275.960480
-119.700000 275.603660
-119.600000 275.247071
-119.500000 274.890712
-119.400000 274.534584
-119.300000 274.178687
-119.200000 273.823021
-119.100000 273.467586
-119.000000 273.112382
-118.900000 272.757408
-118.800000 272.402666
-118.700000 272.048154
-118.600000 271.693873
-118.500000 271.339822
-118.400000 270.986003
-118.300000 270.632415
-118.200000 270.279057
-118.100000 269.925930
-118.000000 269.573034
-117.900000 269.220369
-117.800000 268.867934
-117.700000 268.515731
-117.600000 268.163758
-117.500000 267.812016
-117.400000 267.460505
-117.300000 267.109225
-117.200000 266.758176
-117.100000 266.407357
-117.000000 266.056770
-116.900000 265.706413
-116.800000 265.356287
-116.700000 265.006392
-116.600000 264.656727
-116.500000 264.307294
-116.400000 263.958091
-116.300000 263.609119
-116.200000 263.260378
-116.100000 262.911868
-116.000000 262.563589
-115.900000 262.215540
-115.800000 261.867723
-115.700000 261.520136
-115.600000 261.172780
-115.500000 260.825655
-115.400000 260.478761
-115.300000 260.132097
-115.200000 259.785665
-115.100000 259.439463
-115.000000 259.093492
-114.900000 258.747752
-114.800000 258.402242
-114.700000 258.056964
-114.600000 257.711916
-114.500000 257.367100
-114.400000 257.022514
-114.300000 256.678159
-114.200000 256.334034
-114.100000 255.990141
-114.000000 255.646478
-113.900000 255.303046
-113.800000 254.959846
-113.700000 254.616875
-113.600000 254.274136
-113.500000 253.931628
-113.400000 253.589350
-113.300000 253.247303
-113.200000 252.905488
-113.100000 252.563902
-113.000000 252.222548
-112.900000 251.881425
-112.800000 251.540532
-112.700000 251.199871
-112.600000 250.859440
-112.500000 250.519240
-112.400000 250.179270
-112.300000 249.839532
-112.200000 249.500024
-112.100000 249.160748
-112.000000 248.821702
-111.900000 248.482887
-111.800000 248.144303
-111.700000 247.805949
-111.600000 247.467827
-111.500000 247.129935
-111.400000 246.792274
-111.300000 246.454844
-111.200000 246.117645
-111.100000 245.780676
-111.000000 245.443939
-110.900000 245.107432
-110.800000 244.771156
-110.700000 244.435111
-110.600000 244.099297
-110.500000 243.763714
-110.400000 243.428361
-110.300000 243.093240
-110.200000 242.758349
-110.100000 242.423689
-110.000000 242.089260
-109.900000 241.755061
-109.800000 241.421094
-109.700000 241.087357
-109.600000 240.753851
-109.500000 240.420576
-109.400000 240.087532
-109.300000 239.754719
-109.200000 239.422136
-109.100000 239.089785
-109.000000 238.757664
-108.900000 238.425774
-108.800000 238.094115
-108.700000 237.762686
-108.600000 237.431489
-108.500000 237.100522
-108.400000 236.769787
-108.300000 236.439282
-108.200000 236.109007
-108.100000 235.778964
-108.000000 235.449152
-107.900000 235.119570
-107.800000 234.790219
-107.700000 234.461099
-107.600000 234.132210
-107.500000 233.803552
-107.400000 233.475124
-107.300000 233.146928
-107.200000 232.818962
-107.100000 232.491227
-107.000000 232.163723
-106.900000 231.836450
-106.800000 231.509407
-106.700000 231.182596
-106.600000 230.856015
-106.500000 230.529665
-106.400000 230.203546
-106.300000 229.877658
-106.200000 229.552000
-106.100000 229.226574
-106.000000 228.901378
-105.900000 228.576413
-105.800000 228.251679
-105.700000 227.927176
-105.600000 227.602903
-105.500000 227.278862
-105.400000 226.955051
-105.300000 226.631471
-105.200000 226.308122
-105.100000 225.985004
-105.000000 225.662117
-104.900000 225.339460
-104.800000 225.017034
-104.700000 224.694839
-104.600000 224.372875
-104.500000 224.051142
-104.400000 223.729640
-104.300000 223.408368
-104.200000 223.087328
-104.100000 222.766518
-104.000000 222.445939
-103.900000 222.125590
-103.800000 221.805473
-103.700000 221.485587
-103.600000 221.165931
-103.500000 220.846506
-103.400000 220.527312
-103.300000 220.208349
-103.200000 219.889617
-103.100000 219.571115
-103.000000 219.252844
-102.900000 218.934805
-102.800000 218.616996
-102.700000 218.299417
-102.600000 217.982070
-102.500000 217.664954
-102.400000 217.348068
-102.300000 217.031413
-102.200000 216.714989
-102.100000 216.398796
-102.000000 216.082834
-101.900000 215.767102
-101.800000 215.451601
-101.700000 215.136332
-101.600000 214.821293
-101.500000 214.506485
-101.400000 214.191907
-101.300000 213.877561
-101.200000 213.563445
-101.100000 213.249560
-101.000000 212.935906
-100.900000 212.622483
-100.800000 212.309291
-100.700000 211.996330
-100.600000 211.683599
-100.500000 211.371099
-100.400000 211.058830
-100.300000 210.746792
-100.200000 210.434985
-100.100000 210.123408
-100.000000 209.812063
-99.900000 209.500948
-99.800000 209.190064
-99.700000 208.879411
-99.600000 208.568989
-99.500000 208.258797
-99.400000 207.948837
-99.300000 207.639107
-99.200000 207.329608
-99.100000 207.020340
-99.000000 206.711303
-98.900000 206.402496
-98.800000 206.093921
-98.700000 205.785576
-98.600000 205.477462
-98.500000 205.169579
-98.400000 204.861927
-98.300000 204.554505
-98.200000 204.247315
-98.100000 203.940355
-98.000000 203.633626
-97.900000 203.327128
-97.800000 203.020861
-97.700000 202.714825
-97.600000 202.409019
-97.500000 202.103444
-97.400000 201.798100
-97.300000 201.492987
-97.200000 201.188105
-97.100000 200.883454
-97.000000 200.579033
-96.900000 200.274844
-96.800000 199.970885
-96.700000 199.667157
-96.600000 199.363660
-96.500000 199.060393
-96.400000 198.757358
-96.300000 198.454553
-96.200000 198.151979
-96.100000 197.849636
-96.000000 197.547524
-95.900000 197.245643
-95.800000 196.943992
-95.700000 196.642572
-95.600000 196.341384
-95.500000 196.040426
-95.400000 195.739698
-95.300000 195.439202
-95.200000 195.138937
-95.100000 194.838902
-95.000000 194.539098
-94.900000 194.239525
-94.800000 193.940183
-94.700000 193.641072
-94.600000 193.342191
-94.500000 193.043542
-94.400000 192.745123
-94.300000 192.446935
-94.200000 192.148978
-94.100000 191.851251
-94.000000 191.553756
-93.900000 191.256491
-93.800000 190.959458
-93.700000 190.662655
-93.600000 190.366083
-93.500000 190.069741
-93.400000 189.773631
-93.300000 189.477751
-93.200000 189.182102
-93.100000 188.886684
-93.000000 188.591497
-92.900000 188.296541
-92.800000 188.001816
-92.700000 187.707321
-92.600000 187.413057
-92.500000 187.119024
-92.400000 186.825222
-92.300000 186.531651
-92.200000 186.238311
-92.100000 185.945201
-92.000000 185.652322
-91.900000 185.359674
-91.800000 185.067257
-91.700000 184.775071
-91.600000 184.483116
-91.500000 184.191391
-91.400000 183.899897
-91.300000 183.608634
-91.200000 183.317602
-91.100000 183.026801
-91.000000 182.736231
-90.900000 182.445891
-90.800000 182.155783
-90.700000 181.865905
-90.600000 181.576258
-90.500000 181.286841
-90.400000 180.997656
-90.300000 180.708701
-90.200000 180.419978
-90.100000 180.131485
-90.000000 179.843223
-89.900000 179.555192
-89.800000 179.267391
-89.700000 178.979822
-89.600000 178.692483
-89.500000 178.405375
-89.400000 178.118498
-89.300000 177.831852
-89.200000 177.545437
-89.100000 177.259252
-89.000000 176.973298
-88.900000 176.687576
-88.800000 176.402084
-88.700000 176.116822
-88.600000 175.831792
-88.500000 175.546993
-88.400000 175.262424
-88.300000 174.978086
-88.200000 174.693979
-88.100000 174.410103
-88.000000 174.126458
-87.900000 173.843043
-87.800000 173.559860
-87.700000 173.276907
-87.600000 172.994185
-87.500000 172.711694
-87.400000 172.429433
-87.300000 172.147404
-87.200000 171.865605
-87.100000 171.584037
-87.000000 171.302700
-86.900000 171.021594
-86.800000 170.740719
-86.700000 170.460075
-86.600000 170.179661
-86.500000 169.899478
-86.400000 169.619526
-86.300000 169.339805
-86.200000 169.060315
-86.100000 168.781055
-86.000000 168.502027
-85.900000 168.223229
-85.800000 167.944662
-85.700000 167.666326
-85.600000 167.388221
-85.500000 167.110346
-85.400000 166.832703
-85.300000 166.555290
-85.200000 166.278108
-85.100000 166.001157
-85.000000 165.724437
-84.900000 165.447947
-84.800000 165.171689
-84.700000 164.895661
-84.600000 164.619864
-84.500000 164.344298
-84.400000 164.068963
-84.300000 163.793858
-84.200000 163.518985
-84.100000 163.244342
-84.000000 162.969930
-83.900000 162.695749
-83.800000 162.421799
-83.700000 162.148080
-83.600000 161.874591
-83.500000 161.601333
-83.400000 161.328306
-83.300000 161.055510
-83.200000 160.782945
-83.100000 160.510611
-83.000000 160.238507
-82.900000 159.966635
-82.800000 159.694993
-82.700000 159.423582
-82.600000 159.152401
-82.500000 158.881452
-82.400000 158.610734
-82.300000 158.340246
-82.200000 158.069989
-82.100000 157.799963
-82.000000 157.530168
-81.900000 157.260604
-81.800000 156.991270
-81.700000 156.722167
-81.600000 156.453295
-81.500000 156.184654
-81.400000 155.916244
-81.300000 155.648065
-81.200000 155.380117
-81.100000 155.112399
-81.000000 154.844912
-80.900000 154.577656
-80.800000 154.310631
-80.700000 154.043837
-80.600000 153.777273
-80.500000 153.510940
-80.400000 153.244839
-80.300000 152.978968
-80.200000 152.713328
-80.100000 152.447918
-80.000000 152.182740
-79.900000 151.917792
-79.800000 151.653075
-79.700000 151.388589
-79.600000 151.124334
-79.500000 150.860310
-79.400000 150.596517
-79.300000 150.332954
-79.200000 150.069622
-79.100000 149.806521
-79.000000 149.543651
-78.900000 149.281012
-78.800000 149.018603
-78.700000 148.756426
-78.600000 148.494479
-78.500000 148.232763
-78.400000 147.971278
-78.300000 147.710024
-78.200000 147.449000
-78.100000 147.188208
-78.000000 146.927646
-77.900000 146.667315
-77.800000 146.407215
-77.700000 146.147346
-77.600000 145.887707
-77.500000 145.628300
-77.400000 145.369123
-77.300000 145.110177
-77.200000 144.851462
-77.100000 144.592978
-77.000000 144.334724
-76.900000 144.076702
-76.800000 143.818910
-76.700000 143.561349
-76.600000 143.304019
-76.500000 143.046920
-76.400000 142.790052
-76.300000 142.533414
-76.200000 142.277007
-76.100000 142.020832
-76.000000 141.764886
-75.900000 141.509172
-75.800000 141.253689
-75.700000 140.998436
-75.600000 140.743415
-75.500000 140.488624
-75.400000 140.234064
-75.300000 139.979735
-75.200000 139.725636
-75.100000 139.471769
-75.000000 139.218132
-74.900000 138.964726
-74.800000 138.711551
-74.700000 138.458607
-74.600000 138.205894
-74.500000 137.953411
-74.400000 137.701160
-74.300000 137.449139
-74.200000 137.197349
-74.100000 136.945790
-74.000000 136.694461
-73.900000 136.443364
-73.800000 136.192497
-73.700000 135.941861
-73.600000 135.691456
-73.500000 135.441282
-73.400000 135.191339
-73.300000 134.941626
-73.200000 134.692145
-73.100000 134.442894
-73.000000 134.193874
-72.900000 133.945085
-72.800000 133.696527
-72.700000 133.448199
-72.600000 133.200102
-72.500000 132.952237
-72.400000 132.704602
-72.300000 132.457198
-72.200000 132.210024
-72.100000 131.963082
-72.000000 131.716370
-71.900000 131.469890
-71.800000 131.223640
-71.700000 130.977620
-71.600000 130.731832
-71.500000 130.486275
-71.400000 130.240948
-71.300000 129.995852
-71.200000 129.750987
-71.100000 129.506353
-71.000000 129.261950
-70.900000 129.017778
-70.800000 128.773836
-70.700000 128.530125
-70.600000 128.286645
-70.500000 128.043396
-70.400000 127.800378
-70.300000 127.557591
-70.200000 127.315034
-70.100000 127.072708
-70.000000 126.830614
-69.900000 126.588750
-69.800000 126.347116
-69.700000 126.105714
-69.600000 125.864542
-69.500000 125.623602
-69.400000 125.382892
-69.300000 125.142413
-69.200000 124.902165
-69.100000 124.662147
-69.000000 124.422361
-68.900000 124.182805
-68.800000 123.943480
-68.700000 123.704386
-68.600000 123.465523
-68.500000 123.226890
-68.400000 122.988489
-68.300000 122.750318
-68.200000 122.512378
-68.100000 122.274669
-68.000000 122.037191
-67.900000 121.799944
-67.800000 121.562927
-67.700000 121.326142
-67.600000 121.089587
-67.500000 120.853263
-67.400000 120.617170
-67.300000 120.381307
-67.200000 120.145676
-67.100000 119.910275
-67.000000 119.675105
-66.900000 119.440166
-66.800000 119.205458
-66.700000 118.970981
-66.600000 118.736734
-66.500000 118.502719
-66.400000 118.268934
-66.300000 118.035380
-66.200000 117.802057
-66.100000 117.568965
-66.000000 117.336103
-65.900000 117.103472
-65.800000 116.871073
-65.700000 116.638904
-65.600000 116.406966
-65.500000 116.175258
-65.400000 115.943782
-65.300000 115.712536
-65.200000 115.481521
-65.100000 115.250737
-65.000000 115.020184
-64.900000 114.789862
-64.800000 114.559771
-64.700000 114.329910
-64.600000 114.100280
-64.500000 113.870881
-64.400000 113.641713
-64.300000 113.412776
-64.200000 113.184070
-64.100000 112.955594
-64.000000 112.727349
-63.900000 112.499335
-63.800000 112.271552
-63.700000 112.044000
-63.600000 111.816679
-63.500000 111.589588
-63.400000 111.362728
-63.300000 111.136099
-63.200000 110.909701
-63.100000 110.683534
-63.000000 110.457598
-62.900000 110.231892
-62.800000 110.006417
-62.700000 109.781173
-62.600000 109.556160
-62.500000 109.331378
-62.400000 109.106827
-62.300000 108.882506
-62.200000 108.658416
-62.100000 108.434558
-62.000000 108.210930
-61.900000 107.987532
-61.800000 107.764366
-61.700000 107.541430
-61.600000 107.318726
-61.500000 107.096252
-61.400000 106.874009
-61.300000 106.651997
-61.200000 106.430215
-61.100000 106.208665
-61.000000 105.987345
-60.900000 105.766256
-60.800000 105.545398
-60.700000 105.324771
-60.600000 105.104375
-60.500000 104.884209
-60.400000 104.664275
-60.300000 104.444571
-60.200000 104.225098
-60.100000 104.005856
-60.000000 103.786844
-59.900000 103.568064
-59.800000 103.349514
-59.700000 103.131195
-59.600000 102.913107
-59.500000 102.695250
-59.400000 102.477624
-59.300000 102.260228
-59.200000 102.043064
-59.100000 101.826130
-59.000000 101.609427
-58.900000 101.392955
-58.800000 101.176714
-58.700000 100.960703
-58.600000 100.744923
-58.500000 100.529375
-58.400000 100.314057
-58.300000 100.098970
-58.200000 99.884113
-58.100000 99.669488
-58.000000 99.455093
-57.900000 99.240929
-57.800000 99.026996
-57.700000 98.813294
-57.600000 98.599823
-57.500000 98.386583
-57.400000 98.173573
-57.300000 97.960794
-57.200000 97.748246
-57.100000 97.535929
-57.000000 97.323843
-56.900000 97.111988
-56.800000 96.900363
-56.700000 96.688969
-56.600000 96.477806
-56.500000 96.266874
-56.400000 96.056173
-56.300000 95.845703
-56.200000 95.635463
-56.100000 95.425454
-56.000000 95.215676
-55.900000 95.006129
-55.800000 94.796813
-55.700000 94.587728
-55.600000 94.378873
-55.500000 94.170249
-55.400000 93.961857
-55.300000 93.753695
-55.200000 93.545763
-55.100000 93.338063
-55.000000 93.130593
-54.900000 92.923355
-54.800000 92.716347
-54.700000 92.509570
-54.600000 92.303024
-54.500000 92.096708
-54.400000 91.890624
-54.300000 91.684770
-54.200000 91.479147
-54.100000 91.273755
-54.000000 91.068594
-53.900000 90.863664
-53.800000 90.658964
-53.700000 90.454495
-53.600000 90.250258
-53.500000 90.046251
-53.400000 89.842474
-53.300000 89.638929
-53.200000 89.435615
-53.100000 89.232531
-53.000000 89.029678
-52.900000 88.827056
-52.800000 88.624665
-52.700000 88.422505
-52.600000 88.220575
-52.500000 88.018876
-52.400000 87.817409
-52.300000 87.616172
-52.200000 87.415166
-52.100000 87.214390
-52.000000 87.013846
-51.900000 86.813532
-51.800000 86.613449
-51.700000 86.413597
-51.600000 86.213976
-51.500000 86.014586
-51.400000 85.815426
-51.300000 85.616498
-51.200000 85.417800
-51.100000 85.219333
-51.000000 85.021097
-50.900000 84.823092
-50.800000 84.625317
-50.700000 84.427774
-50.600000 84.230461
-50.500000 84.033379
-50.400000 83.836528
-50.300000 83.639908
-50.200000 83.443518
-50.100000 83.247360
-50.000000 83.051432
-49.900000 82.855735
-49.800000 82.660269
-49.700000 82.465034
-49.600000 82.270029
-49.500000 82.075256
-49.400000 81.880713
-49.300000 81.686401
-49.200000 81.492320
-49.100000 81.298470
-49.000000 81.104850
-48.900000 80.911462
-48.800000 80.718304
-48.700000 80.525377
-48.600000 80.332681
-48.500000 80.140216
-48.400000 79.947981
-48.300000 79.755978
-48.200000 79.564205
-48.100000 79.372663
-48.000000 79.181352
-47.900000 78.990272
-47.800000 78.799423
-47.700000 78.608804
-47.600000 78.418416
-47.500000 78.228259
-47.400000 78.038333
-47.300000 77.848638
-47.200000 77.659174
-47.100000 77.469940
-47.000000 77.280938
-46.900000 77.092166
-46.800000 76.903625
-46.700000 76.715315
-46.600000 76.527235
-46.500000 76.339387
-46.400000 76.151769
-46.300000 75.964382
-46.200000 75.777226
-46.100000 75.590301
-46.000000 75.403607
-45.900000 75.217143
-45.800000 75.030911
-45.700000 74.844909
-45.600000 74.659138
-45.500000 74.473598
-45.400000 74.288288
-45.300000 74.103210
-45.200000 73.918362
-45.100000 73.733745
-45.000000 73.549359
-44.900000 73.365204
-44.800000 73.181280
-44.700000 72.997586
-44.600000 72.814124
-44.500000 72.630892
-44.400000 72.447891
-44.300000 72.265121
-44.200000 72.082582
-44.100000 71.900273
-44.000000 71.718196
-43.900000 71.536349
-43.800000 71.354733
-43.700000 71.173348
-43.600000 70.992193
-43.500000 70.811270
-43.400000 70.630577
-43.300000 70.450116
-43.200000 70.269885
-43.100000 70.089885
-43.000000 69.910115
-42.900000 69.730577
-42.800000 69.551269
-42.700000 69.372193
-42.600000 69.193347
-42.500000 69.014732
-42.400000 68.836347
-42.300000 68.658194
-42.200000 68.480271
-42.100000 68.302580
-42.000000 68.125119
-41.900000 67.947889
-41.800000 67.770889
-41.700000 67.594121
-41.600000 67.417584
-41.500000 67.241277
-41.400000 67.065201
-41.300000 66.889356
-41.200000 66.713742
-41.100000 66.538358
-41.000000 66.363206
-40.900000 66.188284
-40.800000 66.013593
-40.700000 65.839133
-40.600000 65.664904
-40.500000 65.490905
-40.400000 65.317138
-40.300000 65.143601
-40.200000 64.970295
-40.100000 64.797220
-40.000000 64.624376
-39.900000 64.451763
-39.800000 64.279380
-39.700000 64.107229
-39.600000 63.935308
-39.500000 63.763618
-39.400000 63.592159
-39.300000 63.420930
-39.200000 63.249933
-39.100000 63.079166
-39.000000 62.908630
-38.900000 62.738325
-38.800000 62.568251
-38.700000 62.398408
-38.600000 62.228795
-38.500000 62.059414
-38.400000 61.890263
-38.300000 61.721343
-38.200000 61.552654
-38.100000 61.384195
-38.000000 61.215968
-37.900000 61.047971
-37.800000 60.880205
-37.700000 60.712670
-37.600000 60.545366
-37.500000 60.378293
-37.400000 60.211451
-37.300000 60.044839
-37.200000 59.878458
-37.100000 59.712308
-37.000000 59.546389
-36.900000 59.380701
-36.800000 59.215243
-36.700000 59.050017
-36.600000 58.885021
-36.500000 58.720256
-36.400000 58.555722
-36.300000 58.391419
-36.200000 58.227346
-36.100000 58.063505
-36.000000 57.899894
-35.900000 57.736514
-35.800000 57.573365
-35.700000 57.410447
-35.600000 57.247759
-35.500000 57.085303
-35.400000 56.923077
-35.300000 56.761082
-35.200000 56.599318
-35.100000 56.437785
-35.000000 56.276482
-34.900000 56.115411
-34.800000 55.954570
-34.700000 55.793960
-34.600000 55.633581
-34.500000 55.473433
-34.400000 55.313515
-34.300000 55.153829
-34.200000 54.994373
-34.100000 54.835148
-34.000000 54.676154
-33.900000 54.517391
-33.800000 54.358859
-33.700000 54.200557
-33.600000 54.042486
-33.500000 53.884646
-33.400000 53.727037
-33.300000 53.569659
-33.200000 53.412512
-33.100000 53.255595
-33.000000 53.098910
-32.900000 52.942455
-32.800000 52.786231
-32.700000 52.630238
-32.600000 52.474475
-32.500000 52.318944
-32.400000 52.163643
-32.300000 52.008573
-32.200000 51.853734
-32.100000 51.699126
-32.000000 51.544749
-31.900000 51.390602
-31.800000 51.236686
-31.700000 51.083002
-31.600000 50.929548
-31.500000 50.776325
-31.400000 50.623332
-31.300000 50.470571
-31.200000 50.318040
-31.100000 50.165740
-31.000000 50.013671
-30.900000 49.861833
-30.800000 49.710226
-30.700000 49.558849
-30.600000 49.407704
-30.500000 49.256789
-30.400000 49.106105
-30.300000 48.955652
-30.200000 48.805430
-30.100000 48.655438
-30.000000 48.505677
-29.900000 48.356148
-29.800000 48.206849
-29.700000 48.057781
-29.600000 47.908943
-29.500000 47.760337
-29.400000 47.611961
-29.300000 47.463817
-29.200000 47.315903
-29.100000 47.168219
-29.000000 47.020767
-28.900000 46.873546
-28.800000 46.726555
-28.700000 46.579795
-28.600000 46.433267
-28.500000 46.286968
-28.400000 46.140901
-28.300000 45.995065
-28.200000 45.849459
-28.100000 45.704084
-28.000000 45.558941
-27.900000 45.414027
-27.800000 45.269345
-27.700000 45.124894
-27.600000 44.980673
-27.500000 44.836684
-27.400000 44.692925
-27.300000 44.549397
-27.200000 44.406099
-27.100000 44.263033
-27.000000 44.120197
-26.900000 43.977593
-26.800000 43.835219
-26.700000 43.693076
-26.600000 43.551164
-26.500000 43.409482
-26.400000 43.268032
-26.300000 43.126812
-26.200000 42.985823
-26.100000 42.845065
-26.000000 42.704538
-25.900000 42.564242
-25.800000 42.424176
-25.700000 42.284341
-25.600000 42.144737
-25.500000 42.005364
-25.400000 41.866222
-25.300000 41.727311
-25.200000 41.588630
-25.100000 41.450181
-25.000000 41.311962
-24.900000 41.173974
-24.800000 41.036217
-24.700000 40.898690
-24.600000 40.761395
-24.500000 40.624330
-24.400000 40.487496
-24.300000 40.350893
-24.200000 40.214521
-24.100000 40.078380
-24.000000 39.942470
-23.900000 39.806790
-23.800000 39.671341
-23.700000 39.536123
-23.600000 39.401136
-23.500000 39.266380
-23.400000 39.131854
-23.300000 38.997560
-23.200000 38.863496
-23.100000 38.729663
-23.000000 38.596061
-22.900000 38.462689
-22.800000 38.329549
-22.700000 38.196639
-22.600000 38.063961
-22.500000 37.931513
-22.400000 37.799295
-22.300000 37.667309
-22.200000 37.535554
-22.100000 37.404029
-22.000000 37.272735
-21.900000 37.141672
-21.800000 37.010840
-21.700000 36.880239
-21.600000 36.749869
-21.500000 36.619729
-21.400000 36.489820
-21.300000 36.360142
-21.200000 36.230695
-21.100000 36.101479
-21.000000 35.972494
-20.900000 35.843739
-20.800000 35.715215
-20.700000 35.586923
-20.600000 35.458860
-20.500000 35.331029
-20.400000 35.203429
-20.300000 35.076059
-20.200000 34.948921
-20.100000 34.822013
-20.000000 34.695336
-19.900000 34.568889
-19.800000 34.442674
-19.700000 34.316689
-19.600000 34.190936
-19.500000 34.065413
-19.400000 33.940121
-19.300000 33.815060
-19.200000 33.690229
-19.100000 33.565630
-19.000000 33.441261
-18.900000 33.317123
-18.800000 33.193216
-18.700000 33.069540
-18.600000 32.946095
-18.500000 32.822880
-18.400000 32.699896
-18.300000 32.577144
-18.200000 32.454622
-18.100000 32.332330
-18.000000 32.210270
-17.900000 32.088441
-17.800000 31.966842
-17.700000 31.845474
-17.600000 31.724337
-17.500000 31.603431
-17.400000 31.482756
-17.300000 31.362311
-17.200000 31.242097
-17.100000 31.122115
-17.000000 31.002363
-16.900000 30.882841
-16.800000 30.763551
-16.700000 30.644492
-16.600000 30.525663
-16.500000 30.407065
-16.400000 30.288698
-16.300000 30.170562
-16.200000 30.052657
-16.100000 29.934982
-16.000000 29.817539
-15.900000 29.700326
-15.800000 29.583344
-15.700000 29.466593
-15.600000 29.350073
-15.500000 29.233783
-15.400000 29.117725
-15.300000 29.001897
-15.200000 28.886300
-15.100000 28.770934
-15.000000 28.655798
-14.900000 28.540894
-14.800000 28.426220
-14.700000 28.311778
-14.600000 28.197566
-14.500000 28.083585
-14.400000 27.969834
-14.300000 27.856315
-14.200000 27.743026
-14.100000 27.629969
-14.000000 27.517142
-13.900000 27.404546
-13.800000 27.292180
-13.700000 27.180046
-13.600000 27.068142
-13.500000 26.956470
-13.400000 26.845028
-13.300000 26.733817
-13.200000 26.622837
-13.100000 26.512087
-13.000000 26.401569
-12.900000 26.291281
-12.800000 26.181224
-12.700000 26.071398
-12.600000 25.961803
-12.500000 25.852438
-12.400000 25.743305
-12.300000 25.634402
-12.200000 25.525730
-12.100000 25.417289
-12.000000 25.309079
-11.900000 25.201100
-11.800000 25.093351
-11.700000 24.985833
-11.600000 24.878547
-11.500000 24.771491
-11.400000 24.664665
-11.300000 24.558071
-11.200000 24.451708
-11.100000 24.345575
-11.000000 24.239673
-10.900000 24.134002
-10.800000 24.028562
-10.700000 23.923353
-10.600000 23.818374
-10.500000 23.713626
-10.400000 23.609110
-10.300000 23.504824
-10.200000 23.400768
-10.100000 23.296944
-10.000000 23.193351
-9.900000 23.089988
-9.800000 22.986856
-9.700000 22.883955
-9.600000 22.781285
-9.500000 22.678846
-9.400000 22.576637
-9.300000 22.474660
-9.200000 22.372913
-9.100000 22.271397
-9.000000 22.170112
-8.900000 22.069057
-8.800000 21.968234
-8.700000 21.867641
-8.600000 21.767280
-8.500000 21.667149
-8.400000 21.567249
-8.300000 21.467579
-8.200000 21.368141
-8.100000 21.268933
-8.000000 21.169956
-7.900000 21.071210
-7.800000 20.972695
-7.700000 20.874411
-7.600000 20.776358
-7.500000 20.678535
-7.400000 20.580943
-7.300000 20.483582
-7.200000 20.386452
-7.100000 20.289553
-7.000000 20.192885
-6.900000 20.096447
-6.800000 20.000240
-6.700000 19.904264
-6.600000 19.808519
-6.500000 19.713005
-6.400000 19.617722
-6.300000 19.522669
-6.200000 19.427847
-6.100000 19.333257
-6.000000 19.238897
-5.900000 19.144767
-5.800000 19.050869
-5.700000 18.957201
-5.600000 18.863765
-5.500000 18.770559
-5.400000 18.677584
-5.300000 18.584840
-5.200000 18.492326
-5.100000 18.400044
-5.000000 18.307992
-4.900000 18.216171
-4.800000 18.124581
-4.700000 18.033222
-4.600000 17.942093
-4.500000 17.851196
-4.400000 17.760529
-4.300000 17.670093
-4.200000 17.579888
-4.100000 17.489914
-4.000000 17.400171
-3.900000 17.310658
-3.800000 17.221377
-3.700000 17.132326
-3.600000 17.043506
-3.500000 16.954917
-3.400000 16.866558
-3.300000 16.778431
-3.200000 16.690534
-3.100000 16.602868
-3.000000 16.515433
-2.900000 16.428229
-2.800000 16.341256
-2.700000 16.254513
-2.600000 16.168002
-2.500000 16.081721
-2.400000 15.995671
-2.300000 15.909852
-2.200000 15.824264
-2.100000 15.738906
-2.000000 15.653780
-1.900000 15.568884
-1.800000 15.484219
-1.700000 15.399785
-1.600000 15.315581
-1.500000 15.231609
-1.400000 15.147867
-1.300000 15.064357
-1.200000 14.981077
-1.100000 14.898027
-1.000000 14.815209
-0.900000 14.732622
-0.800000 14.650265
-0.700000 14.568139
-0.600000 14.486244
-0.500000 14.404580
-0.400000 14.323147
-0.300000 14.241945
-0.200000 14.160973
-0.100000 14.080232
-0.000000 13.999722
0.100000 13.919443
0.200000 13.839395
0.300000 13.759578
0.400000 13.679991
0.500000 13.600635
0.600000 13.521511
0.700000 13.442616
0.800000 13.363953
0.900000 13.285521
1.000000 13.207319
1.100000 13.129349
1.200000 13.051609
1.300000 12.974100
1.400000 12.896821
1.500000 12.819774
1.600000 12.742957
1.700000 12.666372
1.800000 12.590017
1.900000 12.513893
2.000000 12.438000
2.100000 12.362337
2.200000 12.286906
2.300000 12.211705
2.400000 12.136735
2.500000 12.061996
2.600000 11.987488
2.700000 11.913211
2.800000 11.839164
2.900000 11.765348
3.000000 11.691764
3.100000 11.618410
3.200000 11.545286
3.300000 11.472394
3.400000 11.399733
3.500000 11.327302
3.600000 11.255102
3.700000 11.183133
3.800000 11.111395
3.900000 11.039888
4.000000 10.968611
4.100000 10.897565
4.200000 10.826751
4.300000 10.756167
4.400000 10.685814
4.500000 10.615691
4.600000 10.545800
4.700000 10.476139
4.800000 10.406709
4.900000 10.337510
5.000000 10.268542
5.100000 10.199805
5.200000 10.131298
5.300000 10.063023
5.400000 9.994978
5.500000 9.927164
5.600000 9.859581
5.700000 9.792229
5.800000 9.725107
5.900000 9.658217
6.000000 9.591557
6.100000 9.525128
6.200000 9.458930
6.300000 9.392963
6.400000 9.327226
6.500000 9.261721
6.600000 9.196446
6.700000 9.131402
6.800000 9.066589
6.900000 9.002007
7.000000 8.937655
7.100000 8.873535
7.200000 8.809645
7.300000 8.745986
7.400000 8.682558
7.500000 8.619361
7.600000 8.556394
7.700000 8.493659
7.800000 8.431154
7.900000 8.368880
8.000000 8.306837
8.100000 8.245025
8.200000 8.183443
8.300000 8.122093
8.400000 8.060973
8.500000 8.000084
8.600000 7.939426
8.700000 7.878999
8.800000 7.818803
8.900000 7.758837
9.000000 7.699102
9.100000 7.639598
9.200000 7.580325
9.300000 7.521283
9.400000 7.462472
9.500000 7.403891
9.600000 7.345542
9.700000 7.287423
9.800000 7.229535
9.900000 7.171878
10.000000 7.114451
10.100000 7.057256
10.200000 7.000291
10.300000 6.943557
10.400000 6.887054
10.500000 6.830782
10.600000 6.774741
10.700000 6.718930
10.800000 6.663351
10.900000 6.608002
11.000000 6.552884
11.100000 6.497997
11.200000 6.443340
11.300000 6.388915
11.400000 6.334720
11.500000 6.280756
11.600000 6.227023
11.700000 6.173521
11.800000 6.120250
11.900000 6.067209
12.000000 6.014400
12.100000 5.961821
12.200000 5.909473
12.300000 5.857356
12.400000 5.805470
12.500000 5.753814
12.600000 5.702390
12.700000 5.651196
12.800000 5.600233
12.900000 5.549501
13.000000 5.498999
13.100000 5.448729
13.200000 5.398689
13.300000 5.348881
13.400000 5.299303
13.500000 5.249956
13.600000 5.200839
13.700000 5.151954
13.800000 5.103299
13.900000 5.054876
14.000000 5.006683
14.100000 4.958721
14.200000 4.910989
14.300000 4.863489
14.400000 4.816219
14.500000 4.769181
14.600000 4.722373
14.700000 4.675796
14.800000 4.629449
14.900000 4.583334
15.000000 4.537449
15.100000 4.491796
15.200000 4.446373
15.300000 4.401181
15.400000 4.356219
15.500000 4.311489
15.600000 4.266990
15.700000 4.222721
15.800000 4.178683
15.900000 4.134876
16.000000 4.091300
16.100000 4.047954
16.200000 4.004840
16.300000 3.961956
16.400000 3.919303
16.500000 3.876881
16.600000 3.834690
16.700000 3.792730
16.800000 3.751000
16.900000 3.709501
17.000000 3.668234
17.100000 3.627197
17.200000 3.586390
17.300000 3.545815
17.400000 3.505471
17.500000 3.465357
17.600000 3.425474
17.700000 3.385822
17.800000 3.346401
17.900000 3.307211
18.000000 3.268251
18.100000 3.229522
18.200000 3.191025
18.300000 3.152758
18.400000 3.114722
18.500000 3.076916
18.600000 3.039342
18.700000 3.001998
18.800000 2.964885
18.900000 2.928003
19.000000 2.891352
19.100000 2.854932
19.200000 2.818742
19.300000 2.782784
19.400000 2.747056
19.500000 2.711559
19.600000 2.676293
19.700000 2.641258
19.800000 2.606453
19.900000 2.571880
20.000000 2.537537
20.100000 2.503425
20.200000 2.469544
20.300000 2.435893
20.400000 2.402474
20.500000 2.369285
20.600000 2.336328
20.700000 2.303601
20.800000 2.271105
20.900000 2.238839
21.000000 2.206805
21.100000 2.175001
21.200000 2.143429
21.300000 2.112087
21.400000 2.080976
21.500000 2.050095
21.600000 2.019446
21.700000 1.989027
21.800000 1.958840
21.900000 1.928883
22.000000 1.899157
22.100000 1.869662
22.200000 1.840397
22.300000 1.811364
22.400000 1.782561
22.500000 1.753989
22.600000 1.725648
22.700000 1.697538
22.800000 1.669658
22.900000 1.642010
23.000000 1.614592
23.100000 1.587405
23.200000 1.560449
23.300000 1.533724
23.400000 1.507230
23.500000 1.480966
23.600000 1.454933
23.700000 1.429132
23.800000 1.403560
23.900000 1.378220
24.000000 1.353111
24.100000 1.328232
24.200000 1.303585
24.300000 1.279168
24.400000 1.254982
24.500000 1.231027
24.600000 1.207302
24.700000 1.183809
24.800000 1.160546
24.900000 1.137514
25.000000 1.114713
25.100000 1.092143
25.200000 1.069804
25.300000 1.047695
25.400000 1.025818
25.500000 1.004171
25.600000 0.982755
25.700000 0.961570
25.800000 0.940616
25.900000 0.919892
26.000000 0.899399
26.100000 0.879138
26.200000 0.859107
26.300000 0.839307
26.400000 0.819737
26.500000 0.800399
26.600000 0.781291
26.700000 0.762414
26.800000 0.743768
26.900000 0.725353
27.000000 0.707169
27.100000 0.689216
27.200000 0.671493
27.300000 0.654001
27.400000 0.636740
27.500000 0.619710
27.600000 0.602911
27.700000 0.586342
27.800000 0.570005
27.900000 0.553898
28.000000 0.538022
28.100000 0.522377
28.200000 0.506963
28.300000 0.491779
28.400000 0.476827
28.500000 0.462105
28.600000 0.447614
28.700000 0.433354
28.800000 0.419325
28.900000 0.405527
29.000000 0.391959
29.100000 0.378622
29.200000 0.365516
29.300000 0.352641
29.400000 0.339997
29.500000 0.327584
29.600000 0.315401
29.700000 0.303449
29.800000 0.291729
29.900000 0.280238
30.000000 0.268979
30.100000 0.257951
30.200000 0.247153
30.300000 0.236587
30.400000 0.226251
30.500000 0.216146
30.600000 0.206272
30.700000 0.196628
30.800000 0.187216
30.900000 0.178034
31.000000 0.169083
31.100000 0.160363
31.200000 0.151874
31.300000 0.143616
31.400000 0.135588
31.500000 0.127791
31.600000 0.120226
31.700000 0.112891
31.800000 0.105786
31.900000 0.098913
32.000000 0.092271
32.100000 0.085859
32.200000 0.079678
32.300000 0.073728
32.400000 0.068009
32.500000 0.062521
32.600000 0.057263
32.700000 0.052237
32.800000 0.047441
32.900000 0.042876
33.000000 0.038542
33.100000 0.034438
33.200000 0.030566
33.300000 0.026924
33.400000 0.023513
33.500000 0.020333
33.600000 0.017384
33.700000 0.014666
33.800000 0.012179
33.900000 0.009922
34.000000 0.007896
34.100000 0.006101
34.200000 0.004537
34.300000 0.003204
34.400000 0.002101
34.500000 0.001230
34.600000 0.000589
34.700000 0.000179
34.800000 0.000000
34.900000 0.000052
35.000000 0.000334
35.100000 0.000848
35.200000 0.001592
35.300000 0.002567
35.400000 0.003773
35.500000 0.005210
35.600000 0.006877
35.700000 0.008776
35.800000 0.010905
35.900000 0.013265
36.000000 0.015856
36.100000 0.018678
36.200000 0.021730
36.300000 0.025014
36.400000 0.028528
36.500000 0.032273
36.600000 0.036249
36.700000 0.040456
36.800000 0.044894
36.900000 0.049562
37.000000 0.054461
37.100000 0.059591
37.200000 0.064952
37.300000 0.070544
37.400000 0.076367
37.500000 0.082420
37.600000 0.088705
37.700000 0.095220
37.800000 0.101966
37.900000 0.108943
38.000000 0.116150
38.100000 0.123589
38.200000 0.131258
38.300000 0.139158
38.400000 0.147289
38.500000 0.155651
38.600000 0.164244
38.700000 0.173067
38.800000 0.182121
38.900000 0.191407
39.000000 0.200923
39.100000 0.210669
39.200000 0.220647
39.300000 0.230856
39.400000 0.241295
39.500000 0.251965
39.600000 0.262866
39.700000 0.273998
39.800000 0.285361
39.900000 0.296954
40.000000 0.308779
40.100000 0.320834
40.200000 0.333120
40.300000 0.345637
40.400000 0.358384
40.500000 0.371363
40.600000 0.384572
40.700000 0.398013
40.800000 0.411684
40.900000 0.425585
41.000000 0.439718
41.100000 0.454082
41.200000 0.468676
41.300000 0.483501
41.400000 0.498557
41.500000 0.513844
41.600000 0.529362
41.700000 0.545111
41.800000 0.561090
41.900000 0.577300
42.000000 0.593741
42.100000 0.610413
42.200000 0.627316
42.300000 0.644450
42.400000 0.661814
42.500000 0.679409
42.600000 0.697235
42.700000 0.715292
42.800000 0.733580
42.900000 0.752099
43.000000 0.770848
43.100000 0.789828
43.200000 0.809039
43.300000 0.828481
43.400000 0.848154
43.500000 0.868058
43.600000 0.888192
43.700000 0.908557
43.800000 0.929154
43.900000 0.949980
44.000000 0.971038
44.100000 0.992327
44.200000 1.013846
44.300000 1.035597
44.400000 1.057578
44.500000 1.079790
44.600000 1.102233
44.700000 1.124906
44.800000 1.147811
44.900000 1.170946
45.000000 1.194312
45.100000 1.217909
45.200000 1.241737
45.300000 1.265796
45.400000 1.290085
45.500000 1.314605
45.600000 1.339356
45.700000 1.364338
45.800000 1.389551
45.900000 1.414995
46.000000 1.440669
46.100000 1.466575
46.200000 1.492711
46.300000 1.519078
46.400000 1.545676
46.500000 1.572505
46.600000 1.599564
46.700000 1.626854
46.800000 1.654376
46.900000 1.682128
47.000000 1.710110
47.100000 1.738324
47.200000 1.766769
47.300000 1.795444
47.400000 1.824350
47.500000 1.853487
47.600000 1.882855
47.700000 1.912454
47.800000 1.942283
47.900000 1.972344
48.000000 2.002635
48.100000 2.033157
48.200000 2.063910
48.300000 2.094894
48.400000 2.126108
48.500000 2.157554
48.600000 2.189230
48.700000 2.221137
48.800000 2.253275
48.900000 2.285644
49.000000 2.318243
49.100000 2.351074
49.200000 2.384135
49.300000 2.417427
49.400000 2.450950
49.500000 2.484704
49.600000 2.518688
49.700000 2.552904
49.800000 2.587350
49.900000 2.622027
50.000000 2.656935
50.100000 2.692074
50.200000 2.727443
50.300000 2.763044
50.400000 2.798875
50.500000 2.834937
50.600000 2.871230
50.700000 2.907754
50.800000 2.944508
50.900000 2.981494
51.000000 3.018710
51.100000 3.056157
51.200000 3.093835
51.300000 3.131744
51.400000 3.169884
51.500000 3.208254
51.600000 3.246855
51.700000 3.285687
51.800000 3.324750
51.900000 3.364044
52.000000 3.403569
52.100000 3.443324
52.200000 3.483311
52.300000 3.523528
52.400000 3.563976
52.500000 3.604655
52.600000 3.645564
52.700000 3.686705
52.800000 3.728076
52.900000 3.769678
53.000000 3.811511
53.100000 3.853575
53.200000 3.895870
53.300000 3.938395
53.400000 3.981152
53.500000 4.024139
53.600000 4.067357
53.700000 4.110806
53.800000 4.154485
53.900000 4.198396
54.000000 4.242537
54.100000 4.286909
54.200000 4.331512
54.300000 4.376346
54.400000 4.421411
54.500000 4.466707
54.600000 4.512233
54.700000 4.557990
54.800000 4.603978
54.900000 4.650197
55.000000 4.696647
55.100000 4.743327
55.200000 4.790239
55.300000 4.837381
55.400000 4.884754
55.500000 4.932358
55.600000 4.980193
55.700000 5.028258
55.800000 5.076554
55.900000 5.125082
56.000000 5.173840
56.100000 5.222829
56.200000 5.272048
56.300000 5.321499
56.400000 5.371180
56.500000 5.421093
56.600000 5.471236
56.700000 5.521610
56.800000 5.572214
56.900000 5.623050
57.000000 5.674116
57.100000 5.725414
57.200000 5.776942
57.300000 5.828701
57.400000 5.880691
57.500000 5.932911
57.600000 5.985363
57.700000 6.038045
57.800000 6.090958
57.900000 6.144102
58.000000 6.197477
58.100000 6.251082
58.200000 6.304919
58.300000 6.358986
58.400000 6.413284
58.500000 6.467813
58.600000 6.522573
58.700000 6.577564
58.800000 6.632785
58.900000 6.688237
59.000000 6.743920
59.100000 6.799834
59.200000 6.855979
59.300000 6.912355
59.400000 6.968961
59.500000 7.025799
59.600000 7.082867
59.700000 7.140166
59.800000 7.197696
59.900000 7.255456
60.000000 7.313448
60.100000 7.371670
60.200000 7.430123
60.300000 7.488807
60.400000 7.547722
60.500000 7.606868
60.600000 7.666244
60.700000 7.725852
60.800000 7.785690
60.900000 7.845759
61.000000 7.906059
61.100000 7.966589
61.200000 8.027351
61.300000 8.088343
61.400000 8.149567
61.500000 8.211021
61.600000 8.272705
61.700000 8.334621
61.800000 8.396768
61.900000 8.459145
62.000000 8.521753
62.100000 8.584592
62.200000 8.647662
62.300000 8.710963
62.400000 8.774494
62.500000 8.838257
62.600000 8.902250
62.700000 8.966474
62.800000 9.030929
62.900000 9.095615
63.000000 9.160531
63.100000 9.225679
63.200000 9.291057
63.300000 9.356666
63.400000 9.422506
63.500000 9.488577
63.600000 9.554878
63.700000 9.621411
63.800000 9.688174
63.900000 9.755168
64.000000 9.822393
64.100000 9.889849
64.200000 9.957535
64.300000 10.025453
64.400000 10.093601
64.500000 10.161980
64.600000 10.230590
64.700000 10.299431
64.800000 10.368502
64.900000 10.437805
65.000000 10.507338
65.100000 10.577102
65.200000 10.647097
65.300000 10.717323
65.400000 10.787780
65.500000 10.858467
65.600000 10.929385
65.700000 11.000535
65.800000 11.071915
65.900000 11.143525
66.000000 11.215367
66.100000 11.287439
66.200000 11.359743
66.300000 11.432277
66.400000 11.505042
66.500000 11.578038
66.600000 11.651264
66.700000 11.724722
66.800000 11.798410
66.900000 11.872329
67.000000 11.946479
67.100000 12.020860
67.200000 12.095472
67.300000 12.170314
67.400000 12.245388
67.500000 12.320692
67.600000 12.396227
67.700000 12.471993
67.800000 12.547989
67.900000 12.624217
68.000000 12.700675
68.100000 12.777364
68.200000 12.854284
68.300000 12.931435
68.400000 13.008817
68.500000 13.086430
68.600000 13.164273
68.700000 13.242347
68.800000 13.320652
68.900000 13.399188
69.000000 13.477955
69.100000 13.556952
69.200000 13.636181
69.300000 13.715640
69.400000 13.795330
69.500000 13.875251
69.600000 13.955403
69.700000 14.035785
69.800000 14.116398
69.900000 14.197243
70.000000 14.278318
70.100000 14.359624
70.200000 14.441160
70.300000 14.522928
70.400000 14.604926
70.500000 14.687156
70.600000 14.769616
70.700000 14.852307
70.800000 14.935228
70.900000 15.018381
71.000000 15.101764
71.100000 15.185379
71.200000 15.269224
71.300000 15.353300
71.400000 15.437606
71.500000 15.522144
71.600000 15.606912
71.700000 15.691912
71.800000 15.777142
71.900000 15.862603
72.000000 15.948295
72.100000 16.034217
72.200000 16.120371
72.300000 16.206755
72.400000 16.293370
72.500000 16.380216
72.600000 16.467293
72.700000 16.554600
72.800000 16.642139
72.900000 16.729908
73.000000 16.817908
73.100000 16.906139
73.200000 16.994601
73.300000 17.083294
73.400000 17.172217
73.500000 17.261372
73.600000 17.350757
73.700000 17.440373
73.800000 17.530220
73.900000 17.620297
74.000000 17.710606
74.100000 17.801145
74.200000 17.891915
74.300000 17.982916
74.400000 18.074148
74.500000 18.165611
74.600000 18.257304
74.700000 18.349229
74.800000 18.441384
74.900000 18.533770
75.000000 18.626387
75.100000 18.719234
75.200000 18.812313
75.300000 18.905622
75.400000 18.999162
75.500000 19.092933
75.600000 19.186935
75.700000 19.281168
75.800000 19.375631
75.900000 19.470326
76.000000 19.565251
76.100000 19.660407
76.200000 19.755794
76.300000 19.851412
76.400000 19.947260
76.500000 20.043340
76.600000 20.139650
76.700000 20.236191
76.800000 20.332963
76.900000 20.429966
77.000000 20.527199
77.100000 20.624663
77.200000 20.722359
77.300000 20.820285
77.400000 20.918442
77.500000 21.016829
77.600000 21.115448
77.700000 21.214297
77.800000 21.313378
77.900000 21.412689
78.000000 21.512231
78.100000 21.612003
78.200000 21.712007
78.300000 21.812241
78.400000 21.912707
78.500000 22.013403
78.600000 22.114330
78.700000 22.215488
78.800000 22.316876
78.900000 22.418496
79.000000 22.520346
79.100000 22.622427
79.200000 22.724739
79.300000 22.827282
79.400000 22.930055
79.500000 23.033060
79.600000 23.136295
79.700000 23.239761
79.800000 23.343458
79.900000 23.447386
80.000000 23.551545
80.100000 23.655934
80.200000 23.760554
80.300000 23.865406
80.400000 23.970487
80.500000 24.075800
80.600000 24.181344
80.700000 24.287118
80.800000 24.393124
80.900000 24.499360
81.000000 24.605827
81.100000 24.712525
81.200000 24.819453
81.300000 24.926613
81.400000 25.034003
81.500000 25.141624
81.600000 25.249476
81.700000 25.357559
81.800000 25.465873
81.900000 25.574417
82.000000 25.683193
82.100000 25.792199
82.200000 25.901436
82.300000 26.010904
82.400000 26.120603
82.500000 26.230532
82.600000 26.340692
82.700000 26.451084
82.800000 26.561706
82.900000 26.672559
83.000000 26.783642
83.100000 26.894957
83.200000 27.006502
83.300000 27.118278
83.400000 27.230285
83.500000 27.342523
83.600000 27.454992
83.700000 27.567692
83.800000 27.680622
83.900000 27.793783
84.000000 27.907175
84.100000 28.020798
84.200000 28.134652
84.300000 28.248736
84.400000 28.363052
84.500000 28.477598
84.600000 28.592375
84.700000 28.707383
84.800000 28.822622
84.900000 28.938091
85.000000 29.053792
85.100000 29.169723
85.200000 29.285885
85.300000 29.402278
85.400000 29.518902
85.500000 29.635756
85.600000 29.752842
85.700000 29.870158
85.800000 29.987705
85.900000 30.105483
86.000000 30.223492
86.100000 30.341732
86.200000 30.460202
86.300000 30.578903
86.400000 30.697835
86.500000 30.816998
86.600000 30.936392
86.700000 31.056017
86.800000 31.175872
86.900000 31.295959
87.000000 31.416276
87.100000 31.536824
87.200000 31.657602
87.300000 31.778612
87.400000 31.899853
87.500000 32.021324
87.600000 32.143026
87.700000 32.264959
87.800000 32.387123
87.900000 32.509517
88.000000 32.632143
88.100000 32.754999
88.200000 32.878086
88.300000 33.001404
88.400000 33.124953
88.500000 33.248733
88.600000 33.372743
88.700000 33.496985
88.800000 33.621457
88.900000 33.746160
89.000000 33.871094
89.100000 33.996259
89.200000 34.121654
89.300000 34.247280
89.400000 34.373138
89.500000 34.499226
89.600000 34.625544
89.700000 34.752094
89.800000 34.878875
89.900000 35.005886
90.000000 35.133128
90.100000 35.260601
90.200000 35.388305
90.300000 35.516240
90.400000 35.644405
90.500000 35.772802
90.600000 35.901429
90.700000 36.030287
90.800000 36.159376
90.900000 36.288696
91.000000 36.418246
91.100000 36.548028
91.200000 36.678040
91.300000 36.808283
91.400000 36.938757
91.500000 37.069462
91.600000 37.200397
91.700000 37.331564
91.800000 37.462961
91.900000 37.594589
92.000000 37.726448
92.100000 37.858538
92.200000 37.990858
92.300000 38.123410
92.400000 38.256192
92.500000 38.389205
92.600000 38.522449
92.700000 38.655924
92.800000 38.789629
92.900000 38.923566
93.000000 39.057733
93.100000 39.192131
93.200000 39.326760
93.300000 39.461620
93.400000 39.596710
93.500000 39.732032
93.600000 39.867584
93.700000 40.003367
93.800000 40.139381
93.900000 40.275626
94.000000 40.412102
94.100000 40.548808
94.200000 40.685745
94.300000 40.822914
94.400000 40.960313
94.500000 41.097942
94.600000 41.235803
94.700000 41.373894
94.800000 41.512217
94.900000 41.650770
95.000000 41.789554
95.100000 41.928569
95.200000 42.067814
95.300000 42.207291
95.400000 42.346998
95.500000 42.486936
95.600000 42.627105
95.700000 42.767505
95.800000 42.908136
95.900000 43.048997
96.000000 43.190090
96.100000 43.331413
96.200000 43.472967
96.300000 43.614752
96.400000 43.756767
96.500000 43.899014
96.600000 44.041491
96.700000 44.184200
96.800000 44.327139
96.900000 44.470308
97.000000 44.613709
97.100000 44.757341
97.200000 44.901203
97.300000 45.045296
97.400000 45.189620
97.500000 45.334175
97.600000 45.478961
97.700000 45.623977
97.800000 45.769225
97.900000 45.914703
98.000000 46.060412
98.100000 46.206352
98.200000 46.352523
98.300000 46.498924
98.400000 46.645557
98.500000 46.792420
98.600000 46.939514
98.700000 47.086839
98.800000 47.234395
98.900000 47.382181
99.000000 47.530199
99.100000 47.678447
99.200000 47.826926
99.300000 47.975636
99.400000 48.124577
99.500000 48.273748
99.600000 48.423151
99.700000 48.572784
99.800000 48.722648
99.900000 48.872743
100.000000 49.023069
100.100000 49.173625
100.200000 49.324413
100.300000 49.475431
100.400000 49.626680
100.500000 49.778160
100.600000 49.929871
100.700000 50.081813
100.800000 50.233985
100.900000 50.386388
101.000000 50.539022
101.100000 50.691887
101.200000 50.844983
101.300000 50.998310
101.400000 51.151867
101.500000 51.305656
101.600000 51.459675
101.700000 51.613925
101.800000 51.768406
101.900000 51.923117
102.000000 52.078060
102.100000 52.233233
102.200000 52.388637
102.300000 52.544272
102.400000 52.700138
102.500000 52.856235
102.600000 53.012562
102.700000 53.169121
102.800000 53.325910
102.900000 53.482930
103.000000 53.640181
103.100000 53.797662
103.200000 53.955375
103.300000 54.113318
103.400000 54.271492
103.500000 54.429897
103.600000 54.588533
103.700000 54.747400
103.800000 54.906497
103.900000 55.065826
104.000000 55.225385
104.100000 55.385175
104.200000 55.545196
104.300000 55.705448
104.400000 55.865930
104.500000 56.026643
104.600000 56.187588
104.700000 56.348763
104.800000 56.510169
104.900000 56.671805
105.000000 56.833673
105.100000 56.995771
105.200000 57.158100
105.300000 57.320661
105.400000 57.483451
105.500000 57.646473
105.600000 57.809726
105.700000 57.973209
105.800000 58.136923
105.900000 58.300868
106.000000 58.465044
106.100000 58.629451
106.200000 58.794089
106.300000 58.958957
106.400000 59.124056
106.500000 59.289386
106.600000 59.454947
106.700000 59.620739
106.800000 59.786762
106.900000 59.953015
107.000000 60.119499
107.100000 60.286215
107.200000 60.453161
107.300000 60.620337
107.400000 60.787745
107.500000 60.955383
107.600000 61.123253
107.700000 61.291353
107.800000 61.459684
107.900000 61.628246
108.000000 61.797038
108.100000 61.966062
108.200000 62.135316
108.300000 62.304801
108.400000 62.474517
108.500000 62.644464
108.600000 62.814641
108.700000 62.985050
108.800000 63.155689
108.900000 63.326559
109.000000 63.497660
109.100000 63.668992
109.200000 63.840555
109.300000 64.012348
109.400000 64.184373
109.500000 64.356628
109.600000 64.529114
109.700000 64.701831
109.800000 64.874778
109.900000 65.047957
110.000000 65.221366
110.100000 65.395006
110.200000 65.568877
110.300000 65.742979
110.400000 65.917312
110.500000 66.091875
110.600000 66.266670
110.700000 66.441695
110.800000 66.616951
110.900000 66.792438
111.000000 66.968156
111.100000 67.144104
111.200000 67.320283
111.300000 67.496694
111.400000 67.673335
111.500000 67.850207
111.600000 68.027309
111.700000 68.204643
111.800000 68.382207
111.900000 68.560002
112.000000 68.738028
112.100000 68.916285
112.200000 69.094773
112.300000 69.273492
112.400000 69.452441
112.500000 69.631621
112.600000 69.811032
112.700000 69.990674
112.800000 70.170547
112.900000 70.350651
113.000000 70.530985
113.100000 70.711550
113.200000 70.892346
113.300000 71.073373
113.400000 71.254631
113.500000 71.436120
113.600000 71.617839
113.700000 71.799789
113.800000 71.981970
113.900000 72.164382
114.000000 72.347025
114.100000 72.529899
114.200000 72.713003
114.300000 72.896338
114.400000 73.079904
114.500000 73.263701
114.600000 73.447729
114.700000 73.631988
114.800000 73.816477
114.900000 74.001198
115.000000 74.186149
115.100000 74.371331
115.200000 74.556743
115.300000 74.742387
115.400000 74.928262
115.500000 75.114367
115.600000 75.300703
115.700000 75.487270
115.800000 75.674068
115.900000 75.861096
116.000000 76.048356
116.100000 76.235846
116.200000 76.423567
116.300000 76.611519
116.400000 76.799702
116.500000 76.988116
116.600000 77.176760
116.700000 77.365636
116.800000 77.554742
116.900000 77.744079
117.000000 77.933647
117.100000 78.123445
117.200000 78.313475
117.300000 78.503735
117.400000 78.694226
117.500000 78.884948
117.600000 79.075901
117.700000 79.267085
117.800000 79.458499
117.900000 79.650145
118.000000 79.842021
118.100000 80.034128
118.200000 80.226466
118.300000 80.419035
118.400000 80.611834
118.500000 80.804865
118.600000 80.998126
118.700000 81.191618
118.800000 81.385341
118.900000 81.579294
119.000000 81.773479
119.100000 81.967894
119.200000 82.162541
119.300000 82.357418
119.400000 82.552526
119.500000 82.747864
119.600000 82.943434
119.700000 83.139234
119.800000 83.335265
119.900000 83.531528
120.000000 83.728020
120.100000 83.924744
120.200000 84.121699
120.300000 84.318884
120.400000 84.516300
120.500000 84.713948
120.600000 84.911825
120.700000 85.109934
120.800000 85.308274
120.900000 85.506844
121.000000 85.705645
121.100000 85.904678
121.200000 86.103941
121.300000 86.303434
121.400000 86.503159
121.500000 86.703114
121.600000 86.903301
121.700000 87.103718
121.800000 87.304366
121.900000 87.505244
122.000000 87.706354
122.100000 87.907695
122.200000 88.109266
122.300000 88.311068
122.400000 88.513101
122.500000 88.715365
122.600000 88.917859
122.700000 89.120585
122.800000 89.323541
122.900000 89.526728
123.000000 89.730146
123.100000 89.933795
123.200000 90.137675
123.300000 90.341785
123.400000 90.546127
123.500000 90.750699
123.600000 90.955502
123.700000 91.160536
123.800000 91.365800
123.900000 91.571296
124.000000 91.777022
124.100000 91.982979
124.200000 92.189167
124.300000 92.395586
124.400000 92.602236
124.500000 92.809116
124.600000 93.016228
124.700000 93.223570
124.800000 93.431143
124.900000 93.638947
125.000000 93.846981
125.100000 94.055247
125.200000 94.263743
125.300000 94.472470
125.400000 94.681429
125.500000 94.890617
125.600000 95.100037
125.700000 95.309688
125.800000 95.519569
125.900000 95.729681
126.000000 95.940024
126.100000 96.150598
126.200000 96.361403
126.300000 96.572438
126.400000 96.783705
126.500000 96.995202
126.600000 97.206930
126.700000 97.418889
126.800000 97.631079
126.900000 97.843499
127.000000 98.056151
127.100000 98.269033
127.200000 98.482146
127.300000 98.695490
127.400000 98.909065
127.500000 99.122870
127.600000 99.336907
127.700000 99.551174
127.800000 99.765672
127.900000 99.980401
128.000000 100.195361
128.100000 100.410551
128.200000 100.625973
128.300000 100.841625
128.400000 101.057508
128.500000 101.273622
128.600000 101.489967
128.700000 101.706543
128.800000 101.923349
128.900000 102.140386
129.000000 102.357654
129.100000 102.575153
129.200000 102.792883
129.300000 103.010844
129.400000 103.229035
129.500000 103.447458
129.600000 103.666111
129.700000 103.884995
129.800000 104.104109
129.900000 104.323455
130.000000 104.543032
130.100000 104.762839
130.200000 104.982877
130.300000 105.203146
130.400000 105.423646
130.500000 105.644376
130.600000 105.865338
130.700000 106.086530
130.800000 106.307953
130.900000 106.529607
131.000000 106.751492
131.100000 106.973608
131.200000 107.195954
131.300000 107.418532
131.400000 107.641340
131.500000 107.864379
131.600000 108.087649
131.700000 108.311150
131.800000 108.534881
131.900000 108.758843
132.000000 108.983037
132.100000 109.207461
132.200000 109.432116
132.300000 109.657001
132.400000 109.882118
132.500000 110.107465
132.600000 110.333043
132.700000 110.558852
132.800000 110.784892
132.900000 111.011163
133.000000 111.237664
133.100000 111.464397
133.200000 111.691360
133.300000 111.918554
133.400000 112.145979
133.500000 112.373635
133.600000 112.601521
133.700000 112.829639
133.800000 113.057987
133.900000 113.286566
134.000000 113.515376
134.100000 113.744417
134.200000 113.973688
134.300000 114.203191
134.400000 114.432924
134.500000 114.662888
134.600000 114.893083
134.700000 115.123509
134.800000 115.354165
134.900000 115.585053
135.000000 115.816171
135.100000 116.047520
135.200000 116.279100
135.300000 116.510911
135.400000 116.742952
135.500000 116.975225
135.600000 117.207728
135.700000 117.440462
135.800000 117.673427
135.900000 117.906623
136.000000 118.140050
136.100000 118.373707
136.200000 118.607595
136.300000 118.841714
136.400000 119.076064
136.500000 119.310645
136.600000 119.545457
136.700000 119.780499
136.800000 120.015773
136.900000 120.251277
137.000000 120.487012
137.100000 120.722978
137.200000 120.959174
137.300000 121.195602
137.400000 121.432260
137.500000 121.669149
137.600000 121.906269
137.700000 122.143620
137.800000 122.381202
137.900000 122.619014
138.000000 122.857057
138.100000 123.095332
138.200000 123.333837
138.300000 123.572572
138.400000 123.811539
138.500000 124.050737
138.600000 124.290165
138.700000 124.529824
138.800000 124.769714
138.900000 125.009835
139.000000 125.250187
139.100000 125.490769
139.200000 125.731583
139.300000 125.972627
139.400000 126.213902
139.500000 126.455408
139.600000 126.697144
139.700000 126.939112
139.800000 127.181310
139.900000 127.423740
140.000000 127.666400
140.100000 127.909290
140.200000 128.152412
140.300000 128.395765
140.400000 128.639348
140.500000 128.883162
140.600000 129.127207
140.700000 129.371483
140.800000 129.615990
140.900000 129.860728
141.000000 130.105696
141.100000 130.350895
141.200000 130.596325
141.300000 130.841986
141.400000 131.087878
141.500000 131.334001
141.600000 131.580354
141.700000 131.826938
141.800000 132.073753
141.900000 132.320799
142.000000 132.568076
142.100000 132.815584
142.200000 133.063322
142.300000 133.311291
142.400000 133.559491
142.500000 133.807922
142.600000 134.056584
142.700000 134.305477
142.800000 134.554600
142.900000 134.803954
143.000000 135.053540
143.100000 135.303356
143.200000 135.553402
143.300000 135.803680
143.400000 136.054188
143.500000 136.304928
143.600000 136.555898
143.700000 136.807099
143.800000 137.058531
143.900000 137.310193
144.000000 137.562087
144.100000 137.814211
144.200000 138.066566
144.300000 138.319152
144.400000 138.571969
144.500000 138.825017
144.600000 139.078295
144.700000 139.331804
144.800000 139.585545
144.900000 139.839516
145.000000 140.093717
145.100000 140.348150
145.200000 140.602814
145.300000 140.857708
145.400000 141.112833
145.500000 141.368189
145.600000 141.623776
145.700000 141.879594
145.800000 142.135642
145.900000 142.391921
146.000000 142.648432
146.100000 142.905173
146.200000 143.162145
146.300000 143.419347
146.400000 143.676781
146.500000 143.934445
146.600000 144.192340
146.700000 144.450466
146.800000 144.708823
146.900000 144.967411
147.000000 145.226230
147.100000 145.485279
147.200000 145.744559
147.300000 146.004070
147.400000 146.263812
147.500000 146.523785
147.600000 146.783988
147.700000 147.044423
147.800000 147.305088
147.900000 147.565984
148.000000 147.827111
148.100000 148.088469
148.200000 148.350057
148.300000 148.611877
148.400000 148.873927
148.500000 149.136208
148.600000 149.398720
148.700000 149.661463
148.800000 149.924436
148.900000 150.187641
149.000000 150.451076
149.100000 150.714742
149.200000 150.978639
149.300000 151.242767
149.400000 151.507125
149.500000 151.771715
149.600000 152.036535
149.700000 152.301586
149.800000 152.566868
149.900000 152.832381
150.000000 153.098124
150.100000 153.364099
150.200000 153.630304
150.300000 153.896740
150.400000 154.163407
150.500000 154.430305
150.600000 154.697434
150.700000 154.964793
150.800000 155.232383
150.900000 155.500205
151.000000 155.768257
151.100000 156.036539
151.200000 156.305053
151.300000 156.573797
151.400000 156.842773
151.500000 157.111979
151.600000 157.381416
151.700000 157.651084
151.800000 157.920982
151.900000 158.191112
152.000000 158.461472
152.100000 158.732063
152.200000 159.002885
152.300000 159.273938
152.400000 159.545222
152.500000 159.816736
152.600000 160.088482
152.700000 160.360458
152.800000 160.632665
152.900000 160.905103
153.000000 161.177771
153.100000 161.450671
153.200000 161.723801
153.300000 161.997163
153.400000 162.270755
153.500000 162.544577
153.600000 162.818631
153.700000 163.092916
153.800000 163.367431
153.900000 163.642177
154.000000 163.917154
154.100000 164.192362
154.200000 164.467801
154.300000 164.743470
154.400000 165.019371
154.500000 165.295502
154.600000 165.571864
154.700000 165.848457
154.800000 166.125281
154.900000 166.402335
155.000000 166.679621
155.100000 166.957137
155.200000 167.234884
155.300000 167.512862
155.400000 167.791071
155.500000 168.069510
155.600000 168.348181
155.700000 168.627082
155.800000 168.906214
155.900000 169.185577
156.000000 169.465171
156.100000 169.744995
156.200000 170.025051
156.300000 170.305337
156.400000 170.585854
156.500000 170.866602
156.600000 171.147581
156.700000 171.428790
156.800000 171.710231
156.900000 171.991902
157.000000 172.273804
157.100000 172.555937
157.200000 172.838301
157.300000 173.120896
157.400000 173.403721
157.500000 173.686777
157.600000 173.970064
157.700000 174.253582
157.800000 174.537331
157.900000 174.821311
158.000000 175.105521
158.100000 175.389963
158.200000 175.674635
158.300000 175.959538
158.400000 176.244672
158.500000 176.530036
158.600000 176.815632
158.700000 177.101458
158.800000 177.387515
158.900000 177.673803
159.000000 177.960322
159.100000 178.247072
159.200000 178.534052
159.300000 178.821263
159.400000 179.108706
159.500000 179.396379
159.600000 179.684282
159.700000 179.972417
159.800000 180.260783
159.900000 180.549379
160.000000 180.838206
160.100000 181.127264
160.200000 181.416553
160.300000 181.706073
160.400000 181.995823
160.500000 182.285805
160.600000 182.576017
160.700000 182.866460
160.800000 183.157134
160.900000 183.448038
161.000000 183.739174
161.100000 184.030540
161.200000 184.322138
161.300000 184.613966
161.400000 184.906024
161.500000 185.198314
161.600000 185.490835
161.700000 185.783586
161.800000 186.076568
161.900000 186.369781
162.000000 186.663225
162.100000 186.956900
162.200000 187.250806
162.300000 187.544942
162.400000 187.839309
162.500000 188.133907
162.600000 188.428736
162.700000 188.723796
162.800000 189.019087
162.900000 189.314608
163.000000 189.610360
163.100000 189.906343
163.200000 190.202557
163.300000 190.499002
163.400000 190.795678
163.500000 191.092584
163.600000 191.389721
163.700000 191.687089
163.800000 191.984688
163.900000 192.282518
164.000000 192.580579
164.100000 192.878870
164.200000 193.177393
164.300000 193.476146
164.400000 193.775130
164.500000 194.074344
164.600000 194.373790
164.700000 194.673466
164.800000 194.973374
164.900000 195.273512
165.000000 195.573881
165.100000 195.874481
165.200000 196.175311
165.300000 196.476373
165.400000 196.777665
165.500000 197.079188
165.600000 197.380942
165.700000 197.682927
165.800000 197.985143
165.900000 198.287589
166.000000 198.590266
166.100000 198.893175
166.200000 199.196314
166.300000 199.499683
166.400000 199.803284
166.500000 200.107116
166.600000 200.411178
166.700000 200.715471
166.800000 201.019995
166.900000 201.324750
167.000000 201.629736
167.100000 201.934952
167.200000 202.240400
167.300000 202.546078
167.400000 202.851987
167.500000 203.158127
167.600000 203.464497
167.700000 203.771099
167.800000 204.077931
167.900000 204.384994
168.000000 204.692288
168.100000 204.999813
168.200000 205.307569
168.300000 205.615556
168.400000 205.923773
168.500000 206.232221
168.600000 206.540900
168.700000 206.849810
168.800000 207.158951
168.900000 207.468322
169.000000 207.777925
169.100000 208.087758
169.200000 208.397822
169.300000 208.708117
169.400000 209.018643
169.500000 209.329399
169.600000 209.640387
169.700000 209.951605
169.800000 210.263054
169.900000 210.574734
170.000000 210.886645
170.100000 211.198786
170.200000 211.511159
170.300000 211.823762
170.400000 212.136596
170.500000 212.449661
170.600000 212.762957
170.700000 213.076483
170.800000 213.390241
170.900000 213.704229
171.000000 214.018448
171.100000 214.332898
171.200000 214.647579
171.300000 214.962491
171.400000 215.277633
171.500000 215.593006
171.600000 215.908610
171.700000 216.224445
171.800000 216.540511
171.900000 216.856808
172.000000 217.173335
172.100000 217.490094
172.200000 217.807083
172.300000 218.124303
172.400000 218.441754
172.500000 218.759435
172.600000 219.077348
172.700000 219.395491
172.800000 219.713865
172.900000 220.032470
173.000000 220.351306
173.100000 220.670373
173.200000 220.989670
173.300000 221.309198
173.400000 221.628958
173.500000 221.948948
173.600000 222.269168
173.700000 222.589620
173.800000 222.910303
173.900000 223.231216
174.000000 223.552360
174.100000 223.873735
174.200000 224.195341
174.300000 224.517178
174.400000 224.839245
174.500000 225.161544
174.600000 225.484073
174.700000 225.806833
174.800000 226.129824
174.900000 226.453045
175.000000 226.776498
175.100000 227.100181
175.200000 227.424095
175.300000 227.748241
175.400000 228.072616
175.500000 228.397223
175.600000 228.722061
175.700000 229.047129
175.800000 229.372428
175.900000 229.697958
176.000000 230.023719
176.100000 230.349711
176.200000 230.675934
176.300000 231.002387
176.400000 231.329071
176.500000 231.655986
176.600000 231.983132
176.700000 232.310509
176.800000 232.638116
176.900000 232.965955
177.000000 233.294024
177.100000 233.622324
177.200000 233.950855
177.300000 234.279617
177.400000 234.608609
177.500000 234.937833
177.600000 235.267287
177.700000 235.596972
177.800000 235.926888
177.900000 236.257035
178.000000 236.587413
178.100000 236.918021
178.200000 237.248860
178.300000 237.579930
178.400000 237.911231
178.500000 238.242763
178.600000 238.574526
178.700000 238.906519
178.800000 239.238744
178.900000 239.571199
179.000000 239.903885
179.100000 240.236801
179.200000 240.569949
179.300000 240.903328
179.400000 241.236937
179.500000 241.570777
179.600000 241.904848
179.700000 242.239150
179.800000 242.573682
179.900000 242.908446
180.000000 243.243440
