0.000000000000000000e+00 5.773052438534352859e+02
1.000000000000000056e-01 5.684690814337495794e+02
2.000000000000000111e-01 5.597011190134440994e+02
3.000000000000000444e-01 5.510013565925185048e+02
4.000000000000000222e-01 5.423697941709731367e+02
5.000000000000000000e-01 5.338064317488078814e+02
6.000000000000000888e-01 5.253112693260228525e+02
7.000000000000000666e-01 5.168843069026177091e+02
8.000000000000000444e-01 5.085255444785926784e+02
9.000000000000000222e-01 5.002349820539478742e+02
1.000000000000000000e+00 4.920126196286832396e+02
1.100000000000000089e+00 4.838584572027986610e+02
1.200000000000000178e+00 4.757724947762941952e+02
1.300000000000000044e+00 4.677547323491697284e+02
1.400000000000000133e+00 4.598051699214255450e+02
1.500000000000000000e+00 4.519238074930613607e+02
1.600000000000000089e+00 4.441106450640773460e+02
1.700000000000000178e+00 4.363656826344733872e+02
1.800000000000000044e+00 4.286889202042494276e+02
1.900000000000000133e+00 4.210803577734058649e+02
2.000000000000000000e+00 4.135399953419422445e+02
2.100000000000000089e+00 4.060678329098587369e+02
2.200000000000000178e+00 3.986638704771554558e+02
2.300000000000000266e+00 3.913281080438320600e+02
2.400000000000000355e+00 3.840605456098890045e+02
2.500000000000000000e+00 3.768611831753259480e+02
2.600000000000000089e+00 3.697300207401431180e+02
2.700000000000000178e+00 3.626670583043402303e+02
2.800000000000000266e+00 3.556722958679174553e+02
2.900000000000000355e+00 3.487457334308748500e+02
3.000000000000000000e+00 3.418873709932124143e+02
3.100000000000000089e+00 3.350972085549300914e+02
3.200000000000000178e+00 3.283752461160278813e+02
3.300000000000000266e+00 3.217214836765056702e+02
3.400000000000000355e+00 3.151359212363636857e+02
3.500000000000000000e+00 3.086185587956017571e+02
3.600000000000000089e+00 3.021693963542199981e+02
3.700000000000000178e+00 2.957884339122182951e+02
3.800000000000000266e+00 2.894756714695965911e+02
3.900000000000000355e+00 2.832311090263551137e+02
4.000000000000000000e+00 2.770547465824937490e+02
4.100000000000000533e+00 2.709465841380124402e+02
4.200000000000000178e+00 2.649066216929114148e+02
4.299999999999999822e+00 2.589348592471903316e+02
4.400000000000000355e+00 2.530312968008494465e+02
4.500000000000000000e+00 2.471959343538886458e+02
4.600000000000000533e+00 2.414287719063078725e+02
4.700000000000000178e+00 2.357298094581074395e+02
4.800000000000000711e+00 2.300990470092869487e+02
4.900000000000000355e+00 2.245364845598465990e+02
5.000000000000000000e+00 2.190421221097863622e+02
5.100000000000000533e+00 2.136159596591061529e+02
5.200000000000000178e+00 2.082579972078061701e+02
5.300000000000000711e+00 2.029682347558862716e+02
5.400000000000000355e+00 1.977466723033464575e+02
5.500000000000000000e+00 1.925933098501867846e+02
5.600000000000000533e+00 1.875081473964071677e+02
5.700000000000000178e+00 1.824911849420077203e+02
5.800000000000000711e+00 1.775424224869883574e+02
5.900000000000000355e+00 1.726618600313491356e+02
6.000000000000000000e+00 1.678494975750900267e+02
6.100000000000000533e+00 1.631053351182109736e+02
6.200000000000000178e+00 1.584293726607120902e+02
6.300000000000000711e+00 1.538216102025932912e+02
6.400000000000000355e+00 1.492820477438546050e+02
6.500000000000000000e+00 1.448106852844960599e+02
6.600000000000000533e+00 1.404075228245175992e+02
6.700000000000000178e+00 1.360725603639192514e+02
6.800000000000000711e+00 1.318057979027009878e+02
6.900000000000000355e+00 1.276072354408628797e+02
7.000000000000000000e+00 1.234768729784048844e+02
7.100000000000000533e+00 1.194147105153269735e+02
7.200000000000000178e+00 1.154207480516292037e+02
7.300000000000000711e+00 1.114949855873115183e+02
7.400000000000000355e+00 1.076374231223739315e+02
7.500000000000000000e+00 1.038480606568164859e+02
7.600000000000000533e+00 1.001268981906391247e+02
7.700000000000000178e+00 9.647393572384193305e+01
7.800000000000000711e+00 9.288917325642476897e+01
7.900000000000000355e+00 8.937261078838778872e+01
8.000000000000000000e+00 8.592424831973090704e+01
8.099999999999999645e+00 8.254408585045415236e+01
8.200000000000001066e+00 7.923212338055741100e+01
8.300000000000000711e+00 7.598836091004086768e+01
8.400000000000000355e+00 7.281279843890443715e+01
8.500000000000000000e+00 6.970543596714810519e+01
8.599999999999999645e+00 6.666627349477190023e+01
8.700000000000001066e+00 6.369531102177574411e+01
8.800000000000000711e+00 6.079254854815973630e+01
8.900000000000000355e+00 5.795798607392387680e+01
9.000000000000000000e+00 5.519162359906809456e+01
9.099999999999999645e+00 5.249346112359243932e+01
9.200000000000001066e+00 4.986349864749684002e+01
9.300000000000000711e+00 4.730173617078141035e+01
9.400000000000000355e+00 4.480817369344609347e+01
9.500000000000000000e+00 4.238281121549087516e+01
9.600000000000001421e+00 4.002564873691573410e+01
9.700000000000001066e+00 3.773668625772074847e+01
9.800000000000000711e+00 3.551592377790586852e+01
9.900000000000000355e+00 3.336336129747110846e+01
1.000000000000000000e+01 3.127899881641645052e+01
1.010000000000000142e+01 2.926283633474186985e+01
1.020000000000000107e+01 2.731487385244743749e+01
1.030000000000000071e+01 2.543511136953311791e+01
1.040000000000000036e+01 2.362354888599891112e+01
1.050000000000000000e+01 2.188018640184481001e+01
1.060000000000000142e+01 2.020502391707079681e+01
1.070000000000000107e+01 1.859806143167692483e+01
1.080000000000000071e+01 1.705929894566315852e+01
1.090000000000000036e+01 1.558873645902950500e+01
1.100000000000000000e+01 1.418637397177596782e+01
1.110000000000000142e+01 1.285221148390251145e+01
1.120000000000000107e+01 1.158624899540919628e+01
1.130000000000000071e+01 1.038848650629598858e+01
1.140000000000000036e+01 9.258924016562895432e+00
1.150000000000000000e+01 8.197561526209911520e+00
1.160000000000000142e+01 7.204399035237021742e+00
1.170000000000000107e+01 6.279436543644262514e+00
1.180000000000000071e+01 5.422674051431613407e+00
1.190000000000000036e+01 4.634111558599075309e+00
1.200000000000000000e+01 3.913749065146647776e+00
1.210000000000000142e+01 3.261586571074321927e+00
1.220000000000000107e+01 2.677624076382118634e+00
1.230000000000000071e+01 2.161861581070026794e+00
1.240000000000000036e+01 1.714299085138046408e+00
1.250000000000000000e+01 1.334936588586176809e+00
1.260000000000000142e+01 1.023774091414413556e+00
1.270000000000000107e+01 7.808115936227675302e-01
1.280000000000000071e+01 6.060490952112325136e-01
1.290000000000000036e+01 4.994865961798087839e-01
1.300000000000000000e+01 4.611240965284962856e-01
1.310000000000000142e+01 4.568615965672392920e-01
1.320000000000000107e+01 4.525990966059822984e-01
1.330000000000000071e+01 4.483365966447253603e-01
1.340000000000000036e+01 4.440740966834684222e-01
1.350000000000000000e+01 4.398115967222115397e-01
1.360000000000000142e+01 4.355490967609546016e-01
1.370000000000000107e+01 4.312865967996976080e-01
1.380000000000000071e+01 4.270240968384406144e-01
1.390000000000000036e+01 4.227615968771835653e-01
1.400000000000000000e+01 4.184990969159266827e-01
1.410000000000000142e+01 4.142365969546696336e-01
1.420000000000000107e+01 4.099740969934125845e-01
1.430000000000000071e+01 4.057115970321557574e-01
1.440000000000000036e+01 4.014490970708987638e-01
1.450000000000000000e+01 3.971865971096418257e-01
1.460000000000000142e+01 3.929240971483847766e-01
1.470000000000000107e+01 3.886615971871277275e-01
1.480000000000000071e+01 3.843990972258707894e-01
1.490000000000000036e+01 3.801365972646137958e-01
1.500000000000000000e+01 3.758740973033568578e-01
1.510000000000000142e+01 3.716115973420998086e-01
1.520000000000000107e+01 3.673490973808428151e-01
1.530000000000000071e+01 3.630865974195858770e-01
1.540000000000000036e+01 3.588240974583289389e-01
1.550000000000000000e+01 3.545615974970720008e-01
1.560000000000000142e+01 3.502990975358149517e-01
1.570000000000000107e+01 3.460365975745580136e-01
1.580000000000000071e+01 3.417740976133010200e-01
1.590000000000000036e+01 3.375115976520440264e-01
1.600000000000000000e+01 3.332490976907870328e-01
1.610000000000000142e+01 3.289865977295299837e-01
1.619999999999999929e+01 3.247240977682731566e-01
1.630000000000000071e+01 3.204615978070161075e-01
1.640000000000000213e+01 3.161990978457591139e-01
1.650000000000000000e+01 3.119365978845022314e-01
1.660000000000000142e+01 3.076740979232451267e-01
1.669999999999999929e+01 3.034115979619882997e-01
1.680000000000000071e+01 2.991490980007312506e-01
1.690000000000000213e+01 2.948865980394742570e-01
1.700000000000000000e+01 2.906240980782173189e-01
1.710000000000000142e+01 2.863615981169602143e-01
1.719999999999999929e+01 2.820990981557033872e-01
1.730000000000000071e+01 2.778365981944463381e-01
1.740000000000000213e+01 2.735740982331892890e-01
1.750000000000000000e+01 2.693115982719324619e-01
1.760000000000000142e+01 2.650490983106754128e-01
1.769999999999999929e+01 2.607865983494184747e-01
1.780000000000000071e+01 2.565240983881614256e-01
1.790000000000000213e+01 2.522615984269044320e-01
1.800000000000000000e+01 2.480006648256818935e-01
1.810000000000000142e+01 2.437397312244592162e-01
1.819999999999999929e+01 2.395138341131734794e-01
1.830000000000000071e+01 2.352879370018875760e-01
1.840000000000000213e+01 2.310792922386103732e-01
1.850000000000000000e+01 2.268706474753332814e-01
1.860000000000000142e+01 2.226637807576012928e-01
1.869999999999999929e+01 2.184569140398693599e-01
1.880000000000000071e+01 2.142384823260007065e-01
1.890000000000000213e+01 2.100200506121320254e-01
1.900000000000000000e+01 2.057786986851090072e-01
1.910000000000000142e+01 2.015373467580858502e-01
1.920000000000000284e+01 1.972635949856158255e-01
1.930000000000000071e+01 1.929898432131458841e-01
1.940000000000000213e+01 1.886759748056540120e-01
1.950000000000000000e+01 1.843621063981622787e-01
1.960000000000000142e+01 1.800020868463213519e-01
1.970000000000000284e+01 1.756420672944804251e-01
1.980000000000000071e+01 1.712314626727521327e-01
1.990000000000000213e+01 1.668208580510237016e-01
2.000000000000000000e+01 1.623567691088706189e-01
2.010000000000000142e+01 1.578926801667173974e-01
2.020000000000000284e+01 1.533743903426960653e-01
2.030000000000000071e+01 1.488561005186748720e-01
2.040000000000000213e+01 1.443718180425320463e-01
2.050000000000000000e+01 1.398875355663894149e-01
2.060000000000000142e+01 1.355728668167020257e-01
2.070000000000000284e+01 1.312581980670146364e-01
2.080000000000000071e+01 1.271526343047466034e-01
2.090000000000000213e+01 1.230470705424784317e-01
2.100000000000000000e+01 1.191371424463238404e-01
2.110000000000000142e+01 1.152272143501690965e-01
2.120000000000000284e+01 1.115018401634980116e-01
2.130000000000000071e+01 1.077764659768270378e-01
2.140000000000000213e+01 1.042268339730913346e-01
2.150000000000000000e+01 1.006772019693557840e-01
2.160000000000000142e+01 9.729665930899285275e-02
2.170000000000000284e+01 9.391611664862993536e-02
2.180000000000000071e+01 9.070006414635756187e-02
2.190000000000000213e+01 8.748401164408509123e-02
2.200000000000000000e+01 8.442980676776180859e-02
2.210000000000000142e+01 8.137560189143842881e-02
2.220000000000000284e+01 7.848246773158604195e-02
2.230000000000000071e+01 7.558933357173376610e-02
2.240000000000000213e+01 7.285827289135382578e-02
2.250000000000000000e+01 7.012721221097395485e-02
2.260000000000000142e+01 6.756092674842338608e-02
2.270000000000000284e+01 6.499464128587278955e-02
2.280000000000000071e+01 6.259745544634681691e-02
2.290000000000000213e+01 6.020026960682075406e-02
2.300000000000000000e+01 5.797571855296875659e-02
2.310000000000000142e+01 5.575116749911667585e-02
2.320000000000000284e+01 5.365470339681133877e-02
2.330000000000000071e+01 5.155823929450607107e-02
2.340000000000000213e+01 4.958188893437316669e-02
2.350000000000000000e+01 4.760553857424032476e-02
2.360000000000000142e+01 4.574187093120325037e-02
2.370000000000000284e+01 4.387820328816616905e-02
2.380000000000000071e+01 4.212029958604285307e-02
2.390000000000000213e+01 4.036239588391946770e-02
2.400000000000000000e+01 3.870382003664604026e-02
2.410000000000000142e+01 3.704524418937255731e-02
2.420000000000000284e+01 3.548000428833086861e-02
2.430000000000000071e+01 3.391476438728922849e-02
2.440000000000000213e+01 3.243729496786439820e-02
2.450000000000000000e+01 3.095982554843960260e-02
2.460000000000000142e+01 2.956495416248538025e-02
2.470000000000000284e+01 2.817008277653116136e-02
2.480000000000000071e+01 2.685300904643660516e-02
2.490000000000000213e+01 2.553593531634199693e-02
2.500000000000000000e+01 2.429220221299256688e-02
2.510000000000000142e+01 2.304846910964308132e-02
2.520000000000000284e+01 2.187287298648711575e-02
2.530000000000000071e+01 2.069727686333118835e-02
2.540000000000000213e+01 1.958567375764229054e-02
2.550000000000000000e+01 1.847407065195343090e-02
2.560000000000000142e+01 1.742258104934165872e-02
2.570000000000000284e+01 1.637109144672988306e-02
2.580000000000000071e+01 1.537608834684959722e-02
2.590000000000000213e+01 1.438108524696927841e-02
2.600000000000000000e+01 1.343917631263026255e-02
2.610000000000000142e+01 1.249726737829121026e-02
2.620000000000000284e+01 1.160527803260474194e-02
2.630000000000000071e+01 1.071328868691830312e-02
2.640000000000000213e+01 9.868246882376500648e-03
2.650000000000000000e+01 9.023205077834729401e-03
2.660000000000000142e+01 8.222329762341244394e-03
2.670000000000000284e+01 7.421454446847760254e-03
2.680000000000000071e+01 6.662142499847327828e-03
2.690000000000000213e+01 5.902830552846869382e-03
2.700000000000000000e+01 5.182643948838297661e-03
2.710000000000000142e+01 4.462457344829700787e-03
2.720000000000000284e+01 3.779112856306329499e-03
2.730000000000000071e+01 3.095768367782981631e-03
2.740000000000000213e+01 2.446380078127213635e-03
2.750000000000000000e+01 1.796991788471469058e-03
2.760000000000000142e+01 1.179919814668146287e-03
2.770000000000000284e+01 5.628478408648233001e-04
2.780000000000000071e+01 -2.346102305444267754e-05
2.790000000000000213e+01 -6.097698869737283199e-04
2.800000000000000000e+01 -1.166786472937836848e-03
2.810000000000000142e+01 -1.723803058901965651e-03
2.820000000000000284e+01 -2.256931584280377334e-03
2.830000000000000071e+01 -2.790060109658770802e-03
2.840000000000000213e+01 -3.300825108292190606e-03
2.850000000000000000e+01 -3.811590106925591762e-03
2.860000000000000142e+01 -4.300520946613827639e-03
2.870000000000000284e+01 -4.789451786302064383e-03
2.880000000000000071e+01 -5.257536458140751184e-03
2.890000000000000213e+01 -5.725621129979454466e-03
2.900000000000000000e+01 -6.172560066081765606e-03
2.910000000000000142e+01 -6.619499002184092359e-03
2.920000000000000284e+01 -7.043116000900857820e-03
2.930000000000000071e+01 -7.466732999617606802e-03
2.940000000000000213e+01 -7.862234710185623046e-03
2.950000000000000000e+01 -8.257736420753624546e-03
2.960000000000000142e+01 -8.624060289190499037e-03
2.970000000000000284e+01 -8.990384157627375264e-03
2.980000000000000071e+01 -9.324842357525489969e-03
2.990000000000000213e+01 -9.659300557423616818e-03
3.000000000000000000e+01 -9.971389274384385645e-03
3.010000000000000142e+01 -1.028347799134516488e-02
3.020000000000000284e+01 -1.057594237777585537e-02
3.030000000000000071e+01 -1.086840676420653719e-02
3.040000000000000213e+01 -1.114145206017879558e-02
3.050000000000000000e+01 -1.141449735615104530e-02
3.060000000000000142e+01 -1.164260700574662986e-02
3.070000000000000284e+01 -1.187071665534221443e-02
3.080000000000000071e+01 -1.203567391928625670e-02
3.090000000000000213e+01 -1.220063118323030417e-02
3.100000000000000000e+01 -1.229357809674016394e-02
3.110000000000000142e+01 -1.238652501025002545e-02
3.120000000000000284e+01 -1.239787410106482114e-02
3.130000000000000071e+01 -1.240922319187961857e-02
3.140000000000000213e+01 -1.233394061720104184e-02
3.150000000000000000e+01 -1.225865804252246512e-02
3.160000000000000142e+01 -1.209567999922315368e-02
3.170000000000000284e+01 -1.193270195592384224e-02
3.180000000000000071e+01 -1.168444337886183522e-02
3.190000000000000213e+01 -1.143618480179981606e-02
3.200000000000000000e+01 -1.110813179116604092e-02
3.210000000000000142e+01 -1.078007878053225191e-02
3.220000000000000284e+01 -1.038043976839511141e-02
3.230000000000000426e+01 -9.980800756257963979e-03
3.239999999999999858e+01 -9.519098505161461415e-03
3.250000000000000000e+01 -9.057396254064925892e-03
3.260000000000000142e+01 -8.546204602694668431e-03
3.270000000000000284e+01 -8.035012951324412706e-03
3.280000000000000426e+01 -7.488746609527782531e-03
3.289999999999999858e+01 -6.942480267731193123e-03
3.300000000000000000e+01 -6.376996930360740931e-03
3.310000000000000142e+01 -5.811513592990290474e-03
3.320000000000000284e+01 -5.237944524166912585e-03
3.330000000000000426e+01 -4.664375455343535565e-03
3.339999999999999858e+01 -4.095788891016649731e-03
3.350000000000000000e+01 -3.527202326689725300e-03
3.360000000000000142e+01 -2.976651681560743470e-03
3.370000000000000284e+01 -2.426101036431761639e-03
3.380000000000000426e+01 -1.904599906254437472e-03
3.389999999999999858e+01 -1.383098776077150600e-03
3.400000000000000000e+01 -9.008262244358922590e-04
3.410000000000000142e+01 -4.185536727946371160e-04
3.420000000000000284e+01 1.403965488773437583e-05
3.430000000000000426e+01 4.466329825701015918e-04
3.439999999999999858e+01 8.165792153768692283e-04
3.450000000000000000e+01 1.186525448183663048e-03
3.460000000000000142e+01 1.485013812106419960e-03
3.470000000000000284e+01 1.783502176029176656e-03
3.480000000000000426e+01 2.001474001623877296e-03
3.489999999999999858e+01 2.219445827218562758e-03
3.500000000000000000e+01 2.366883924636051933e-03
3.510000000000000142e+01 2.514322022053535471e-03
3.520000000000000284e+01 2.606695986512288978e-03
3.530000000000000426e+01 2.699069950971040750e-03
3.539999999999999858e+01 2.761659992792955560e-03
3.550000000000000000e+01 2.824250034614874706e-03
3.560000000000000142e+01 2.859223783260479192e-03
3.570000000000000284e+01 2.894197531906083243e-03
3.580000000000000426e+01 2.903846738356171200e-03
3.589999999999999858e+01 2.913495944806258290e-03
3.600000000000000000e+01 2.905318427356972776e-03
3.610000000000000142e+01 2.897140909907686395e-03
3.620000000000000284e+01 2.874378601385844251e-03
3.630000000000000426e+01 2.851616292864001239e-03
3.639999999999999858e+01 2.817223345774693809e-03
3.650000000000000000e+01 2.782830398685383778e-03
3.660000000000000142e+01 2.739438237250271368e-03
3.670000000000000284e+01 2.696046075815158524e-03
3.680000000000000426e+01 2.645929343527050545e-03
3.689999999999999858e+01 2.595812611238946035e-03
3.700000000000000000e+01 2.540880136569393950e-03
3.710000000000000142e+01 2.485947661899841864e-03
3.720000000000000284e+01 2.427745002685056420e-03
3.730000000000000426e+01 2.369542343470270977e-03
3.739999999999999858e+01 2.309298374622527003e-03
3.750000000000000000e+01 2.249054405774778692e-03
3.760000000000000142e+01 2.187948001516853806e-03
3.770000000000000284e+01 2.126841597258928487e-03
3.780000000000000426e+01 2.065974743634729684e-03
3.789999999999999858e+01 2.005107890010535219e-03
3.800000000000000000e+01 1.945375577354928462e-03
3.810000000000000142e+01 1.885643264699321921e-03
3.820000000000000284e+01 1.827740889322172118e-03
3.830000000000000426e+01 1.769838513945022748e-03
3.840000000000000568e+01 1.714264194210099674e-03
3.850000000000000000e+01 1.658689874475181370e-03
3.860000000000000142e+01 1.605750736236197414e-03
3.870000000000000284e+01 1.552811597997213241e-03
3.880000000000000426e+01 1.502643833544792988e-03
3.890000000000000568e+01 1.452476069092372736e-03
3.900000000000000000e+01 1.405088696285375577e-03
3.910000000000000142e+01 1.357701323478375166e-03
3.920000000000000284e+01 1.313029716723586792e-03
3.930000000000000426e+01 1.268358109968798419e-03
3.940000000000000568e+01 1.226249287582882206e-03
3.950000000000000000e+01 1.184140465196968812e-03
3.960000000000000142e+01 1.144414951420621388e-03
3.970000000000000284e+01 1.104689437644273747e-03
3.980000000000000426e+01 1.067181294292085438e-03
3.990000000000000568e+01 1.029673150939897129e-03
4.000000000000000000e+01 9.942575653307773268e-04
4.010000000000000142e+01 9.588419797216551389e-04
4.020000000000000284e+01 9.253830852862910501e-04
4.030000000000000426e+01 8.919241908509267444e-04
4.040000000000000568e+01 8.602767118216601968e-04
4.050000000000000000e+01 8.286292327923960345e-04
4.060000000000000142e+01 7.986752596594677480e-04
4.070000000000000284e+01 7.687212865265393531e-04
4.080000000000000426e+01 7.403903483914932304e-04
4.090000000000000568e+01 7.120594102564469993e-04
4.100000000000000000e+01 6.852896378991862230e-04
4.110000000000000142e+01 6.585198655419234950e-04
4.120000000000000284e+01 6.332518872456619624e-04
4.130000000000000426e+01 6.079839089494004298e-04
4.140000000000000568e+01 5.841604362599409506e-04
4.150000000000000000e+01 5.603369635704830978e-04
4.160000000000000142e+01 5.379025211906304088e-04
4.170000000000000284e+01 5.154680788107777198e-04
4.180000000000000426e+01 4.943682451734252026e-04
4.190000000000000568e+01 4.732684115360726311e-04
4.200000000000000000e+01 4.534510551616189309e-04
4.210000000000000142e+01 4.336336987871638755e-04
4.220000000000000284e+01 4.150475606927548516e-04
4.230000000000000426e+01 3.964614225983457735e-04
4.240000000000000568e+01 3.790566280162832482e-04
4.250000000000000000e+01 3.616518334342220240e-04
4.260000000000000142e+01 3.453801655254823215e-04
4.270000000000000284e+01 3.291084976167427275e-04
4.280000000000000426e+01 3.139219438078204630e-04
4.290000000000000568e+01 2.987353899988982528e-04
4.300000000000000000e+01 2.845886574179325450e-04
4.310000000000000142e+01 2.704419248369658072e-04
4.320000000000000284e+01 2.572885864192431282e-04
4.330000000000000426e+01 2.441352480015204491e-04
4.340000000000000568e+01 2.319328182495752617e-04
4.350000000000000000e+01 2.197303884976309688e-04
4.360000000000000142e+01 2.084341839481025085e-04
4.370000000000000284e+01 1.971379793985741295e-04
4.380000000000000426e+01 1.867076921077740999e-04
4.390000000000000568e+01 1.762774048169740704e-04
4.400000000000000000e+01 1.666704959587055567e-04
4.410000000000000142e+01 1.570635871004363653e-04
4.420000000000000284e+01 1.482409615695666233e-04
4.430000000000000426e+01 1.394183360386969626e-04
4.440000000000000568e+01 1.313396603670150421e-04
4.450000000000000000e+01 1.232609846953336907e-04
4.460000000000000142e+01 1.158879798250620120e-04
4.470000000000000284e+01 1.085149749547903604e-04
4.480000000000000426e+01 1.018096858918860533e-04
4.490000000000000568e+01 9.510439682898175976e-05
4.500000000000000000e+01 8.902963503044163357e-05
4.510000000000000142e+01 8.295487323190106014e-05
4.520000000000000284e+01 7.747452575583464458e-05
4.530000000000000426e+01 7.199417827976824257e-05
4.540000000000000568e+01 6.707268006399887302e-05
4.550000000000000000e+01 6.215118184822986938e-05
4.560000000000000142e+01 5.775339644090733134e-05
4.570000000000000284e+01 5.335561103358476621e-05
4.580000000000000426e+01 4.944758077525802074e-05
4.590000000000000568e+01 4.553955051693125495e-05
4.600000000000000000e+01 4.208715590683252743e-05
4.610000000000000142e+01 3.863476129673354918e-05
4.620000000000000284e+01 3.560560000227153577e-05
4.630000000000000426e+01 3.257643870780952913e-05
4.640000000000000568e+01 2.993839385272462788e-05
4.650000000000000000e+01 2.730034899763990959e-05
4.660000000000000142e+01 2.502034151841630062e-05
4.670000000000000284e+01 2.274033403919268486e-05
4.680000000000000426e+01 2.078721611719702041e-05
4.690000000000000568e+01 1.883409819520135597e-05
4.700000000000000000e+01 1.717477624342454115e-05
4.710000000000000142e+01 1.551545429164760098e-05
4.720000000000000284e+01 1.411866986841660849e-05
4.730000000000000426e+01 1.272188544518561260e-05
4.740000000000000568e+01 1.155613948484235295e-05
4.750000000000000000e+01 1.039039352449917969e-05
4.760000000000000142e+01 9.443492122582662418e-06
4.770000000000000284e+01 8.496590720666145145e-06
4.780000000000000426e+01 7.737159462106720989e-06
4.790000000000000568e+01 6.977728203547298527e-06
4.800000000000000000e+01 6.378202479959090719e-06
4.810000000000000142e+01 5.778676756370842253e-06
4.820000000000000284e+01 5.311605977970453350e-06
4.830000000000000426e+01 4.844535199570066140e-06
4.840000000000000568e+01 4.482575282780881355e-06
4.850000000000000000e+01 4.120615365991721133e-06
4.860000000000000142e+01 3.836521716020576154e-06
4.870000000000000284e+01 3.552428066049430751e-06
4.880000000000000426e+01 3.319049021823577924e-06
4.890000000000000568e+01 3.085669977597725096e-06
4.900000000000000000e+01 2.875940688598233182e-06
4.910000000000000142e+01 2.666211399598726022e-06
4.920000000000000284e+01 2.453148106133696612e-06
4.930000000000000426e+01 2.240084812668667202e-06
4.940000000000000568e+01 1.996779503004848801e-06
4.950000000000000000e+01 1.753474193341047977e-06
4.960000000000000142e+01 1.453089612863334221e-06
4.970000000000000284e+01 1.152705032385620466e-06
4.980000000000000426e+01 7.684700215904045382e-07
4.990000000000000568e+01 3.842350107951886107e-07
5.000000000000000000e+01 0.000000000000000000e+00
