0.000000000000000000e+00 1.637955581466861759e+03
1.000000000000000056e-01 1.612885236604817919e+03
2.000000000000000111e-01 1.588008391751357522e+03
3.000000000000000444e-01 1.563325046906479429e+03
4.000000000000000222e-01 1.538835202070184778e+03
5.000000000000000000e-01 1.514538857242473341e+03
6.000000000000000888e-01 1.490436012423344891e+03
7.000000000000000666e-01 1.466526667612799429e+03
8.000000000000000444e-01 1.442810822810836498e+03
9.000000000000000222e-01 1.419288478017457464e+03
1.000000000000000000e+00 1.395959633232661417e+03
1.100000000000000089e+00 1.372824288456448357e+03
1.200000000000000178e+00 1.349882443688818284e+03
1.300000000000000044e+00 1.327134098929770971e+03
1.400000000000000133e+00 1.304579254179307100e+03
1.500000000000000000e+00 1.282217909437426215e+03
1.600000000000000089e+00 1.260050064704128545e+03
1.700000000000000178e+00 1.238075719979413634e+03
1.800000000000000044e+00 1.216294875263281710e+03
1.900000000000000133e+00 1.194707530555733229e+03
2.000000000000000000e+00 1.173313685856767734e+03
2.100000000000000089e+00 1.152113341166385453e+03
2.200000000000000178e+00 1.131106496484585932e+03
2.300000000000000266e+00 1.110293151811369171e+03
2.400000000000000355e+00 1.089673307146736306e+03
2.500000000000000000e+00 1.069246962490686201e+03
2.600000000000000089e+00 1.049014117843219083e+03
2.700000000000000178e+00 1.028974773204334952e+03
2.800000000000000266e+00 1.009128928574033807e+03
2.900000000000000355e+00 9.894765839523158775e+02
3.000000000000000000e+00 9.700177393391810483e+02
3.100000000000000089e+00 9.507523947346293198e+02
3.200000000000000178e+00 9.316805501386608057e+02
3.300000000000000266e+00 9.128022055512747102e+02
3.400000000000000355e+00 8.941173609724722837e+02
3.500000000000000000e+00 8.756260164022528443e+02
3.600000000000000089e+00 8.573281718406165055e+02
3.700000000000000178e+00 8.392238272875631537e+02
3.800000000000000266e+00 8.213129827430925616e+02
3.900000000000000355e+00 8.035956382072051838e+02
4.000000000000000000e+00 7.860717936799011341e+02
4.100000000000000533e+00 7.687414491611798439e+02
4.200000000000000178e+00 7.516046046510421093e+02
4.299999999999999822e+00 7.346612601494869068e+02
4.400000000000000355e+00 7.179114156565151461e+02
4.500000000000000000e+00 7.013550711721263724e+02
4.600000000000000533e+00 6.849922266963203583e+02
4.700000000000000178e+00 6.688228822290981270e+02
4.800000000000000711e+00 6.528470377704583143e+02
4.900000000000000355e+00 6.370646933204018296e+02
5.000000000000000000e+00 6.214758488789283319e+02
5.100000000000000533e+00 6.060805044460378213e+02
5.200000000000000178e+00 5.908786600217305249e+02
5.300000000000000711e+00 5.758703156060062156e+02
5.400000000000000355e+00 5.610554711988651206e+02
5.500000000000000000e+00 5.464341268003068990e+02
5.600000000000000533e+00 5.320062824103317780e+02
5.700000000000000178e+00 5.177719380289397577e+02
5.800000000000000711e+00 5.037310936561307813e+02
5.900000000000000355e+00 4.898837492919050192e+02
6.000000000000000000e+00 4.762299049362622441e+02
6.100000000000000533e+00 4.627695605892023991e+02
6.200000000000000178e+00 4.495027162507258254e+02
6.300000000000000711e+00 4.364293719208322386e+02
6.400000000000000355e+00 4.235495275995216957e+02
6.500000000000000000e+00 4.108631832867942535e+02
6.600000000000000533e+00 3.983703389826498551e+02
6.700000000000000178e+00 3.860709946870885005e+02
6.800000000000000711e+00 3.739651504001102467e+02
6.900000000000000355e+00 3.620528061217151503e+02
7.000000000000000000e+00 3.503339618519030978e+02
7.100000000000000533e+00 3.388086175906739754e+02
7.200000000000000178e+00 3.274767733380280674e+02
7.300000000000000711e+00 3.163384290939651464e+02
7.400000000000000355e+00 3.053935848584852693e+02
7.500000000000000000e+00 2.946422406315885496e+02
7.600000000000000533e+00 2.840843964132748170e+02
7.700000000000000178e+00 2.737200522035442418e+02
7.800000000000000711e+00 2.635492080023965968e+02
7.900000000000000355e+00 2.535718638098321662e+02
8.000000000000000000e+00 2.437880196258507794e+02
8.099999999999999645e+00 2.341976754504524934e+02
8.200000000000001066e+00 2.248008312836370237e+02
8.300000000000000711e+00 2.155974871254048821e+02
8.400000000000000355e+00 2.065876429757557844e+02
8.500000000000000000e+00 1.977712988346897021e+02
8.599999999999999645e+00 1.891484547022067204e+02
8.700000000000001066e+00 1.807191105783066973e+02
8.800000000000000711e+00 1.724832664629898318e+02
8.900000000000000355e+00 1.644409223562561237e+02
9.000000000000000000e+00 1.565920782581054027e+02
9.099999999999999645e+00 1.489367341685377255e+02
9.200000000000001066e+00 1.414748900875530637e+02
9.300000000000000711e+00 1.342065460151515310e+02
9.400000000000000355e+00 1.271317019513331275e+02
9.500000000000000000e+00 1.202503578960977677e+02
9.600000000000001421e+00 1.135625138494453381e+02
9.700000000000001066e+00 1.070681698113761371e+02
9.800000000000000711e+00 1.007673257818899657e+02
9.900000000000000355e+00 9.465998176098689498e+01
1.000000000000000000e+01 8.874613774866686811e+01
1.010000000000000142e+01 8.302579374492979980e+01
1.020000000000000107e+01 7.749894974977593165e+01
1.030000000000000071e+01 7.216560576320512155e+01
1.040000000000000036e+01 6.702576178521736949e+01
1.050000000000000000e+01 6.207941781581268259e+01
1.060000000000000142e+01 5.732657385499100400e+01
1.070000000000000107e+01 5.276722990275244740e+01
1.080000000000000071e+01 4.840138595909697727e+01
1.090000000000000036e+01 4.422904202402457230e+01
1.100000000000000000e+01 4.025019809753523958e+01
1.110000000000000142e+01 3.646485417962889386e+01
1.120000000000000107e+01 3.287301027030569855e+01
1.130000000000000071e+01 2.947466636956555774e+01
1.140000000000000036e+01 2.626982247740849630e+01
1.150000000000000000e+01 2.325847859383450000e+01
1.160000000000000142e+01 2.044063471884352268e+01
1.170000000000000107e+01 1.781629085243566024e+01
1.180000000000000071e+01 1.538544699461087006e+01
1.190000000000000036e+01 1.314810314536914504e+01
1.200000000000000000e+01 1.110425930471048517e+01
1.210000000000000142e+01 9.253915472634865580e+00
1.220000000000000107e+01 7.597071649142345784e+00
1.230000000000000071e+01 6.133727834232894693e+00
1.240000000000000036e+01 4.863884027906512308e+00
1.250000000000000000e+01 3.787540230163195965e+00
1.260000000000000142e+01 2.904696441002932783e+00
1.270000000000000107e+01 2.215352660425754738e+00
1.280000000000000071e+01 1.719508888431644067e+00
1.290000000000000036e+01 1.417165125020601213e+00
1.300000000000000000e+01 1.308321370192625954e+00
1.310000000000000142e+01 1.296227619656183938e+00
1.320000000000000107e+01 1.284133869119742144e+00
1.330000000000000071e+01 1.272040118583300350e+00
1.340000000000000036e+01 1.259946368046858778e+00
1.350000000000000000e+01 1.247852617510417206e+00
1.360000000000000142e+01 1.235758866973975412e+00
1.370000000000000107e+01 1.223665116437533618e+00
1.380000000000000071e+01 1.211571365901091824e+00
1.390000000000000036e+01 1.199477615364649807e+00
1.400000000000000000e+01 1.187383864828208013e+00
1.410000000000000142e+01 1.175290114291766219e+00
1.420000000000000107e+01 1.163196363755324425e+00
1.430000000000000071e+01 1.151102613218882631e+00
1.440000000000000036e+01 1.139008862682441059e+00
1.450000000000000000e+01 1.126915112145999043e+00
1.460000000000000142e+01 1.114821361609557249e+00
1.470000000000000107e+01 1.102727611073115455e+00
1.480000000000000071e+01 1.090633860536673660e+00
1.490000000000000036e+01 1.078540110000231644e+00
1.500000000000000000e+01 1.066446359463789850e+00
1.510000000000000142e+01 1.054352608927348056e+00
1.520000000000000107e+01 1.042258858390906262e+00
1.530000000000000071e+01 1.030165107854464690e+00
1.540000000000000036e+01 1.018071357318022896e+00
1.550000000000000000e+01 1.005977606781581102e+00
1.560000000000000142e+01 9.938838562451390857e-01
1.570000000000000107e+01 9.817901057086974026e-01
1.580000000000000071e+01 9.696963551722557195e-01
1.590000000000000036e+01 9.576026046358138144e-01
1.600000000000000000e+01 9.455088540993720203e-01
1.610000000000000142e+01 9.334151035629300042e-01
1.619999999999999929e+01 9.213213530264885431e-01
1.630000000000000071e+01 9.092276024900465270e-01
1.640000000000000213e+01 8.971338519536046219e-01
1.650000000000000000e+01 8.850401014171631608e-01
1.660000000000000142e+01 8.729463508807211447e-01
1.669999999999999929e+01 8.608526003442795727e-01
1.680000000000000071e+01 8.487588498078375565e-01
1.690000000000000213e+01 8.366650992713956514e-01
1.700000000000000000e+01 8.245713487349539683e-01
1.710000000000000142e+01 8.124775981985118412e-01
1.719999999999999929e+01 8.003838476620704911e-01
1.730000000000000071e+01 7.882900971256285860e-01
1.740000000000000213e+01 7.761963465891866809e-01
1.750000000000000000e+01 7.641025960527452199e-01
1.760000000000000142e+01 7.520088455163030927e-01
1.769999999999999929e+01 7.399150949798614096e-01
1.780000000000000071e+01 7.278213444434195045e-01
1.790000000000000213e+01 7.157275939069774884e-01
1.800000000000000000e+01 7.036382875154457706e-01
1.810000000000000142e+01 6.915489811239136086e-01
1.819999999999999929e+01 6.795590817875888368e-01
1.830000000000000071e+01 6.675691824512635097e-01
1.840000000000000213e+01 6.556282322281068442e-01
1.850000000000000000e+01 6.436872820049505117e-01
1.860000000000000142e+01 6.317513765300545314e-01
1.869999999999999929e+01 6.198154710551591062e-01
1.880000000000000071e+01 6.078467528695292721e-01
1.890000000000000213e+01 5.958780346838996600e-01
1.900000000000000000e+01 5.838442862712551751e-01
1.910000000000000142e+01 5.718105378586103571e-01
1.920000000000000284e+01 5.596848631933402096e-01
1.930000000000000071e+01 5.475591885280705062e-01
1.940000000000000213e+01 5.353196931987005414e-01
1.950000000000000000e+01 5.230801978693310206e-01
1.960000000000000142e+01 5.107097605031747367e-01
1.970000000000000284e+01 4.983393231370185639e-01
1.980000000000000071e+01 4.858253636074260640e-01
1.990000000000000213e+01 4.733114040778331755e-01
2.000000000000000000e+01 4.606456965049074981e-01
2.010000000000000142e+01 4.479799889319814321e-01
2.020000000000000284e+01 4.351605002563865288e-01
2.030000000000000071e+01 4.223410115807920140e-01
2.040000000000000213e+01 4.096180100337336594e-01
2.050000000000000000e+01 3.968950084866758043e-01
2.060000000000000142e+01 3.846532423915711707e-01
2.070000000000000284e+01 3.724114762964665371e-01
2.080000000000000071e+01 3.607629919789011597e-01
2.090000000000000213e+01 3.491145076613353937e-01
2.100000000000000000e+01 3.380210893762652935e-01
2.110000000000000142e+01 3.269276710911948602e-01
2.120000000000000284e+01 3.163578771960615654e-01
2.130000000000000071e+01 3.057880833009286037e-01
2.140000000000000213e+01 2.957169127813890630e-01
2.150000000000000000e+01 2.856457422618499664e-01
2.160000000000000142e+01 2.760543193917434079e-01
2.170000000000000284e+01 2.664628965216368495e-01
2.180000000000000071e+01 2.573381722921703751e-01
2.190000000000000213e+01 2.482134480627035955e-01
2.200000000000000000e+01 2.395479249665941890e-01
2.210000000000000142e+01 2.308824018704845049e-01
2.220000000000000284e+01 2.226738756263235419e-01
2.230000000000000071e+01 2.144653493821628842e-01
2.240000000000000213e+01 2.067166650728121668e-01
2.250000000000000000e+01 1.989679807634616715e-01
2.260000000000000142e+01 1.916868038786572748e-01
2.270000000000000284e+01 1.844056269938528780e-01
2.280000000000000071e+01 1.776042269243572891e-01
2.290000000000000213e+01 1.708028268548615336e-01
2.300000000000000000e+01 1.644912337181120288e-01
2.310000000000000142e+01 1.581796405813622186e-01
2.320000000000000284e+01 1.522314613221630031e-01
2.330000000000000071e+01 1.462832820629639818e-01
2.340000000000000213e+01 1.406758947444181895e-01
2.350000000000000000e+01 1.350685074258726193e-01
2.360000000000000142e+01 1.297808284199865048e-01
2.370000000000000284e+01 1.244931494141004041e-01
2.380000000000000071e+01 1.195055484677539637e-01
2.390000000000000213e+01 1.145179475214073567e-01
2.400000000000000000e+01 1.098121638909067832e-01
2.410000000000000142e+01 1.051063802604060432e-01
2.420000000000000284e+01 1.006654134416519186e-01
2.430000000000000071e+01 9.622444662289791895e-02
2.440000000000000213e+01 9.203250603728994894e-02
2.450000000000000000e+01 8.784056545168213159e-02
2.460000000000000142e+01 8.388297560406214604e-02
2.470000000000000284e+01 7.992538575644214660e-02
2.480000000000000071e+01 7.618852680637960839e-02
2.490000000000000213e+01 7.245166785631691753e-02
2.500000000000000000e+01 6.892289412668922699e-02
2.510000000000000142e+01 6.539412039706138380e-02
2.520000000000000284e+01 6.205866787523572903e-02
2.530000000000000071e+01 5.872321535341018528e-02
2.540000000000000213e+01 5.556932660785553896e-02
2.550000000000000000e+01 5.241543786230100366e-02
2.560000000000000142e+01 4.943210576582419274e-02
2.570000000000000284e+01 4.644877366934737489e-02
2.580000000000000071e+01 4.362570753859955353e-02
2.590000000000000213e+01 4.080264140785164889e-02
2.600000000000000000e+01 3.813021635600891829e-02
2.610000000000000142e+01 3.545779130416609054e-02
2.620000000000000284e+01 3.292700028341615653e-02
2.630000000000000071e+01 3.039620926266630926e-02
2.640000000000000213e+01 2.799861985037703158e-02
2.650000000000000000e+01 2.560103043808784409e-02
2.660000000000000142e+01 2.332875211212720110e-02
2.670000000000000284e+01 2.105647378616655463e-02
2.680000000000000071e+01 1.890212085952038337e-02
2.690000000000000213e+01 1.674776793287414273e-02
2.700000000000000000e+01 1.470442313340617445e-02
2.710000000000000142e+01 1.266107833393813505e-02
2.720000000000000284e+01 1.072226358912414801e-02
2.730000000000000071e+01 8.783448844310228626e-03
2.740000000000000213e+01 6.940976105831301798e-03
2.750000000000000000e+01 5.098503367352440023e-03
2.760000000000000142e+01 3.347719887695482094e-03
2.770000000000000284e+01 1.596936408038524382e-03
2.780000000000000071e+01 -6.656463641737356176e-05
2.790000000000000213e+01 -1.730065680873327369e-03
2.800000000000000000e+01 -3.310457398536569788e-03
2.810000000000000142e+01 -4.890849116199870103e-03
2.820000000000000284e+01 -6.403464587963127175e-03
2.830000000000000071e+01 -7.916080059726332205e-03
2.840000000000000213e+01 -9.365244759401088886e-03
2.850000000000000000e+01 -1.081440945907578832e-02
2.860000000000000142e+01 -1.220162533203942093e-02
2.870000000000000284e+01 -1.358884120500305354e-02
2.880000000000000071e+01 -1.491691142262246798e-02
2.890000000000000213e+01 -1.624498164024193100e-02
2.900000000000000000e+01 -1.751305625546142539e-02
2.910000000000000142e+01 -1.878113087068096487e-02
2.920000000000000284e+01 -1.998303546940053549e-02
2.930000000000000071e+01 -2.118494006812005753e-02
2.940000000000000213e+01 -2.230707474678762098e-02
2.950000000000000000e+01 -2.342920942545513932e-02
2.960000000000000142e+01 -2.446855945963401918e-02
2.970000000000000284e+01 -2.550790949381289210e-02
2.980000000000000071e+01 -2.645684886535540695e-02
2.990000000000000213e+01 -2.740578823689795301e-02
3.000000000000000000e+01 -2.829125993718360418e-02
3.010000000000000142e+01 -2.917673163746928658e-02
3.020000000000000284e+01 -3.000652433246868422e-02
3.030000000000000071e+01 -3.083631702746806452e-02
3.040000000000000213e+01 -3.161101303325140194e-02
3.050000000000000000e+01 -3.238570903903471854e-02
3.060000000000000142e+01 -3.303291167181799520e-02
3.070000000000000284e+01 -3.368011430460127881e-02
3.080000000000000071e+01 -3.414813823831292644e-02
3.090000000000000213e+01 -3.461616217202458795e-02
3.100000000000000000e+01 -3.487987520318881762e-02
3.110000000000000142e+01 -3.514358823435305423e-02
3.120000000000000284e+01 -3.517578836910427442e-02
3.130000000000000071e+01 -3.520798850385550155e-02
3.140000000000000213e+01 -3.499439350416539557e-02
3.150000000000000000e+01 -3.478079850447528959e-02
3.160000000000000142e+01 -3.431839010177866606e-02
3.170000000000000284e+01 -3.385598169908203559e-02
3.180000000000000071e+01 -3.315161165173673152e-02
3.190000000000000213e+01 -3.244724160439139277e-02
3.200000000000000000e+01 -3.151647531479743330e-02
3.210000000000000142e+01 -3.058570902520342874e-02
3.220000000000000284e+01 -2.945183581433039738e-02
3.230000000000000426e+01 -2.831796260345734867e-02
3.239999999999999858e+01 -2.700800086794378010e-02
3.250000000000000000e+01 -2.569803913243011786e-02
3.260000000000000142e+01 -2.424766391502822943e-02
3.270000000000000284e+01 -2.279728869762634447e-02
3.280000000000000426e+01 -2.124739804092475731e-02
3.289999999999999858e+01 -1.969750738422327424e-02
3.300000000000000000e+01 -1.809309343071414944e-02
3.310000000000000142e+01 -1.648867947720502464e-02
3.320000000000000284e+01 -1.486132433425656728e-02
3.330000000000000426e+01 -1.323396919130810818e-02
3.339999999999999858e+01 -1.162075062712210859e-02
3.350000000000000000e+01 -1.000753206293599450e-02
3.360000000000000142e+01 -8.445485794223876741e-03
3.370000000000000284e+01 -6.883439525511760720e-03
3.380000000000000426e+01 -5.403813805825615803e-03
3.389999999999999858e+01 -3.924188086139576703e-03
3.400000000000000000e+01 -2.555863398013909389e-03
3.410000000000000142e+01 -1.187538709888250532e-03
3.420000000000000284e+01 3.983392032217755984e-05
3.430000000000000426e+01 1.267206550532593576e-03
3.439999999999999858e+01 2.316834114668010584e-03
3.450000000000000000e+01 3.366461678803501535e-03
3.460000000000000142e+01 4.213345865108095688e-03
3.470000000000000284e+01 5.060230051412687238e-03
3.480000000000000426e+01 5.678669208403963262e-03
3.489999999999999858e+01 6.297108365395195050e-03
3.500000000000000000e+01 6.715426156818447151e-03
3.510000000000000142e+01 7.133743948241684507e-03
3.520000000000000284e+01 7.395831383404233988e-03
3.530000000000000426e+01 7.657918818566777398e-03
3.539999999999999858e+01 7.835502011233008712e-03
3.550000000000000000e+01 8.013085203899251302e-03
3.560000000000000142e+01 8.112314246782204724e-03
3.570000000000000284e+01 8.211543289665159881e-03
3.580000000000000426e+01 8.238920438461090623e-03
3.589999999999999858e+01 8.266297587257021365e-03
3.600000000000000000e+01 8.243095978591224310e-03
3.610000000000000142e+01 8.219894369925423785e-03
3.620000000000000284e+01 8.155312156811337851e-03
3.630000000000000426e+01 8.090729943697250182e-03
3.639999999999999858e+01 7.993148776285704388e-03
3.650000000000000000e+01 7.895567608874149920e-03
3.660000000000000142e+01 7.772453478574308135e-03
3.670000000000000284e+01 7.649339348274466349e-03
3.680000000000000426e+01 7.507145972672586362e-03
3.689999999999999858e+01 7.364952597070714181e-03
3.700000000000000000e+01 7.209095787442248993e-03
3.710000000000000142e+01 7.053238977813782937e-03
3.720000000000000284e+01 6.888103858165928531e-03
3.730000000000000426e+01 6.722968738518072390e-03
3.739999999999999858e+01 6.552041926273613134e-03
3.750000000000000000e+01 6.381115114029140001e-03
3.760000000000000142e+01 6.207741362476921869e-03
3.770000000000000284e+01 6.034367610924703737e-03
3.780000000000000426e+01 5.861673522863735351e-03
3.789999999999999858e+01 5.688979434802780843e-03
3.800000000000000000e+01 5.519504315791020667e-03
3.810000000000000142e+01 5.350029196779260490e-03
3.820000000000000284e+01 5.185746055513925680e-03
3.830000000000000426e+01 5.021462914248593472e-03
3.840000000000000568e+01 4.863785033846122763e-03
3.850000000000000000e+01 4.706107153443665064e-03
3.860000000000000142e+01 4.555905924752585122e-03
3.870000000000000284e+01 4.405704696061505179e-03
3.880000000000000426e+01 4.263366529780412452e-03
3.890000000000000568e+01 4.121028363499320592e-03
3.900000000000000000e+01 3.986578845490132070e-03
3.910000000000000142e+01 3.852129327480932706e-03
3.920000000000000284e+01 3.725385099195913964e-03
3.930000000000000426e+01 3.598640870910894789e-03
3.940000000000000568e+01 3.479167886055210997e-03
3.950000000000000000e+01 3.359694901199535445e-03
3.960000000000000142e+01 3.246983943332112672e-03
3.970000000000000284e+01 3.134272985464689031e-03
3.980000000000000426e+01 3.027853247538709637e-03
3.990000000000000568e+01 2.921433509612730677e-03
4.000000000000000000e+01 2.820950867653389260e-03
4.010000000000000142e+01 2.720468225694040471e-03
4.020000000000000284e+01 2.625537193153430586e-03
4.030000000000000426e+01 2.530606160612820701e-03
4.040000000000000568e+01 2.440814554755689220e-03
4.050000000000000000e+01 2.351022948898565113e-03
4.060000000000000142e+01 2.266036231728463159e-03
4.070000000000000284e+01 2.181049514558362074e-03
4.080000000000000426e+01 2.100667742972943224e-03
4.090000000000000568e+01 2.020285971387524807e-03
4.100000000000000000e+01 1.944333607340915536e-03
4.110000000000000142e+01 1.868381243294300626e-03
4.120000000000000284e+01 1.796689834765795302e-03
4.130000000000000426e+01 1.724998426237289760e-03
4.140000000000000568e+01 1.657405431929532538e-03
4.150000000000000000e+01 1.589812437621780520e-03
4.160000000000000142e+01 1.526160460605431981e-03
4.170000000000000284e+01 1.462508483589083442e-03
4.180000000000000426e+01 1.402643116623703825e-03
4.190000000000000568e+01 1.342777749658323992e-03
4.200000000000000000e+01 1.286551083039485588e-03
4.210000000000000142e+01 1.230324416420643281e-03
4.220000000000000284e+01 1.177591015929689176e-03
4.230000000000000426e+01 1.124857615438735071e-03
4.240000000000000568e+01 1.075475974212536379e-03
4.250000000000000000e+01 1.026094332986341156e-03
4.260000000000000142e+01 9.799276481092127934e-04
4.270000000000000284e+01 9.337609632320843225e-04
4.280000000000000426e+01 8.906730113393657817e-04
4.290000000000000568e+01 8.475850594466472409e-04
4.300000000000000000e+01 8.074473336296359447e-04
4.310000000000000142e+01 7.673096078126220463e-04
4.320000000000000284e+01 7.299903831812570376e-04
4.330000000000000426e+01 6.926711585498919205e-04
4.340000000000000568e+01 6.580498934003756661e-04
4.350000000000000000e+01 6.234286282508620138e-04
4.360000000000000142e+01 5.913785447148307926e-04
4.370000000000000284e+01 5.593284611787997882e-04
4.380000000000000426e+01 5.297351958028729754e-04
4.390000000000000568e+01 5.001419304269463795e-04
4.400000000000000000e+01 4.728847902007278980e-04
4.410000000000000142e+01 4.456276499745073566e-04
4.420000000000000284e+01 4.205957125629898488e-04
4.430000000000000426e+01 3.955637751514723952e-04
4.440000000000000568e+01 3.726426046819878183e-04
4.450000000000000000e+01 3.497214342125048135e-04
4.460000000000000142e+01 3.288024236751437425e-04
4.470000000000000284e+01 3.078834131377826172e-04
4.480000000000000426e+01 2.888588749703775824e-04
4.490000000000000568e+01 2.698343368029723849e-04
4.500000000000000000e+01 2.525987580516270950e-04
4.510000000000000142e+01 2.353631793002806125e-04
4.520000000000000284e+01 2.198140987534221401e-04
4.530000000000000426e+01 2.042650182065637490e-04
4.540000000000000568e+01 1.903015291208052010e-04
4.550000000000000000e+01 1.763380400350476559e-04
4.560000000000000142e+01 1.638604517388875552e-04
4.570000000000000284e+01 1.513828634427274273e-04
4.580000000000000426e+01 1.402948297857998139e-04
4.590000000000000568e+01 1.292067961288722005e-04
4.600000000000000000e+01 1.194115117775785396e-04
4.610000000000000142e+01 1.096162274262841603e-04
4.620000000000000284e+01 1.010217590713646639e-04
4.630000000000000426e+01 9.242729071644518101e-05
4.640000000000000568e+01 8.494251495777692851e-05
4.650000000000000000e+01 7.745773919910920455e-05
4.660000000000000142e+01 7.098880267697946775e-05
4.670000000000000284e+01 6.451986615484971740e-05
4.680000000000000426e+01 5.897839492163857374e-05
4.690000000000000568e+01 5.343692368842743008e-05
4.700000000000000000e+01 4.872902317773444467e-05
4.710000000000000142e+01 4.402112266704112046e-05
4.720000000000000284e+01 4.005810506674019474e-05
4.730000000000000426e+01 3.609508746643928258e-05
4.740000000000000568e+01 3.278758225555390769e-05
4.750000000000000000e+01 2.948007704466877675e-05
4.760000000000000142e+01 2.679348714637623251e-05
4.770000000000000284e+01 2.410689724808368149e-05
4.780000000000000426e+01 2.195220580548591682e-05
4.790000000000000568e+01 1.979751436288815214e-05
4.800000000000000000e+01 1.809651386854037504e-05
4.810000000000000142e+01 1.639551337419246579e-05
4.820000000000000284e+01 1.507031981919469682e-05
4.830000000000000426e+01 1.374512626419693124e-05
4.840000000000000568e+01 1.271815782369781163e-05
4.850000000000000000e+01 1.169118938319876147e-05
4.860000000000000142e+01 1.088514650625640969e-05
4.870000000000000284e+01 1.007910362931405453e-05
4.880000000000000426e+01 9.416950440585725410e-06
4.890000000000000568e+01 8.754797251857397982e-06
4.900000000000000000e+01 8.159744178684537243e-06
4.910000000000000142e+01 7.564691105511633306e-06
4.920000000000000284e+01 6.960178649661921336e-06
4.930000000000000426e+01 6.355666193812209366e-06
4.940000000000000568e+01 5.665349772460682073e-06
4.950000000000000000e+01 4.975033351109203908e-06
4.960000000000000142e+01 4.122769136608209891e-06
4.970000000000000284e+01 3.270504922107215449e-06
4.980000000000000426e+01 2.180336614738117798e-06
4.990000000000000568e+01 1.090168307369020359e-06
5.000000000000000000e+01 0.000000000000000000e+00
