0.000000 1.165015
0.500000 1.164993
1.000000 1.164926
1.500000 1.164815
2.000000 1.164660
2.500000 1.164460
3.000000 1.164217
3.500000 1.163928
4.000000 1.163596
4.500000 1.163219
5.000000 1.162798
5.500000 1.162333
6.000000 1.161824
6.500000 1.161270
7.000000 1.160673
7.500000 1.160031
8.000000 1.159346
8.500000 1.158616
9.000000 1.157843
9.500000 1.157026
10.000000 1.156165
10.500000 1.155261
11.000000 1.154313
11.500000 1.153321
12.000000 1.152286
12.500000 1.151207
13.000000 1.150085
13.500000 1.148920
14.000000 1.147712
14.500000 1.146461
15.000000 1.145166
15.500000 1.143829
16.000000 1.142449
16.500000 1.141027
17.000000 1.139562
17.500000 1.138055
18.000000 1.136505
18.500000 1.134913
19.000000 1.133279
19.500000 1.131603
20.000000 1.129885
20.500000 1.128126
21.000000 1.126325
21.500000 1.124483
22.000000 1.122599
22.500000 1.120674
23.000000 1.118708
23.500000 1.116702
24.000000 1.114654
24.500000 1.112567
25.000000 1.110438
25.500000 1.108270
26.000000 1.106062
26.500000 1.103813
27.000000 1.101525
27.500000 1.099198
28.000000 1.096831
28.500000 1.094425
29.000000 1.091980
29.500000 1.089496
30.000000 1.086974
30.500000 1.084413
31.000000 1.081814
31.500000 1.079177
32.000000 1.076502
32.500000 1.073789
33.000000 1.071039
33.500000 1.068252
34.000000 1.065428
34.500000 1.062567
35.000000 1.059670
35.500000 1.056736
36.000000 1.053766
36.500000 1.050760
37.000000 1.047719
37.500000 1.044642
38.000000 1.041530
38.500000 1.038382
39.000000 1.035201
39.500000 1.031984
40.000000 1.028734
40.500000 1.025450
41.000000 1.022131
41.500000 1.018780
42.000000 1.015395
42.500000 1.011977
43.000000 1.008526
43.500000 1.005043
44.000000 1.001528
44.500000 0.997981
45.000000 0.994402
45.500000 0.990792
46.000000 0.987151
46.500000 0.983479
47.000000 0.979777
47.500000 0.976044
48.000000 0.972281
48.500000 0.968489
49.000000 0.964667
49.500000 0.960816
50.000000 0.956936
50.500000 0.953028
51.000000 0.949091
51.500000 0.945127
52.000000 0.941135
52.500000 0.937115
53.000000 0.933069
53.500000 0.928996
54.000000 0.924897
54.500000 0.920771
55.000000 0.916620
55.500000 0.912443
56.000000 0.908241
56.500000 0.904015
57.000000 0.899764
57.500000 0.895488
58.000000 0.891189
58.500000 0.886867
59.000000 0.882521
59.500000 0.878152
60.000000 0.873761
60.500000 0.869348
61.000000 0.864913
61.500000 0.860456
62.000000 0.855978
62.500000 0.851479
63.000000 0.846960
63.500000 0.842421
64.000000 0.837862
64.500000 0.833283
65.000000 0.828686
65.500000 0.824069
66.000000 0.819435
66.500000 0.814782
67.000000 0.810111
67.500000 0.805423
68.000000 0.800719
68.500000 0.795997
69.000000 0.791259
69.500000 0.786506
70.000000 0.781737
70.500000 0.776952
71.000000 0.772153
71.500000 0.767340
72.000000 0.762512
72.500000 0.757671
73.000000 0.752816
73.500000 0.747948
74.000000 0.743068
74.500000 0.738176
75.000000 0.733271
75.500000 0.728356
76.000000 0.723429
76.500000 0.718491
77.000000 0.713543
77.500000 0.708585
78.000000 0.703618
78.500000 0.698641
79.000000 0.693655
79.500000 0.688661
80.000000 0.683659
80.500000 0.678649
81.000000 0.673632
81.500000 0.668607
82.000000 0.663577
82.500000 0.658540
83.000000 0.653497
83.500000 0.648449
84.000000 0.643396
84.500000 0.638338
85.000000 0.633276
85.500000 0.628210
86.000000 0.623141
86.500000 0.618069
87.000000 0.612994
87.500000 0.607916
88.000000 0.602837
88.500000 0.597756
89.000000 0.592674
89.500000 0.587591
90.000000 0.582507
90.500000 0.577424
91.000000 0.572341
91.500000 0.567259
92.000000 0.562178
92.500000 0.557099
93.000000 0.552021
93.500000 0.546946
94.000000 0.541874
94.500000 0.536804
95.000000 0.531739
95.500000 0.526677
96.000000 0.521619
96.500000 0.516566
97.000000 0.511518
97.500000 0.506475
98.000000 0.501438
98.500000 0.496407
99.000000 0.491383
99.500000 0.486366
100.000000 0.481356
100.500000 0.476354
101.000000 0.471360
101.500000 0.466374
102.000000 0.461397
102.500000 0.456430
103.000000 0.451472
103.500000 0.446524
104.000000 0.441586
104.500000 0.436659
105.000000 0.431743
105.500000 0.426839
106.000000 0.421947
106.500000 0.417066
107.000000 0.412199
107.500000 0.407344
108.000000 0.402503
108.500000 0.397675
109.000000 0.392862
109.500000 0.388062
110.000000 0.383278
110.500000 0.378509
111.000000 0.373755
111.500000 0.369018
112.000000 0.364296
112.500000 0.359591
113.000000 0.354904
113.500000 0.350233
114.000000 0.345580
114.500000 0.340946
115.000000 0.336329
115.500000 0.331732
116.000000 0.327153
116.500000 0.322594
117.000000 0.318055
117.500000 0.313535
118.000000 0.309037
118.500000 0.304559
119.000000 0.300102
119.500000 0.295667
120.000000 0.291254
120.500000 0.286863
121.000000 0.282494
121.500000 0.278148
122.000000 0.273826
122.500000 0.269526
123.000000 0.265251
123.500000 0.261000
124.000000 0.256773
124.500000 0.252572
125.000000 0.248395
125.500000 0.244244
126.000000 0.240118
126.500000 0.236019
127.000000 0.231946
127.500000 0.227899
128.000000 0.223880
128.500000 0.219888
129.000000 0.215924
129.500000 0.211987
130.000000 0.208079
130.500000 0.204199
131.000000 0.200348
131.500000 0.196526
132.000000 0.192734
132.500000 0.188971
133.000000 0.185238
133.500000 0.181536
134.000000 0.177864
134.500000 0.174223
135.000000 0.170612
135.500000 0.167034
136.000000 0.163487
136.500000 0.159971
137.000000 0.156488
137.500000 0.153038
138.000000 0.149620
138.500000 0.146235
139.000000 0.142883
139.500000 0.139565
140.000000 0.136281
140.500000 0.133030
141.000000 0.129814
141.500000 0.126632
142.000000 0.123485
142.500000 0.120373
143.000000 0.117296
143.500000 0.114255
144.000000 0.111249
144.500000 0.108279
145.000000 0.105345
145.500000 0.102448
146.000000 0.099587
146.500000 0.096763
147.000000 0.093976
147.500000 0.091226
148.000000 0.088513
148.500000 0.085838
149.000000 0.083201
149.500000 0.080602
150.000000 0.078041
150.500000 0.075519
151.000000 0.073035
151.500000 0.070590
152.000000 0.068184
152.500000 0.065817
153.000000 0.063490
153.500000 0.061202
154.000000 0.058953
154.500000 0.056745
155.000000 0.054576
155.500000 0.052448
156.000000 0.050360
156.500000 0.048313
157.000000 0.046307
157.500000 0.044341
158.000000 0.042416
158.500000 0.040532
159.000000 0.038690
159.500000 0.036889
160.000000 0.035129
160.500000 0.033412
161.000000 0.031736
161.500000 0.030102
162.000000 0.028510
162.500000 0.026960
163.000000 0.025453
163.500000 0.023988
164.000000 0.022565
164.500000 0.021186
165.000000 0.019848
165.500000 0.018554
166.000000 0.017303
166.500000 0.016095
167.000000 0.014930
167.500000 0.013808
168.000000 0.012729
168.500000 0.011694
169.000000 0.010702
169.500000 0.009754
170.000000 0.008850
170.500000 0.007989
171.000000 0.007172
171.500000 0.006398
172.000000 0.005669
172.500000 0.004983
173.000000 0.004342
173.500000 0.003744
174.000000 0.003191
174.500000 0.002682
175.000000 0.002217
175.500000 0.001796
176.000000 0.001419
176.500000 0.001086
177.000000 0.000798
177.500000 0.000554
178.000000 0.000355
178.500000 0.000200
179.000000 0.000089
179.500000 0.000022
180.000000 0.000000
180.500000 0.000022
181.000000 0.000089
