-180.000000 0.000000
-179.900000 0.000008
-179.800000 0.000032
-179.700000 0.000073
-179.600000 0.000129
-179.500000 0.000202
-179.400000 0.000291
-179.300000 0.000396
-179.200000 0.000517
-179.100000 0.000654
-179.000000 0.000807
-178.900000 0.000977
-178.800000 0.001162
-178.700000 0.001364
-178.600000 0.001582
-178.500000 0.001816
-178.400000 0.002066
-178.300000 0.002333
-178.200000 0.002615
-178.100000 0.002914
-178.000000 0.003229
-177.900000 0.003560
-177.800000 0.003907
-177.700000 0.004270
-177.600000 0.004649
-177.500000 0.005045
-177.400000 0.005456
-177.300000 0.005884
-177.200000 0.006328
-177.100000 0.006788
-177.000000 0.007265
-176.900000 0.007757
-176.800000 0.008265
-176.700000 0.008790
-176.600000 0.009331
-176.500000 0.009888
-176.400000 0.010461
-176.300000 0.011050
-176.200000 0.011656
-176.100000 0.012277
-176.000000 0.012915
-175.900000 0.013569
-175.800000 0.014239
-175.700000 0.014925
-175.600000 0.015627
-175.500000 0.016345
-175.400000 0.017080
-175.300000 0.017830
-175.200000 0.018597
-175.100000 0.019380
-175.000000 0.020179
-174.900000 0.020995
-174.800000 0.021826
-174.700000 0.022673
-174.600000 0.023537
-174.500000 0.024417
-174.400000 0.025313
-174.300000 0.026225
-174.200000 0.027153
-174.100000 0.028098
-174.000000 0.029058
-173.900000 0.030035
-173.800000 0.031028
-173.700000 0.032037
-173.600000 0.033062
-173.500000 0.034103
-173.400000 0.035160
-173.300000 0.036234
-173.200000 0.037324
-173.100000 0.038429
-173.000000 0.039551
-172.900000 0.040690
-172.800000 0.041844
-172.700000 0.043014
-172.600000 0.044201
-172.500000 0.045403
-172.400000 0.046622
-172.300000 0.047857
-172.200000 0.049108
-172.100000 0.050376
-172.000000 0.051659
-171.900000 0.052959
-171.800000 0.054274
-171.700000 0.055606
-171.600000 0.056954
-171.500000 0.058318
-171.400000 0.059698
-171.300000 0.061095
-171.200000 0.062507
-171.100000 0.063936
-171.000000 0.065381
-170.900000 0.066842
-170.800000 0.068319
-170.700000 0.069812
-170.600000 0.071322
-170.500000 0.072847
-170.400000 0.074389
-170.300000 0.075947
-170.200000 0.077521
-170.100000 0.079111
-170.000000 0.080717
-169.900000 0.082340
-169.800000 0.083978
-169.700000 0.085633
-169.600000 0.087304
-169.500000 0.088991
-169.400000 0.090694
-169.300000 0.092413
-169.200000 0.094148
-169.100000 0.095900
-169.000000 0.097668
-168.900000 0.099452
-168.800000 0.101252
-168.700000 0.103068
-168.600000 0.104900
-168.500000 0.106748
-168.400000 0.108613
-168.300000 0.110494
-168.200000 0.112391
-168.100000 0.114304
-168.000000 0.116233
-167.900000 0.118178
-167.800000 0.120139
-167.700000 0.122117
-167.600000 0.124111
-167.500000 0.126121
-167.400000 0.128147
-167.300000 0.130189
-167.200000 0.132247
-167.100000 0.134321
-167.000000 0.136412
-166.900000 0.138519
-166.800000 0.140642
-166.700000 0.142781
-166.600000 0.144936
-166.500000 0.147107
-166.400000 0.149294
-166.300000 0.151498
-166.200000 0.153718
-166.100000 0.155954
-166.000000 0.158206
-165.900000 0.160474
-165.800000 0.162758
-165.700000 0.165058
-165.600000 0.167375
-165.500000 0.169708
-165.400000 0.172057
-165.300000 0.174422
-165.200000 0.176803
-165.100000 0.179200
-165.000000 0.181614
-164.900000 0.184043
-164.800000 0.186489
-164.700000 0.188951
-164.600000 0.191429
-164.500000 0.193923
-164.400000 0.196433
-164.300000 0.198960
-164.200000 0.201502
-164.100000 0.204061
-164.000000 0.206636
-163.900000 0.209227
-163.800000 0.211834
-163.700000 0.214457
-163.600000 0.217097
-163.500000 0.219752
-163.400000 0.222424
-163.300000 0.225112
-163.200000 0.227816
-163.100000 0.230536
-163.000000 0.233273
-162.900000 0.236025
-162.800000 0.238794
-162.700000 0.241578
-162.600000 0.244379
-162.500000 0.247196
-162.400000 0.250029
-162.300000 0.252879
-162.200000 0.255744
-162.100000 0.258626
-162.000000 0.261524
-161.900000 0.264437
-161.800000 0.267367
-161.700000 0.270314
-161.600000 0.273276
-161.500000 0.276254
-161.400000 0.279249
-161.300000 0.282260
-161.200000 0.285287
-161.100000 0.288330
-161.000000 0.291389
-160.900000 0.294464
-160.800000 0.297556
-160.700000 0.300663
-160.600000 0.303787
-160.500000 0.306927
-160.400000 0.310083
-160.300000 0.313255
-160.200000 0.316443
-160.100000 0.319648
-160.000000 0.322869
-159.900000 0.326105
-159.800000 0.329358
-159.700000 0.332627
-159.600000 0.335912
-159.500000 0.339214
-159.400000 0.342531
-159.300000 0.345865
-159.200000 0.349215
-159.100000 0.352581
-159.000000 0.355963
-158.900000 0.359361
-158.800000 0.362775
-158.700000 0.366206
-158.600000 0.369652
-158.500000 0.373115
-158.400000 0.376594
-158.300000 0.380089
-158.200000 0.383600
-158.100000 0.387127
-158.000000 0.390671
-157.900000 0.394231
-157.800000 0.397806
-157.700000 0.401398
-157.600000 0.405006
-157.500000 0.408631
-157.400000 0.412271
-157.300000 0.415927
-157.200000 0.419600
-157.100000 0.423289
-157.000000 0.426994
-156.900000 0.430715
-156.800000 0.434452
-156.700000 0.438205
-156.600000 0.441975
-156.500000 0.445760
-156.400000 0.449562
-156.300000 0.453380
-156.200000 0.457214
-156.100000 0.461064
-156.000000 0.464931
-155.900000 0.468813
-155.800000 0.472712
-155.700000 0.476627
-155.600000 0.480558
-155.500000 0.484505
-155.400000 0.488468
-155.300000 0.492447
-155.200000 0.496443
-155.100000 0.500454
-155.000000 0.504482
-154.900000 0.508526
-154.800000 0.512586
-154.700000 0.516662
-154.600000 0.520755
-154.500000 0.524863
-154.400000 0.528988
-154.300000 0.533129
-154.200000 0.537286
-154.100000 0.541459
-154.000000 0.545648
-153.900000 0.549853
-153.800000 0.554075
-153.700000 0.558312
-153.600000 0.562566
-153.500000 0.566836
-153.400000 0.571122
-153.300000 0.575424
-153.200000 0.579743
-153.100000 0.584077
-153.000000 0.588428
-152.900000 0.592795
-152.800000 0.597178
-152.700000 0.601577
-152.600000 0.605992
-152.500000 0.610423
-152.400000 0.614871
-152.300000 0.619335
-152.200000 0.623814
-152.100000 0.628310
-152.000000 0.632822
-151.900000 0.637351
-151.800000 0.641895
-151.700000 0.646455
-151.600000 0.651032
-151.500000 0.655625
-151.400000 0.660234
-151.300000 0.664859
-151.200000 0.669500
-151.100000 0.674158
-151.000000 0.678831
-150.900000 0.683521
-150.800000 0.688227
-150.700000 0.692949
-150.600000 0.697687
-150.500000 0.702441
-150.400000 0.707211
-150.300000 0.711998
-150.200000 0.716800
-150.100000 0.721619
-150.000000 0.726454
-149.900000 0.731305
-149.800000 0.736173
-149.700000 0.741056
-149.600000 0.745955
-149.500000 0.750871
-149.400000 0.755803
-149.300000 0.760751
-149.200000 0.765715
-149.100000 0.770695
-149.000000 0.775692
-148.900000 0.780704
-148.800000 0.785733
-148.700000 0.790778
-148.600000 0.795839
-148.500000 0.800916
-148.400000 0.806009
-148.300000 0.811118
-148.200000 0.816244
-148.100000 0.821386
-148.000000 0.826543
-147.900000 0.831717
-147.800000 0.836908
-147.700000 0.842114
-147.600000 0.847336
-147.500000 0.852575
-147.400000 0.857829
-147.300000 0.863100
-147.200000 0.868387
-147.100000 0.873690
-147.000000 0.879010
-146.900000 0.884345
-146.800000 0.889697
-146.700000 0.895064
-146.600000 0.900448
-146.500000 0.905848
-146.400000 0.911264
-146.300000 0.916696
-146.200000 0.922145
-146.100000 0.927609
-146.000000 0.933090
-145.900000 0.938587
-145.800000 0.944100
-145.700000 0.949629
-145.600000 0.955174
-145.500000 0.960736
-145.400000 0.966313
-145.300000 0.971907
-145.200000 0.977517
-145.100000 0.983143
-145.000000 0.988785
-144.900000 0.994443
-144.800000 1.000118
-144.700000 1.005808
-144.600000 1.011515
-144.500000 1.017238
-144.400000 1.022977
-144.300000 1.028732
-144.200000 1.034503
-144.100000 1.040291
-144.000000 1.046094
-143.900000 1.051914
-143.800000 1.057750
-143.700000 1.063602
-143.600000 1.069470
-143.500000 1.075354
-143.400000 1.081254
-143.300000 1.087171
-143.200000 1.093104
-143.100000 1.099053
-143.000000 1.105018
-142.900000 1.110999
-142.800000 1.116996
-142.700000 1.123009
-142.600000 1.129039
-142.500000 1.135085
-142.400000 1.141147
-142.300000 1.147225
-142.200000 1.153319
-142.100000 1.159429
-142.000000 1.165555
-141.900000 1.171698
-141.800000 1.177857
-141.700000 1.184032
-141.600000 1.190223
-141.500000 1.196430
-141.400000 1.202653
-141.300000 1.208892
-141.200000 1.215148
-141.100000 1.221420
-141.000000 1.227708
-140.900000 1.234012
-140.800000 1.240332
-140.700000 1.246668
-140.600000 1.253021
-140.500000 1.259389
-140.400000 1.265774
-140.300000 1.272175
-140.200000 1.278592
-140.100000 1.285025
-140.000000 1.291474
-139.900000 1.297940
-139.800000 1.304421
-139.700000 1.310919
-139.600000 1.317433
-139.500000 1.323963
-139.400000 1.330509
-139.300000 1.337071
-139.200000 1.343650
-139.100000 1.350244
-139.000000 1.356855
-138.900000 1.363482
-138.800000 1.370125
-138.700000 1.376784
-138.600000 1.383459
-138.500000 1.390151
-138.400000 1.396858
-138.300000 1.403582
-138.200000 1.410322
-138.100000 1.417078
-138.000000 1.423850
-137.900000 1.430639
-137.800000 1.437443
-137.700000 1.444264
-137.600000 1.451100
-137.500000 1.457953
-137.400000 1.464822
-137.300000 1.471707
-137.200000 1.478609
-137.100000 1.485526
-137.000000 1.492460
-136.900000 1.499410
-136.800000 1.506376
-136.700000 1.513358
-136.600000 1.520356
-136.500000 1.527370
-136.400000 1.534400
-136.300000 1.541447
-136.200000 1.548510
-136.100000 1.555589
-136.000000 1.562684
-135.900000 1.569795
-135.800000 1.576922
-135.700000 1.584066
-135.600000 1.591225
-135.500000 1.598401
-135.400000 1.605593
-135.300000 1.612801
-135.200000 1.620025
-135.100000 1.627266
-135.000000 1.634522
-134.900000 1.641795
-134.800000 1.649083
-134.700000 1.656388
-134.600000 1.663709
-134.500000 1.671047
-134.400000 1.678400
-134.300000 1.685769
-134.200000 1.693155
-134.100000 1.700557
-134.000000 1.707975
-133.900000 1.715409
-133.800000 1.722859
-133.700000 1.730325
-133.600000 1.737808
-133.500000 1.745306
-133.400000 1.752821
-133.300000 1.760352
-133.200000 1.767899
-133.100000 1.775462
-133.000000 1.783042
-132.900000 1.790637
-132.800000 1.798249
-132.700000 1.805876
-132.600000 1.813520
-132.500000 1.821180
-132.400000 1.828857
-132.300000 1.836549
-132.200000 1.844257
-132.100000 1.851982
-132.000000 1.859723
-131.900000 1.867480
-131.800000 1.875253
-131.700000 1.883042
-131.600000 1.890847
-131.500000 1.898669
-131.400000 1.906506
-131.300000 1.914360
-131.200000 1.922230
-131.100000 1.930116
-131.000000 1.938018
-130.900000 1.945937
-130.800000 1.953871
-130.700000 1.961822
-130.600000 1.969789
-130.500000 1.977772
-130.400000 1.985771
-130.300000 1.993786
-130.200000 2.001817
-130.100000 2.009865
-130.000000 2.017928
-129.900000 2.026008
-129.800000 2.034104
-129.700000 2.042216
-129.600000 2.050344
-129.500000 2.058489
-129.400000 2.066649
-129.300000 2.074826
-129.200000 2.083019
-129.100000 2.091228
-129.000000 2.099453
-128.900000 2.107694
-128.800000 2.115951
-128.700000 2.124225
-128.600000 2.132514
-128.500000 2.140820
-128.400000 2.149142
-128.300000 2.157480
-128.200000 2.165835
-128.100000 2.174205
-128.000000 2.182591
-127.900000 2.190994
-127.800000 2.199413
-127.700000 2.207848
-127.600000 2.216299
-127.500000 2.224766
-127.400000 2.233249
-127.300000 2.241749
-127.200000 2.250265
-127.100000 2.258796
-127.000000 2.267344
-126.900000 2.275908
-126.800000 2.284489
-126.700000 2.293085
-126.600000 2.301698
-126.500000 2.310326
-126.400000 2.318971
-126.300000 2.327632
-126.200000 2.336309
-126.100000 2.345002
-126.000000 2.353712
-125.900000 2.362437
-125.800000 2.371179
-125.700000 2.379937
-125.600000 2.388711
-125.500000 2.397501
-125.400000 2.406307
-125.300000 2.415129
-125.200000 2.423968
-125.100000 2.432823
-125.000000 2.441693
-124.900000 2.450580
-124.800000 2.459483
-124.700000 2.468403
-124.600000 2.477338
-124.500000 2.486290
-124.400000 2.495257
-124.300000 2.504241
-124.200000 2.513241
-124.100000 2.522257
-124.000000 2.531289
-123.900000 2.540338
-123.800000 2.549402
-123.700000 2.558483
-123.600000 2.567580
-123.500000 2.576693
-123.400000 2.585822
-123.300000 2.594967
-123.200000 2.604129
-123.100000 2.613306
-123.000000 2.622500
-122.900000 2.631710
-122.800000 2.640936
-122.700000 2.650178
-122.600000 2.659436
-122.500000 2.668710
-122.400000 2.678001
-122.300000 2.687308
-122.200000 2.696630
-122.100000 2.705969
-122.000000 2.715324
-121.900000 2.724696
-121.800000 2.734083
-121.700000 2.743487
-121.600000 2.752906
-121.500000 2.762342
-121.400000 2.771794
-121.300000 2.781262
-121.200000 2.790747
-121.100000 2.800247
-121.000000 2.809764
-120.900000 2.819296
-120.800000 2.828845
-120.700000 2.838410
-120.600000 2.847991
-120.500000 2.857588
-120.400000 2.867202
-120.300000 2.876831
-120.200000 2.886477
-120.100000 2.896139
-120.000000 2.905817
-119.900000 2.915511
-119.800000 2.925221
-119.700000 2.934948
-119.600000 2.944690
-119.500000 2.954449
-119.400000 2.964224
-119.300000 2.974015
-119.200000 2.983822
-119.100000 2.993645
-119.000000 3.003485
-118.900000 3.013340
-118.800000 3.023212
-118.700000 3.033100
-118.600000 3.043004
-118.500000 3.052924
-118.400000 3.062860
-118.300000 3.072813
-118.200000 3.082781
-118.100000 3.092766
-118.000000 3.102767
-117.900000 3.112784
-117.800000 3.122817
-117.700000 3.132866
-117.600000 3.142932
-117.500000 3.153013
-117.400000 3.163111
-117.300000 3.173225
-117.200000 3.183355
-117.100000 3.193501
-117.000000 3.203663
-116.900000 3.213842
-116.800000 3.224036
-116.700000 3.234247
-116.600000 3.244474
-116.500000 3.254717
-116.400000 3.264976
-116.300000 3.275251
-116.200000 3.285543
-116.100000 3.295850
-116.000000 3.306174
-115.900000 3.316514
-115.800000 3.326870
-115.700000 3.337242
-115.600000 3.347630
-115.500000 3.358035
-115.400000 3.368455
-115.300000 3.378892
-115.200000 3.389345
-115.100000 3.399814
-115.000000 3.410299
-114.900000 3.420800
-114.800000 3.431318
-114.700000 3.441851
-114.600000 3.452401
-114.500000 3.462967
-114.400000 3.473549
-114.300000 3.484147
-114.200000 3.494761
-114.100000 3.505392
-114.000000 3.516038
-113.900000 3.526701
-113.800000 3.537380
-113.700000 3.548075
-113.600000 3.558786
-113.500000 3.569514
-113.400000 3.580257
-113.300000 3.591017
-113.200000 3.601792
-113.100000 3.612584
-113.000000 3.623392
-112.900000 3.634216
-112.800000 3.645057
-112.700000 3.655913
-112.600000 3.666786
-112.500000 3.677675
-112.400000 3.688579
-112.300000 3.699500
-112.200000 3.710438
-112.100000 3.721391
-112.000000 3.732360
-111.900000 3.743346
-111.800000 3.754348
-111.700000 3.765366
-111.600000 3.776400
-111.500000 3.787450
-111.400000 3.798516
-111.300000 3.809599
-111.200000 3.820697
-111.100000 3.831812
-111.000000 3.842943
-110.900000 3.854090
-110.800000 3.865253
-110.700000 3.876432
-110.600000 3.887628
-110.500000 3.898840
-110.400000 3.910067
-110.300000 3.921311
-110.200000 3.932571
-110.100000 3.943847
-110.000000 3.955140
-109.900000 3.966448
-109.800000 3.977773
-109.700000 3.989114
-109.600000 4.000470
-109.500000 4.011844
-109.400000 4.023233
-109.300000 4.034638
-109.200000 4.046060
-109.100000 4.057497
-109.000000 4.068951
-108.900000 4.080421
-108.800000 4.091907
-108.700000 4.103409
-108.600000 4.114927
-108.500000 4.126462
-108.400000 4.138012
-108.300000 4.149579
-108.200000 4.161162
-108.100000 4.172761
-108.000000 4.184376
-107.900000 4.196008
-107.800000 4.207655
-107.700000 4.219319
-107.600000 4.230999
-107.500000 4.242695
-107.400000 4.254407
-107.300000 4.266135
-107.200000 4.277879
-107.100000 4.289640
-107.000000 4.301416
-106.900000 4.313209
-106.800000 4.325018
-106.700000 4.336843
-106.600000 4.348684
-106.500000 4.360542
-106.400000 4.372415
-106.300000 4.384305
-106.200000 4.396210
-106.100000 4.408132
-106.000000 4.420070
-105.900000 4.432025
-105.800000 4.443995
-105.700000 4.455981
-105.600000 4.467984
-105.500000 4.480003
-105.400000 4.492038
-105.300000 4.504089
-105.200000 4.516156
-105.100000 4.528239
-105.000000 4.540339
-104.900000 4.552455
-104.800000 4.564586
-104.700000 4.576734
-104.600000 4.588898
-104.500000 4.601079
-104.400000 4.613275
-104.300000 4.625487
-104.200000 4.637716
-104.100000 4.649961
-104.000000 4.662222
-103.900000 4.674499
-103.800000 4.686792
-103.700000 4.699102
-103.600000 4.711427
-103.500000 4.723769
-103.400000 4.736126
-103.300000 4.748500
-103.200000 4.760890
-103.100000 4.773297
-103.000000 4.785719
-102.900000 4.798158
-102.800000 4.810612
-102.700000 4.823083
-102.600000 4.835570
-102.500000 4.848073
-102.400000 4.860592
-102.300000 4.873128
-102.200000 4.885679
-102.100000 4.898247
-102.000000 4.910831
-101.900000 4.923431
-101.800000 4.936047
-101.700000 4.948679
-101.600000 4.961327
-101.500000 4.973992
-101.400000 4.986672
-101.300000 4.999369
-101.200000 5.012082
-101.100000 5.024811
-101.000000 5.037557
-100.900000 5.050318
-100.800000 5.063095
-100.700000 5.075889
-100.600000 5.088699
-100.500000 5.101525
-100.400000 5.114367
-100.300000 5.127225
-100.200000 5.140100
-100.100000 5.152990
-100.000000 5.165897
-99.900000 5.178820
-99.800000 5.191759
-99.700000 5.204714
-99.600000 5.217685
-99.500000 5.230672
-99.400000 5.243676
-99.300000 5.256695
-99.200000 5.269731
-99.100000 5.282783
-99.000000 5.295851
-98.900000 5.308936
-98.800000 5.322036
-98.700000 5.335153
-98.600000 5.348285
-98.500000 5.361434
-98.400000 5.374599
-98.300000 5.387780
-98.200000 5.400977
-98.100000 5.414191
-98.000000 5.427420
-97.900000 5.440666
-97.800000 5.453928
-97.700000 5.467206
-97.600000 5.480500
-97.500000 5.493810
-97.400000 5.507137
-97.300000 5.520479
-97.200000 5.533838
-97.100000 5.547213
-97.000000 5.560604
-96.900000 5.574011
-96.800000 5.587434
-96.700000 5.600873
-96.600000 5.614329
-96.500000 5.627801
-96.400000 5.641288
-96.300000 5.654792
-96.200000 5.668313
-96.100000 5.681849
-96.000000 5.695401
-95.900000 5.708970
-95.800000 5.722554
-95.700000 5.736155
-95.600000 5.749772
-95.500000 5.763405
-95.400000 5.777055
-95.300000 5.790720
-95.200000 5.804402
-95.100000 5.818099
-95.000000 5.831813
-94.900000 5.845543
-94.800000 5.859289
-94.700000 5.873052
-94.600000 5.886830
-94.500000 5.900625
-94.400000 5.914435
-94.300000 5.928262
-94.200000 5.942105
-94.100000 5.955964
-94.000000 5.969839
-93.900000 5.983731
-93.800000 5.997638
-93.700000 6.011562
-93.600000 6.025502
-93.500000 6.039458
-93.400000 6.053430
-93.300000 6.067418
-93.200000 6.081423
-93.100000 6.095443
-93.000000 6.109480
-92.900000 6.123533
-92.800000 6.137602
-92.700000 6.151687
-92.600000 6.165788
-92.500000 6.179906
-92.400000 6.194039
-92.300000 6.208189
-92.200000 6.222355
-92.100000 6.236537
-92.000000 6.250735
-91.900000 6.264949
-91.800000 6.279180
-91.700000 6.293426
-91.600000 6.307689
-91.500000 6.321968
-91.400000 6.336263
-91.300000 6.350574
-91.200000 6.364901
-91.100000 6.379245
-91.000000 6.393604
-90.900000 6.407980
-90.800000 6.422372
-90.700000 6.436780
-90.600000 6.451204
-90.500000 6.465644
-90.400000 6.480101
-90.300000 6.494574
-90.200000 6.509062
-90.100000 6.523567
-90.000000 6.538088
-89.900000 6.552625
-89.800000 6.567179
-89.700000 6.581748
-89.600000 6.596334
-89.500000 6.610935
-89.400000 6.625553
-89.300000 6.640187
-89.200000 6.654837
-89.100000 6.669504
-89.000000 6.684186
-88.900000 6.698885
-88.800000 6.713599
-88.700000 6.728330
-88.600000 6.743077
-88.500000 6.757841
-88.400000 6.772620
-88.300000 6.787415
-88.200000 6.802227
-88.100000 6.817055
-88.000000 6.831898
-87.900000 6.846759
-87.800000 6.861635
-87.700000 6.876527
-87.600000 6.891435
-87.500000 6.906360
-87.400000 6.921301
-87.300000 6.936258
-87.200000 6.951231
-87.100000 6.966220
-87.000000 6.981225
-86.900000 6.996247
-86.800000 7.011284
-86.700000 7.026338
-86.600000 7.041408
-86.500000 7.056494
-86.400000 7.071596
-86.300000 7.086714
-86.200000 7.101849
-86.100000 7.116999
-86.000000 7.132166
-85.900000 7.147349
-85.800000 7.162548
-85.700000 7.177763
-85.600000 7.192995
-85.500000 7.208242
-85.400000 7.223506
-85.300000 7.238786
-85.200000 7.254081
-85.100000 7.269393
-85.000000 7.284722
-84.900000 7.300066
-84.800000 7.315426
-84.700000 7.330803
-84.600000 7.346196
-84.500000 7.361605
-84.400000 7.377030
-84.300000 7.392471
-84.200000 7.407928
-84.100000 7.423402
-84.000000 7.438891
-83.900000 7.454397
-83.800000 7.469919
-83.700000 7.485457
-83.600000 7.501011
-83.500000 7.516582
-83.400000 7.532168
-83.300000 7.547771
-83.200000 7.563389
-83.100000 7.579024
-83.000000 7.594675
-82.900000 7.610343
-82.800000 7.626026
-82.700000 7.641725
-82.600000 7.657441
-82.500000 7.673173
-82.400000 7.688921
-82.300000 7.704685
-82.200000 7.720465
-82.100000 7.736261
-82.000000 7.752074
-81.900000 7.767902
-81.800000 7.783747
-81.700000 7.799608
-81.600000 7.815485
-81.500000 7.831378
-81.400000 7.847288
-81.300000 7.863213
-81.200000 7.879155
-81.100000 7.895113
-81.000000 7.911087
-80.900000 7.927077
-80.800000 7.943083
-80.700000 7.959105
-80.600000 7.975144
-80.500000 7.991198
-80.400000 8.007269
-80.300000 8.023356
-80.200000 8.039459
-80.100000 8.055578
-80.000000 8.071714
-79.900000 8.087865
-79.800000 8.104033
-79.700000 8.120217
-79.600000 8.136417
-79.500000 8.152633
-79.400000 8.168865
-79.300000 8.185113
-79.200000 8.201378
-79.100000 8.217658
-79.000000 8.233955
-78.900000 8.250268
-78.800000 8.266597
-78.700000 8.282942
-78.600000 8.299304
-78.500000 8.315681
-78.400000 8.332075
-78.300000 8.348485
-78.200000 8.364911
-78.100000 8.381353
-78.000000 8.397811
-77.900000 8.414285
-77.800000 8.430776
-77.700000 8.447282
-77.600000 8.463805
-77.500000 8.480344
-77.400000 8.496899
-77.300000 8.513471
-77.200000 8.530058
-77.100000 8.546661
-77.000000 8.563281
-76.900000 8.579917
-76.800000 8.596569
-76.700000 8.613237
-76.600000 8.629921
-76.500000 8.646622
-76.400000 8.663338
-76.300000 8.680071
-76.200000 8.696820
-76.100000 8.713584
-76.000000 8.730366
-75.900000 8.747163
-75.800000 8.763976
-75.700000 8.780806
-75.600000 8.797651
-75.500000 8.814513
-75.400000 8.831391
-75.300000 8.848285
-75.200000 8.865195
-75.100000 8.882122
-75.000000 8.899064
-74.900000 8.916023
-74.800000 8.932998
-74.700000 8.949989
-74.600000 8.966996
-74.500000 8.984019
-74.400000 9.001059
-74.300000 9.018114
-74.200000 9.035186
-74.100000 9.052274
-74.000000 9.069378
-73.900000 9.086498
-73.800000 9.103634
-73.700000 9.120786
-73.600000 9.137955
-73.500000 9.155139
-73.400000 9.172340
-73.300000 9.189557
-73.200000 9.206790
-73.100000 9.224040
-73.000000 9.241305
-72.900000 9.258587
-72.800000 9.275884
-72.700000 9.293198
-72.600000 9.310528
-72.500000 9.327874
-72.400000 9.345236
-72.300000 9.362615
-72.200000 9.380009
-72.100000 9.397420
-72.000000 9.414847
-71.900000 9.432290
-71.800000 9.449749
-71.700000 9.467224
-71.600000 9.484716
-71.500000 9.502223
-71.400000 9.519747
-71.300000 9.537287
-71.200000 9.554843
-71.100000 9.572415
-71.000000 9.590003
-70.900000 9.607607
-70.800000 9.625228
-70.700000 9.642865
-70.600000 9.660518
-70.500000 9.678187
-70.400000 9.695872
-70.300000 9.713573
-70.200000 9.731290
-70.100000 9.749024
-70.000000 9.766774
-69.900000 9.784539
-69.800000 9.802321
-69.700000 9.820120
-69.600000 9.837934
-69.500000 9.855764
-69.400000 9.873611
-69.300000 9.891473
-69.200000 9.909352
-69.100000 9.927247
-69.000000 9.945158
-68.900000 9.963086
-68.800000 9.981029
-68.700000 9.998989
-68.600000 10.016964
-68.500000 10.034956
-68.400000 10.052964
-68.300000 10.070988
-68.200000 10.089029
-68.100000 10.107085
-68.000000 10.125158
-67.900000 10.143246
-67.800000 10.161351
-67.700000 10.179472
-67.600000 10.197609
-67.500000 10.215763
-67.400000 10.233932
-67.300000 10.252118
-67.200000 10.270319
-67.100000 10.288537
-67.000000 10.306771
-66.900000 10.325021
-66.800000 10.343288
-66.700000 10.361570
-66.600000 10.379869
-66.500000 10.398183
-66.400000 10.416514
-66.300000 10.434861
-66.200000 10.453224
-66.100000 10.471604
-66.000000 10.489999
-65.900000 10.508411
-65.800000 10.526838
-65.700000 10.545282
-65.600000 10.563742
-65.500000 10.582218
-65.400000 10.600711
-65.300000 10.619219
-65.200000 10.637744
-65.100000 10.656285
-65.000000 10.674841
-64.900000 10.693414
-64.800000 10.712004
-64.700000 10.730609
-64.600000 10.749230
-64.500000 10.767868
-64.400000 10.786522
-64.300000 10.805191
-64.200000 10.823878
-64.100000 10.842580
-64.000000 10.861298
-63.900000 10.880032
-63.800000 10.898783
-63.700000 10.917550
-63.600000 10.936333
-63.500000 10.955132
-63.400000 10.973947
-63.300000 10.992778
-63.200000 11.011626
-63.100000 11.030489
-63.000000 11.049369
-62.900000 11.068265
-62.800000 11.087177
-62.700000 11.106105
-62.600000 11.125049
-62.500000 11.144010
-62.400000 11.162986
-62.300000 11.181979
-62.200000 11.200988
-62.100000 11.220013
-62.000000 11.239054
-61.900000 11.258111
-61.800000 11.277185
-61.700000 11.296275
-61.600000 11.315380
-61.500000 11.334502
-61.400000 11.353640
-61.300000 11.372794
-61.200000 11.391965
-61.100000 11.411151
-61.000000 11.430354
-60.900000 11.449573
-60.800000 11.468807
-60.700000 11.488058
-60.600000 11.507326
-60.500000 11.526609
-60.400000 11.545908
-60.300000 11.565224
-60.200000 11.584556
-60.100000 11.603904
-60.000000 11.623268
-59.900000 11.642648
-59.800000 11.662044
-59.700000 11.681457
-59.600000 11.700885
-59.500000 11.720330
-59.400000 11.739791
-59.300000 11.759268
-59.200000 11.778761
-59.100000 11.798271
-59.000000 11.817796
-58.900000 11.837338
-58.800000 11.856895
-58.700000 11.876469
-58.600000 11.896059
-58.500000 11.915666
-58.400000 11.935288
-58.300000 11.954926
-58.200000 11.974581
-58.100000 11.994252
-58.000000 12.013939
-57.900000 12.033642
-57.800000 12.053361
-57.700000 12.073096
-57.600000 12.092848
-57.500000 12.112615
-57.400000 12.132399
-57.300000 12.152199
-57.200000 12.172015
-57.100000 12.191847
-57.000000 12.211696
-56.900000 12.231560
-56.800000 12.251441
-56.700000 12.271338
-56.600000 12.291250
-56.500000 12.311180
-56.400000 12.331125
-56.300000 12.351086
-56.200000 12.371064
-56.100000 12.391057
-56.000000 12.411067
-55.900000 12.431093
-55.800000 12.451135
-55.700000 12.471193
-55.600000 12.491268
-55.500000 12.511358
-55.400000 12.531465
-55.300000 12.551587
-55.200000 12.571726
-55.100000 12.591881
-55.000000 12.612053
-54.900000 12.632240
-54.800000 12.652444
-54.700000 12.672663
-54.600000 12.692899
-54.500000 12.713151
-54.400000 12.733419
-54.300000 12.753703
-54.200000 12.774004
-54.100000 12.794320
-54.000000 12.814653
-53.900000 12.835001
-53.800000 12.855366
-53.700000 12.875747
-53.600000 12.896145
-53.500000 12.916558
-53.400000 12.936988
-53.300000 12.957433
-53.200000 12.977895
-53.100000 12.998373
-53.000000 13.018867
-52.900000 13.039377
-52.800000 13.059904
-52.700000 13.080446
-52.600000 13.101005
-52.500000 13.121580
-52.400000 13.142171
-52.300000 13.162778
-52.200000 13.183401
-52.100000 13.204040
-52.000000 13.224696
-51.900000 13.245367
-51.800000 13.266055
-51.700000 13.286759
-51.600000 13.307479
-51.500000 13.328215
-51.400000 13.348968
-51.300000 13.369736
-51.200000 13.390521
-51.100000 13.411322
-51.000000 13.432139
-50.900000 13.452972
-50.800000 13.473821
-50.700000 13.494687
-50.600000 13.515568
-50.500000 13.536466
-50.400000 13.557380
-50.300000 13.578309
-50.200000 13.599256
-50.100000 13.620218
-50.000000 13.641196
-49.900000 13.662191
-49.800000 13.683201
-49.700000 13.704228
-49.600000 13.725271
-49.500000 13.746330
-49.400000 13.767405
-49.300000 13.788497
-49.200000 13.809604
-49.100000 13.830728
-49.000000 13.851868
-48.900000 13.873024
-48.800000 13.894196
-48.700000 13.915384
-48.600000 13.936589
-48.500000 13.957809
-48.400000 13.979046
-48.300000 14.000299
-48.200000 14.021568
-48.100000 14.042853
-48.000000 14.064154
-47.900000 14.085471
-47.800000 14.106805
-47.700000 14.128155
-47.600000 14.149520
-47.500000 14.170902
-47.400000 14.192301
-47.300000 14.213715
-47.200000 14.235145
-47.100000 14.256592
-47.000000 14.278054
-46.900000 14.299533
-46.800000 14.321028
-46.700000 14.342539
-46.600000 14.364067
-46.500000 14.385610
-46.400000 14.407170
-46.300000 14.428745
-46.200000 14.450337
-46.100000 14.471945
-46.000000 14.493569
-45.900000 14.515209
-45.800000 14.536866
-45.700000 14.558538
-45.600000 14.580227
-45.500000 14.601932
-45.400000 14.623653
-45.300000 14.645390
-45.200000 14.667143
-45.100000 14.688913
-45.000000 14.710698
-44.900000 14.732500
-44.800000 14.754318
-44.700000 14.776152
-44.600000 14.798002
-44.500000 14.819868
-44.400000 14.841751
-44.300000 14.863649
-44.200000 14.885564
-44.100000 14.907495
-44.000000 14.929442
-43.900000 14.951405
-43.800000 14.973384
-43.700000 14.995380
-43.600000 15.017391
-43.500000 15.039419
-43.400000 15.061463
-43.300000 15.083523
-43.200000 15.105599
-43.100000 15.127691
-43.000000 15.149799
-42.900000 15.171924
-42.800000 15.194065
-42.700000 15.216222
-42.600000 15.238395
-42.500000 15.260584
-42.400000 15.282789
-42.300000 15.305010
-42.200000 15.327248
-42.100000 15.349502
-42.000000 15.371772
-41.900000 15.394058
-41.800000 15.416360
-41.700000 15.438678
-41.600000 15.461012
-41.500000 15.483363
-41.400000 15.505730
-41.300000 15.528113
-41.200000 15.550512
-41.100000 15.572927
-41.000000 15.595358
-40.900000 15.617806
-40.800000 15.640269
-40.700000 15.662749
-40.600000 15.685245
-40.500000 15.707757
-40.400000 15.730285
-40.300000 15.752829
-40.200000 15.775390
-40.100000 15.797966
-40.000000 15.820559
-39.900000 15.843168
-39.800000 15.865793
-39.700000 15.888434
-39.600000 15.911091
-39.500000 15.933765
-39.400000 15.956454
-39.300000 15.979160
-39.200000 16.001882
-39.100000 16.024620
-39.000000 16.047374
-38.900000 16.070144
-38.800000 16.092931
-38.700000 16.115733
-38.600000 16.138552
-38.500000 16.161387
-38.400000 16.184238
-38.300000 16.207105
-38.200000 16.229988
-38.100000 16.252888
-38.000000 16.275804
-37.900000 16.298735
-37.800000 16.321683
-37.700000 16.344647
-37.600000 16.367627
-37.500000 16.390624
-37.400000 16.413636
-37.300000 16.436665
-37.200000 16.459709
-37.100000 16.482770
-37.000000 16.505847
-36.900000 16.528941
-36.800000 16.552050
-36.700000 16.575175
-36.600000 16.598317
-36.500000 16.621475
-36.400000 16.644649
-36.300000 16.667839
-36.200000 16.691045
-36.100000 16.714267
-36.000000 16.737506
-35.900000 16.760760
-35.800000 16.784031
-35.700000 16.807318
-35.600000 16.830621
-35.500000 16.853940
-35.400000 16.877275
-35.300000 16.900627
-35.200000 16.923994
-35.100000 16.947378
-35.000000 16.970778
-34.900000 16.994194
-34.800000 17.017626
-34.700000 17.041075
-34.600000 17.064539
-34.500000 17.088020
-34.400000 17.111516
-34.300000 17.135029
-34.200000 17.158558
-34.100000 17.182104
-34.000000 17.205665
-33.900000 17.229242
-33.800000 17.252836
-33.700000 17.276446
-33.600000 17.300072
-33.500000 17.323714
-33.400000 17.347372
-33.300000 17.371046
-33.200000 17.394737
-33.100000 17.418443
-33.000000 17.442166
-32.900000 17.465905
-32.800000 17.489660
-32.700000 17.513431
-32.600000 17.537219
-32.500000 17.561022
-32.400000 17.584842
-32.300000 17.608678
-32.200000 17.632529
-32.100000 17.656398
-32.000000 17.680282
-31.900000 17.704182
-31.800000 17.728099
-31.700000 17.752031
-31.600000 17.775980
-31.500000 17.799945
-31.400000 17.823926
-31.300000 17.847923
-31.200000 17.871936
-31.100000 17.895966
-31.000000 17.920012
-30.900000 17.944073
-30.800000 17.968151
-30.700000 17.992245
-30.600000 18.016356
-30.500000 18.040482
-30.400000 18.064624
-30.300000 18.088783
-30.200000 18.112958
-30.100000 18.137149
-30.000000 18.161356
-29.900000 18.185579
-29.800000 18.209818
-29.700000 18.234074
-29.600000 18.258346
-29.500000 18.282633
-29.400000 18.306937
-29.300000 18.331257
-29.200000 18.355594
-29.100000 18.379946
-29.000000 18.404314
-28.900000 18.428699
-28.800000 18.453100
-28.700000 18.477517
-28.600000 18.501950
-28.500000 18.526399
-28.400000 18.550864
-28.300000 18.575346
-28.200000 18.599844
-28.100000 18.624357
-28.000000 18.648887
-27.900000 18.673433
-27.800000 18.697996
-27.700000 18.722574
-27.600000 18.747169
-27.500000 18.771779
-27.400000 18.796406
-27.300000 18.821049
-27.200000 18.845708
-27.100000 18.870383
-27.000000 18.895075
-26.900000 18.919782
-26.800000 18.944506
-26.700000 18.969246
-26.600000 18.994002
-26.500000 19.018774
-26.400000 19.043562
-26.300000 19.068366
-26.200000 19.093187
-26.100000 19.118023
-26.000000 19.142876
-25.900000 19.167745
-25.800000 19.192630
-25.700000 19.217532
-25.600000 19.242449
-25.500000 19.267382
-25.400000 19.292332
-25.300000 19.317298
-25.200000 19.342280
-25.100000 19.367278
-25.000000 19.392292
-24.900000 19.417323
-24.800000 19.442369
-24.700000 19.467432
-24.600000 19.492511
-24.500000 19.517606
-24.400000 19.542717
-24.300000 19.567844
-24.200000 19.592987
-24.100000 19.618147
-24.000000 19.643322
-23.900000 19.668514
-23.800000 19.693722
-23.700000 19.718946
-23.600000 19.744187
-23.500000 19.769443
-23.400000 19.794716
-23.300000 19.820004
-23.200000 19.845309
-23.100000 19.870630
-23.000000 19.895967
-22.900000 19.921320
-22.800000 19.946690
-22.700000 19.972075
-22.600000 19.997477
-22.500000 20.022895
-22.400000 20.048329
-22.300000 20.073779
-22.200000 20.099245
-22.100000 20.124728
-22.000000 20.150226
-21.900000 20.175741
-21.800000 20.201272
-21.700000 20.226819
-21.600000 20.252382
-21.500000 20.277961
-21.400000 20.303556
-21.300000 20.329168
-21.200000 20.354796
-21.100000 20.380439
-21.000000 20.406099
-20.900000 20.431776
-20.800000 20.457468
-20.700000 20.483176
-20.600000 20.508901
-20.500000 20.534641
-20.400000 20.560398
-20.300000 20.586171
-20.200000 20.611960
-20.100000 20.637766
-20.000000 20.663587
-19.900000 20.689425
-19.800000 20.715278
-19.700000 20.741148
-19.600000 20.767034
-19.500000 20.792936
-19.400000 20.818855
-19.300000 20.844789
-19.200000 20.870740
-19.100000 20.896706
-19.000000 20.922689
-18.900000 20.948688
-18.800000 20.974703
-18.700000 21.000735
-18.600000 21.026782
-18.500000 21.052846
-18.400000 21.078925
-18.300000 21.105021
-18.200000 21.131133
-18.100000 21.157261
-18.000000 21.183405
-17.900000 21.209566
-17.800000 21.235742
-17.700000 21.261935
-17.600000 21.288144
-17.500000 21.314369
-17.400000 21.340610
-17.300000 21.366867
-17.200000 21.393141
-17.100000 21.419430
-17.000000 21.445736
-16.900000 21.472058
-16.800000 21.498396
-16.700000 21.524750
-16.600000 21.551120
-16.500000 21.577507
-16.400000 21.603909
-16.300000 21.630328
-16.200000 21.656763
-16.100000 21.683214
-16.000000 21.709681
-15.900000 21.736164
-15.800000 21.762664
-15.700000 21.789180
-15.600000 21.815711
-15.500000 21.842259
-15.400000 21.868823
-15.300000 21.895403
-15.200000 21.922000
-15.100000 21.948612
-15.000000 21.975241
-14.900000 22.001885
-14.800000 22.028546
-14.700000 22.055223
-14.600000 22.081916
-14.500000 22.108626
-14.400000 22.135351
-14.300000 22.162093
-14.200000 22.188850
-14.100000 22.215624
-14.000000 22.242414
-13.900000 22.269220
-13.800000 22.296043
-13.700000 22.322881
-13.600000 22.349736
-13.500000 22.376607
-13.400000 22.403493
-13.300000 22.430396
-13.200000 22.457316
-13.100000 22.484251
-13.000000 22.511202
-12.900000 22.538170
-12.800000 22.565154
-12.700000 22.592154
-12.600000 22.619170
-12.500000 22.646202
-12.400000 22.673250
-12.300000 22.700315
-12.200000 22.727395
-12.100000 22.754492
-12.000000 22.781605
-11.900000 22.808734
-11.800000 22.835879
-11.700000 22.863040
-11.600000 22.890218
-11.500000 22.917411
-11.400000 22.944621
-11.300000 22.971847
-11.200000 22.999089
-11.100000 23.026347
-11.000000 23.053622
-10.900000 23.080912
-10.800000 23.108219
-10.700000 23.135541
-10.600000 23.162880
-10.500000 23.190235
-10.400000 23.217606
-10.300000 23.244994
-10.200000 23.272397
-10.100000 23.299817
-10.000000 23.327253
-9.900000 23.354705
-9.800000 23.382173
-9.700000 23.409657
-9.600000 23.437157
-9.500000 23.464674
-9.400000 23.492206
-9.300000 23.519755
-9.200000 23.547320
-9.100000 23.574901
-9.000000 23.602498
-8.900000 23.630111
-8.800000 23.657741
-8.700000 23.685387
-8.600000 23.713048
-8.500000 23.740726
-8.400000 23.768420
-8.300000 23.796130
-8.200000 23.823857
-8.100000 23.851599
-8.000000 23.879358
-7.900000 23.907133
-7.800000 23.934924
-7.700000 23.962731
-7.600000 23.990554
-7.500000 24.018393
-7.400000 24.046249
-7.300000 24.074120
-7.200000 24.102008
-7.100000 24.129912
-7.000000 24.157832
-6.900000 24.185768
-6.800000 24.213721
-6.700000 24.241689
-6.600000 24.269674
-6.500000 24.297674
-6.400000 24.325691
-6.300000 24.353724
-6.200000 24.381774
-6.100000 24.409839
-6.000000 24.437920
-5.900000 24.466018
-5.800000 24.494132
-5.700000 24.522262
-5.600000 24.550408
-5.500000 24.578570
-5.400000 24.606748
-5.300000 24.634943
-5.200000 24.663154
-5.100000 24.691380
-5.000000 24.719623
-4.900000 24.747882
-4.800000 24.776158
-4.700000 24.804449
-4.600000 24.832756
-4.500000 24.861080
-4.400000 24.889420
-4.300000 24.917776
-4.200000 24.946148
-4.100000 24.974536
-4.000000 25.002940
-3.900000 25.031361
-3.800000 25.059798
-3.700000 25.088250
-3.600000 25.116719
-3.500000 25.145204
-3.400000 25.173706
-3.300000 25.202223
-3.200000 25.230756
-3.100000 25.259306
-3.000000 25.287872
-2.900000 25.316454
-2.800000 25.345052
-2.700000 25.373666
-2.600000 25.402297
-2.500000 25.430943
-2.400000 25.459606
-2.300000 25.488284
-2.200000 25.516979
-2.100000 25.545691
-2.000000 25.574418
-1.900000 25.603161
-1.800000 25.631921
-1.700000 25.660696
-1.600000 25.689488
-1.500000 25.718296
-1.400000 25.747120
-1.300000 25.775960
-1.200000 25.804817
-1.100000 25.833689
-1.000000 25.862578
-0.900000 25.891483
-0.800000 25.920404
-0.700000 25.949341
-0.600000 25.978294
-0.500000 26.007263
-0.400000 26.036249
-0.300000 26.065251
-0.200000 26.094268
-0.100000 26.123302
-0.000000 26.152352
0.100000 26.123302
0.200000 26.094268
0.300000 26.065251
0.400000 26.036249
0.500000 26.007263
0.600000 25.978294
0.700000 25.949341
0.800000 25.920404
0.900000 25.891483
1.000000 25.862578
1.100000 25.833689
1.200000 25.804817
1.300000 25.775960
1.400000 25.747120
1.500000 25.718296
1.600000 25.689488
1.700000 25.660696
1.800000 25.631921
1.900000 25.603161
2.000000 25.574418
2.100000 25.545691
2.200000 25.516979
2.300000 25.488284
2.400000 25.459606
2.500000 25.430943
2.600000 25.402297
2.700000 25.373666
2.800000 25.345052
2.900000 25.316454
3.000000 25.287872
3.100000 25.259306
3.200000 25.230756
3.300000 25.202223
3.400000 25.173706
3.500000 25.145204
3.600000 25.116719
3.700000 25.088250
3.800000 25.059798
3.900000 25.031361
4.000000 25.002940
4.100000 24.974536
4.200000 24.946148
4.300000 24.917776
4.400000 24.889420
4.500000 24.861080
4.600000 24.832756
4.700000 24.804449
4.800000 24.776158
4.900000 24.747882
5.000000 24.719623
5.100000 24.691380
5.200000 24.663154
5.300000 24.634943
5.400000 24.606748
5.500000 24.578570
5.600000 24.550408
5.700000 24.522262
5.800000 24.494132
5.900000 24.466018
6.000000 24.437920
6.100000 24.409839
6.200000 24.381774
6.300000 24.353724
6.400000 24.325691
6.500000 24.297674
6.600000 24.269674
6.700000 24.241689
6.800000 24.213721
6.900000 24.185768
7.000000 24.157832
7.100000 24.129912
7.200000 24.102008
7.300000 24.074120
7.400000 24.046249
7.500000 24.018393
7.600000 23.990554
7.700000 23.962731
7.800000 23.934924
7.900000 23.907133
8.000000 23.879358
8.100000 23.851599
8.200000 23.823857
8.300000 23.796130
8.400000 23.768420
8.500000 23.740726
8.600000 23.713048
8.700000 23.685387
8.800000 23.657741
8.900000 23.630111
9.000000 23.602498
9.100000 23.574901
9.200000 23.547320
9.300000 23.519755
9.400000 23.492206
9.500000 23.464674
9.600000 23.437157
9.700000 23.409657
9.800000 23.382173
9.900000 23.354705
10.000000 23.327253
10.100000 23.299817
10.200000 23.272397
10.300000 23.244994
10.400000 23.217606
10.500000 23.190235
10.600000 23.162880
10.700000 23.135541
10.800000 23.108219
10.900000 23.080912
11.000000 23.053622
11.100000 23.026347
11.200000 22.999089
11.300000 22.971847
11.400000 22.944621
11.500000 22.917411
11.600000 22.890218
11.700000 22.863040
11.800000 22.835879
11.900000 22.808734
12.000000 22.781605
12.100000 22.754492
12.200000 22.727395
12.300000 22.700315
12.400000 22.673250
12.500000 22.646202
12.600000 22.619170
12.700000 22.592154
12.800000 22.565154
12.900000 22.538170
13.000000 22.511202
13.100000 22.484251
13.200000 22.457316
13.300000 22.430396
13.400000 22.403493
13.500000 22.376607
13.600000 22.349736
13.700000 22.322881
13.800000 22.296043
13.900000 22.269220
14.000000 22.242414
14.100000 22.215624
14.200000 22.188850
14.300000 22.162093
14.400000 22.135351
14.500000 22.108626
14.600000 22.081916
14.700000 22.055223
14.800000 22.028546
14.900000 22.001885
15.000000 21.975241
15.100000 21.948612
15.200000 21.922000
15.300000 21.895403
15.400000 21.868823
15.500000 21.842259
15.600000 21.815711
15.700000 21.789180
15.800000 21.762664
15.900000 21.736164
16.000000 21.709681
16.100000 21.683214
16.200000 21.656763
16.300000 21.630328
16.400000 21.603909
16.500000 21.577507
16.600000 21.551120
16.700000 21.524750
16.800000 21.498396
16.900000 21.472058
17.000000 21.445736
17.100000 21.419430
17.200000 21.393141
17.300000 21.366867
17.400000 21.340610
17.500000 21.314369
17.600000 21.288144
17.700000 21.261935
17.800000 21.235742
17.900000 21.209566
18.000000 21.183405
18.100000 21.157261
18.200000 21.131133
18.300000 21.105021
18.400000 21.078925
18.500000 21.052846
18.600000 21.026782
18.700000 21.000735
18.800000 20.974703
18.900000 20.948688
19.000000 20.922689
19.100000 20.896706
19.200000 20.870740
19.300000 20.844789
19.400000 20.818855
19.500000 20.792936
19.600000 20.767034
19.700000 20.741148
19.800000 20.715278
19.900000 20.689425
20.000000 20.663587
20.100000 20.637766
20.200000 20.611960
20.300000 20.586171
20.400000 20.560398
20.500000 20.534641
20.600000 20.508901
20.700000 20.483176
20.800000 20.457468
20.900000 20.431776
21.000000 20.406099
21.100000 20.380439
21.200000 20.354796
21.300000 20.329168
21.400000 20.303556
21.500000 20.277961
21.600000 20.252382
21.700000 20.226819
21.800000 20.201272
21.900000 20.175741
22.000000 20.150226
22.100000 20.124728
22.200000 20.099245
22.300000 20.073779
22.400000 20.048329
22.500000 20.022895
22.600000 19.997477
22.700000 19.972075
22.800000 19.946690
22.900000 19.921320
23.000000 19.895967
23.100000 19.870630
23.200000 19.845309
23.300000 19.820004
23.400000 19.794716
23.500000 19.769443
23.600000 19.744187
23.700000 19.718946
23.800000 19.693722
23.900000 19.668514
24.000000 19.643322
24.100000 19.618147
24.200000 19.592987
24.300000 19.567844
24.400000 19.542717
24.500000 19.517606
24.600000 19.492511
24.700000 19.467432
24.800000 19.442369
24.900000 19.417323
25.000000 19.392292
25.100000 19.367278
25.200000 19.342280
25.300000 19.317298
25.400000 19.292332
25.500000 19.267382
25.600000 19.242449
25.700000 19.217532
25.800000 19.192630
25.900000 19.167745
26.000000 19.142876
26.100000 19.118023
26.200000 19.093187
26.300000 19.068366
26.400000 19.043562
26.500000 19.018774
26.600000 18.994002
26.700000 18.969246
26.800000 18.944506
26.900000 18.919782
27.000000 18.895075
27.100000 18.870383
27.200000 18.845708
27.300000 18.821049
27.400000 18.796406
27.500000 18.771779
27.600000 18.747169
27.700000 18.722574
27.800000 18.697996
27.900000 18.673433
28.000000 18.648887
28.100000 18.624357
28.200000 18.599844
28.300000 18.575346
28.400000 18.550864
28.500000 18.526399
28.600000 18.501950
28.700000 18.477517
28.800000 18.453100
28.900000 18.428699
29.000000 18.404314
29.100000 18.379946
29.200000 18.355594
29.300000 18.331257
29.400000 18.306937
29.500000 18.282633
29.600000 18.258346
29.700000 18.234074
29.800000 18.209818
29.900000 18.185579
30.000000 18.161356
30.100000 18.137149
30.200000 18.112958
30.300000 18.088783
30.400000 18.064624
30.500000 18.040482
30.600000 18.016356
30.700000 17.992245
30.800000 17.968151
30.900000 17.944073
31.000000 17.920012
31.100000 17.895966
31.200000 17.871936
31.300000 17.847923
31.400000 17.823926
31.500000 17.799945
31.600000 17.775980
31.700000 17.752031
31.800000 17.728099
31.900000 17.704182
32.000000 17.680282
32.100000 17.656398
32.200000 17.632529
32.300000 17.608678
32.400000 17.584842
32.500000 17.561022
32.600000 17.537219
32.700000 17.513431
32.800000 17.489660
32.900000 17.465905
33.000000 17.442166
33.100000 17.418443
33.200000 17.394737
33.300000 17.371046
33.400000 17.347372
33.500000 17.323714
33.600000 17.300072
33.700000 17.276446
33.800000 17.252836
33.900000 17.229242
34.000000 17.205665
34.100000 17.182104
34.200000 17.158558
34.300000 17.135029
34.400000 17.111516
34.500000 17.088020
34.600000 17.064539
34.700000 17.041075
34.800000 17.017626
34.900000 16.994194
35.000000 16.970778
35.100000 16.947378
35.200000 16.923994
35.300000 16.900627
35.400000 16.877275
35.500000 16.853940
35.600000 16.830621
35.700000 16.807318
35.800000 16.784031
35.900000 16.760760
36.000000 16.737506
36.100000 16.714267
36.200000 16.691045
36.300000 16.667839
36.400000 16.644649
36.500000 16.621475
36.600000 16.598317
36.700000 16.575175
36.800000 16.552050
36.900000 16.528941
37.000000 16.505847
37.100000 16.482770
37.200000 16.459709
37.300000 16.436665
37.400000 16.413636
37.500000 16.390624
37.600000 16.367627
37.700000 16.344647
37.800000 16.321683
37.900000 16.298735
38.000000 16.275804
38.100000 16.252888
38.200000 16.229988
38.300000 16.207105
38.400000 16.184238
38.500000 16.161387
38.600000 16.138552
38.700000 16.115733
38.800000 16.092931
38.900000 16.070144
39.000000 16.047374
39.100000 16.024620
39.200000 16.001882
39.300000 15.979160
39.400000 15.956454
39.500000 15.933765
39.600000 15.911091
39.700000 15.888434
39.800000 15.865793
39.900000 15.843168
40.000000 15.820559
40.100000 15.797966
40.200000 15.775390
40.300000 15.752829
40.400000 15.730285
40.500000 15.707757
40.600000 15.685245
40.700000 15.662749
40.800000 15.640269
40.900000 15.617806
41.000000 15.595358
41.100000 15.572927
41.200000 15.550512
41.300000 15.528113
41.400000 15.505730
41.500000 15.483363
41.600000 15.461012
41.700000 15.438678
41.800000 15.416360
41.900000 15.394058
42.000000 15.371772
42.100000 15.349502
42.200000 15.327248
42.300000 15.305010
42.400000 15.282789
42.500000 15.260584
42.600000 15.238395
42.700000 15.216222
42.800000 15.194065
42.900000 15.171924
43.000000 15.149799
43.100000 15.127691
43.200000 15.105599
43.300000 15.083523
43.400000 15.061463
43.500000 15.039419
43.600000 15.017391
43.700000 14.995380
43.800000 14.973384
43.900000 14.951405
44.000000 14.929442
44.100000 14.907495
44.200000 14.885564
44.300000 14.863649
44.400000 14.841751
44.500000 14.819868
44.600000 14.798002
44.700000 14.776152
44.800000 14.754318
44.900000 14.732500
45.000000 14.710698
45.100000 14.688913
45.200000 14.667143
45.300000 14.645390
45.400000 14.623653
45.500000 14.601932
45.600000 14.580227
45.700000 14.558538
45.800000 14.536866
45.900000 14.515209
46.000000 14.493569
46.100000 14.471945
46.200000 14.450337
46.300000 14.428745
46.400000 14.407170
46.500000 14.385610
46.600000 14.364067
46.700000 14.342539
46.800000 14.321028
46.900000 14.299533
47.000000 14.278054
47.100000 14.256592
47.200000 14.235145
47.300000 14.213715
47.400000 14.192301
47.500000 14.170902
47.600000 14.149520
47.700000 14.128155
47.800000 14.106805
47.900000 14.085471
48.000000 14.064154
48.100000 14.042853
48.200000 14.021568
48.300000 14.000299
48.400000 13.979046
48.500000 13.957809
48.600000 13.936589
48.700000 13.915384
48.800000 13.894196
48.900000 13.873024
49.000000 13.851868
49.100000 13.830728
49.200000 13.809604
49.300000 13.788497
49.400000 13.767405
49.500000 13.746330
49.600000 13.725271
49.700000 13.704228
49.800000 13.683201
49.900000 13.662191
50.000000 13.641196
50.100000 13.620218
50.200000 13.599256
50.300000 13.578309
50.400000 13.557380
50.500000 13.536466
50.600000 13.515568
50.700000 13.494687
50.800000 13.473821
50.900000 13.452972
51.000000 13.432139
51.100000 13.411322
51.200000 13.390521
51.300000 13.369736
51.400000 13.348968
51.500000 13.328215
51.600000 13.307479
51.700000 13.286759
51.800000 13.266055
51.900000 13.245367
52.000000 13.224696
52.100000 13.204040
52.200000 13.183401
52.300000 13.162778
52.400000 13.142171
52.500000 13.121580
52.600000 13.101005
52.700000 13.080446
52.800000 13.059904
52.900000 13.039377
53.000000 13.018867
53.100000 12.998373
53.200000 12.977895
53.300000 12.957433
53.400000 12.936988
53.500000 12.916558
53.600000 12.896145
53.700000 12.875747
53.800000 12.855366
53.900000 12.835001
54.000000 12.814653
54.100000 12.794320
54.200000 12.774004
54.300000 12.753703
54.400000 12.733419
54.500000 12.713151
54.600000 12.692899
54.700000 12.672663
54.800000 12.652444
54.900000 12.632240
55.000000 12.612053
55.100000 12.591881
55.200000 12.571726
55.300000 12.551587
55.400000 12.531465
55.500000 12.511358
55.600000 12.491268
55.700000 12.471193
55.800000 12.451135
55.900000 12.431093
56.000000 12.411067
56.100000 12.391057
56.200000 12.371064
56.300000 12.351086
56.400000 12.331125
56.500000 12.311180
56.600000 12.291250
56.700000 12.271338
56.800000 12.251441
56.900000 12.231560
57.000000 12.211696
57.100000 12.191847
57.200000 12.172015
57.300000 12.152199
57.400000 12.132399
57.500000 12.112615
57.600000 12.092848
57.700000 12.073096
57.800000 12.053361
57.900000 12.033642
58.000000 12.013939
58.100000 11.994252
58.200000 11.974581
58.300000 11.954926
58.400000 11.935288
58.500000 11.915666
58.600000 11.896059
58.700000 11.876469
58.800000 11.856895
58.900000 11.837338
59.000000 11.817796
59.100000 11.798271
59.200000 11.778761
59.300000 11.759268
59.400000 11.739791
59.500000 11.720330
59.600000 11.700885
59.700000 11.681457
59.800000 11.662044
59.900000 11.642648
60.000000 11.623268
60.100000 11.603904
60.200000 11.584556
60.300000 11.565224
60.400000 11.545908
60.500000 11.526609
60.600000 11.507326
60.700000 11.488058
60.800000 11.468807
60.900000 11.449573
61.000000 11.430354
61.100000 11.411151
61.200000 11.391965
61.300000 11.372794
61.400000 11.353640
61.500000 11.334502
61.600000 11.315380
61.700000 11.296275
61.800000 11.277185
61.900000 11.258111
62.000000 11.239054
62.100000 11.220013
62.200000 11.200988
62.300000 11.181979
62.400000 11.162986
62.500000 11.144010
62.600000 11.125049
62.700000 11.106105
62.800000 11.087177
62.900000 11.068265
63.000000 11.049369
63.100000 11.030489
63.200000 11.011626
63.300000 10.992778
63.400000 10.973947
63.500000 10.955132
63.600000 10.936333
63.700000 10.917550
63.800000 10.898783
63.900000 10.880032
64.000000 10.861298
64.100000 10.842580
64.200000 10.823878
64.300000 10.805191
64.400000 10.786522
64.500000 10.767868
64.600000 10.749230
64.700000 10.730609
64.800000 10.712004
64.900000 10.693414
65.000000 10.674841
65.100000 10.656285
65.200000 10.637744
65.300000 10.619219
65.400000 10.600711
65.500000 10.582218
65.600000 10.563742
65.700000 10.545282
65.800000 10.526838
65.900000 10.508411
66.000000 10.489999
66.100000 10.471604
66.200000 10.453224
66.300000 10.434861
66.400000 10.416514
66.500000 10.398183
66.600000 10.379869
66.700000 10.361570
66.800000 10.343288
66.900000 10.325021
67.000000 10.306771
67.100000 10.288537
67.200000 10.270319
67.300000 10.252118
67.400000 10.233932
67.500000 10.215763
67.600000 10.197609
67.700000 10.179472
67.800000 10.161351
67.900000 10.143246
68.000000 10.125158
68.100000 10.107085
68.200000 10.089029
68.300000 10.070988
68.400000 10.052964
68.500000 10.034956
68.600000 10.016964
68.700000 9.998989
68.800000 9.981029
68.900000 9.963086
69.000000 9.945158
69.100000 9.927247
69.200000 9.909352
69.300000 9.891473
69.400000 9.873611
69.500000 9.855764
69.600000 9.837934
69.700000 9.820120
69.800000 9.802321
69.900000 9.784539
70.000000 9.766774
70.100000 9.749024
70.200000 9.731290
70.300000 9.713573
70.400000 9.695872
70.500000 9.678187
70.600000 9.660518
70.700000 9.642865
70.800000 9.625228
70.900000 9.607607
71.000000 9.590003
71.100000 9.572415
71.200000 9.554843
71.300000 9.537287
71.400000 9.519747
71.500000 9.502223
71.600000 9.484716
71.700000 9.467224
71.800000 9.449749
71.900000 9.432290
72.000000 9.414847
72.100000 9.397420
72.200000 9.380009
72.300000 9.362615
72.400000 9.345236
72.500000 9.327874
72.600000 9.310528
72.700000 9.293198
72.800000 9.275884
72.900000 9.258587
73.000000 9.241305
73.100000 9.224040
73.200000 9.206790
73.300000 9.189557
73.400000 9.172340
73.500000 9.155139
73.600000 9.137955
73.700000 9.120786
73.800000 9.103634
73.900000 9.086498
74.000000 9.069378
74.100000 9.052274
74.200000 9.035186
74.300000 9.018114
74.400000 9.001059
74.500000 8.984019
74.600000 8.966996
74.700000 8.949989
74.800000 8.932998
74.900000 8.916023
75.000000 8.899064
75.100000 8.882122
75.200000 8.865195
75.300000 8.848285
75.400000 8.831391
75.500000 8.814513
75.600000 8.797651
75.700000 8.780806
75.800000 8.763976
75.900000 8.747163
76.000000 8.730366
76.100000 8.713584
76.200000 8.696820
76.300000 8.680071
76.400000 8.663338
76.500000 8.646622
76.600000 8.629921
76.700000 8.613237
76.800000 8.596569
76.900000 8.579917
77.000000 8.563281
77.100000 8.546661
77.200000 8.530058
77.300000 8.513471
77.400000 8.496899
77.500000 8.480344
77.600000 8.463805
77.700000 8.447282
77.800000 8.430776
77.900000 8.414285
78.000000 8.397811
78.100000 8.381353
78.200000 8.364911
78.300000 8.348485
78.400000 8.332075
78.500000 8.315681
78.600000 8.299304
78.700000 8.282942
78.800000 8.266597
78.900000 8.250268
79.000000 8.233955
79.100000 8.217658
79.200000 8.201378
79.300000 8.185113
79.400000 8.168865
79.500000 8.152633
79.600000 8.136417
79.700000 8.120217
79.800000 8.104033
79.900000 8.087865
80.000000 8.071714
80.100000 8.055578
80.200000 8.039459
80.300000 8.023356
80.400000 8.007269
80.500000 7.991198
80.600000 7.975144
80.700000 7.959105
80.800000 7.943083
80.900000 7.927077
81.000000 7.911087
81.100000 7.895113
81.200000 7.879155
81.300000 7.863213
81.400000 7.847288
81.500000 7.831378
81.600000 7.815485
81.700000 7.799608
81.800000 7.783747
81.900000 7.767902
82.000000 7.752074
82.100000 7.736261
82.200000 7.720465
82.300000 7.704685
82.400000 7.688921
82.500000 7.673173
82.600000 7.657441
82.700000 7.641725
82.800000 7.626026
82.900000 7.610343
83.000000 7.594675
83.100000 7.579024
83.200000 7.563389
83.300000 7.547771
83.400000 7.532168
83.500000 7.516582
83.600000 7.501011
83.700000 7.485457
83.800000 7.469919
83.900000 7.454397
84.000000 7.438891
84.100000 7.423402
84.200000 7.407928
84.300000 7.392471
84.400000 7.377030
84.500000 7.361605
84.600000 7.346196
84.700000 7.330803
84.800000 7.315426
84.900000 7.300066
85.000000 7.284722
85.100000 7.269393
85.200000 7.254081
85.300000 7.238786
85.400000 7.223506
85.500000 7.208242
85.600000 7.192995
85.700000 7.177763
85.800000 7.162548
85.900000 7.147349
86.000000 7.132166
86.100000 7.116999
86.200000 7.101849
86.300000 7.086714
86.400000 7.071596
86.500000 7.056494
86.600000 7.041408
86.700000 7.026338
86.800000 7.011284
86.900000 6.996247
87.000000 6.981225
87.100000 6.966220
87.200000 6.951231
87.300000 6.936258
87.400000 6.921301
87.500000 6.906360
87.600000 6.891435
87.700000 6.876527
87.800000 6.861635
87.900000 6.846759
88.000000 6.831898
88.100000 6.817055
88.200000 6.802227
88.300000 6.787415
88.400000 6.772620
88.500000 6.757841
88.600000 6.743077
88.700000 6.728330
88.800000 6.713599
88.900000 6.698885
89.000000 6.684186
89.100000 6.669504
89.200000 6.654837
89.300000 6.640187
89.400000 6.625553
89.500000 6.610935
89.600000 6.596334
89.700000 6.581748
89.800000 6.567179
89.900000 6.552625
90.000000 6.538088
90.100000 6.523567
90.200000 6.509062
90.300000 6.494574
90.400000 6.480101
90.500000 6.465644
90.600000 6.451204
90.700000 6.436780
90.800000 6.422372
90.900000 6.407980
91.000000 6.393604
91.100000 6.379245
91.200000 6.364901
91.300000 6.350574
91.400000 6.336263
91.500000 6.321968
91.600000 6.307689
91.700000 6.293426
91.800000 6.279180
91.900000 6.264949
92.000000 6.250735
92.100000 6.236537
92.200000 6.222355
92.300000 6.208189
92.400000 6.194039
92.500000 6.179906
92.600000 6.165788
92.700000 6.151687
92.800000 6.137602
92.900000 6.123533
93.000000 6.109480
93.100000 6.095443
93.200000 6.081423
93.300000 6.067418
93.400000 6.053430
93.500000 6.039458
93.600000 6.025502
93.700000 6.011562
93.800000 5.997638
93.900000 5.983731
94.000000 5.969839
94.100000 5.955964
94.200000 5.942105
94.300000 5.928262
94.400000 5.914435
94.500000 5.900625
94.600000 5.886830
94.700000 5.873052
94.800000 5.859289
94.900000 5.845543
95.000000 5.831813
95.100000 5.818099
95.200000 5.804402
95.300000 5.790720
95.400000 5.777055
95.500000 5.763405
95.600000 5.749772
95.700000 5.736155
95.800000 5.722554
95.900000 5.708970
96.000000 5.695401
96.100000 5.681849
96.200000 5.668313
96.300000 5.654792
96.400000 5.641288
96.500000 5.627801
96.600000 5.614329
96.700000 5.600873
96.800000 5.587434
96.900000 5.574011
97.000000 5.560604
97.100000 5.547213
97.200000 5.533838
97.300000 5.520479
97.400000 5.507137
97.500000 5.493810
97.600000 5.480500
97.700000 5.467206
97.800000 5.453928
97.900000 5.440666
98.000000 5.427420
98.100000 5.414191
98.200000 5.400977
98.300000 5.387780
98.400000 5.374599
98.500000 5.361434
98.600000 5.348285
98.700000 5.335153
98.800000 5.322036
98.900000 5.308936
99.000000 5.295851
99.100000 5.282783
99.200000 5.269731
99.300000 5.256695
99.400000 5.243676
99.500000 5.230672
99.600000 5.217685
99.700000 5.204714
99.800000 5.191759
99.900000 5.178820
100.000000 5.165897
100.100000 5.152990
100.200000 5.140100
100.300000 5.127225
100.400000 5.114367
100.500000 5.101525
100.600000 5.088699
100.700000 5.075889
100.800000 5.063095
100.900000 5.050318
101.000000 5.037557
101.100000 5.024811
101.200000 5.012082
101.300000 4.999369
101.400000 4.986672
101.500000 4.973992
101.600000 4.961327
101.700000 4.948679
101.800000 4.936047
101.900000 4.923431
102.000000 4.910831
102.100000 4.898247
102.200000 4.885679
102.300000 4.873128
102.400000 4.860592
102.500000 4.848073
102.600000 4.835570
102.700000 4.823083
102.800000 4.810612
102.900000 4.798158
103.000000 4.785719
103.100000 4.773297
103.200000 4.760890
103.300000 4.748500
103.400000 4.736126
103.500000 4.723769
103.600000 4.711427
103.700000 4.699102
103.800000 4.686792
103.900000 4.674499
104.000000 4.662222
104.100000 4.649961
104.200000 4.637716
104.300000 4.625487
104.400000 4.613275
104.500000 4.601079
104.600000 4.588898
104.700000 4.576734
104.800000 4.564586
104.900000 4.552455
105.000000 4.540339
105.100000 4.528239
105.200000 4.516156
105.300000 4.504089
105.400000 4.492038
105.500000 4.480003
105.600000 4.467984
105.700000 4.455981
105.800000 4.443995
105.900000 4.432025
106.000000 4.420070
106.100000 4.408132
106.200000 4.396210
106.300000 4.384305
106.400000 4.372415
106.500000 4.360542
106.600000 4.348684
106.700000 4.336843
106.800000 4.325018
106.900000 4.313209
107.000000 4.301416
107.100000 4.289640
107.200000 4.277879
107.300000 4.266135
107.400000 4.254407
107.500000 4.242695
107.600000 4.230999
107.700000 4.219319
107.800000 4.207655
107.900000 4.196008
108.000000 4.184376
108.100000 4.172761
108.200000 4.161162
108.300000 4.149579
108.400000 4.138012
108.500000 4.126462
108.600000 4.114927
108.700000 4.103409
108.800000 4.091907
108.900000 4.080421
109.000000 4.068951
109.100000 4.057497
109.200000 4.046060
109.300000 4.034638
109.400000 4.023233
109.500000 4.011844
109.600000 4.000470
109.700000 3.989114
109.800000 3.977773
109.900000 3.966448
110.000000 3.955140
110.100000 3.943847
110.200000 3.932571
110.300000 3.921311
110.400000 3.910067
110.500000 3.898840
110.600000 3.887628
110.700000 3.876432
110.800000 3.865253
110.900000 3.854090
111.000000 3.842943
111.100000 3.831812
111.200000 3.820697
111.300000 3.809599
111.400000 3.798516
111.500000 3.787450
111.600000 3.776400
111.700000 3.765366
111.800000 3.754348
111.900000 3.743346
112.000000 3.732360
112.100000 3.721391
112.200000 3.710438
112.300000 3.699500
112.400000 3.688579
112.500000 3.677675
112.600000 3.666786
112.700000 3.655913
112.800000 3.645057
112.900000 3.634216
113.000000 3.623392
113.100000 3.612584
113.200000 3.601792
113.300000 3.591017
113.400000 3.580257
113.500000 3.569514
113.600000 3.558786
113.700000 3.548075
113.800000 3.537380
113.900000 3.526701
114.000000 3.516038
114.100000 3.505392
114.200000 3.494761
114.300000 3.484147
114.400000 3.473549
114.500000 3.462967
114.600000 3.452401
114.700000 3.441851
114.800000 3.431318
114.900000 3.420800
115.000000 3.410299
115.100000 3.399814
115.200000 3.389345
115.300000 3.378892
115.400000 3.368455
115.500000 3.358035
115.600000 3.347630
115.700000 3.337242
115.800000 3.326870
115.900000 3.316514
116.000000 3.306174
116.100000 3.295850
116.200000 3.285543
116.300000 3.275251
116.400000 3.264976
116.500000 3.254717
116.600000 3.244474
116.700000 3.234247
116.800000 3.224036
116.900000 3.213842
117.000000 3.203663
117.100000 3.193501
117.200000 3.183355
117.300000 3.173225
117.400000 3.163111
117.500000 3.153013
117.600000 3.142932
117.700000 3.132866
117.800000 3.122817
117.900000 3.112784
118.000000 3.102767
118.100000 3.092766
118.200000 3.082781
118.300000 3.072813
118.400000 3.062860
118.500000 3.052924
118.600000 3.043004
118.700000 3.033100
118.800000 3.023212
118.900000 3.013340
119.000000 3.003485
119.100000 2.993645
119.200000 2.983822
119.300000 2.974015
119.400000 2.964224
119.500000 2.954449
119.600000 2.944690
119.700000 2.934948
119.800000 2.925221
119.900000 2.915511
120.000000 2.905817
120.100000 2.896139
120.200000 2.886477
120.300000 2.876831
120.400000 2.867202
120.500000 2.857588
120.600000 2.847991
120.700000 2.838410
120.800000 2.828845
120.900000 2.819296
121.000000 2.809764
121.100000 2.800247
121.200000 2.790747
121.300000 2.781262
121.400000 2.771794
121.500000 2.762342
121.600000 2.752906
121.700000 2.743487
121.800000 2.734083
121.900000 2.724696
122.000000 2.715324
122.100000 2.705969
122.200000 2.696630
122.300000 2.687308
122.400000 2.678001
122.500000 2.668710
122.600000 2.659436
122.700000 2.650178
122.800000 2.640936
122.900000 2.631710
123.000000 2.622500
123.100000 2.613306
123.200000 2.604129
123.300000 2.594967
123.400000 2.585822
123.500000 2.576693
123.600000 2.567580
123.700000 2.558483
123.800000 2.549402
123.900000 2.540338
124.000000 2.531289
124.100000 2.522257
124.200000 2.513241
124.300000 2.504241
124.400000 2.495257
124.500000 2.486290
124.600000 2.477338
124.700000 2.468403
124.800000 2.459483
124.900000 2.450580
125.000000 2.441693
125.100000 2.432823
125.200000 2.423968
125.300000 2.415129
125.400000 2.406307
125.500000 2.397501
125.600000 2.388711
125.700000 2.379937
125.800000 2.371179
125.900000 2.362437
126.000000 2.353712
126.100000 2.345002
126.200000 2.336309
126.300000 2.327632
126.400000 2.318971
126.500000 2.310326
126.600000 2.301698
126.700000 2.293085
126.800000 2.284489
126.900000 2.275908
127.000000 2.267344
127.100000 2.258796
127.200000 2.250265
127.300000 2.241749
127.400000 2.233249
127.500000 2.224766
127.600000 2.216299
127.700000 2.207848
127.800000 2.199413
127.900000 2.190994
128.000000 2.182591
128.100000 2.174205
128.200000 2.165835
128.300000 2.157480
128.400000 2.149142
128.500000 2.140820
128.600000 2.132514
128.700000 2.124225
128.800000 2.115951
128.900000 2.107694
129.000000 2.099453
129.100000 2.091228
129.200000 2.083019
129.300000 2.074826
129.400000 2.066649
129.500000 2.058489
129.600000 2.050344
129.700000 2.042216
129.800000 2.034104
129.900000 2.026008
130.000000 2.017928
130.100000 2.009865
130.200000 2.001817
130.300000 1.993786
130.400000 1.985771
130.500000 1.977772
130.600000 1.969789
130.700000 1.961822
130.800000 1.953871
130.900000 1.945937
131.000000 1.938018
131.100000 1.930116
131.200000 1.922230
131.300000 1.914360
131.400000 1.906506
131.500000 1.898669
131.600000 1.890847
131.700000 1.883042
131.800000 1.875253
131.900000 1.867480
132.000000 1.859723
132.100000 1.851982
132.200000 1.844257
132.300000 1.836549
132.400000 1.828857
132.500000 1.821180
132.600000 1.813520
132.700000 1.805876
132.800000 1.798249
132.900000 1.790637
133.000000 1.783042
133.100000 1.775462
133.200000 1.767899
133.300000 1.760352
133.400000 1.752821
133.500000 1.745306
133.600000 1.737808
133.700000 1.730325
133.800000 1.722859
133.900000 1.715409
134.000000 1.707975
134.100000 1.700557
134.200000 1.693155
134.300000 1.685769
134.400000 1.678400
134.500000 1.671047
134.600000 1.663709
134.700000 1.656388
134.800000 1.649083
134.900000 1.641795
135.000000 1.634522
135.100000 1.627266
135.200000 1.620025
135.300000 1.612801
135.400000 1.605593
135.500000 1.598401
135.600000 1.591225
135.700000 1.584066
135.800000 1.576922
135.900000 1.569795
136.000000 1.562684
136.100000 1.555589
136.200000 1.548510
136.300000 1.541447
136.400000 1.534400
136.500000 1.527370
136.600000 1.520356
136.700000 1.513358
136.800000 1.506376
136.900000 1.499410
137.000000 1.492460
137.100000 1.485526
137.200000 1.478609
137.300000 1.471707
137.400000 1.464822
137.500000 1.457953
137.600000 1.451100
137.700000 1.444264
137.800000 1.437443
137.900000 1.430639
138.000000 1.423850
138.100000 1.417078
138.200000 1.410322
138.300000 1.403582
138.400000 1.396858
138.500000 1.390151
138.600000 1.383459
138.700000 1.376784
138.800000 1.370125
138.900000 1.363482
139.000000 1.356855
139.100000 1.350244
139.200000 1.343650
139.300000 1.337071
139.400000 1.330509
139.500000 1.323963
139.600000 1.317433
139.700000 1.310919
139.800000 1.304421
139.900000 1.297940
140.000000 1.291474
140.100000 1.285025
140.200000 1.278592
140.300000 1.272175
140.400000 1.265774
140.500000 1.259389
140.600000 1.253021
140.700000 1.246668
140.800000 1.240332
140.900000 1.234012
141.000000 1.227708
141.100000 1.221420
141.200000 1.215148
141.300000 1.208892
141.400000 1.202653
141.500000 1.196430
141.600000 1.190223
141.700000 1.184032
141.800000 1.177857
141.900000 1.171698
142.000000 1.165555
142.100000 1.159429
142.200000 1.153319
142.300000 1.147225
142.400000 1.141147
142.500000 1.135085
142.600000 1.129039
142.700000 1.123009
142.800000 1.116996
142.900000 1.110999
143.000000 1.105018
143.100000 1.099053
143.200000 1.093104
143.300000 1.087171
143.400000 1.081254
143.500000 1.075354
143.600000 1.069470
143.700000 1.063602
143.800000 1.057750
143.900000 1.051914
144.000000 1.046094
144.100000 1.040291
144.200000 1.034503
144.300000 1.028732
144.400000 1.022977
144.500000 1.017238
144.600000 1.011515
144.700000 1.005808
144.800000 1.000118
144.900000 0.994443
145.000000 0.988785
145.100000 0.983143
145.200000 0.977517
145.300000 0.971907
145.400000 0.966313
145.500000 0.960736
145.600000 0.955174
145.700000 0.949629
145.800000 0.944100
145.900000 0.938587
146.000000 0.933090
146.100000 0.927609
146.200000 0.922145
146.300000 0.916696
146.400000 0.911264
146.500000 0.905848
146.600000 0.900448
146.700000 0.895064
146.800000 0.889697
146.900000 0.884345
147.000000 0.879010
147.100000 0.873690
147.200000 0.868387
147.300000 0.863100
147.400000 0.857829
147.500000 0.852575
147.600000 0.847336
147.700000 0.842114
147.800000 0.836908
147.900000 0.831717
148.000000 0.826543
148.100000 0.821386
148.200000 0.816244
148.300000 0.811118
148.400000 0.806009
148.500000 0.800916
148.600000 0.795839
148.700000 0.790778
148.800000 0.785733
148.900000 0.780704
149.000000 0.775692
149.100000 0.770695
149.200000 0.765715
149.300000 0.760751
149.400000 0.755803
149.500000 0.750871
149.600000 0.745955
149.700000 0.741056
149.800000 0.736173
149.900000 0.731305
150.000000 0.726454
150.100000 0.721619
150.200000 0.716800
150.300000 0.711998
150.400000 0.707211
150.500000 0.702441
150.600000 0.697687
150.700000 0.692949
150.800000 0.688227
150.900000 0.683521
151.000000 0.678831
151.100000 0.674158
151.200000 0.669500
151.300000 0.664859
151.400000 0.660234
151.500000 0.655625
151.600000 0.651032
151.700000 0.646455
151.800000 0.641895
151.900000 0.637351
152.000000 0.632822
152.100000 0.628310
152.200000 0.623814
152.300000 0.619335
152.400000 0.614871
152.500000 0.610423
152.600000 0.605992
152.700000 0.601577
152.800000 0.597178
152.900000 0.592795
153.000000 0.588428
153.100000 0.584077
153.200000 0.579743
153.300000 0.575424
153.400000 0.571122
153.500000 0.566836
153.600000 0.562566
153.700000 0.558312
153.800000 0.554075
153.900000 0.549853
154.000000 0.545648
154.100000 0.541459
154.200000 0.537286
154.300000 0.533129
154.400000 0.528988
154.500000 0.524863
154.600000 0.520755
154.700000 0.516662
154.800000 0.512586
154.900000 0.508526
155.000000 0.504482
155.100000 0.500454
155.200000 0.496443
155.300000 0.492447
155.400000 0.488468
155.500000 0.484505
155.600000 0.480558
155.700000 0.476627
155.800000 0.472712
155.900000 0.468813
156.000000 0.464931
156.100000 0.461064
156.200000 0.457214
156.300000 0.453380
156.400000 0.449562
156.500000 0.445760
156.600000 0.441975
156.700000 0.438205
156.800000 0.434452
156.900000 0.430715
157.000000 0.426994
157.100000 0.423289
157.200000 0.419600
157.300000 0.415927
157.400000 0.412271
157.500000 0.408631
157.600000 0.405006
157.700000 0.401398
157.800000 0.397806
157.900000 0.394231
158.000000 0.390671
158.100000 0.387127
158.200000 0.383600
158.300000 0.380089
158.400000 0.376594
158.500000 0.373115
158.600000 0.369652
158.700000 0.366206
158.800000 0.362775
158.900000 0.359361
159.000000 0.355963
159.100000 0.352581
159.200000 0.349215
159.300000 0.345865
159.400000 0.342531
159.500000 0.339214
159.600000 0.335912
159.700000 0.332627
159.800000 0.329358
159.900000 0.326105
160.000000 0.322869
160.100000 0.319648
160.200000 0.316443
160.300000 0.313255
160.400000 0.310083
160.500000 0.306927
160.600000 0.303787
160.700000 0.300663
160.800000 0.297556
160.900000 0.294464
161.000000 0.291389
161.100000 0.288330
161.200000 0.285287
161.300000 0.282260
161.400000 0.279249
161.500000 0.276254
161.600000 0.273276
161.700000 0.270314
161.800000 0.267367
161.900000 0.264437
162.000000 0.261524
162.100000 0.258626
162.200000 0.255744
162.300000 0.252879
162.400000 0.250029
162.500000 0.247196
162.600000 0.244379
162.700000 0.241578
162.800000 0.238794
162.900000 0.236025
163.000000 0.233273
163.100000 0.230536
163.200000 0.227816
163.300000 0.225112
163.400000 0.222424
163.500000 0.219752
163.600000 0.217097
163.700000 0.214457
163.800000 0.211834
163.900000 0.209227
164.000000 0.206636
164.100000 0.204061
164.200000 0.201502
164.300000 0.198960
164.400000 0.196433
164.500000 0.193923
164.600000 0.191429
164.700000 0.188951
164.800000 0.186489
164.900000 0.184043
165.000000 0.181614
165.100000 0.179200
165.200000 0.176803
165.300000 0.174422
165.400000 0.172057
165.500000 0.169708
165.600000 0.167375
165.700000 0.165058
165.800000 0.162758
165.900000 0.160474
166.000000 0.158206
166.100000 0.155954
166.200000 0.153718
166.300000 0.151498
166.400000 0.149294
166.500000 0.147107
166.600000 0.144936
166.700000 0.142781
166.800000 0.140642
166.900000 0.138519
167.000000 0.136412
167.100000 0.134321
167.200000 0.132247
167.300000 0.130189
167.400000 0.128147
167.500000 0.126121
167.600000 0.124111
167.700000 0.122117
167.800000 0.120139
167.900000 0.118178
168.000000 0.116233
168.100000 0.114304
168.200000 0.112391
168.300000 0.110494
168.400000 0.108613
168.500000 0.106748
168.600000 0.104900
168.700000 0.103068
168.800000 0.101252
168.900000 0.099452
169.000000 0.097668
169.100000 0.095900
169.200000 0.094148
169.300000 0.092413
169.400000 0.090694
169.500000 0.088991
169.600000 0.087304
169.700000 0.085633
169.800000 0.083978
169.900000 0.082340
170.000000 0.080717
170.100000 0.079111
170.200000 0.077521
170.300000 0.075947
170.400000 0.074389
170.500000 0.072847
170.600000 0.071322
170.700000 0.069812
170.800000 0.068319
170.900000 0.066842
171.000000 0.065381
171.100000 0.063936
171.200000 0.062507
171.300000 0.061095
171.400000 0.059698
171.500000 0.058318
171.600000 0.056954
171.700000 0.055606
171.800000 0.054274
171.900000 0.052959
172.000000 0.051659
172.100000 0.050376
172.200000 0.049108
172.300000 0.047857
172.400000 0.046622
172.500000 0.045403
172.600000 0.044201
172.700000 0.043014
172.800000 0.041844
172.900000 0.040690
173.000000 0.039551
173.100000 0.038429
173.200000 0.037324
173.300000 0.036234
173.400000 0.035160
173.500000 0.034103
173.600000 0.033062
173.700000 0.032037
173.800000 0.031028
173.900000 0.030035
174.000000 0.029058
174.100000 0.028098
174.200000 0.027153
174.300000 0.026225
174.400000 0.025313
174.500000 0.024417
174.600000 0.023537
174.700000 0.022673
174.800000 0.021826
174.900000 0.020995
175.000000 0.020179
175.100000 0.019380
175.200000 0.018597
175.300000 0.017830
175.400000 0.017080
175.500000 0.016345
175.600000 0.015627
175.700000 0.014925
175.800000 0.014239
175.900000 0.013569
176.000000 0.012915
176.100000 0.012277
176.200000 0.011656
176.300000 0.011050
176.400000 0.010461
176.500000 0.009888
176.600000 0.009331
176.700000 0.008790
176.800000 0.008265
176.900000 0.007757
177.000000 0.007265
177.100000 0.006788
177.200000 0.006328
177.300000 0.005884
177.400000 0.005456
177.500000 0.005045
177.600000 0.004649
177.700000 0.004270
177.800000 0.003907
177.900000 0.003560
178.000000 0.003229
178.100000 0.002914
178.200000 0.002615
178.300000 0.002333
178.400000 0.002066
178.500000 0.001816
178.600000 0.001582
178.700000 0.001364
178.800000 0.001162
178.900000 0.000977
179.000000 0.000807
179.100000 0.000654
179.200000 0.000517
179.300000 0.000396
179.400000 0.000291
179.500000 0.000202
179.600000 0.000129
179.700000 0.000073
179.800000 0.000032
179.900000 0.000008
180.000000 0.000000
