0.000000 40.863665
0.100000 40.772908
0.200000 40.682251
0.300000 40.591695
0.400000 40.501240
0.500000 40.410886
0.600000 40.320633
0.700000 40.230480
0.800000 40.140429
0.900000 40.050478
1.000000 39.960629
1.100000 39.870880
1.200000 39.781232
1.300000 39.691685
1.400000 39.602239
1.500000 39.512894
1.600000 39.423650
1.700000 39.334507
1.800000 39.245464
1.900000 39.156523
2.000000 39.067682
2.100000 38.978942
2.200000 38.890303
2.300000 38.801766
2.400000 38.713328
2.500000 38.624992
2.600000 38.536757
2.700000 38.448623
2.800000 38.360589
2.900000 38.272657
3.000000 38.184825
3.100000 38.097094
3.200000 38.009464
3.300000 37.921936
3.400000 37.834507
3.500000 37.747180
3.600000 37.659954
3.700000 37.572829
3.800000 37.485804
3.900000 37.398881
4.000000 37.312058
4.100000 37.225336
4.200000 37.138715
4.300000 37.052195
4.400000 36.965776
4.500000 36.879458
4.600000 36.793241
4.700000 36.707124
4.800000 36.621109
4.900000 36.535194
5.000000 36.449381
5.100000 36.363668
5.200000 36.278056
5.300000 36.192545
5.400000 36.107135
5.500000 36.021826
5.600000 35.936617
5.700000 35.851510
5.800000 35.766503
5.900000 35.681598
6.000000 35.596793
6.100000 35.512089
6.200000 35.427486
6.300000 35.342984
6.400000 35.258583
6.500000 35.174283
6.600000 35.090083
6.700000 35.005985
6.800000 34.921988
6.900000 34.838091
7.000000 34.754295
7.100000 34.670600
7.200000 34.587006
7.300000 34.503513
7.400000 34.420121
7.500000 34.336830
7.600000 34.253640
7.700000 34.170550
7.800000 34.087562
7.900000 34.004674
8.000000 33.921887
8.100000 33.839201
8.200000 33.756616
8.300000 33.674132
8.400000 33.591749
8.500000 33.509467
8.600000 33.427285
8.700000 33.345205
8.800000 33.263225
8.900000 33.181347
9.000000 33.099569
9.100000 33.017892
9.200000 32.936316
9.300000 32.854841
9.400000 32.773467
9.500000 32.692194
9.600000 32.611021
9.700000 32.529950
9.800000 32.448979
9.900000 32.368109
10.000000 32.287341
10.100000 32.206673
10.200000 32.126106
10.300000 32.045640
10.400000 31.965274
10.500000 31.885010
10.600000 31.804847
10.700000 31.724784
10.800000 31.644822
10.900000 31.564962
11.000000 31.485202
11.100000 31.405543
11.200000 31.325985
11.300000 31.246528
11.400000 31.167172
11.500000 31.087916
11.600000 31.008762
11.700000 30.929708
11.800000 30.850756
11.900000 30.771904
12.000000 30.693153
12.100000 30.614503
12.200000 30.535954
12.300000 30.457506
12.400000 30.379159
12.500000 30.300912
12.600000 30.222767
12.700000 30.144722
12.800000 30.066779
12.900000 29.988936
13.000000 29.911194
13.100000 29.833553
13.200000 29.756013
13.300000 29.678574
13.400000 29.601236
13.500000 29.523998
13.600000 29.446862
13.700000 29.369826
13.800000 29.292892
13.900000 29.216058
14.000000 29.139325
14.100000 29.062693
14.200000 28.986162
14.300000 28.909732
14.400000 28.833402
14.500000 28.757174
14.600000 28.681046
14.700000 28.605020
14.800000 28.529094
14.900000 28.453269
15.000000 28.377545
15.100000 28.301922
15.200000 28.226400
15.300000 28.150979
15.400000 28.075659
15.500000 28.000439
15.600000 27.925321
15.700000 27.850303
15.800000 27.775386
15.900000 27.700571
16.000000 27.625856
16.100000 27.551242
16.200000 27.476729
16.300000 27.402316
16.400000 27.328005
16.500000 27.253795
16.600000 27.179685
16.700000 27.105676
16.800000 27.031769
16.900000 26.957962
17.000000 26.884256
17.100000 26.810651
17.200000 26.737147
17.300000 26.663743
17.400000 26.590441
17.500000 26.517240
17.600000 26.444139
17.700000 26.371139
17.800000 26.298241
17.900000 26.225443
18.000000 26.152746
18.100000 26.080150
18.200000 26.007655
18.300000 25.935260
18.400000 25.862967
18.500000 25.790774
18.600000 25.718683
18.700000 25.646692
18.800000 25.574802
18.900000 25.503014
19.000000 25.431326
19.100000 25.359738
19.200000 25.288252
19.300000 25.216867
19.400000 25.145583
19.500000 25.074399
19.600000 25.003317
19.700000 24.932335
19.800000 24.861454
19.900000 24.790674
20.000000 24.719995
20.100000 24.649417
20.200000 24.578940
20.300000 24.508563
20.400000 24.438288
20.500000 24.368114
20.600000 24.298040
20.700000 24.228067
20.800000 24.158195
20.900000 24.088424
21.000000 24.018754
21.100000 23.949185
21.200000 23.879717
21.300000 23.810350
21.400000 23.741083
21.500000 23.671918
21.600000 23.602853
21.700000 23.533889
21.800000 23.465027
21.900000 23.396265
22.000000 23.327604
22.100000 23.259043
22.200000 23.190584
22.300000 23.122226
22.400000 23.053968
22.500000 22.985812
22.600000 22.917756
22.700000 22.849801
22.800000 22.781947
22.900000 22.714195
23.000000 22.646542
23.100000 22.578991
23.200000 22.511541
23.300000 22.444192
23.400000 22.376943
23.500000 22.309796
23.600000 22.242749
23.700000 22.175803
23.800000 22.108958
23.900000 22.042214
24.000000 21.975571
24.100000 21.909029
24.200000 21.842588
24.300000 21.776247
24.400000 21.710008
24.500000 21.643869
24.600000 21.577831
24.700000 21.511895
24.800000 21.446059
24.900000 21.380324
25.000000 21.314690
25.100000 21.249156
25.200000 21.183724
25.300000 21.118393
25.400000 21.053162
25.500000 20.988033
25.600000 20.923004
25.700000 20.858076
25.800000 20.793249
25.900000 20.728523
26.000000 20.663898
26.100000 20.599374
26.200000 20.534950
26.300000 20.470628
26.400000 20.406406
26.500000 20.342286
26.600000 20.278266
26.700000 20.214347
26.800000 20.150529
26.900000 20.086812
27.000000 20.023196
27.100000 19.959681
27.200000 19.896266
27.300000 19.832953
27.400000 19.769740
27.500000 19.706629
27.600000 19.643618
27.700000 19.580708
27.800000 19.517899
27.900000 19.455191
28.000000 19.392584
28.100000 19.330078
28.200000 19.267672
28.300000 19.205368
28.400000 19.143164
28.500000 19.081062
28.600000 19.019060
28.700000 18.957159
28.800000 18.895359
28.900000 18.833660
29.000000 18.772062
29.100000 18.710564
29.200000 18.649168
29.300000 18.587872
29.400000 18.526678
29.500000 18.465584
29.600000 18.404591
29.700000 18.343699
29.800000 18.282908
29.900000 18.222218
30.000000 18.161629
30.100000 18.101141
30.200000 18.040753
30.300000 17.980467
30.400000 17.920281
30.500000 17.860196
30.600000 17.800213
30.700000 17.740330
30.800000 17.680548
30.900000 17.620867
31.000000 17.561286
31.100000 17.501807
31.200000 17.442429
31.300000 17.383151
31.400000 17.323974
31.500000 17.264899
31.600000 17.205924
31.700000 17.147050
31.800000 17.088277
31.900000 17.029605
32.000000 16.971033
32.100000 16.912563
32.200000 16.854194
32.300000 16.795925
32.400000 16.737757
32.500000 16.679691
32.600000 16.621725
32.700000 16.563860
32.800000 16.506096
32.900000 16.448432
33.000000 16.390870
33.100000 16.333409
33.200000 16.276048
33.300000 16.218789
33.400000 16.161630
33.500000 16.104572
33.600000 16.047615
33.700000 15.990759
33.800000 15.934004
33.900000 15.877350
34.000000 15.820797
34.100000 15.764344
34.200000 15.707993
34.300000 15.651742
34.400000 15.595593
34.500000 15.539544
34.600000 15.483596
34.700000 15.427749
34.800000 15.372003
34.900000 15.316358
35.000000 15.260813
35.100000 15.205370
35.200000 15.150027
35.300000 15.094786
35.400000 15.039645
35.500000 14.984605
35.600000 14.929666
35.700000 14.874828
35.800000 14.820091
35.900000 14.765455
36.000000 14.710920
36.100000 14.656485
36.200000 14.602152
36.300000 14.547919
36.400000 14.493787
36.500000 14.439756
36.600000 14.385826
36.700000 14.331997
36.800000 14.278269
36.900000 14.224642
37.000000 14.171116
37.100000 14.117690
37.200000 14.064366
37.300000 14.011142
37.400000 13.958019
37.500000 13.904997
37.600000 13.852076
37.700000 13.799256
37.800000 13.746537
37.900000 13.693919
38.000000 13.641401
38.100000 13.588985
38.200000 13.536669
38.300000 13.484455
38.400000 13.432341
38.500000 13.380328
38.600000 13.328416
38.700000 13.276605
38.800000 13.224895
38.900000 13.173285
39.000000 13.121777
39.100000 13.070369
39.200000 13.019063
39.300000 12.967857
39.400000 12.916752
39.500000 12.865748
39.600000 12.814845
39.700000 12.764043
39.800000 12.713342
39.900000 12.662742
40.000000 12.612242
40.100000 12.561844
40.200000 12.511546
40.300000 12.461350
40.400000 12.411254
40.500000 12.361259
40.600000 12.311365
40.700000 12.261572
40.800000 12.211879
40.900000 12.162288
41.000000 12.112798
41.100000 12.063408
41.200000 12.014119
41.300000 11.964932
41.400000 11.915845
41.500000 11.866859
41.600000 11.817974
41.700000 11.769190
41.800000 11.720506
41.900000 11.671924
42.000000 11.623443
42.100000 11.575062
42.200000 11.526782
42.300000 11.478604
42.400000 11.430526
42.500000 11.382549
42.600000 11.334673
42.700000 11.286898
42.800000 11.239223
42.900000 11.191650
43.000000 11.144177
43.100000 11.096806
43.200000 11.049535
43.300000 11.002365
43.400000 10.955296
43.500000 10.908328
43.600000 10.861461
43.700000 10.814695
43.800000 10.768030
43.900000 10.721465
44.000000 10.675002
44.100000 10.628639
44.200000 10.582378
44.300000 10.536217
44.400000 10.490157
44.500000 10.444198
44.600000 10.398340
44.700000 10.352583
44.800000 10.306926
44.900000 10.261371
45.000000 10.215916
45.100000 10.170563
45.200000 10.125310
45.300000 10.080158
45.400000 10.035107
45.500000 9.990157
45.600000 9.945308
45.700000 9.900560
45.800000 9.855912
45.900000 9.811366
46.000000 9.766921
46.100000 9.722576
46.200000 9.678332
46.300000 9.634189
46.400000 9.590147
46.500000 9.546206
46.600000 9.502366
46.700000 9.458627
46.800000 9.414989
46.900000 9.371451
47.000000 9.328014
47.100000 9.284679
47.200000 9.241444
47.300000 9.198310
47.400000 9.155277
47.500000 9.112345
47.600000 9.069514
47.700000 9.026784
47.800000 8.984154
47.900000 8.941626
48.000000 8.899198
48.100000 8.856872
48.200000 8.814646
48.300000 8.772521
48.400000 8.730497
48.500000 8.688574
48.600000 8.646752
48.700000 8.605030
48.800000 8.563410
48.900000 8.521890
49.000000 8.480472
49.100000 8.439154
49.200000 8.397937
49.300000 8.356821
49.400000 8.315806
49.500000 8.274892
49.600000 8.234079
49.700000 8.193367
49.800000 8.152755
49.900000 8.112245
50.000000 8.071835
50.100000 8.031526
50.200000 7.991319
50.300000 7.951212
50.400000 7.911206
50.500000 7.871300
50.600000 7.831496
50.700000 7.791793
50.800000 7.752190
50.900000 7.712689
51.000000 7.673288
51.100000 7.633989
51.200000 7.594790
51.300000 7.555692
51.400000 7.516695
51.500000 7.477799
51.600000 7.439003
51.700000 7.400309
51.800000 7.361715
51.900000 7.323223
52.000000 7.284831
52.100000 7.246540
52.200000 7.208351
52.300000 7.170262
52.400000 7.132274
52.500000 7.094386
52.600000 7.056600
52.700000 7.018915
52.800000 6.981330
52.900000 6.943847
53.000000 6.906464
53.100000 6.869182
53.200000 6.832001
53.300000 6.794921
53.400000 6.757942
53.500000 6.721064
53.600000 6.684287
53.700000 6.647610
53.800000 6.611035
53.900000 6.574560
54.000000 6.538186
54.100000 6.501914
54.200000 6.465742
54.300000 6.429671
54.400000 6.393701
54.500000 6.357831
54.600000 6.322063
54.700000 6.286396
54.800000 6.250829
54.900000 6.215364
55.000000 6.179999
55.100000 6.144735
55.200000 6.109572
55.300000 6.074510
55.400000 6.039549
55.500000 6.004689
55.600000 5.969929
55.700000 5.935271
55.800000 5.900713
55.900000 5.866257
56.000000 5.831901
56.100000 5.797646
56.200000 5.763492
56.300000 5.729439
56.400000 5.695487
56.500000 5.661636
56.600000 5.627885
56.700000 5.594236
56.800000 5.560687
56.900000 5.527240
57.000000 5.493893
57.100000 5.460647
57.200000 5.427502
57.300000 5.394458
57.400000 5.361515
57.500000 5.328672
57.600000 5.295931
57.700000 5.263291
57.800000 5.230751
57.900000 5.198312
58.000000 5.165974
58.100000 5.133738
58.200000 5.101602
58.300000 5.069567
58.400000 5.037632
58.500000 5.005799
58.600000 4.974067
58.700000 4.942435
58.800000 4.910904
58.900000 4.879475
59.000000 4.848146
59.100000 4.816918
59.200000 4.785791
59.300000 4.754765
59.400000 4.723840
59.500000 4.693015
59.600000 4.662292
59.700000 4.631669
59.800000 4.601148
59.900000 4.570727
60.000000 4.540407
60.100000 4.510188
60.200000 4.480070
60.300000 4.450053
60.400000 4.420137
60.500000 4.390322
60.600000 4.360607
60.700000 4.330994
60.800000 4.301481
60.900000 4.272069
61.000000 4.242758
61.100000 4.213548
61.200000 4.184439
61.300000 4.155431
61.400000 4.126524
61.500000 4.097718
61.600000 4.069012
61.700000 4.040408
61.800000 4.011904
61.900000 3.983501
62.000000 3.955199
62.100000 3.926998
62.200000 3.898898
62.300000 3.870899
62.400000 3.843001
62.500000 3.815203
62.600000 3.787507
62.700000 3.759911
62.800000 3.732417
62.900000 3.705023
63.000000 3.677730
63.100000 3.650538
63.200000 3.623447
63.300000 3.596457
63.400000 3.569567
63.500000 3.542779
63.600000 3.516091
63.700000 3.489505
63.800000 3.463019
63.900000 3.436634
64.000000 3.410350
64.100000 3.384167
64.200000 3.358085
64.300000 3.332104
64.400000 3.306224
64.500000 3.280444
64.600000 3.254766
64.700000 3.229188
64.800000 3.203711
64.900000 3.178336
65.000000 3.153061
65.100000 3.127887
65.200000 3.102813
65.300000 3.077841
65.400000 3.052970
65.500000 3.028199
65.600000 3.003530
65.700000 2.978961
65.800000 2.954493
65.900000 2.930127
66.000000 2.905861
66.100000 2.881696
66.200000 2.857631
66.300000 2.833668
66.400000 2.809806
66.500000 2.786044
66.600000 2.762384
66.700000 2.738824
66.800000 2.715365
66.900000 2.692007
67.000000 2.668750
67.100000 2.645594
67.200000 2.622539
67.300000 2.599585
67.400000 2.576732
67.500000 2.553979
67.600000 2.531327
67.700000 2.508777
67.800000 2.486327
67.900000 2.463978
68.000000 2.441730
68.100000 2.419583
68.200000 2.397537
68.300000 2.375592
68.400000 2.353747
68.500000 2.332004
68.600000 2.310361
68.700000 2.288819
68.800000 2.267378
68.900000 2.246039
69.000000 2.224800
69.100000 2.203661
69.200000 2.182624
69.300000 2.161688
69.400000 2.140852
69.500000 2.120118
69.600000 2.099484
69.700000 2.078952
69.800000 2.058520
69.900000 2.038189
70.000000 2.017959
70.100000 1.997830
70.200000 1.977801
70.300000 1.957874
70.400000 1.938048
70.500000 1.918322
70.600000 1.898697
70.700000 1.879174
70.800000 1.859751
70.900000 1.840429
71.000000 1.821208
71.100000 1.802088
71.200000 1.783068
71.300000 1.764150
71.400000 1.745333
71.500000 1.726616
71.600000 1.708000
71.700000 1.689486
71.800000 1.671072
71.900000 1.652759
72.000000 1.634547
72.100000 1.616435
72.200000 1.598425
72.300000 1.580516
72.400000 1.562707
72.500000 1.545000
72.600000 1.527393
72.700000 1.509887
72.800000 1.492482
72.900000 1.475178
73.000000 1.457975
73.100000 1.440873
73.200000 1.423872
73.300000 1.406971
73.400000 1.390172
73.500000 1.373473
73.600000 1.356875
73.700000 1.340379
73.800000 1.323983
73.900000 1.307688
74.000000 1.291494
74.100000 1.275400
74.200000 1.259408
74.300000 1.243517
74.400000 1.227726
74.500000 1.212036
74.600000 1.196448
74.700000 1.180960
74.800000 1.165573
74.900000 1.150287
75.000000 1.135102
75.100000 1.120018
75.200000 1.105034
75.300000 1.090152
75.400000 1.075370
75.500000 1.060690
75.600000 1.046110
75.700000 1.031631
75.800000 1.017253
75.900000 1.002976
76.000000 0.988800
76.100000 0.974725
76.200000 0.960750
76.300000 0.946877
76.400000 0.933104
76.500000 0.919432
76.600000 0.905862
76.700000 0.892392
76.800000 0.879023
76.900000 0.865755
77.000000 0.852588
77.100000 0.839521
77.200000 0.826556
77.300000 0.813691
77.400000 0.800928
77.500000 0.788265
77.600000 0.775703
77.700000 0.763242
77.800000 0.750882
77.900000 0.738623
78.000000 0.726465
78.100000 0.714408
78.200000 0.702451
78.300000 0.690596
78.400000 0.678841
78.500000 0.667188
78.600000 0.655635
78.700000 0.644183
78.800000 0.632832
78.900000 0.621582
79.000000 0.610433
79.100000 0.599384
79.200000 0.588437
79.300000 0.577590
79.400000 0.566845
79.500000 0.556200
79.600000 0.545656
79.700000 0.535213
79.800000 0.524871
79.900000 0.514630
80.000000 0.504490
80.100000 0.494450
80.200000 0.484512
80.300000 0.474674
80.400000 0.464938
80.500000 0.455302
80.600000 0.445767
80.700000 0.436333
80.800000 0.427000
80.900000 0.417768
81.000000 0.408637
81.100000 0.399606
81.200000 0.390677
81.300000 0.381848
81.400000 0.373121
81.500000 0.364494
81.600000 0.355968
81.700000 0.347543
81.800000 0.339219
81.900000 0.330996
82.000000 0.322873
82.100000 0.314852
82.200000 0.306932
82.300000 0.299112
82.400000 0.291393
82.500000 0.283775
82.600000 0.276259
82.700000 0.268843
82.800000 0.261527
82.900000 0.254313
83.000000 0.247200
83.100000 0.240188
83.200000 0.233276
83.300000 0.226465
83.400000 0.219756
83.500000 0.213147
83.600000 0.206639
83.700000 0.200232
83.800000 0.193926
83.900000 0.187721
84.000000 0.181616
84.100000 0.175613
84.200000 0.169710
84.300000 0.163909
84.400000 0.158208
84.500000 0.152608
84.600000 0.147109
84.700000 0.141711
84.800000 0.136414
84.900000 0.131218
85.000000 0.126122
85.100000 0.121128
85.200000 0.116234
85.300000 0.111442
85.400000 0.106750
85.500000 0.102159
85.600000 0.097669
85.700000 0.093280
85.800000 0.088992
85.900000 0.084805
86.000000 0.080718
86.100000 0.076733
86.200000 0.072848
86.300000 0.069065
86.400000 0.065382
86.500000 0.061800
86.600000 0.058319
86.700000 0.054939
86.800000 0.051660
86.900000 0.048481
87.000000 0.045404
87.100000 0.042428
87.200000 0.039552
87.300000 0.036777
87.400000 0.034104
87.500000 0.031531
87.600000 0.029059
87.700000 0.026688
87.800000 0.024417
87.900000 0.022248
88.000000 0.020180
88.100000 0.018212
88.200000 0.016345
88.300000 0.014580
88.400000 0.012915
88.500000 0.011351
88.600000 0.009888
88.700000 0.008526
88.800000 0.007265
88.900000 0.006104
89.000000 0.005045
89.100000 0.004086
89.200000 0.003229
89.300000 0.002472
89.400000 0.001816
89.500000 0.001261
89.600000 0.000807
89.700000 0.000454
89.800000 0.000202
89.900000 0.000050
90.000000 0.000000
90.100000 0.000050
90.200000 0.000202
90.300000 0.000454
90.400000 0.000807
90.500000 0.001261
90.600000 0.001816
90.700000 0.002472
90.800000 0.003229
90.900000 0.004086
91.000000 0.005045
91.100000 0.006104
91.200000 0.007265
91.300000 0.008526
91.400000 0.009888
91.500000 0.011351
91.600000 0.012915
91.700000 0.014580
91.800000 0.016345
91.900000 0.018212
92.000000 0.020180
92.100000 0.022248
92.200000 0.024417
92.300000 0.026688
92.400000 0.029059
92.500000 0.031531
92.600000 0.034104
92.700000 0.036777
92.800000 0.039552
92.900000 0.042428
93.000000 0.045404
93.100000 0.048481
93.200000 0.051660
93.300000 0.054939
93.400000 0.058319
93.500000 0.061800
93.600000 0.065382
93.700000 0.069065
93.800000 0.072848
93.900000 0.076733
94.000000 0.080718
94.100000 0.084805
94.200000 0.088992
94.300000 0.093280
94.400000 0.097669
94.500000 0.102159
94.600000 0.106750
94.700000 0.111442
94.800000 0.116234
94.900000 0.121128
95.000000 0.126122
95.100000 0.131218
95.200000 0.136414
95.300000 0.141711
95.400000 0.147109
95.500000 0.152608
95.600000 0.158208
95.700000 0.163909
95.800000 0.169710
95.900000 0.175613
96.000000 0.181616
96.100000 0.187721
96.200000 0.193926
96.300000 0.200232
96.400000 0.206639
96.500000 0.213147
96.600000 0.219756
96.700000 0.226465
96.800000 0.233276
96.900000 0.240188
97.000000 0.247200
97.100000 0.254313
97.200000 0.261527
97.300000 0.268843
97.400000 0.276259
97.500000 0.283775
97.600000 0.291393
97.700000 0.299112
97.800000 0.306932
97.900000 0.314852
98.000000 0.322873
98.100000 0.330996
98.200000 0.339219
98.300000 0.347543
98.400000 0.355968
98.500000 0.364494
98.600000 0.373121
98.700000 0.381848
98.800000 0.390677
98.900000 0.399606
99.000000 0.408637
99.100000 0.417768
99.200000 0.427000
99.300000 0.436333
99.400000 0.445767
99.500000 0.455302
99.600000 0.464938
99.700000 0.474674
99.800000 0.484512
99.900000 0.494450
100.000000 0.504490
100.100000 0.514630
100.200000 0.524871
100.300000 0.535213
100.400000 0.545656
100.500000 0.556200
100.600000 0.566845
100.700000 0.577590
100.800000 0.588437
100.900000 0.599384
101.000000 0.610433
101.100000 0.621582
101.200000 0.632832
101.300000 0.644183
101.400000 0.655635
101.500000 0.667188
101.600000 0.678841
101.700000 0.690596
101.800000 0.702451
101.900000 0.714408
102.000000 0.726465
102.100000 0.738623
102.200000 0.750882
102.300000 0.763242
102.400000 0.775703
102.500000 0.788265
102.600000 0.800928
102.700000 0.813691
102.800000 0.826556
102.900000 0.839521
103.000000 0.852588
103.100000 0.865755
103.200000 0.879023
103.300000 0.892392
103.400000 0.905862
103.500000 0.919432
103.600000 0.933104
103.700000 0.946877
103.800000 0.960750
103.900000 0.974725
104.000000 0.988800
104.100000 1.002976
104.200000 1.017253
104.300000 1.031631
104.400000 1.046110
104.500000 1.060690
104.600000 1.075370
104.700000 1.090152
104.800000 1.105034
104.900000 1.120018
105.000000 1.135102
105.100000 1.150287
105.200000 1.165573
105.300000 1.180960
105.400000 1.196448
105.500000 1.212036
105.600000 1.227726
105.700000 1.243517
105.800000 1.259408
105.900000 1.275400
106.000000 1.291494
106.100000 1.307688
106.200000 1.323983
106.300000 1.340379
106.400000 1.356875
106.500000 1.373473
106.600000 1.390172
106.700000 1.406971
106.800000 1.423872
106.900000 1.440873
107.000000 1.457975
107.100000 1.475178
107.200000 1.492482
107.300000 1.509887
107.400000 1.527393
107.500000 1.545000
107.600000 1.562707
107.700000 1.580516
107.800000 1.598425
107.900000 1.616435
108.000000 1.634547
108.100000 1.652759
108.200000 1.671072
108.300000 1.689486
108.400000 1.708000
108.500000 1.726616
108.600000 1.745333
108.700000 1.764150
108.800000 1.783068
108.900000 1.802088
109.000000 1.821208
109.100000 1.840429
109.200000 1.859751
109.300000 1.879174
109.400000 1.898697
109.500000 1.918322
109.600000 1.938048
109.700000 1.957874
109.800000 1.977801
109.900000 1.997830
110.000000 2.017959
110.100000 2.038189
110.200000 2.058520
110.300000 2.078952
110.400000 2.099484
110.500000 2.120118
110.600000 2.140852
110.700000 2.161688
110.800000 2.182624
110.900000 2.203661
111.000000 2.224800
111.100000 2.246039
111.200000 2.267378
111.300000 2.288819
111.400000 2.310361
111.500000 2.332004
111.600000 2.353747
111.700000 2.375592
111.800000 2.397537
111.900000 2.419583
112.000000 2.441730
112.100000 2.463978
112.200000 2.486327
112.300000 2.508777
112.400000 2.531327
112.500000 2.553979
112.600000 2.576732
112.700000 2.599585
112.800000 2.622539
112.900000 2.645594
113.000000 2.668750
113.100000 2.692007
113.200000 2.715365
113.300000 2.738824
113.400000 2.762384
113.500000 2.786044
113.600000 2.809806
113.700000 2.833668
113.800000 2.857631
113.900000 2.881696
114.000000 2.905861
114.100000 2.930127
114.200000 2.954493
114.300000 2.978961
114.400000 3.003530
114.500000 3.028199
114.600000 3.052970
114.700000 3.077841
114.800000 3.102813
114.900000 3.127887
115.000000 3.153061
115.100000 3.178336
115.200000 3.203711
115.300000 3.229188
115.400000 3.254766
115.500000 3.280444
115.600000 3.306224
115.700000 3.332104
115.800000 3.358085
115.900000 3.384167
116.000000 3.410350
116.100000 3.436634
116.200000 3.463019
116.300000 3.489505
116.400000 3.516091
116.500000 3.542779
116.600000 3.569567
116.700000 3.596457
116.800000 3.623447
116.900000 3.650538
117.000000 3.677730
117.100000 3.705023
117.200000 3.732417
117.300000 3.759911
117.400000 3.787507
117.500000 3.815203
117.600000 3.843001
117.700000 3.870899
117.800000 3.898898
117.900000 3.926998
118.000000 3.955199
118.100000 3.983501
118.200000 4.011904
118.300000 4.040408
118.400000 4.069012
118.500000 4.097718
118.600000 4.126524
118.700000 4.155431
118.800000 4.184439
118.900000 4.213548
119.000000 4.242758
119.100000 4.272069
119.200000 4.301481
119.300000 4.330994
119.400000 4.360607
119.500000 4.390322
119.600000 4.420137
119.700000 4.450053
119.800000 4.480070
119.900000 4.510188
120.000000 4.540407
120.100000 4.570727
120.200000 4.601148
120.300000 4.631669
120.400000 4.662292
120.500000 4.693015
120.600000 4.723840
120.700000 4.754765
120.800000 4.785791
120.900000 4.816918
121.000000 4.848146
121.100000 4.879475
121.200000 4.910904
121.300000 4.942435
121.400000 4.974067
121.500000 5.005799
121.600000 5.037632
121.700000 5.069567
121.800000 5.101602
121.900000 5.133738
122.000000 5.165974
122.100000 5.198312
122.200000 5.230751
122.300000 5.263291
122.400000 5.295931
122.500000 5.328672
122.600000 5.361515
122.700000 5.394458
122.800000 5.427502
122.900000 5.460647
123.000000 5.493893
123.100000 5.527240
123.200000 5.560687
123.300000 5.594236
123.400000 5.627885
123.500000 5.661636
123.600000 5.695487
123.700000 5.729439
123.800000 5.763492
123.900000 5.797646
124.000000 5.831901
124.100000 5.866257
124.200000 5.900713
124.300000 5.935271
124.400000 5.969929
124.500000 6.004689
124.600000 6.039549
124.700000 6.074510
124.800000 6.109572
124.900000 6.144735
125.000000 6.179999
125.100000 6.215364
125.200000 6.250829
125.300000 6.286396
125.400000 6.322063
125.500000 6.357831
125.600000 6.393701
125.700000 6.429671
125.800000 6.465742
125.900000 6.501914
126.000000 6.538186
126.100000 6.574560
126.200000 6.611035
126.300000 6.647610
126.400000 6.684287
126.500000 6.721064
126.600000 6.757942
126.700000 6.794921
126.800000 6.832001
126.900000 6.869182
127.000000 6.906464
127.100000 6.943847
127.200000 6.981330
127.300000 7.018915
127.400000 7.056600
127.500000 7.094386
127.600000 7.132274
127.700000 7.170262
127.800000 7.208351
127.900000 7.246540
128.000000 7.284831
128.100000 7.323223
128.200000 7.361715
128.300000 7.400309
128.400000 7.439003
128.500000 7.477799
128.600000 7.516695
128.700000 7.555692
128.800000 7.594790
128.900000 7.633989
129.000000 7.673288
129.100000 7.712689
129.200000 7.752190
129.300000 7.791793
129.400000 7.831496
129.500000 7.871300
129.600000 7.911206
129.700000 7.951212
129.800000 7.991319
129.900000 8.031526
130.000000 8.071835
130.100000 8.112245
130.200000 8.152755
130.300000 8.193367
130.400000 8.234079
130.500000 8.274892
130.600000 8.315806
130.700000 8.356821
130.800000 8.397937
130.900000 8.439154
131.000000 8.480472
131.100000 8.521890
131.200000 8.563410
131.300000 8.605030
131.400000 8.646752
131.500000 8.688574
131.600000 8.730497
131.700000 8.772521
131.800000 8.814646
131.900000 8.856872
132.000000 8.899198
132.100000 8.941626
132.200000 8.984154
132.300000 9.026784
132.400000 9.069514
132.500000 9.112345
132.600000 9.155277
132.700000 9.198310
132.800000 9.241444
132.900000 9.284679
133.000000 9.328014
133.100000 9.371451
133.200000 9.414989
133.300000 9.458627
133.400000 9.502366
133.500000 9.546206
133.600000 9.590147
133.700000 9.634189
133.800000 9.678332
133.900000 9.722576
134.000000 9.766921
134.100000 9.811366
134.200000 9.855912
134.300000 9.900560
134.400000 9.945308
134.500000 9.990157
134.600000 10.035107
134.700000 10.080158
134.800000 10.125310
134.900000 10.170563
135.000000 10.215916
135.100000 10.261371
135.200000 10.306926
135.300000 10.352583
135.400000 10.398340
135.500000 10.444198
135.600000 10.490157
135.700000 10.536217
135.800000 10.582378
135.900000 10.628639
136.000000 10.675002
136.100000 10.721465
136.200000 10.768030
136.300000 10.814695
136.400000 10.861461
136.500000 10.908328
136.600000 10.955296
136.700000 11.002365
136.800000 11.049535
136.900000 11.096806
137.000000 11.144177
137.100000 11.191650
137.200000 11.239223
137.300000 11.286898
137.400000 11.334673
137.500000 11.382549
137.600000 11.430526
137.700000 11.478604
137.800000 11.526782
137.900000 11.575062
138.000000 11.623443
138.100000 11.671924
138.200000 11.720506
138.300000 11.769190
138.400000 11.817974
138.500000 11.866859
138.600000 11.915845
138.700000 11.964932
138.800000 12.014119
138.900000 12.063408
139.000000 12.112798
139.100000 12.162288
139.200000 12.211879
139.300000 12.261572
139.400000 12.311365
139.500000 12.361259
139.600000 12.411254
139.700000 12.461350
139.800000 12.511546
139.900000 12.561844
140.000000 12.612242
140.100000 12.662742
140.200000 12.713342
140.300000 12.764043
140.400000 12.814845
140.500000 12.865748
140.600000 12.916752
140.700000 12.967857
140.800000 13.019063
140.900000 13.070369
141.000000 13.121777
141.100000 13.173285
141.200000 13.224895
141.300000 13.276605
141.400000 13.328416
141.500000 13.380328
141.600000 13.432341
141.700000 13.484455
141.800000 13.536669
141.900000 13.588985
142.000000 13.641401
142.100000 13.693919
142.200000 13.746537
142.300000 13.799256
142.400000 13.852076
142.500000 13.904997
142.600000 13.958019
142.700000 14.011142
142.800000 14.064366
142.900000 14.117690
143.000000 14.171116
143.100000 14.224642
143.200000 14.278269
143.300000 14.331997
143.400000 14.385826
143.500000 14.439756
143.600000 14.493787
143.700000 14.547919
143.800000 14.602152
143.900000 14.656485
144.000000 14.710920
144.100000 14.765455
144.200000 14.820091
144.300000 14.874828
144.400000 14.929666
144.500000 14.984605
144.600000 15.039645
144.700000 15.094786
144.800000 15.150027
144.900000 15.205370
145.000000 15.260813
145.100000 15.316358
145.200000 15.372003
145.300000 15.427749
145.400000 15.483596
145.500000 15.539544
145.600000 15.595593
145.700000 15.651742
145.800000 15.707993
145.900000 15.764344
146.000000 15.820797
146.100000 15.877350
146.200000 15.934004
146.300000 15.990759
146.400000 16.047615
146.500000 16.104572
146.600000 16.161630
146.700000 16.218789
146.800000 16.276048
146.900000 16.333409
147.000000 16.390870
147.100000 16.448432
147.200000 16.506096
147.300000 16.563860
147.400000 16.621725
147.500000 16.679691
147.600000 16.737757
147.700000 16.795925
147.800000 16.854194
147.900000 16.912563
148.000000 16.971033
148.100000 17.029605
148.200000 17.088277
148.300000 17.147050
148.400000 17.205924
148.500000 17.264899
148.600000 17.323974
148.700000 17.383151
148.800000 17.442429
148.900000 17.501807
149.000000 17.561286
149.100000 17.620867
149.200000 17.680548
149.300000 17.740330
149.400000 17.800213
149.500000 17.860196
149.600000 17.920281
149.700000 17.980467
149.800000 18.040753
149.900000 18.101141
150.000000 18.161629
150.100000 18.222218
150.200000 18.282908
150.300000 18.343699
150.400000 18.404591
150.500000 18.465584
150.600000 18.526678
150.700000 18.587872
150.800000 18.649168
150.900000 18.710564
151.000000 18.772062
151.100000 18.833660
151.200000 18.895359
151.300000 18.957159
151.400000 19.019060
151.500000 19.081062
151.600000 19.143164
151.700000 19.205368
151.800000 19.267672
151.900000 19.330078
152.000000 19.392584
152.100000 19.455191
152.200000 19.517899
152.300000 19.580708
152.400000 19.643618
152.500000 19.706629
152.600000 19.769740
152.700000 19.832953
152.800000 19.896266
152.900000 19.959681
153.000000 20.023196
153.100000 20.086812
153.200000 20.150529
153.300000 20.214347
153.400000 20.278266
153.500000 20.342286
153.600000 20.406406
153.700000 20.470628
153.800000 20.534950
153.900000 20.599374
154.000000 20.663898
154.100000 20.728523
154.200000 20.793249
154.300000 20.858076
154.400000 20.923004
154.500000 20.988033
154.600000 21.053162
154.700000 21.118393
154.800000 21.183724
154.900000 21.249156
155.000000 21.314690
155.100000 21.380324
155.200000 21.446059
155.300000 21.511895
155.400000 21.577831
155.500000 21.643869
155.600000 21.710008
155.700000 21.776247
155.800000 21.842588
155.900000 21.909029
156.000000 21.975571
156.100000 22.042214
156.200000 22.108958
156.300000 22.175803
156.400000 22.242749
156.500000 22.309796
156.600000 22.376943
156.700000 22.444192
156.800000 22.511541
156.900000 22.578991
157.000000 22.646542
157.100000 22.714195
157.200000 22.781947
157.300000 22.849801
157.400000 22.917756
157.500000 22.985812
157.600000 23.053968
157.700000 23.122226
157.800000 23.190584
157.900000 23.259043
158.000000 23.327604
158.100000 23.396265
158.200000 23.465027
158.300000 23.533889
158.400000 23.602853
158.500000 23.671918
158.600000 23.741083
158.700000 23.810350
158.800000 23.879717
158.900000 23.949185
159.000000 24.018754
159.100000 24.088424
159.200000 24.158195
159.300000 24.228067
159.400000 24.298040
159.500000 24.368114
159.600000 24.438288
159.700000 24.508563
159.800000 24.578940
159.900000 24.649417
160.000000 24.719995
160.100000 24.790674
160.200000 24.861454
160.300000 24.932335
160.400000 25.003317
160.500000 25.074399
160.600000 25.145583
160.700000 25.216867
160.800000 25.288252
160.900000 25.359738
161.000000 25.431326
161.100000 25.503014
161.200000 25.574802
161.300000 25.646692
161.400000 25.718683
161.500000 25.790774
161.600000 25.862967
161.700000 25.935260
161.800000 26.007655
161.900000 26.080150
162.000000 26.152746
162.100000 26.225443
162.200000 26.298241
162.300000 26.371139
162.400000 26.444139
162.500000 26.517240
162.600000 26.590441
162.700000 26.663743
162.800000 26.737147
162.900000 26.810651
163.000000 26.884256
163.100000 26.957962
163.200000 27.031769
163.300000 27.105676
163.400000 27.179685
163.500000 27.253795
163.600000 27.328005
163.700000 27.402316
163.800000 27.476729
163.900000 27.551242
164.000000 27.625856
164.100000 27.700571
164.200000 27.775386
164.300000 27.850303
164.400000 27.925321
164.500000 28.000439
164.600000 28.075659
164.700000 28.150979
164.800000 28.226400
164.900000 28.301922
165.000000 28.377545
165.100000 28.453269
165.200000 28.529094
165.300000 28.605020
165.400000 28.681046
165.500000 28.757174
165.600000 28.833402
165.700000 28.909732
165.800000 28.986162
165.900000 29.062693
166.000000 29.139325
166.100000 29.216058
166.200000 29.292892
166.300000 29.369826
166.400000 29.446862
166.500000 29.523998
166.600000 29.601236
166.700000 29.678574
166.800000 29.756013
166.900000 29.833553
167.000000 29.911194
167.100000 29.988936
167.200000 30.066779
167.300000 30.144722
167.400000 30.222767
167.500000 30.300912
167.600000 30.379159
167.700000 30.457506
167.800000 30.535954
167.900000 30.614503
168.000000 30.693153
168.100000 30.771904
168.200000 30.850756
168.300000 30.929708
168.400000 31.008762
168.500000 31.087916
168.600000 31.167172
168.700000 31.246528
168.800000 31.325985
168.900000 31.405543
169.000000 31.485202
169.100000 31.564962
169.200000 31.644822
169.300000 31.724784
169.400000 31.804847
169.500000 31.885010
169.600000 31.965274
169.700000 32.045640
169.800000 32.126106
169.900000 32.206673
170.000000 32.287341
170.100000 32.368109
170.200000 32.448979
170.300000 32.529950
170.400000 32.611021
170.500000 32.692194
170.600000 32.773467
170.700000 32.854841
170.800000 32.936316
170.900000 33.017892
171.000000 33.099569
171.100000 33.181347
171.200000 33.263225
171.300000 33.345205
171.400000 33.427285
171.500000 33.509467
171.600000 33.591749
171.700000 33.674132
171.800000 33.756616
171.900000 33.839201
172.000000 33.921887
172.100000 34.004674
172.200000 34.087562
172.300000 34.170550
172.400000 34.253640
172.500000 34.336830
172.600000 34.420121
172.700000 34.503513
172.800000 34.587006
172.900000 34.670600
173.000000 34.754295
173.100000 34.838091
173.200000 34.921988
173.300000 35.005985
173.400000 35.090083
173.500000 35.174283
173.600000 35.258583
173.700000 35.342984
173.800000 35.427486
173.900000 35.512089
174.000000 35.596793
174.100000 35.681598
174.200000 35.766503
174.300000 35.851510
174.400000 35.936617
174.500000 36.021826
174.600000 36.107135
174.700000 36.192545
174.800000 36.278056
174.900000 36.363668
175.000000 36.449381
175.100000 36.535194
175.200000 36.621109
175.300000 36.707124
175.400000 36.793241
175.500000 36.879458
175.600000 36.965776
175.700000 37.052195
175.800000 37.138715
175.900000 37.225336
176.000000 37.312058
176.100000 37.398881
176.200000 37.485804
176.300000 37.572829
176.400000 37.659954
176.500000 37.747180
176.600000 37.834507
176.700000 37.921936
176.800000 38.009464
176.900000 38.097094
177.000000 38.184825
177.100000 38.272657
177.200000 38.360589
177.300000 38.448623
177.400000 38.536757
177.500000 38.624992
177.600000 38.713328
177.700000 38.801766
177.800000 38.890303
177.900000 38.978942
178.000000 39.067682
178.100000 39.156523
178.200000 39.245464
178.300000 39.334507
178.400000 39.423650
178.500000 39.512894
178.600000 39.602239
178.700000 39.691685
178.800000 39.781232
178.900000 39.870880
179.000000 39.960629
179.100000 40.050478
179.200000 40.140429
179.300000 40.230480
179.400000 40.320633
179.500000 40.410886
179.600000 40.501240
179.700000 40.591695
179.800000 40.682251
179.900000 40.772908
180.000000 40.863665
180.100000 40.954524
180.200000 41.045483
180.300000 41.136544
180.400000 41.227705
180.500000 41.318967
180.600000 41.410330
180.700000 41.501794
180.800000 41.593359
180.900000 41.685025
181.000000 41.776792
