0.000000 50.998718
0.100000 50.885451
0.200000 50.772309
0.300000 50.659293
0.400000 50.546404
0.500000 50.433640
0.600000 50.321002
0.700000 50.208490
0.800000 50.096104
0.900000 49.983844
1.000000 49.871709
1.100000 49.759701
1.200000 49.647819
1.300000 49.536062
1.400000 49.424432
1.500000 49.312927
1.600000 49.201549
1.700000 49.090296
1.800000 48.979169
1.900000 48.868168
2.000000 48.757293
2.100000 48.646544
2.200000 48.535921
2.300000 48.425424
2.400000 48.315052
2.500000 48.204807
2.600000 48.094687
2.700000 47.984694
2.800000 47.874826
2.900000 47.765085
3.000000 47.655469
3.100000 47.545979
3.200000 47.436615
3.300000 47.327377
3.400000 47.218265
3.500000 47.109279
3.600000 47.000419
3.700000 46.891684
3.800000 46.783076
3.900000 46.674594
4.000000 46.566237
4.100000 46.458006
4.200000 46.349902
4.300000 46.241923
4.400000 46.134070
4.500000 46.026343
4.600000 45.918742
4.700000 45.811267
4.800000 45.703918
4.900000 45.596695
5.000000 45.489597
5.100000 45.382626
5.200000 45.275781
5.300000 45.169061
5.400000 45.062467
5.500000 44.956000
5.600000 44.849658
5.700000 44.743442
5.800000 44.637352
5.900000 44.531388
6.000000 44.425550
6.100000 44.319838
6.200000 44.214252
6.300000 44.108791
6.400000 44.003457
6.500000 43.898249
6.600000 43.793166
6.700000 43.688209
6.800000 43.583379
6.900000 43.478674
7.000000 43.374095
7.100000 43.269642
7.200000 43.165315
7.300000 43.061114
7.400000 42.957039
7.500000 42.853090
7.600000 42.749266
7.700000 42.645569
7.800000 42.541997
7.900000 42.438552
8.000000 42.335232
8.100000 42.232039
8.200000 42.128971
8.300000 42.026029
8.400000 41.923213
8.500000 41.820523
8.600000 41.717959
8.700000 41.615521
8.800000 41.513208
8.900000 41.411022
9.000000 41.308962
9.100000 41.207027
9.200000 41.105219
9.300000 41.003536
9.400000 40.901979
9.500000 40.800549
9.600000 40.699244
9.700000 40.598065
9.800000 40.497012
9.900000 40.396085
10.000000 40.295284
10.100000 40.194608
10.200000 40.094059
10.300000 39.993636
10.400000 39.893338
10.500000 39.793167
10.600000 39.693121
10.700000 39.593201
10.800000 39.493407
10.900000 39.393740
11.000000 39.294198
11.100000 39.194782
11.200000 39.095491
11.300000 38.996327
11.400000 38.897289
11.500000 38.798377
11.600000 38.699590
11.700000 38.600930
11.800000 38.502395
11.900000 38.403987
12.000000 38.305704
12.100000 38.207547
12.200000 38.109516
12.300000 38.011611
12.400000 37.913832
12.500000 37.816179
12.600000 37.718652
12.700000 37.621251
12.800000 37.523975
12.900000 37.426826
13.000000 37.329803
13.100000 37.232905
13.200000 37.136133
13.300000 37.039488
13.400000 36.942968
13.500000 36.846574
13.600000 36.750306
13.700000 36.654164
13.800000 36.558148
13.900000 36.462258
14.000000 36.366493
14.100000 36.270855
14.200000 36.175343
14.300000 36.079956
14.400000 35.984696
14.500000 35.889561
14.600000 35.794552
14.700000 35.699669
14.800000 35.604913
14.900000 35.510282
15.000000 35.415777
15.100000 35.321397
15.200000 35.227144
15.300000 35.133017
15.400000 35.039016
15.500000 34.945140
15.600000 34.851391
15.700000 34.757767
15.800000 34.664269
15.900000 34.570898
16.000000 34.477652
16.100000 34.384532
16.200000 34.291538
16.300000 34.198670
16.400000 34.105928
16.500000 34.013312
16.600000 33.920822
16.700000 33.828457
16.800000 33.736219
16.900000 33.644106
17.000000 33.552120
17.100000 33.460259
17.200000 33.368524
17.300000 33.276915
17.400000 33.185433
17.500000 33.094076
17.600000 33.002845
17.700000 32.911739
17.800000 32.820760
17.900000 32.729907
18.000000 32.639180
18.100000 32.548578
18.200000 32.458103
18.300000 32.367753
18.400000 32.277529
18.500000 32.187432
18.600000 32.097460
18.700000 32.007614
18.800000 31.917894
18.900000 31.828300
19.000000 31.738832
19.100000 31.649490
19.200000 31.560273
19.300000 31.471183
19.400000 31.382219
19.500000 31.293380
19.600000 31.204668
19.700000 31.116081
19.800000 31.027620
19.900000 30.939285
20.000000 30.851076
20.100000 30.762993
20.200000 30.675036
20.300000 30.587205
20.400000 30.499500
20.500000 30.411921
20.600000 30.324467
20.700000 30.237140
20.800000 30.149939
20.900000 30.062863
21.000000 29.975913
21.100000 29.889090
21.200000 29.802392
21.300000 29.715820
21.400000 29.629374
21.500000 29.543054
21.600000 29.456860
21.700000 29.370791
21.800000 29.284849
21.900000 29.199033
22.000000 29.113342
22.100000 29.027778
22.200000 28.942339
22.300000 28.857027
22.400000 28.771840
22.500000 28.686779
22.600000 28.601844
22.700000 28.517035
22.800000 28.432352
22.900000 28.347795
23.000000 28.263364
23.100000 28.179058
23.200000 28.094879
23.300000 28.010826
23.400000 27.926898
23.500000 27.843096
23.600000 27.759421
23.700000 27.675871
23.800000 27.592447
23.900000 27.509149
24.000000 27.425977
24.100000 27.342931
24.200000 27.260011
24.300000 27.177217
24.400000 27.094549
24.500000 27.012006
24.600000 26.929590
24.700000 26.847299
24.800000 26.765135
24.900000 26.683096
25.000000 26.601183
25.100000 26.519396
25.200000 26.437736
25.300000 26.356201
25.400000 26.274791
25.500000 26.193508
25.600000 26.112351
25.700000 26.031320
25.800000 25.950414
25.900000 25.869635
26.000000 25.788981
26.100000 25.708454
26.200000 25.628052
26.300000 25.547776
26.400000 25.467627
26.500000 25.387603
26.600000 25.307705
26.700000 25.227933
26.800000 25.148286
26.900000 25.068766
27.000000 24.989372
27.100000 24.910104
27.200000 24.830961
27.300000 24.751945
27.400000 24.673054
27.500000 24.594289
27.600000 24.515650
27.700000 24.437138
27.800000 24.358751
27.900000 24.280490
28.000000 24.202355
28.100000 24.124346
28.200000 24.046462
28.300000 23.968705
28.400000 23.891074
28.500000 23.813568
28.600000 23.736189
28.700000 23.658935
28.800000 23.581807
28.900000 23.504806
29.000000 23.427930
29.100000 23.351180
29.200000 23.274556
29.300000 23.198058
29.400000 23.121686
29.500000 23.045439
29.600000 22.969319
29.700000 22.893325
29.800000 22.817456
29.900000 22.741714
30.000000 22.666097
30.100000 22.590606
30.200000 22.515242
30.300000 22.440003
30.400000 22.364890
30.500000 22.289903
30.600000 22.215042
30.700000 22.140306
30.800000 22.065697
30.900000 21.991214
31.000000 21.916857
31.100000 21.842625
31.200000 21.768520
31.300000 21.694540
31.400000 21.620686
31.500000 21.546958
31.600000 21.473357
31.700000 21.399881
31.800000 21.326531
31.900000 21.253307
32.000000 21.180208
32.100000 21.107236
32.200000 21.034390
32.300000 20.961669
32.400000 20.889075
32.500000 20.816606
32.600000 20.744264
32.700000 20.672047
32.800000 20.599956
32.900000 20.527991
33.000000 20.456153
33.100000 20.384440
33.200000 20.312852
33.300000 20.241391
33.400000 20.170056
33.500000 20.098847
33.600000 20.027763
33.700000 19.956806
33.800000 19.885974
33.900000 19.815269
34.000000 19.744689
34.100000 19.674235
34.200000 19.603907
34.300000 19.533705
34.400000 19.463629
34.500000 19.393679
34.600000 19.323855
34.700000 19.254157
34.800000 19.184584
34.900000 19.115138
35.000000 19.045818
35.100000 18.976623
35.200000 18.907554
35.300000 18.838612
35.400000 18.769795
35.500000 18.701104
35.600000 18.632539
35.700000 18.564100
35.800000 18.495787
35.900000 18.427600
36.000000 18.359539
36.100000 18.291603
36.200000 18.223794
36.300000 18.156110
36.400000 18.088553
36.500000 18.021121
36.600000 17.953815
36.700000 17.886636
36.800000 17.819582
36.900000 17.752654
37.000000 17.685852
37.100000 17.619176
37.200000 17.552626
37.300000 17.486201
37.400000 17.419903
37.500000 17.353731
37.600000 17.287684
37.700000 17.221763
37.800000 17.155969
37.900000 17.090300
38.000000 17.024757
38.100000 16.959340
38.200000 16.894049
38.300000 16.828884
38.400000 16.763845
38.500000 16.698932
38.600000 16.634145
38.700000 16.569484
38.800000 16.504948
38.900000 16.440539
39.000000 16.376255
39.100000 16.312097
39.200000 16.248066
39.300000 16.184160
39.400000 16.120380
39.500000 16.056726
39.600000 15.993198
39.700000 15.929796
39.800000 15.866520
39.900000 15.803369
40.000000 15.740345
40.100000 15.677447
40.200000 15.614674
40.300000 15.552028
40.400000 15.489507
40.500000 15.427112
40.600000 15.364843
40.700000 15.302701
40.800000 15.240684
40.900000 15.178793
41.000000 15.117027
41.100000 15.055388
41.200000 14.993875
41.300000 14.932488
41.400000 14.871226
41.500000 14.810091
41.600000 14.749081
41.700000 14.688197
41.800000 14.627440
41.900000 14.566808
42.000000 14.506302
42.100000 14.445922
42.200000 14.385668
42.300000 14.325540
42.400000 14.265538
42.500000 14.205661
42.600000 14.145911
42.700000 14.086287
42.800000 14.026788
42.900000 13.967416
43.000000 13.908169
43.100000 13.849048
43.200000 13.790053
43.300000 13.731185
43.400000 13.672442
43.500000 13.613824
43.600000 13.555333
43.700000 13.496968
43.800000 13.438729
43.900000 13.380616
44.000000 13.322628
44.100000 13.264767
44.200000 13.207031
44.300000 13.149421
44.400000 13.091938
44.500000 13.034580
44.600000 12.977348
44.700000 12.920242
44.800000 12.863262
44.900000 12.806408
45.000000 12.749680
45.100000 12.693077
45.200000 12.636601
45.300000 12.580250
45.400000 12.524026
45.500000 12.467927
45.600000 12.411955
45.700000 12.356108
45.800000 12.300387
45.900000 12.244792
46.000000 12.189323
46.100000 12.133980
46.200000 12.078763
46.300000 12.023672
46.400000 11.968707
46.500000 11.913867
46.600000 11.859154
46.700000 11.804566
46.800000 11.750105
46.900000 11.695769
47.000000 11.641559
47.100000 11.587475
47.200000 11.533518
47.300000 11.479686
47.400000 11.425979
47.500000 11.372399
47.600000 11.318945
47.700000 11.265617
47.800000 11.212414
47.900000 11.159338
48.000000 11.106388
48.100000 11.053563
48.200000 11.000864
48.300000 10.948291
48.400000 10.895845
48.500000 10.843524
48.600000 10.791329
48.700000 10.739260
48.800000 10.687317
48.900000 10.635499
49.000000 10.583808
49.100000 10.532243
49.200000 10.480803
49.300000 10.429490
49.400000 10.378302
49.500000 10.327240
49.600000 10.276305
49.700000 10.225495
49.800000 10.174811
49.900000 10.124253
50.000000 10.073821
50.100000 10.023515
50.200000 9.973335
50.300000 9.923280
50.400000 9.873352
50.500000 9.823549
50.600000 9.773873
50.700000 9.724322
50.800000 9.674898
50.900000 9.625599
51.000000 9.576426
51.100000 9.527379
51.200000 9.478458
51.300000 9.429663
51.400000 9.380994
51.500000 9.332451
51.600000 9.284033
51.700000 9.235742
51.800000 9.187576
51.900000 9.139537
52.000000 9.091623
52.100000 9.043836
52.200000 8.996174
52.300000 8.948638
52.400000 8.901228
52.500000 8.853944
52.600000 8.806786
52.700000 8.759754
52.800000 8.712848
52.900000 8.666067
53.000000 8.619413
53.100000 8.572885
53.200000 8.526482
53.300000 8.480205
53.400000 8.434055
53.500000 8.388030
53.600000 8.342131
53.700000 8.296358
53.800000 8.250711
53.900000 8.205190
54.000000 8.159795
54.100000 8.114526
54.200000 8.069382
54.300000 8.024365
54.400000 7.979474
54.500000 7.934708
54.600000 7.890068
54.700000 7.845555
54.800000 7.801167
54.900000 7.756905
55.000000 7.712769
55.100000 7.668759
55.200000 7.624875
55.300000 7.581117
55.400000 7.537485
55.500000 7.493978
55.600000 7.450598
55.700000 7.407343
55.800000 7.364215
55.900000 7.321212
56.000000 7.278336
56.100000 7.235585
56.200000 7.192960
56.300000 7.150461
56.400000 7.108088
56.500000 7.065841
56.600000 7.023720
56.700000 6.981725
56.800000 6.939855
56.900000 6.898112
57.000000 6.856494
57.100000 6.815003
57.200000 6.773637
57.300000 6.732397
57.400000 6.691284
57.500000 6.650296
57.600000 6.609434
57.700000 6.568698
57.800000 6.528088
57.900000 6.487604
58.000000 6.447245
58.100000 6.407013
58.200000 6.366907
58.300000 6.326926
58.400000 6.287072
58.500000 6.247343
58.600000 6.207740
58.700000 6.168263
58.800000 6.128913
58.900000 6.089688
59.000000 6.050589
59.100000 6.011616
59.200000 5.972768
59.300000 5.934047
59.400000 5.895452
59.500000 5.856982
59.600000 5.818639
59.700000 5.780421
59.800000 5.742330
59.900000 5.704364
60.000000 5.666524
60.100000 5.628810
60.200000 5.591222
60.300000 5.553760
60.400000 5.516424
60.500000 5.479214
60.600000 5.442130
60.700000 5.405172
60.800000 5.368339
60.900000 5.331633
61.000000 5.295052
61.100000 5.258597
61.200000 5.222269
61.300000 5.186066
61.400000 5.149989
61.500000 5.114038
61.600000 5.078213
61.700000 5.042514
61.800000 5.006941
61.900000 4.971494
62.000000 4.936172
62.100000 4.900977
62.200000 4.865907
62.300000 4.830964
62.400000 4.796146
62.500000 4.761454
62.600000 4.726889
62.700000 4.692449
62.800000 4.658135
62.900000 4.623947
63.000000 4.589885
63.100000 4.555948
63.200000 4.522138
63.300000 4.488454
63.400000 4.454895
63.500000 4.421463
63.600000 4.388156
63.700000 4.354976
63.800000 4.321921
63.900000 4.288992
64.000000 4.256189
64.100000 4.223512
64.200000 4.190961
64.300000 4.158536
64.400000 4.126237
64.500000 4.094064
64.600000 4.062016
64.700000 4.030095
64.800000 3.998300
64.900000 3.966630
65.000000 3.935086
65.100000 3.903669
65.200000 3.872377
65.300000 3.841211
65.400000 3.810171
65.500000 3.779257
65.600000 3.748469
65.700000 3.717807
65.800000 3.687270
65.900000 3.656860
66.000000 3.626576
66.100000 3.596417
66.200000 3.566384
66.300000 3.536478
66.400000 3.506697
66.500000 3.477042
66.600000 3.447513
66.700000 3.418110
66.800000 3.388833
66.900000 3.359682
67.000000 3.330657
67.100000 3.301758
67.200000 3.272984
67.300000 3.244337
67.400000 3.215815
67.500000 3.187420
67.600000 3.159150
67.700000 3.131006
67.800000 3.102989
67.900000 3.075097
68.000000 3.047331
68.100000 3.019691
68.200000 2.992177
68.300000 2.964788
68.400000 2.937526
68.500000 2.910390
68.600000 2.883379
68.700000 2.856495
68.800000 2.829736
68.900000 2.803104
69.000000 2.776597
69.100000 2.750216
69.200000 2.723961
69.300000 2.697832
69.400000 2.671829
69.500000 2.645952
69.600000 2.620201
69.700000 2.594576
69.800000 2.569076
69.900000 2.543703
70.000000 2.518455
70.100000 2.493334
70.200000 2.468338
70.300000 2.443468
70.400000 2.418724
70.500000 2.394106
70.600000 2.369615
70.700000 2.345248
70.800000 2.321008
70.900000 2.296894
71.000000 2.272906
71.100000 2.249043
71.200000 2.225307
71.300000 2.201697
71.400000 2.178212
71.500000 2.154853
71.600000 2.131620
71.700000 2.108514
71.800000 2.085533
71.900000 2.062678
72.000000 2.039949
72.100000 2.017346
72.200000 1.994868
72.300000 1.972517
72.400000 1.950292
72.500000 1.928192
72.600000 1.906219
72.700000 1.884371
72.800000 1.862649
72.900000 1.841054
73.000000 1.819584
73.100000 1.798240
73.200000 1.777022
73.300000 1.755930
73.400000 1.734964
73.500000 1.714124
73.600000 1.693409
73.700000 1.672821
73.800000 1.652358
73.900000 1.632022
74.000000 1.611811
74.100000 1.591727
74.200000 1.571768
74.300000 1.551935
74.400000 1.532228
74.500000 1.512647
74.600000 1.493192
74.700000 1.473863
74.800000 1.454660
74.900000 1.435582
75.000000 1.416631
75.100000 1.397806
75.200000 1.379106
75.300000 1.360532
75.400000 1.342085
75.500000 1.323763
75.600000 1.305567
75.700000 1.287497
75.800000 1.269553
75.900000 1.251735
76.000000 1.234043
76.100000 1.216477
76.200000 1.199037
76.300000 1.181722
76.400000 1.164534
76.500000 1.147471
76.600000 1.130535
76.700000 1.113724
76.800000 1.097039
76.900000 1.080480
77.000000 1.064047
77.100000 1.047740
77.200000 1.031559
77.300000 1.015504
77.400000 0.999575
77.500000 0.983772
77.600000 0.968094
77.700000 0.952543
77.800000 0.937117
77.900000 0.921818
78.000000 0.906644
78.100000 0.891596
78.200000 0.876674
78.300000 0.861878
78.400000 0.847208
78.500000 0.832664
78.600000 0.818246
78.700000 0.803954
78.800000 0.789788
78.900000 0.775747
79.000000 0.761833
79.100000 0.748044
79.200000 0.734382
79.300000 0.720845
79.400000 0.707434
79.500000 0.694149
79.600000 0.680990
79.700000 0.667957
79.800000 0.655050
79.900000 0.642269
80.000000 0.629614
80.100000 0.617084
80.200000 0.604681
80.300000 0.592404
80.400000 0.580252
80.500000 0.568226
80.600000 0.556327
80.700000 0.544553
80.800000 0.532905
80.900000 0.521383
81.000000 0.509987
81.100000 0.498717
81.200000 0.487573
81.300000 0.476555
81.400000 0.465662
81.500000 0.454896
81.600000 0.444256
81.700000 0.433741
81.800000 0.423352
81.900000 0.413090
82.000000 0.402953
82.100000 0.392942
82.200000 0.383057
82.300000 0.373298
82.400000 0.363665
82.500000 0.354158
82.600000 0.344777
82.700000 0.335521
82.800000 0.326392
82.900000 0.317388
83.000000 0.308511
83.100000 0.299759
83.200000 0.291133
83.300000 0.282634
83.400000 0.274260
83.500000 0.266012
83.600000 0.257890
83.700000 0.249894
83.800000 0.242024
83.900000 0.234279
84.000000 0.226661
84.100000 0.219169
84.200000 0.211802
84.300000 0.204562
84.400000 0.197447
84.500000 0.190458
84.600000 0.183595
84.700000 0.176859
84.800000 0.170248
84.900000 0.163763
85.000000 0.157403
85.100000 0.151170
85.200000 0.145063
85.300000 0.139082
85.400000 0.133226
85.500000 0.127497
85.600000 0.121893
85.700000 0.116416
85.800000 0.111064
85.900000 0.105838
86.000000 0.100738
86.100000 0.095764
86.200000 0.090916
86.300000 0.086194
86.400000 0.081598
86.500000 0.077128
86.600000 0.072783
86.700000 0.068565
86.800000 0.064472
86.900000 0.060506
87.000000 0.056665
87.100000 0.052951
87.200000 0.049362
87.300000 0.045899
87.400000 0.042562
87.500000 0.039351
87.600000 0.036266
87.700000 0.033307
87.800000 0.030473
87.900000 0.027766
88.000000 0.025185
88.100000 0.022729
88.200000 0.020399
88.300000 0.018196
88.400000 0.016118
88.500000 0.014166
88.600000 0.012340
88.700000 0.010640
88.800000 0.009066
88.900000 0.007618
89.000000 0.006296
89.100000 0.005100
89.200000 0.004030
89.300000 0.003085
89.400000 0.002267
89.500000 0.001574
89.600000 0.001007
89.700000 0.000567
89.800000 0.000252
89.900000 0.000063
90.000000 0.000000
90.100000 0.000063
90.200000 0.000252
90.300000 0.000567
90.400000 0.001007
90.500000 0.001574
90.600000 0.002267
90.700000 0.003085
90.800000 0.004030
90.900000 0.005100
91.000000 0.006296
91.100000 0.007618
91.200000 0.009066
91.300000 0.010640
91.400000 0.012340
91.500000 0.014166
91.600000 0.016118
91.700000 0.018196
91.800000 0.020399
91.900000 0.022729
92.000000 0.025185
92.100000 0.027766
92.200000 0.030473
92.300000 0.033307
92.400000 0.036266
92.500000 0.039351
92.600000 0.042562
92.700000 0.045899
92.800000 0.049362
92.900000 0.052951
93.000000 0.056665
93.100000 0.060506
93.200000 0.064472
93.300000 0.068565
93.400000 0.072783
93.500000 0.077128
93.600000 0.081598
93.700000 0.086194
93.800000 0.090916
93.900000 0.095764
94.000000 0.100738
94.100000 0.105838
94.200000 0.111064
94.300000 0.116416
94.400000 0.121893
94.500000 0.127497
94.600000 0.133226
94.700000 0.139082
94.800000 0.145063
94.900000 0.151170
95.000000 0.157403
95.100000 0.163763
95.200000 0.170248
95.300000 0.176859
95.400000 0.183595
95.500000 0.190458
95.600000 0.197447
95.700000 0.204562
95.800000 0.211802
95.900000 0.219169
96.000000 0.226661
96.100000 0.234279
96.200000 0.242024
96.300000 0.249894
96.400000 0.257890
96.500000 0.266012
96.600000 0.274260
96.700000 0.282634
96.800000 0.291133
96.900000 0.299759
97.000000 0.308511
97.100000 0.317388
97.200000 0.326392
97.300000 0.335521
97.400000 0.344777
97.500000 0.354158
97.600000 0.363665
97.700000 0.373298
97.800000 0.383057
97.900000 0.392942
98.000000 0.402953
98.100000 0.413090
98.200000 0.423352
98.300000 0.433741
98.400000 0.444256
98.500000 0.454896
98.600000 0.465662
98.700000 0.476555
98.800000 0.487573
98.900000 0.498717
99.000000 0.509987
99.100000 0.521383
99.200000 0.532905
99.300000 0.544553
99.400000 0.556327
99.500000 0.568226
99.600000 0.580252
99.700000 0.592404
99.800000 0.604681
99.900000 0.617084
100.000000 0.629614
100.100000 0.642269
100.200000 0.655050
100.300000 0.667957
100.400000 0.680990
100.500000 0.694149
100.600000 0.707434
100.700000 0.720845
100.800000 0.734382
100.900000 0.748044
101.000000 0.761833
101.100000 0.775747
101.200000 0.789788
101.300000 0.803954
101.400000 0.818246
101.500000 0.832664
101.600000 0.847208
101.700000 0.861878
101.800000 0.876674
101.900000 0.891596
102.000000 0.906644
102.100000 0.921818
102.200000 0.937117
102.300000 0.952543
102.400000 0.968094
102.500000 0.983772
102.600000 0.999575
102.700000 1.015504
102.800000 1.031559
102.900000 1.047740
103.000000 1.064047
103.100000 1.080480
103.200000 1.097039
103.300000 1.113724
103.400000 1.130535
103.500000 1.147471
103.600000 1.164534
103.700000 1.181722
103.800000 1.199037
103.900000 1.216477
104.000000 1.234043
104.100000 1.251735
104.200000 1.269553
104.300000 1.287497
104.400000 1.305567
104.500000 1.323763
104.600000 1.342085
104.700000 1.360532
104.800000 1.379106
104.900000 1.397806
105.000000 1.416631
105.100000 1.435582
105.200000 1.454660
105.300000 1.473863
105.400000 1.493192
105.500000 1.512647
105.600000 1.532228
105.700000 1.551935
105.800000 1.571768
105.900000 1.591727
106.000000 1.611811
106.100000 1.632022
106.200000 1.652358
106.300000 1.672821
106.400000 1.693409
106.500000 1.714124
106.600000 1.734964
106.700000 1.755930
106.800000 1.777022
106.900000 1.798240
107.000000 1.819584
107.100000 1.841054
107.200000 1.862649
107.300000 1.884371
107.400000 1.906219
107.500000 1.928192
107.600000 1.950292
107.700000 1.972517
107.800000 1.994868
107.900000 2.017346
108.000000 2.039949
108.100000 2.062678
108.200000 2.085533
108.300000 2.108514
108.400000 2.131620
108.500000 2.154853
108.600000 2.178212
108.700000 2.201697
108.800000 2.225307
108.900000 2.249043
109.000000 2.272906
109.100000 2.296894
109.200000 2.321008
109.300000 2.345248
109.400000 2.369615
109.500000 2.394106
109.600000 2.418724
109.700000 2.443468
109.800000 2.468338
109.900000 2.493334
110.000000 2.518455
110.100000 2.543703
110.200000 2.569076
110.300000 2.594576
110.400000 2.620201
110.500000 2.645952
110.600000 2.671829
110.700000 2.697832
110.800000 2.723961
110.900000 2.750216
111.000000 2.776597
111.100000 2.803104
111.200000 2.829736
111.300000 2.856495
111.400000 2.883379
111.500000 2.910390
111.600000 2.937526
111.700000 2.964788
111.800000 2.992177
111.900000 3.019691
112.000000 3.047331
112.100000 3.075097
112.200000 3.102989
112.300000 3.131006
112.400000 3.159150
112.500000 3.187420
112.600000 3.215815
112.700000 3.244337
112.800000 3.272984
112.900000 3.301758
113.000000 3.330657
113.100000 3.359682
113.200000 3.388833
113.300000 3.418110
113.400000 3.447513
113.500000 3.477042
113.600000 3.506697
113.700000 3.536478
113.800000 3.566384
113.900000 3.596417
114.000000 3.626576
114.100000 3.656860
114.200000 3.687270
114.300000 3.717807
114.400000 3.748469
114.500000 3.779257
114.600000 3.810171
114.700000 3.841211
114.800000 3.872377
114.900000 3.903669
115.000000 3.935086
115.100000 3.966630
115.200000 3.998300
115.300000 4.030095
115.400000 4.062016
115.500000 4.094064
115.600000 4.126237
115.700000 4.158536
115.800000 4.190961
115.900000 4.223512
116.000000 4.256189
116.100000 4.288992
116.200000 4.321921
116.300000 4.354976
116.400000 4.388156
116.500000 4.421463
116.600000 4.454895
116.700000 4.488454
116.800000 4.522138
116.900000 4.555948
117.000000 4.589885
117.100000 4.623947
117.200000 4.658135
117.300000 4.692449
117.400000 4.726889
117.500000 4.761454
117.600000 4.796146
117.700000 4.830964
117.800000 4.865907
117.900000 4.900977
118.000000 4.936172
118.100000 4.971494
118.200000 5.006941
118.300000 5.042514
118.400000 5.078213
118.500000 5.114038
118.600000 5.149989
118.700000 5.186066
118.800000 5.222269
118.900000 5.258597
119.000000 5.295052
119.100000 5.331633
119.200000 5.368339
119.300000 5.405172
119.400000 5.442130
119.500000 5.479214
119.600000 5.516424
119.700000 5.553760
119.800000 5.591222
119.900000 5.628810
120.000000 5.666524
120.100000 5.704364
120.200000 5.742330
120.300000 5.780421
120.400000 5.818639
120.500000 5.856982
120.600000 5.895452
120.700000 5.934047
120.800000 5.972768
120.900000 6.011616
121.000000 6.050589
121.100000 6.089688
121.200000 6.128913
121.300000 6.168263
121.400000 6.207740
121.500000 6.247343
121.600000 6.287072
121.700000 6.326926
121.800000 6.366907
121.900000 6.407013
122.000000 6.447245
122.100000 6.487604
122.200000 6.528088
122.300000 6.568698
122.400000 6.609434
122.500000 6.650296
122.600000 6.691284
122.700000 6.732397
122.800000 6.773637
122.900000 6.815003
123.000000 6.856494
123.100000 6.898112
123.200000 6.939855
123.300000 6.981725
123.400000 7.023720
123.500000 7.065841
123.600000 7.108088
123.700000 7.150461
123.800000 7.192960
123.900000 7.235585
124.000000 7.278336
124.100000 7.321212
124.200000 7.364215
124.300000 7.407343
124.400000 7.450598
124.500000 7.493978
124.600000 7.537485
124.700000 7.581117
124.800000 7.624875
124.900000 7.668759
125.000000 7.712769
125.100000 7.756905
125.200000 7.801167
125.300000 7.845555
125.400000 7.890068
125.500000 7.934708
125.600000 7.979474
125.700000 8.024365
125.800000 8.069382
125.900000 8.114526
126.000000 8.159795
126.100000 8.205190
126.200000 8.250711
126.300000 8.296358
126.400000 8.342131
126.500000 8.388030
126.600000 8.434055
126.700000 8.480205
126.800000 8.526482
126.900000 8.572885
127.000000 8.619413
127.100000 8.666067
127.200000 8.712848
127.300000 8.759754
127.400000 8.806786
127.500000 8.853944
127.600000 8.901228
127.700000 8.948638
127.800000 8.996174
127.900000 9.043836
128.000000 9.091623
128.100000 9.139537
128.200000 9.187576
128.300000 9.235742
128.400000 9.284033
128.500000 9.332451
128.600000 9.380994
128.700000 9.429663
128.800000 9.478458
128.900000 9.527379
129.000000 9.576426
129.100000 9.625599
129.200000 9.674898
129.300000 9.724322
129.400000 9.773873
129.500000 9.823549
129.600000 9.873352
129.700000 9.923280
129.800000 9.973335
129.900000 10.023515
130.000000 10.073821
130.100000 10.124253
130.200000 10.174811
130.300000 10.225495
130.400000 10.276305
130.500000 10.327240
130.600000 10.378302
130.700000 10.429490
130.800000 10.480803
130.900000 10.532243
131.000000 10.583808
131.100000 10.635499
131.200000 10.687317
131.300000 10.739260
131.400000 10.791329
131.500000 10.843524
131.600000 10.895845
131.700000 10.948291
131.800000 11.000864
131.900000 11.053563
132.000000 11.106388
132.100000 11.159338
132.200000 11.212414
132.300000 11.265617
132.400000 11.318945
132.500000 11.372399
132.600000 11.425979
132.700000 11.479686
132.800000 11.533518
132.900000 11.587475
133.000000 11.641559
133.100000 11.695769
133.200000 11.750105
133.300000 11.804566
133.400000 11.859154
133.500000 11.913867
133.600000 11.968707
133.700000 12.023672
133.800000 12.078763
133.900000 12.133980
134.000000 12.189323
134.100000 12.244792
134.200000 12.300387
134.300000 12.356108
134.400000 12.411955
134.500000 12.467927
134.600000 12.524026
134.700000 12.580250
134.800000 12.636601
134.900000 12.693077
135.000000 12.749680
135.100000 12.806408
135.200000 12.863262
135.300000 12.920242
135.400000 12.977348
135.500000 13.034580
135.600000 13.091938
135.700000 13.149421
135.800000 13.207031
135.900000 13.264767
136.000000 13.322628
136.100000 13.380616
136.200000 13.438729
136.300000 13.496968
136.400000 13.555333
136.500000 13.613824
136.600000 13.672442
136.700000 13.731185
136.800000 13.790053
136.900000 13.849048
137.000000 13.908169
137.100000 13.967416
137.200000 14.026788
137.300000 14.086287
137.400000 14.145911
137.500000 14.205661
137.600000 14.265538
137.700000 14.325540
137.800000 14.385668
137.900000 14.445922
138.000000 14.506302
138.100000 14.566808
138.200000 14.627440
138.300000 14.688197
138.400000 14.749081
138.500000 14.810091
138.600000 14.871226
138.700000 14.932488
138.800000 14.993875
138.900000 15.055388
139.000000 15.117027
139.100000 15.178793
139.200000 15.240684
139.300000 15.302701
139.400000 15.364843
139.500000 15.427112
139.600000 15.489507
139.700000 15.552028
139.800000 15.614674
139.900000 15.677447
140.000000 15.740345
140.100000 15.803369
140.200000 15.866520
140.300000 15.929796
140.400000 15.993198
140.500000 16.056726
140.600000 16.120380
140.700000 16.184160
140.800000 16.248066
140.900000 16.312097
141.000000 16.376255
141.100000 16.440539
141.200000 16.504948
141.300000 16.569484
141.400000 16.634145
141.500000 16.698932
141.600000 16.763845
141.700000 16.828884
141.800000 16.894049
141.900000 16.959340
142.000000 17.024757
142.100000 17.090300
142.200000 17.155969
142.300000 17.221763
142.400000 17.287684
142.500000 17.353731
142.600000 17.419903
142.700000 17.486201
142.800000 17.552626
142.900000 17.619176
143.000000 17.685852
143.100000 17.752654
143.200000 17.819582
143.300000 17.886636
143.400000 17.953815
143.500000 18.021121
143.600000 18.088553
143.700000 18.156110
143.800000 18.223794
143.900000 18.291603
144.000000 18.359539
144.100000 18.427600
144.200000 18.495787
144.300000 18.564100
144.400000 18.632539
144.500000 18.701104
144.600000 18.769795
144.700000 18.838612
144.800000 18.907554
144.900000 18.976623
145.000000 19.045818
145.100000 19.115138
145.200000 19.184584
145.300000 19.254157
145.400000 19.323855
145.500000 19.393679
145.600000 19.463629
145.700000 19.533705
145.800000 19.603907
145.900000 19.674235
146.000000 19.744689
146.100000 19.815269
146.200000 19.885974
146.300000 19.956806
146.400000 20.027763
146.500000 20.098847
146.600000 20.170056
146.700000 20.241391
146.800000 20.312852
146.900000 20.384440
147.000000 20.456153
147.100000 20.527991
147.200000 20.599956
147.300000 20.672047
147.400000 20.744264
147.500000 20.816606
147.600000 20.889075
147.700000 20.961669
147.800000 21.034390
147.900000 21.107236
148.000000 21.180208
148.100000 21.253307
148.200000 21.326531
148.300000 21.399881
148.400000 21.473357
148.500000 21.546958
148.600000 21.620686
148.700000 21.694540
148.800000 21.768520
148.900000 21.842625
149.000000 21.916857
149.100000 21.991214
149.200000 22.065697
149.300000 22.140306
149.400000 22.215042
149.500000 22.289903
149.600000 22.364890
149.700000 22.440003
149.800000 22.515242
149.900000 22.590606
150.000000 22.666097
150.100000 22.741714
150.200000 22.817456
150.300000 22.893325
150.400000 22.969319
150.500000 23.045439
150.600000 23.121686
150.700000 23.198058
150.800000 23.274556
150.900000 23.351180
151.000000 23.427930
151.100000 23.504806
151.200000 23.581807
151.300000 23.658935
151.400000 23.736189
151.500000 23.813568
151.600000 23.891074
151.700000 23.968705
151.800000 24.046462
151.900000 24.124346
152.000000 24.202355
152.100000 24.280490
152.200000 24.358751
152.300000 24.437138
152.400000 24.515650
152.500000 24.594289
152.600000 24.673054
152.700000 24.751945
152.800000 24.830961
152.900000 24.910104
153.000000 24.989372
153.100000 25.068766
153.200000 25.148286
153.300000 25.227933
153.400000 25.307705
153.500000 25.387603
153.600000 25.467627
153.700000 25.547776
153.800000 25.628052
153.900000 25.708454
154.000000 25.788981
154.100000 25.869635
154.200000 25.950414
154.300000 26.031320
154.400000 26.112351
154.500000 26.193508
154.600000 26.274791
154.700000 26.356201
154.800000 26.437736
154.900000 26.519396
155.000000 26.601183
155.100000 26.683096
155.200000 26.765135
155.300000 26.847299
155.400000 26.929590
155.500000 27.012006
155.600000 27.094549
155.700000 27.177217
155.800000 27.260011
155.900000 27.342931
156.000000 27.425977
156.100000 27.509149
156.200000 27.592447
156.300000 27.675871
156.400000 27.759421
156.500000 27.843096
156.600000 27.926898
156.700000 28.010826
156.800000 28.094879
156.900000 28.179058
157.000000 28.263364
157.100000 28.347795
157.200000 28.432352
157.300000 28.517035
157.400000 28.601844
157.500000 28.686779
157.600000 28.771840
157.700000 28.857027
157.800000 28.942339
157.900000 29.027778
158.000000 29.113342
158.100000 29.199033
158.200000 29.284849
158.300000 29.370791
158.400000 29.456860
158.500000 29.543054
158.600000 29.629374
158.700000 29.715820
158.800000 29.802392
158.900000 29.889090
159.000000 29.975913
159.100000 30.062863
159.200000 30.149939
159.300000 30.237140
159.400000 30.324467
159.500000 30.411921
159.600000 30.499500
159.700000 30.587205
159.800000 30.675036
159.900000 30.762993
160.000000 30.851076
160.100000 30.939285
160.200000 31.027620
160.300000 31.116081
160.400000 31.204668
160.500000 31.293380
160.600000 31.382219
160.700000 31.471183
160.800000 31.560273
160.900000 31.649490
161.000000 31.738832
161.100000 31.828300
161.200000 31.917894
161.300000 32.007614
161.400000 32.097460
161.500000 32.187432
161.600000 32.277529
161.700000 32.367753
161.800000 32.458103
161.900000 32.548578
162.000000 32.639180
162.100000 32.729907
162.200000 32.820760
162.300000 32.911739
162.400000 33.002845
162.500000 33.094076
162.600000 33.185433
162.700000 33.276915
162.800000 33.368524
162.900000 33.460259
163.000000 33.552120
163.100000 33.644106
163.200000 33.736219
163.300000 33.828457
163.400000 33.920822
163.500000 34.013312
163.600000 34.105928
163.700000 34.198670
163.800000 34.291538
163.900000 34.384532
164.000000 34.477652
164.100000 34.570898
164.200000 34.664269
164.300000 34.757767
164.400000 34.851391
164.500000 34.945140
164.600000 35.039016
164.700000 35.133017
164.800000 35.227144
164.900000 35.321397
165.000000 35.415777
165.100000 35.510282
165.200000 35.604913
165.300000 35.699669
165.400000 35.794552
165.500000 35.889561
165.600000 35.984696
165.700000 36.079956
165.800000 36.175343
165.900000 36.270855
166.000000 36.366493
166.100000 36.462258
166.200000 36.558148
166.300000 36.654164
166.400000 36.750306
166.500000 36.846574
166.600000 36.942968
166.700000 37.039488
166.800000 37.136133
166.900000 37.232905
167.000000 37.329803
167.100000 37.426826
167.200000 37.523975
167.300000 37.621251
167.400000 37.718652
167.500000 37.816179
167.600000 37.913832
167.700000 38.011611
167.800000 38.109516
167.900000 38.207547
168.000000 38.305704
168.100000 38.403987
168.200000 38.502395
168.300000 38.600930
168.400000 38.699590
168.500000 38.798377
168.600000 38.897289
168.700000 38.996327
168.800000 39.095491
168.900000 39.194782
169.000000 39.294198
169.100000 39.393740
169.200000 39.493407
169.300000 39.593201
169.400000 39.693121
169.500000 39.793167
169.600000 39.893338
169.700000 39.993636
169.800000 40.094059
169.900000 40.194608
170.000000 40.295284
170.100000 40.396085
170.200000 40.497012
170.300000 40.598065
170.400000 40.699244
170.500000 40.800549
170.600000 40.901979
170.700000 41.003536
170.800000 41.105219
170.900000 41.207027
171.000000 41.308962
171.100000 41.411022
171.200000 41.513208
171.300000 41.615521
171.400000 41.717959
171.500000 41.820523
171.600000 41.923213
171.700000 42.026029
171.800000 42.128971
171.900000 42.232039
172.000000 42.335232
172.100000 42.438552
172.200000 42.541997
172.300000 42.645569
172.400000 42.749266
172.500000 42.853090
172.600000 42.957039
172.700000 43.061114
172.800000 43.165315
172.900000 43.269642
173.000000 43.374095
173.100000 43.478674
173.200000 43.583379
173.300000 43.688209
173.400000 43.793166
173.500000 43.898249
173.600000 44.003457
173.700000 44.108791
173.800000 44.214252
173.900000 44.319838
174.000000 44.425550
174.100000 44.531388
174.200000 44.637352
174.300000 44.743442
174.400000 44.849658
174.500000 44.956000
174.600000 45.062467
174.700000 45.169061
174.800000 45.275781
174.900000 45.382626
175.000000 45.489597
175.100000 45.596695
175.200000 45.703918
175.300000 45.811267
175.400000 45.918742
175.500000 46.026343
175.600000 46.134070
175.700000 46.241923
175.800000 46.349902
175.900000 46.458006
176.000000 46.566237
176.100000 46.674594
176.200000 46.783076
176.300000 46.891684
176.400000 47.000419
176.500000 47.109279
176.600000 47.218265
176.700000 47.327377
176.800000 47.436615
176.900000 47.545979
177.000000 47.655469
177.100000 47.765085
177.200000 47.874826
177.300000 47.984694
177.400000 48.094687
177.500000 48.204807
177.600000 48.315052
177.700000 48.425424
177.800000 48.535921
177.900000 48.646544
178.000000 48.757293
178.100000 48.868168
178.200000 48.979169
178.300000 49.090296
178.400000 49.201549
178.500000 49.312927
178.600000 49.424432
178.700000 49.536062
178.800000 49.647819
178.900000 49.759701
179.000000 49.871709
179.100000 49.983844
179.200000 50.096104
179.300000 50.208490
179.400000 50.321002
179.500000 50.433640
179.600000 50.546404
179.700000 50.659293
179.800000 50.772309
179.900000 50.885451
180.000000 50.998718
180.100000 51.112112
180.200000 51.225631
180.300000 51.339276
180.400000 51.453048
180.500000 51.566945
180.600000 51.680968
180.700000 51.795117
180.800000 51.909392
180.900000 52.023792
181.000000 52.138319
