0.000000 71.887517
0.100000 71.807664
0.200000 71.727856
0.300000 71.648092
0.400000 71.568372
0.500000 71.488697
0.600000 71.409066
0.700000 71.329479
0.800000 71.249937
0.900000 71.170439
1.000000 71.090986
1.100000 71.011577
1.200000 70.932212
1.300000 70.852892
1.400000 70.773616
1.500000 70.694384
1.600000 70.615197
1.700000 70.536054
1.800000 70.456956
1.900000 70.377901
2.000000 70.298892
2.100000 70.219926
2.200000 70.141005
2.300000 70.062129
2.400000 69.983297
2.500000 69.904509
2.600000 69.825765
2.700000 69.747066
2.800000 69.668412
2.900000 69.589801
3.000000 69.511235
3.100000 69.432714
3.200000 69.354237
3.300000 69.275804
3.400000 69.197415
3.500000 69.119071
3.600000 69.040771
3.700000 68.962516
3.800000 68.884305
3.900000 68.806139
4.000000 68.728016
4.100000 68.649939
4.200000 68.571905
4.300000 68.493916
4.400000 68.415971
4.500000 68.338071
4.600000 68.260215
4.700000 68.182403
4.800000 68.104636
4.900000 68.026913
5.000000 67.949235
5.100000 67.871601
5.200000 67.794011
5.300000 67.716466
5.400000 67.638965
5.500000 67.561508
5.600000 67.484096
5.700000 67.406728
5.800000 67.329405
5.900000 67.252126
6.000000 67.174891
6.100000 67.097701
6.200000 67.020555
6.300000 66.943453
6.400000 66.866396
6.500000 66.789383
6.600000 66.712415
6.700000 66.635491
6.800000 66.558611
6.900000 66.481776
7.000000 66.404985
7.100000 66.328238
7.200000 66.251536
7.300000 66.174878
7.400000 66.098265
7.500000 66.021695
7.600000 65.945171
7.700000 65.868690
7.800000 65.792254
7.900000 65.715863
8.000000 65.639516
8.100000 65.563213
8.200000 65.486954
8.300000 65.410740
8.400000 65.334571
8.500000 65.258445
8.600000 65.182364
8.700000 65.106328
8.800000 65.030336
8.900000 64.954388
9.000000 64.878484
9.100000 64.802625
9.200000 64.726810
9.300000 64.651040
9.400000 64.575314
9.500000 64.499633
9.600000 64.423995
9.700000 64.348403
9.800000 64.272854
9.900000 64.197350
10.000000 64.121890
10.100000 64.046475
10.200000 63.971104
10.300000 63.895777
10.400000 63.820495
10.500000 63.745257
10.600000 63.670064
10.700000 63.594915
10.800000 63.519810
10.900000 63.444750
11.000000 63.369734
11.100000 63.294762
11.200000 63.219835
11.300000 63.144952
11.400000 63.070114
11.500000 62.995320
11.600000 62.920570
11.700000 62.845865
11.800000 62.771204
11.900000 62.696587
12.000000 62.622015
12.100000 62.547487
12.200000 62.473004
12.300000 62.398565
12.400000 62.324170
12.500000 62.249820
12.600000 62.175514
12.700000 62.101252
12.800000 62.027035
12.900000 61.952862
13.000000 61.878734
13.100000 61.804649
13.200000 61.730610
13.300000 61.656614
13.400000 61.582663
13.500000 61.508757
13.600000 61.434895
13.700000 61.361077
13.800000 61.287303
13.900000 61.213574
14.000000 61.139890
14.100000 61.066249
14.200000 60.992653
14.300000 60.919102
14.400000 60.845595
14.500000 60.772132
14.600000 60.698713
14.700000 60.625339
14.800000 60.552009
14.900000 60.478724
15.000000 60.405483
15.100000 60.332287
15.200000 60.259134
15.300000 60.186027
15.400000 60.112963
15.500000 60.039944
15.600000 59.966969
15.700000 59.894039
15.800000 59.821153
15.900000 59.748311
16.000000 59.675514
16.100000 59.602761
16.200000 59.530053
16.300000 59.457389
16.400000 59.384769
16.500000 59.312194
16.600000 59.239663
16.700000 59.167176
16.800000 59.094734
16.900000 59.022336
17.000000 58.949983
17.100000 58.877674
17.200000 58.805409
17.300000 58.733189
17.400000 58.661013
17.500000 58.588881
17.600000 58.516794
17.700000 58.444751
17.800000 58.372753
17.900000 58.300799
18.000000 58.228889
18.100000 58.157024
18.200000 58.085203
18.300000 58.013426
18.400000 57.941694
18.500000 57.870006
18.600000 57.798363
18.700000 57.726763
18.800000 57.655209
18.900000 57.583698
19.000000 57.512232
19.100000 57.440811
19.200000 57.369434
19.300000 57.298101
19.400000 57.226812
19.500000 57.155568
19.600000 57.084369
19.700000 57.013213
19.800000 56.942102
19.900000 56.871036
20.000000 56.800014
20.100000 56.729036
20.200000 56.658102
20.300000 56.587213
20.400000 56.516368
20.500000 56.445568
20.600000 56.374812
20.700000 56.304101
20.800000 56.233433
20.900000 56.162811
21.000000 56.092232
21.100000 56.021698
21.200000 55.951208
21.300000 55.880763
21.400000 55.810362
21.500000 55.740005
21.600000 55.669693
21.700000 55.599425
21.800000 55.529202
21.900000 55.459023
22.000000 55.388888
22.100000 55.318798
22.200000 55.248752
22.300000 55.178750
22.400000 55.108793
22.500000 55.038880
22.600000 54.969012
22.700000 54.899188
22.800000 54.829408
22.900000 54.759673
23.000000 54.689982
23.100000 54.620335
23.200000 54.550733
23.300000 54.481175
23.400000 54.411662
23.500000 54.342193
23.600000 54.272768
23.700000 54.203388
23.800000 54.134052
23.900000 54.064760
24.000000 53.995513
24.100000 53.926310
24.200000 53.857152
24.300000 53.788038
24.400000 53.718968
24.500000 53.649942
24.600000 53.580962
24.700000 53.512025
24.800000 53.443133
24.900000 53.374285
25.000000 53.305481
25.100000 53.236722
25.200000 53.168008
25.300000 53.099337
25.400000 53.030711
25.500000 52.962130
25.600000 52.893593
25.700000 52.825100
25.800000 52.756651
25.900000 52.688247
26.000000 52.619888
26.100000 52.551572
26.200000 52.483301
26.300000 52.415075
26.400000 52.346892
26.500000 52.278755
26.600000 52.210661
26.700000 52.142612
26.800000 52.074607
26.900000 52.006647
27.000000 51.938731
27.100000 51.870860
27.200000 51.803032
27.300000 51.735250
27.400000 51.667511
27.500000 51.599817
27.600000 51.532167
27.700000 51.464562
27.800000 51.397001
27.900000 51.329484
28.000000 51.262012
28.100000 51.194584
28.200000 51.127201
28.300000 51.059862
28.400000 50.992567
28.500000 50.925317
28.600000 50.858111
28.700000 50.790949
28.800000 50.723832
28.900000 50.656759
29.000000 50.589731
29.100000 50.522747
29.200000 50.455807
29.300000 50.388912
29.400000 50.322061
29.500000 50.255254
29.600000 50.188492
29.700000 50.121774
29.800000 50.055101
29.900000 49.988472
30.000000 49.921887
30.100000 49.855347
30.200000 49.788851
30.300000 49.722399
30.400000 49.655992
30.500000 49.589629
30.600000 49.523311
30.700000 49.457036
30.800000 49.390807
30.900000 49.324621
31.000000 49.258481
31.100000 49.192384
31.200000 49.126332
31.300000 49.060324
31.400000 48.994360
31.500000 48.928441
31.600000 48.862567
31.700000 48.796736
31.800000 48.730950
31.900000 48.665209
32.000000 48.599512
32.100000 48.533859
32.200000 48.468250
32.300000 48.402686
32.400000 48.337167
32.500000 48.271691
32.600000 48.206260
32.700000 48.140874
32.800000 48.075531
32.900000 48.010234
33.000000 47.944980
33.100000 47.879771
33.200000 47.814606
33.300000 47.749486
33.400000 47.684410
33.500000 47.619379
33.600000 47.554391
33.700000 47.489449
33.800000 47.424550
33.900000 47.359696
34.000000 47.294886
34.100000 47.230121
34.200000 47.165400
34.300000 47.100723
34.400000 47.036091
34.500000 46.971503
34.600000 46.906960
34.700000 46.842461
34.800000 46.778006
34.900000 46.713596
35.000000 46.649230
35.100000 46.584908
35.200000 46.520631
35.300000 46.456398
35.400000 46.392210
35.500000 46.328066
35.600000 46.263966
35.700000 46.199911
35.800000 46.135900
35.900000 46.071933
36.000000 46.008011
36.100000 45.944133
36.200000 45.880300
36.300000 45.816511
36.400000 45.752766
36.500000 45.689066
36.600000 45.625410
36.700000 45.561798
36.800000 45.498231
36.900000 45.434708
37.000000 45.371230
37.100000 45.307796
37.200000 45.244406
37.300000 45.181060
37.400000 45.117760
37.500000 45.054503
37.600000 44.991291
37.700000 44.928123
37.800000 44.864999
37.900000 44.801920
38.000000 44.738886
38.100000 44.675895
38.200000 44.612949
38.300000 44.550048
38.400000 44.487191
38.500000 44.424378
38.600000 44.361609
38.700000 44.298885
38.800000 44.236206
38.900000 44.173570
39.000000 44.110979
39.100000 44.048433
39.200000 43.985931
39.300000 43.923473
39.400000 43.861059
39.500000 43.798690
39.600000 43.736365
39.700000 43.674085
39.800000 43.611849
39.900000 43.549658
40.000000 43.487510
40.100000 43.425408
40.200000 43.363349
40.300000 43.301335
40.400000 43.239365
40.500000 43.177440
40.600000 43.115559
40.700000 43.053722
40.800000 42.991930
40.900000 42.930182
41.000000 42.868479
41.100000 42.806820
41.200000 42.745205
41.300000 42.683635
41.400000 42.622109
41.500000 42.560627
41.600000 42.499190
41.700000 42.437797
41.800000 42.376449
41.900000 42.315145
42.000000 42.253885
42.100000 42.192670
42.200000 42.131499
42.300000 42.070372
42.400000 42.009290
42.500000 41.948252
42.600000 41.887259
42.700000 41.826310
42.800000 41.765405
42.900000 41.704545
43.000000 41.643729
43.100000 41.582957
43.200000 41.522230
43.300000 41.461547
43.400000 41.400909
43.500000 41.340315
43.600000 41.279765
43.700000 41.219260
43.800000 41.158799
43.900000 41.098382
44.000000 41.038010
44.100000 40.977682
44.200000 40.917399
44.300000 40.857159
44.400000 40.796965
44.500000 40.736814
44.600000 40.676708
44.700000 40.616647
44.800000 40.556630
44.900000 40.496657
45.000000 40.436728
45.100000 40.376844
45.200000 40.317005
45.300000 40.257209
45.400000 40.197458
45.500000 40.137752
45.600000 40.078090
45.700000 40.018472
45.800000 39.958898
45.900000 39.899369
46.000000 39.839885
46.100000 39.780444
46.200000 39.721048
46.300000 39.661697
46.400000 39.602389
46.500000 39.543127
46.600000 39.483908
46.700000 39.424734
46.800000 39.365604
46.900000 39.306519
47.000000 39.247478
47.100000 39.188482
47.200000 39.129529
47.300000 39.070622
47.400000 39.011758
47.500000 38.952939
47.600000 38.894164
47.700000 38.835434
47.800000 38.776748
47.900000 38.718106
48.000000 38.659509
48.100000 38.600956
48.200000 38.542448
48.300000 38.483984
48.400000 38.425564
48.500000 38.367189
48.600000 38.308858
48.700000 38.250571
48.800000 38.192329
48.900000 38.134131
49.000000 38.075978
49.100000 38.017869
49.200000 37.959804
49.300000 37.901784
49.400000 37.843808
49.500000 37.785876
49.600000 37.727989
49.700000 37.670146
49.800000 37.612348
49.900000 37.554594
50.000000 37.496884
50.100000 37.439219
50.200000 37.381598
50.300000 37.324021
50.400000 37.266489
50.500000 37.209001
50.600000 37.151558
50.700000 37.094159
50.800000 37.036804
50.900000 36.979494
51.000000 36.922228
51.100000 36.865006
51.200000 36.807829
51.300000 36.750696
51.400000 36.693608
51.500000 36.636563
51.600000 36.579564
51.700000 36.522608
51.800000 36.465697
51.900000 36.408831
52.000000 36.352009
52.100000 36.295231
52.200000 36.238497
52.300000 36.181808
52.400000 36.125164
52.500000 36.068563
52.600000 36.012007
52.700000 35.955496
52.800000 35.899029
52.900000 35.842606
53.000000 35.786227
53.100000 35.729893
53.200000 35.673604
53.300000 35.617358
53.400000 35.561157
53.500000 35.505001
53.600000 35.448888
53.700000 35.392821
53.800000 35.336797
53.900000 35.280818
54.000000 35.224883
54.100000 35.168993
54.200000 35.113147
54.300000 35.057346
54.400000 35.001588
54.500000 34.945876
54.600000 34.890207
54.700000 34.834583
54.800000 34.779003
54.900000 34.723468
55.000000 34.667977
55.100000 34.612530
55.200000 34.557128
55.300000 34.501770
55.400000 34.446457
55.500000 34.391188
55.600000 34.335963
55.700000 34.280783
55.800000 34.225647
55.900000 34.170555
56.000000 34.115508
56.100000 34.060505
56.200000 34.005547
56.300000 33.950633
56.400000 33.895763
56.500000 33.840938
56.600000 33.786157
56.700000 33.731420
56.800000 33.676728
56.900000 33.622080
57.000000 33.567477
57.100000 33.512918
57.200000 33.458403
57.300000 33.403933
57.400000 33.349507
57.500000 33.295125
57.600000 33.240788
57.700000 33.186495
57.800000 33.132247
57.900000 33.078043
58.000000 33.023883
58.100000 32.969768
58.200000 32.915697
58.300000 32.861670
58.400000 32.807688
58.500000 32.753750
58.600000 32.699857
58.700000 32.646007
58.800000 32.592203
58.900000 32.538442
59.000000 32.484727
59.100000 32.431055
59.200000 32.377428
59.300000 32.323845
59.400000 32.270306
59.500000 32.216812
59.600000 32.163363
59.700000 32.109957
59.800000 32.056596
59.900000 32.003280
60.000000 31.950008
60.100000 31.896780
60.200000 31.843596
60.300000 31.790457
60.400000 31.737363
60.500000 31.684312
60.600000 31.631306
60.700000 31.578345
60.800000 31.525428
60.900000 31.472555
61.000000 31.419726
61.100000 31.366942
61.200000 31.314202
61.300000 31.261507
61.400000 31.208856
61.500000 31.156250
61.600000 31.103687
61.700000 31.051170
61.800000 30.998696
61.900000 30.946267
62.000000 30.893882
62.100000 30.841542
62.200000 30.789246
62.300000 30.736995
62.400000 30.684787
62.500000 30.632625
62.600000 30.580506
62.700000 30.528432
62.800000 30.476402
62.900000 30.424417
63.000000 30.372476
63.100000 30.320579
63.200000 30.268727
63.300000 30.216919
63.400000 30.165156
63.500000 30.113437
63.600000 30.061762
63.700000 30.010132
63.800000 29.958546
63.900000 29.907004
64.000000 29.855507
64.100000 29.804054
64.200000 29.752646
64.300000 29.701282
64.400000 29.649962
64.500000 29.598687
64.600000 29.547456
64.700000 29.496269
64.800000 29.445127
64.900000 29.394029
65.000000 29.342976
65.100000 29.291967
65.200000 29.241002
65.300000 29.190082
65.400000 29.139206
65.500000 29.088374
65.600000 29.037587
65.700000 28.986844
65.800000 28.936146
65.900000 28.885492
66.000000 28.834882
66.100000 28.784317
66.200000 28.733796
66.300000 28.683319
66.400000 28.632887
66.500000 28.582499
66.600000 28.532156
66.700000 28.481856
66.800000 28.431602
66.900000 28.381391
67.000000 28.331226
67.100000 28.281104
67.200000 28.231027
67.300000 28.180994
67.400000 28.131005
67.500000 28.081061
67.600000 28.031162
67.700000 27.981306
67.800000 27.931495
67.900000 27.881729
68.000000 27.832007
68.100000 27.782329
68.200000 27.732695
68.300000 27.683106
68.400000 27.633562
68.500000 27.584061
68.600000 27.534605
68.700000 27.485194
68.800000 27.435827
68.900000 27.386504
69.000000 27.337225
69.100000 27.287991
69.200000 27.238802
69.300000 27.189656
69.400000 27.140555
69.500000 27.091499
69.600000 27.042486
69.700000 26.993519
69.800000 26.944595
69.900000 26.895716
70.000000 26.846881
70.100000 26.798091
70.200000 26.749345
70.300000 26.700644
70.400000 26.651986
70.500000 26.603374
70.600000 26.554805
70.700000 26.506281
70.800000 26.457801
70.900000 26.409366
71.000000 26.360975
71.100000 26.312628
71.200000 26.264326
71.300000 26.216068
71.400000 26.167855
71.500000 26.119686
71.600000 26.071561
71.700000 26.023481
71.800000 25.975445
71.900000 25.927453
72.000000 25.879506
72.100000 25.831603
72.200000 25.783745
72.300000 25.735931
72.400000 25.688161
72.500000 25.640436
72.600000 25.592755
72.700000 25.545118
72.800000 25.497526
72.900000 25.449978
73.000000 25.402475
73.100000 25.355016
73.200000 25.307601
73.300000 25.260231
73.400000 25.212905
73.500000 25.165623
73.600000 25.118386
73.700000 25.071193
73.800000 25.024045
73.900000 24.976941
74.000000 24.929881
74.100000 24.882866
74.200000 24.835895
74.300000 24.788968
74.400000 24.742086
74.500000 24.695248
74.600000 24.648455
74.700000 24.601706
74.800000 24.555001
74.900000 24.508341
75.000000 24.461725
75.100000 24.415153
75.200000 24.368626
75.300000 24.322143
75.400000 24.275705
75.500000 24.229310
75.600000 24.182961
75.700000 24.136655
75.800000 24.090395
75.900000 24.044178
76.000000 23.998006
76.100000 23.951878
76.200000 23.905794
76.300000 23.859755
76.400000 23.813761
76.500000 23.767810
76.600000 23.721904
76.700000 23.676043
76.800000 23.630226
76.900000 23.584453
77.000000 23.538724
77.100000 23.493040
77.200000 23.447401
77.300000 23.401805
77.400000 23.356254
77.500000 23.310748
77.600000 23.265286
77.700000 23.219868
77.800000 23.174494
77.900000 23.129165
78.000000 23.083881
78.100000 23.038640
78.200000 22.993444
78.300000 22.948293
78.400000 22.903185
78.500000 22.858123
78.600000 22.813104
78.700000 22.768130
78.800000 22.723200
78.900000 22.678315
79.000000 22.633474
79.100000 22.588678
79.200000 22.543925
79.300000 22.499218
79.400000 22.454554
79.500000 22.409935
79.600000 22.365360
79.700000 22.320830
79.800000 22.276344
79.900000 22.231902
80.000000 22.187505
80.100000 22.143152
80.200000 22.098844
80.300000 22.054580
80.400000 22.010360
80.500000 21.966185
80.600000 21.922054
80.700000 21.877967
80.800000 21.833925
80.900000 21.789927
81.000000 21.745974
81.100000 21.702065
81.200000 21.658200
81.300000 21.614380
81.400000 21.570604
81.500000 21.526872
81.600000 21.483185
81.700000 21.439542
81.800000 21.395944
81.900000 21.352390
82.000000 21.308880
82.100000 21.265415
82.200000 21.221994
82.300000 21.178617
82.400000 21.135285
82.500000 21.091997
82.600000 21.048754
82.700000 21.005555
82.800000 20.962400
82.900000 20.919290
83.000000 20.876224
83.100000 20.833202
83.200000 20.790225
83.300000 20.747292
83.400000 20.704404
83.500000 20.661560
83.600000 20.618760
83.700000 20.576005
83.800000 20.533294
83.900000 20.490627
84.000000 20.448005
84.100000 20.405427
84.200000 20.362894
84.300000 20.320405
84.400000 20.277960
84.500000 20.235560
84.600000 20.193204
84.700000 20.150892
84.800000 20.108625
84.900000 20.066402
85.000000 20.024224
85.100000 19.982089
85.200000 19.940000
85.300000 19.897954
85.400000 19.855953
85.500000 19.813997
85.600000 19.772085
85.700000 19.730217
85.800000 19.688393
85.900000 19.646614
86.000000 19.604880
86.100000 19.563189
86.200000 19.521543
86.300000 19.479942
86.400000 19.438385
86.500000 19.396872
86.600000 19.355403
86.700000 19.313979
86.800000 19.272600
86.900000 19.231264
87.000000 19.189973
87.100000 19.148727
87.200000 19.107525
87.300000 19.066367
87.400000 19.025253
87.500000 18.984184
87.600000 18.943160
87.700000 18.902179
87.800000 18.861243
87.900000 18.820352
88.000000 18.779504
88.100000 18.738702
88.200000 18.697943
88.300000 18.657229
88.400000 18.616559
88.500000 18.575934
88.600000 18.535353
88.700000 18.494817
88.800000 18.454324
88.900000 18.413877
89.000000 18.373473
89.100000 18.333114
89.200000 18.292799
89.300000 18.252529
89.400000 18.212303
89.500000 18.172122
89.600000 18.131984
89.700000 18.091892
89.800000 18.051843
89.900000 18.011839
90.000000 17.971879
90.100000 17.931964
90.200000 17.892093
90.300000 17.852266
90.400000 17.812484
90.500000 17.772746
90.600000 17.733053
90.700000 17.693404
90.800000 17.653799
90.900000 17.614239
91.000000 17.574723
91.100000 17.535251
91.200000 17.495824
91.300000 17.456441
91.400000 17.417103
91.500000 17.377809
91.600000 17.338559
91.700000 17.299354
91.800000 17.260193
91.900000 17.221076
92.000000 17.182004
92.100000 17.142976
92.200000 17.103993
92.300000 17.065054
92.400000 17.026159
92.500000 16.987309
92.600000 16.948503
92.700000 16.909741
92.800000 16.871024
92.900000 16.832351
93.000000 16.793723
93.100000 16.755139
93.200000 16.716599
93.300000 16.678104
93.400000 16.639653
93.500000 16.601246
93.600000 16.562884
93.700000 16.524566
93.800000 16.486293
93.900000 16.448064
94.000000 16.409879
94.100000 16.371739
94.200000 16.333643
94.300000 16.295591
94.400000 16.257584
94.500000 16.219621
94.600000 16.181703
94.700000 16.143829
94.800000 16.105999
94.900000 16.068214
95.000000 16.030473
95.100000 15.992776
95.200000 15.955124
95.300000 15.917516
95.400000 15.879953
95.500000 15.842433
95.600000 15.804959
95.700000 15.767528
95.800000 15.730143
95.900000 15.692801
96.000000 15.655504
96.100000 15.618251
96.200000 15.581042
96.300000 15.543878
96.400000 15.506759
96.500000 15.469683
96.600000 15.432652
96.700000 15.395666
96.800000 15.358724
96.900000 15.321826
97.000000 15.284972
97.100000 15.248163
97.200000 15.211399
97.300000 15.174678
97.400000 15.138002
97.500000 15.101371
97.600000 15.064784
97.700000 15.028241
97.800000 14.991742
97.900000 14.955288
98.000000 14.918879
98.100000 14.882513
98.200000 14.846192
98.300000 14.809916
98.400000 14.773684
98.500000 14.737496
98.600000 14.701352
98.700000 14.665253
98.800000 14.629198
98.900000 14.593188
99.000000 14.557222
99.100000 14.521301
99.200000 14.485423
99.300000 14.449591
99.400000 14.413802
99.500000 14.378058
99.600000 14.342358
99.700000 14.306703
99.800000 14.271092
99.900000 14.235526
100.000000 14.200003
100.100000 14.164526
100.200000 14.129092
100.300000 14.093703
100.400000 14.058358
100.500000 14.023058
100.600000 13.987802
100.700000 13.952591
100.800000 13.917423
100.900000 13.882301
101.000000 13.847222
101.100000 13.812188
101.200000 13.777198
101.300000 13.742253
101.400000 13.707352
101.500000 13.672495
101.600000 13.637683
101.700000 13.602915
101.800000 13.568192
101.900000 13.533513
102.000000 13.498878
102.100000 13.464288
102.200000 13.429742
102.300000 13.395240
102.400000 13.360783
102.500000 13.326370
102.600000 13.292002
102.700000 13.257678
102.800000 13.223398
102.900000 13.189163
103.000000 13.154972
103.100000 13.120825
103.200000 13.086723
103.300000 13.052665
103.400000 13.018652
103.500000 12.984683
103.600000 12.950758
103.700000 12.916878
103.800000 12.883042
103.900000 12.849250
104.000000 12.815503
104.100000 12.781800
104.200000 12.748142
104.300000 12.714528
104.400000 12.680958
104.500000 12.647433
104.600000 12.613952
104.700000 12.580515
104.800000 12.547123
104.900000 12.513775
105.000000 12.480472
105.100000 12.447213
105.200000 12.413998
105.300000 12.380828
105.400000 12.347702
105.500000 12.314620
105.600000 12.281583
105.700000 12.248590
105.800000 12.215642
105.900000 12.182738
106.000000 12.149878
106.100000 12.117063
106.200000 12.084292
106.300000 12.051565
106.400000 12.018883
106.500000 11.986245
106.600000 11.953652
106.700000 11.921103
106.800000 11.888598
106.900000 11.856138
107.000000 11.823722
107.100000 11.791350
107.200000 11.759023
107.300000 11.726740
107.400000 11.694502
107.500000 11.662307
107.600000 11.630158
107.700000 11.598052
107.800000 11.565992
107.900000 11.533975
108.000000 11.502003
108.100000 11.470075
108.200000 11.438191
108.300000 11.406352
108.400000 11.374558
108.500000 11.342807
108.600000 11.311101
108.700000 11.279440
108.800000 11.247823
108.900000 11.216250
109.000000 11.184721
109.100000 11.153237
109.200000 11.121798
109.300000 11.090402
109.400000 11.059051
109.500000 11.027745
109.600000 10.996483
109.700000 10.965265
109.800000 10.934091
109.900000 10.902962
110.000000 10.871878
110.100000 10.840837
110.200000 10.809841
110.300000 10.778890
110.400000 10.747983
110.500000 10.717120
110.600000 10.686301
110.700000 10.655527
110.800000 10.624798
110.900000 10.594112
111.000000 10.563471
111.100000 10.532875
111.200000 10.502323
111.300000 10.471815
111.400000 10.441351
111.500000 10.410932
111.600000 10.380557
111.700000 10.350227
111.800000 10.319941
111.900000 10.289700
112.000000 10.259502
112.100000 10.229350
112.200000 10.199241
112.300000 10.169177
112.400000 10.139157
112.500000 10.109182
112.600000 10.079251
112.700000 10.049365
112.800000 10.019522
112.900000 9.989725
113.000000 9.959971
113.100000 9.930262
113.200000 9.900597
113.300000 9.870977
113.400000 9.841401
113.500000 9.811870
113.600000 9.782382
113.700000 9.752940
113.800000 9.723541
113.900000 9.694187
114.000000 9.664877
114.100000 9.635612
114.200000 9.606391
114.300000 9.577214
114.400000 9.548082
114.500000 9.518994
114.600000 9.489951
114.700000 9.460952
114.800000 9.431997
114.900000 9.403087
115.000000 9.374221
115.100000 9.345399
115.200000 9.316622
115.300000 9.287889
115.400000 9.259201
115.500000 9.230557
115.600000 9.201957
115.700000 9.173402
115.800000 9.144891
115.900000 9.116424
116.000000 9.088002
116.100000 9.059624
116.200000 9.031291
116.300000 9.003002
116.400000 8.974757
116.500000 8.946557
116.600000 8.918401
116.700000 8.890289
116.800000 8.862222
116.900000 8.834199
117.000000 8.806221
117.100000 8.778287
117.200000 8.750397
117.300000 8.722552
117.400000 8.694751
117.500000 8.666994
117.600000 8.639282
117.700000 8.611614
117.800000 8.583991
117.900000 8.556412
118.000000 8.528877
118.100000 8.501387
118.200000 8.473941
118.300000 8.446539
118.400000 8.419182
118.500000 8.391869
118.600000 8.364601
118.700000 8.337377
118.800000 8.310197
118.900000 8.283062
119.000000 8.255971
119.100000 8.228924
119.200000 8.201922
119.300000 8.174964
119.400000 8.148051
119.500000 8.121182
119.600000 8.094357
119.700000 8.067577
119.800000 8.040841
119.900000 8.014149
120.000000 7.987502
120.100000 7.960899
120.200000 7.934341
120.300000 7.907827
120.400000 7.881357
120.500000 7.854932
120.600000 7.828551
120.700000 7.802214
120.800000 7.775922
120.900000 7.749674
121.000000 7.723471
121.100000 7.697312
121.200000 7.671197
121.300000 7.645127
121.400000 7.619101
121.500000 7.593119
121.600000 7.567182
121.700000 7.541289
121.800000 7.515441
121.900000 7.489636
122.000000 7.463877
122.100000 7.438161
122.200000 7.412491
122.300000 7.386864
122.400000 7.361282
122.500000 7.335744
122.600000 7.310250
122.700000 7.284801
122.800000 7.259397
122.900000 7.234036
123.000000 7.208720
123.100000 7.183449
123.200000 7.158222
123.300000 7.133039
123.400000 7.107900
123.500000 7.082806
123.600000 7.057757
123.700000 7.032751
123.800000 7.007790
123.900000 6.982874
124.000000 6.958002
124.100000 6.933174
124.200000 6.908390
124.300000 6.883651
124.400000 6.858957
124.500000 6.834306
124.600000 6.809700
124.700000 6.785139
124.800000 6.760622
124.900000 6.736149
125.000000 6.711720
125.100000 6.687336
125.200000 6.662997
125.300000 6.638701
125.400000 6.614450
125.500000 6.590244
125.600000 6.566082
125.700000 6.541964
125.800000 6.517890
125.900000 6.493861
126.000000 6.469877
126.100000 6.445936
126.200000 6.422040
126.300000 6.398189
126.400000 6.374382
126.500000 6.350619
126.600000 6.326900
126.700000 6.303226
126.800000 6.279596
126.900000 6.256011
127.000000 6.232470
127.100000 6.208974
127.200000 6.185521
127.300000 6.162114
127.400000 6.138750
127.500000 6.115431
127.600000 6.092156
127.700000 6.068926
127.800000 6.045740
127.900000 6.022599
128.000000 5.999501
128.100000 5.976449
128.200000 5.953440
128.300000 5.930476
128.400000 5.907556
128.500000 5.884681
128.600000 5.861850
128.700000 5.839064
128.800000 5.816321
128.900000 5.793624
129.000000 5.770970
129.100000 5.748361
129.200000 5.725796
129.300000 5.703276
129.400000 5.680800
129.500000 5.658369
129.600000 5.635981
129.700000 5.613639
129.800000 5.591340
129.900000 5.569086
130.000000 5.546876
130.100000 5.524711
130.200000 5.502590
130.300000 5.480513
130.400000 5.458481
130.500000 5.436493
130.600000 5.414550
130.700000 5.392651
130.800000 5.370796
130.900000 5.348986
131.000000 5.327220
131.100000 5.305498
131.200000 5.283821
131.300000 5.262188
131.400000 5.240600
131.500000 5.219056
131.600000 5.197556
131.700000 5.176101
131.800000 5.154690
131.900000 5.133323
132.000000 5.112001
132.100000 5.090723
132.200000 5.069490
132.300000 5.048301
132.400000 5.027156
132.500000 5.006056
132.600000 4.985000
132.700000 4.963988
132.800000 4.943021
132.900000 4.922098
133.000000 4.901220
133.100000 4.880386
133.200000 4.859596
133.300000 4.838851
133.400000 4.818150
133.500000 4.797493
133.600000 4.776881
133.700000 4.756313
133.800000 4.735790
133.900000 4.715311
134.000000 4.694876
134.100000 4.674486
134.200000 4.654140
134.300000 4.633838
134.400000 4.613581
134.500000 4.593368
134.600000 4.573200
134.700000 4.553076
134.800000 4.532996
134.900000 4.512961
135.000000 4.492970
135.100000 4.473023
135.200000 4.453121
135.300000 4.433263
135.400000 4.413450
135.500000 4.393681
135.600000 4.373956
135.700000 4.354276
135.800000 4.334640
135.900000 4.315048
136.000000 4.295501
136.100000 4.275998
136.200000 4.256540
136.300000 4.237126
136.400000 4.217756
136.500000 4.198431
136.600000 4.179150
136.700000 4.159913
136.800000 4.140721
136.900000 4.121573
137.000000 4.102470
137.100000 4.083411
137.200000 4.064396
137.300000 4.045426
137.400000 4.026500
137.500000 4.007618
137.600000 3.988781
137.700000 3.969988
137.800000 3.951240
137.900000 3.932536
138.000000 3.913876
138.100000 3.895261
138.200000 3.876690
138.300000 3.858163
138.400000 3.839681
138.500000 3.821243
138.600000 3.802850
138.700000 3.784501
138.800000 3.766196
138.900000 3.747936
139.000000 3.729720
139.100000 3.711548
139.200000 3.693421
139.300000 3.675338
139.400000 3.657300
139.500000 3.639306
139.600000 3.621356
139.700000 3.603451
139.800000 3.585590
139.900000 3.567773
140.000000 3.550001
140.100000 3.532273
140.200000 3.514590
140.300000 3.496951
140.400000 3.479356
140.500000 3.461806
140.600000 3.444300
140.700000 3.426838
140.800000 3.409421
140.900000 3.392048
141.000000 3.374720
141.100000 3.357435
141.200000 3.340196
141.300000 3.323000
141.400000 3.305850
141.500000 3.288743
141.600000 3.271681
141.700000 3.254663
141.800000 3.237690
141.900000 3.220760
142.000000 3.203876
142.100000 3.187035
142.200000 3.170240
142.300000 3.153488
142.400000 3.136781
142.500000 3.120118
142.600000 3.103499
142.700000 3.086925
142.800000 3.070396
142.900000 3.053910
143.000000 3.037469
143.100000 3.021073
143.200000 3.004721
143.300000 2.988413
143.400000 2.972149
143.500000 2.955930
143.600000 2.939756
143.700000 2.923625
143.800000 2.907539
143.900000 2.891498
144.000000 2.875501
144.100000 2.859548
144.200000 2.843639
144.300000 2.827775
144.400000 2.811956
144.500000 2.796180
144.600000 2.780449
144.700000 2.764763
144.800000 2.749121
144.900000 2.733523
145.000000 2.717969
145.100000 2.702460
145.200000 2.686996
145.300000 2.671575
145.400000 2.656199
145.500000 2.640868
145.600000 2.625581
145.700000 2.610338
145.800000 2.595139
145.900000 2.579985
146.000000 2.564876
146.100000 2.549810
146.200000 2.534789
146.300000 2.519813
146.400000 2.504881
146.500000 2.489993
146.600000 2.475149
146.700000 2.460350
146.800000 2.445596
146.900000 2.430885
147.000000 2.416219
147.100000 2.401598
147.200000 2.387021
147.300000 2.372488
147.400000 2.357999
147.500000 2.343555
147.600000 2.329156
147.700000 2.314800
147.800000 2.300489
147.900000 2.286223
148.000000 2.272001
148.100000 2.257823
148.200000 2.243689
148.300000 2.229600
148.400000 2.215556
148.500000 2.201555
148.600000 2.187599
148.700000 2.173688
148.800000 2.159821
148.900000 2.145998
149.000000 2.132219
149.100000 2.118485
149.200000 2.104796
149.300000 2.091150
149.400000 2.077549
149.500000 2.063993
149.600000 2.050480
149.700000 2.037013
149.800000 2.023589
149.900000 2.010210
150.000000 1.996875
150.100000 1.983585
150.200000 1.970339
150.300000 1.957138
150.400000 1.943980
150.500000 1.930868
150.600000 1.917799
150.700000 1.904775
150.800000 1.891795
150.900000 1.878860
151.000000 1.865969
151.100000 1.853123
151.200000 1.840320
151.300000 1.827563
151.400000 1.814849
151.500000 1.802180
151.600000 1.789555
151.700000 1.776975
151.800000 1.764439
151.900000 1.751948
152.000000 1.739500
152.100000 1.727098
152.200000 1.714739
152.300000 1.702425
152.400000 1.690155
152.500000 1.677930
152.600000 1.665749
152.700000 1.653613
152.800000 1.641520
152.900000 1.629473
153.000000 1.617469
153.100000 1.605510
153.200000 1.593595
153.300000 1.581725
153.400000 1.569899
153.500000 1.558118
153.600000 1.546380
153.700000 1.534688
153.800000 1.523039
153.900000 1.511435
154.000000 1.499875
154.100000 1.488360
154.200000 1.476889
154.300000 1.465463
154.400000 1.454080
154.500000 1.442743
154.600000 1.431449
154.700000 1.420200
154.800000 1.408995
154.900000 1.397835
155.000000 1.386719
155.100000 1.375648
155.200000 1.364620
155.300000 1.353638
155.400000 1.342699
155.500000 1.331805
155.600000 1.320955
155.700000 1.310150
155.800000 1.299389
155.900000 1.288672
156.000000 1.278000
156.100000 1.267372
156.200000 1.256789
156.300000 1.246250
156.400000 1.235755
156.500000 1.225305
156.600000 1.214899
156.700000 1.204537
156.800000 1.194220
156.900000 1.183947
157.000000 1.173719
157.100000 1.163535
157.200000 1.153395
157.300000 1.143300
157.400000 1.133249
157.500000 1.123242
157.600000 1.113280
157.700000 1.103362
157.800000 1.093489
157.900000 1.083660
158.000000 1.073875
158.100000 1.064135
158.200000 1.054439
158.300000 1.044787
158.400000 1.035180
158.500000 1.025617
158.600000 1.016099
158.700000 1.006625
158.800000 0.997195
158.900000 0.987810
159.000000 0.978469
159.100000 0.969172
159.200000 0.959920
159.300000 0.950712
159.400000 0.941549
159.500000 0.932430
159.600000 0.923355
159.700000 0.914325
159.800000 0.905339
159.900000 0.896397
160.000000 0.887500
160.100000 0.878647
160.200000 0.869839
160.300000 0.861075
160.400000 0.852355
160.500000 0.843680
160.600000 0.835049
160.700000 0.826462
160.800000 0.817920
160.900000 0.809422
161.000000 0.800969
161.100000 0.792560
161.200000 0.784195
161.300000 0.775875
161.400000 0.767599
161.500000 0.759367
161.600000 0.751180
161.700000 0.743037
161.800000 0.734939
161.900000 0.726885
162.000000 0.718875
162.100000 0.710910
162.200000 0.702989
162.300000 0.695112
162.400000 0.687280
162.500000 0.679492
162.600000 0.671749
162.700000 0.664050
162.800000 0.656395
162.900000 0.648785
163.000000 0.641219
163.100000 0.633697
163.200000 0.626220
163.300000 0.618787
163.400000 0.611399
163.500000 0.604055
163.600000 0.596755
163.700000 0.589500
163.800000 0.582289
163.900000 0.575122
164.000000 0.568000
164.100000 0.560922
164.200000 0.553889
164.300000 0.546900
164.400000 0.539955
164.500000 0.533055
164.600000 0.526199
164.700000 0.519387
164.800000 0.512620
164.900000 0.505897
165.000000 0.499219
165.100000 0.492585
165.200000 0.485995
165.300000 0.479450
165.400000 0.472949
165.500000 0.466492
165.600000 0.460080
165.700000 0.453712
165.800000 0.447389
165.900000 0.441110
166.000000 0.434875
166.100000 0.428685
166.200000 0.422539
166.300000 0.416437
166.400000 0.410380
166.500000 0.404367
166.600000 0.398399
166.700000 0.392475
166.800000 0.386595
166.900000 0.380760
167.000000 0.374969
167.100000 0.369222
167.200000 0.363520
167.300000 0.357862
167.400000 0.352249
167.500000 0.346680
167.600000 0.341155
167.700000 0.335675
167.800000 0.330239
167.900000 0.324847
168.000000 0.319500
168.100000 0.314197
168.200000 0.308939
168.300000 0.303725
168.400000 0.298555
168.500000 0.293430
168.600000 0.288349
168.700000 0.283312
168.800000 0.278320
168.900000 0.273372
169.000000 0.268469
169.100000 0.263610
169.200000 0.258795
169.300000 0.254025
169.400000 0.249299
169.500000 0.244617
169.600000 0.239980
169.700000 0.235387
169.800000 0.230839
169.900000 0.226335
170.000000 0.221875
170.100000 0.217460
170.200000 0.213089
170.300000 0.208762
170.400000 0.204480
170.500000 0.200242
170.600000 0.196049
170.700000 0.191900
170.800000 0.187795
170.900000 0.183735
171.000000 0.179719
171.100000 0.175747
171.200000 0.171820
171.300000 0.167937
171.400000 0.164099
171.500000 0.160305
171.600000 0.156555
171.700000 0.152850
171.800000 0.149189
171.900000 0.145572
172.000000 0.142000
172.100000 0.138472
172.200000 0.134989
172.300000 0.131550
172.400000 0.128155
172.500000 0.124805
172.600000 0.121499
172.700000 0.118237
172.800000 0.115020
172.900000 0.111847
173.000000 0.108719
173.100000 0.105635
173.200000 0.102595
173.300000 0.099600
173.400000 0.096649
173.500000 0.093742
173.600000 0.090880
173.700000 0.088062
173.800000 0.085289
173.900000 0.082560
174.000000 0.079875
174.100000 0.077235
174.200000 0.074639
174.300000 0.072087
174.400000 0.069580
174.500000 0.067117
174.600000 0.064699
174.700000 0.062325
174.800000 0.059995
174.900000 0.057710
175.000000 0.055469
175.100000 0.053272
175.200000 0.051120
175.300000 0.049012
175.400000 0.046949
175.500000 0.044930
175.600000 0.042955
175.700000 0.041025
175.800000 0.039139
175.900000 0.037297
176.000000 0.035500
176.100000 0.033747
176.200000 0.032039
176.300000 0.030375
176.400000 0.028755
176.500000 0.027180
176.600000 0.025649
176.700000 0.024162
176.800000 0.022720
176.900000 0.021322
177.000000 0.019969
177.100000 0.018660
177.200000 0.017395
177.300000 0.016175
177.400000 0.014999
177.500000 0.013867
177.600000 0.012780
177.700000 0.011737
177.800000 0.010739
177.900000 0.009785
178.000000 0.008875
178.100000 0.008010
178.200000 0.007189
178.300000 0.006412
178.400000 0.005680
178.500000 0.004992
178.600000 0.004349
178.700000 0.003750
178.800000 0.003195
178.900000 0.002685
179.000000 0.002219
179.100000 0.001797
179.200000 0.001420
179.300000 0.001087
179.400000 0.000799
179.500000 0.000555
179.600000 0.000355
179.700000 0.000200
179.800000 0.000089
179.900000 0.000022
180.000000 0.000000
180.100000 0.000022
180.200000 0.000089
180.300000 0.000200
180.400000 0.000355
180.500000 0.000555
180.600000 0.000799
180.700000 0.001087
180.800000 0.001420
180.900000 0.001797
181.000000 0.002219
