0.000000 273.452629
0.100000 273.148877
0.200000 272.845294
0.300000 272.541880
0.400000 272.238634
0.500000 271.935558
0.600000 271.632650
0.700000 271.329911
0.800000 271.027340
0.900000 270.724939
1.000000 270.422706
1.100000 270.120642
1.200000 269.818747
1.300000 269.517021
1.400000 269.215464
1.500000 268.914075
1.600000 268.612855
1.700000 268.311804
1.800000 268.010922
1.900000 267.710208
2.000000 267.409663
2.100000 267.109287
2.200000 266.809080
2.300000 266.509042
2.400000 266.209173
2.500000 265.909472
2.600000 265.609940
2.700000 265.310577
2.800000 265.011383
2.900000 264.712357
3.000000 264.413500
3.100000 264.114812
3.200000 263.816293
3.300000 263.517943
3.400000 263.219761
3.500000 262.921749
3.600000 262.623905
3.700000 262.326230
3.800000 262.028723
3.900000 261.731386
4.000000 261.434217
4.100000 261.137217
4.200000 260.840386
4.300000 260.543724
4.400000 260.247230
4.500000 259.950905
4.600000 259.654749
4.700000 259.358762
4.800000 259.062944
4.900000 258.767294
5.000000 258.471814
5.100000 258.176502
5.200000 257.881358
5.300000 257.586384
5.400000 257.291579
5.500000 256.996942
5.600000 256.702474
5.700000 256.408175
5.800000 256.114044
5.900000 255.820083
6.000000 255.526290
6.100000 255.232666
6.200000 254.939211
6.300000 254.645924
6.400000 254.352807
6.500000 254.059858
6.600000 253.767078
6.700000 253.474467
6.800000 253.182024
6.900000 252.889751
7.000000 252.597646
7.100000 252.305710
7.200000 252.013943
7.300000 251.722344
7.400000 251.430915
7.500000 251.139654
7.600000 250.848562
7.700000 250.557639
7.800000 250.266884
7.900000 249.976299
8.000000 249.685882
8.100000 249.395634
8.200000 249.105555
8.300000 248.815644
8.400000 248.525903
8.500000 248.236330
8.600000 247.946926
8.700000 247.657690
8.800000 247.368624
8.900000 247.079726
9.000000 246.790998
9.100000 246.502438
9.200000 246.214046
9.300000 245.925824
9.400000 245.637770
9.500000 245.349885
9.600000 245.062169
9.700000 244.774622
9.800000 244.487244
9.900000 244.200034
10.000000 243.912993
10.100000 243.626121
10.200000 243.339418
10.300000 243.052883
10.400000 242.766518
10.500000 242.480321
10.600000 242.194293
10.700000 241.908433
10.800000 241.622743
10.900000 241.337221
11.000000 241.051868
11.100000 240.766684
11.200000 240.481669
11.300000 240.196822
11.400000 239.912145
11.500000 239.627636
11.600000 239.343296
11.700000 239.059124
11.800000 238.775122
11.900000 238.491288
12.000000 238.207623
12.100000 237.924127
12.200000 237.640800
12.300000 237.357641
12.400000 237.074652
12.500000 236.791831
12.600000 236.509179
12.700000 236.226695
12.800000 235.944381
12.900000 235.662235
13.000000 235.380258
13.100000 235.098450
13.200000 234.816811
13.300000 234.535340
13.400000 234.254039
13.500000 233.972906
13.600000 233.691941
13.700000 233.411146
13.800000 233.130520
13.900000 232.850062
14.000000 232.569773
14.100000 232.289653
14.200000 232.009701
14.300000 231.729919
14.400000 231.450305
14.500000 231.170860
14.600000 230.891584
14.700000 230.612477
14.800000 230.333538
14.900000 230.054768
15.000000 229.776167
15.100000 229.497735
15.200000 229.219472
15.300000 228.941377
15.400000 228.663451
15.500000 228.385694
15.600000 228.108106
15.700000 227.830687
15.800000 227.553436
15.900000 227.276355
16.000000 226.999442
16.100000 226.722697
16.200000 226.446122
16.300000 226.169715
16.400000 225.893478
16.500000 225.617409
16.600000 225.341508
16.700000 225.065777
16.800000 224.790214
16.900000 224.514821
17.000000 224.239596
17.100000 223.964539
17.200000 223.689652
17.300000 223.414933
17.400000 223.140384
17.500000 222.866003
17.600000 222.591790
17.700000 222.317747
17.800000 222.043872
17.900000 221.770166
18.000000 221.496629
18.100000 221.223261
18.200000 220.950062
18.300000 220.677031
18.400000 220.404169
18.500000 220.131476
18.600000 219.858952
18.700000 219.586597
18.800000 219.314410
18.900000 219.042392
19.000000 218.770543
19.100000 218.498863
19.200000 218.227351
19.300000 217.956009
19.400000 217.684835
19.500000 217.413830
19.600000 217.142993
19.700000 216.872326
19.800000 216.601827
19.900000 216.331497
20.000000 216.061336
20.100000 215.791344
20.200000 215.521521
20.300000 215.251866
20.400000 214.982380
20.500000 214.713063
20.600000 214.443915
20.700000 214.174935
20.800000 213.906125
20.900000 213.637483
21.000000 213.369010
21.100000 213.100705
21.200000 212.832570
21.300000 212.564603
21.400000 212.296805
21.500000 212.029176
21.600000 211.761716
21.700000 211.494424
21.800000 211.227302
21.900000 210.960348
22.000000 210.693563
22.100000 210.426946
22.200000 210.160499
22.300000 209.894220
22.400000 209.628110
22.500000 209.362169
22.600000 209.096397
22.700000 208.830793
22.800000 208.565358
22.900000 208.300092
23.000000 208.034995
23.100000 207.770067
23.200000 207.505307
23.300000 207.240717
23.400000 206.976295
23.500000 206.712042
23.600000 206.447957
23.700000 206.184042
23.800000 205.920295
23.900000 205.656717
24.000000 205.393308
24.100000 205.130068
24.200000 204.866996
24.300000 204.604093
24.400000 204.341359
24.500000 204.078794
24.600000 203.816398
24.700000 203.554170
24.800000 203.292111
24.900000 203.030221
25.000000 202.768500
25.100000 202.506948
25.200000 202.245564
25.300000 201.984350
25.400000 201.723304
25.500000 201.462426
25.600000 201.201718
25.700000 200.941178
25.800000 200.680808
25.900000 200.420606
26.000000 200.160572
26.100000 199.900708
26.200000 199.641012
26.300000 199.381486
26.400000 199.122128
26.500000 198.862938
26.600000 198.603918
26.700000 198.345066
26.800000 198.086384
26.900000 197.827870
27.000000 197.569524
27.100000 197.311348
27.200000 197.053340
27.300000 196.795502
27.400000 196.537831
27.500000 196.280330
27.600000 196.022998
27.700000 195.765834
27.800000 195.508839
27.900000 195.252013
28.000000 194.995356
28.100000 194.738868
28.200000 194.482548
28.300000 194.226397
28.400000 193.970415
28.500000 193.714602
28.600000 193.458957
28.700000 193.203482
28.800000 192.948175
28.900000 192.693037
29.000000 192.438068
29.100000 192.183267
29.200000 191.928636
29.300000 191.674173
29.400000 191.419879
29.500000 191.165753
29.600000 190.911797
29.700000 190.658009
29.800000 190.404390
29.900000 190.150940
30.000000 189.897659
30.100000 189.644546
30.200000 189.391603
30.300000 189.138828
30.400000 188.886222
30.500000 188.633785
30.600000 188.381516
30.700000 188.129416
30.800000 187.877485
30.900000 187.625723
31.000000 187.374130
31.100000 187.122706
31.200000 186.871450
31.300000 186.620363
31.400000 186.369445
31.500000 186.118696
31.600000 185.868115
31.700000 185.617703
31.800000 185.367460
31.900000 185.117386
32.000000 184.867481
32.100000 184.617744
32.200000 184.368177
32.300000 184.118778
32.400000 183.869548
32.500000 183.620486
32.600000 183.371594
32.700000 183.122870
32.800000 182.874315
32.900000 182.625929
33.000000 182.377712
33.100000 182.129663
33.200000 181.881783
33.300000 181.634072
33.400000 181.386530
33.500000 181.139157
33.600000 180.891952
33.700000 180.644917
33.800000 180.398050
33.900000 180.151352
34.000000 179.904822
34.100000 179.658462
34.200000 179.412270
34.300000 179.166247
34.400000 178.920393
34.500000 178.674707
34.600000 178.429191
34.700000 178.183843
34.800000 177.938664
34.900000 177.693654
35.000000 177.448812
35.100000 177.204140
35.200000 176.959636
35.300000 176.715301
35.400000 176.471135
35.500000 176.227137
35.600000 175.983309
35.700000 175.739649
35.800000 175.496158
35.900000 175.252836
36.000000 175.009682
36.100000 174.766698
36.200000 174.523882
36.300000 174.281235
36.400000 174.038757
36.500000 173.796447
36.600000 173.554307
36.700000 173.312335
36.800000 173.070532
36.900000 172.828898
37.000000 172.587432
37.100000 172.346136
37.200000 172.105008
37.300000 171.864049
37.400000 171.623259
37.500000 171.382637
37.600000 171.142185
37.700000 170.901901
37.800000 170.661786
37.900000 170.421839
38.000000 170.182062
38.100000 169.942453
38.200000 169.703014
38.300000 169.463742
38.400000 169.224640
38.500000 168.985707
38.600000 168.746942
38.700000 168.508346
38.800000 168.269919
38.900000 168.031661
39.000000 167.793571
39.100000 167.555651
39.200000 167.317899
39.300000 167.080316
39.400000 166.842902
39.500000 166.605656
39.600000 166.368579
39.700000 166.131672
39.800000 165.894932
39.900000 165.658362
40.000000 165.421961
40.100000 165.185728
40.200000 164.949664
40.300000 164.713769
40.400000 164.478043
40.500000 164.242485
40.600000 164.007097
40.700000 163.771877
40.800000 163.536826
40.900000 163.301943
41.000000 163.067230
41.100000 162.832685
41.200000 162.598309
41.300000 162.364102
41.400000 162.130064
41.500000 161.896194
41.600000 161.662493
41.700000 161.428962
41.800000 161.195598
41.900000 160.962404
42.000000 160.729379
42.100000 160.496522
42.200000 160.263834
42.300000 160.031315
42.400000 159.798964
42.500000 159.566783
42.600000 159.334770
42.700000 159.102926
42.800000 158.871251
42.900000 158.639745
43.000000 158.408407
43.100000 158.177238
43.200000 157.946238
43.300000 157.715407
43.400000 157.484745
43.500000 157.254251
43.600000 157.023927
43.700000 156.793771
43.800000 156.563783
43.900000 156.333965
44.000000 156.104316
44.100000 155.874835
44.200000 155.645523
44.300000 155.416380
44.400000 155.187405
44.500000 154.958600
44.600000 154.729963
44.700000 154.501495
44.800000 154.273196
44.900000 154.045065
45.000000 153.817104
45.100000 153.589311
45.200000 153.361687
45.300000 153.134232
45.400000 152.906945
45.500000 152.679828
45.600000 152.452879
45.700000 152.226099
45.800000 151.999488
45.900000 151.773045
46.000000 151.546772
46.100000 151.320667
46.200000 151.094731
46.300000 150.868964
46.400000 150.643365
46.500000 150.417936
46.600000 150.192675
46.700000 149.967583
46.800000 149.742660
46.900000 149.517905
47.000000 149.293320
47.100000 149.068903
47.200000 148.844655
47.300000 148.620575
47.400000 148.396665
47.500000 148.172923
47.600000 147.949350
47.700000 147.725946
47.800000 147.502711
47.900000 147.279645
48.000000 147.056747
48.100000 146.834018
48.200000 146.611458
48.300000 146.389067
48.400000 146.166844
48.500000 145.944791
48.600000 145.722906
48.700000 145.501190
48.800000 145.279643
48.900000 145.058264
49.000000 144.837054
49.100000 144.616014
49.200000 144.395142
49.300000 144.174438
49.400000 143.953904
49.500000 143.733538
49.600000 143.513341
49.700000 143.293313
49.800000 143.073454
49.900000 142.853763
50.000000 142.634242
50.100000 142.414889
50.200000 142.195705
50.300000 141.976689
50.400000 141.757843
50.500000 141.539165
50.600000 141.320656
50.700000 141.102316
50.800000 140.884145
50.900000 140.666142
51.000000 140.448309
51.100000 140.230644
51.200000 140.013148
51.300000 139.795820
51.400000 139.578662
51.500000 139.361672
51.600000 139.144851
51.700000 138.928199
51.800000 138.711716
51.900000 138.495401
52.000000 138.279255
52.100000 138.063278
52.200000 137.847470
52.300000 137.631831
52.400000 137.416360
52.500000 137.201059
52.600000 136.985926
52.700000 136.770961
52.800000 136.556166
52.900000 136.341540
53.000000 136.127082
53.100000 135.912793
53.200000 135.698673
53.300000 135.484721
53.400000 135.270939
53.500000 135.057325
53.600000 134.843880
53.700000 134.630604
53.800000 134.417497
53.900000 134.204558
54.000000 133.991788
54.100000 133.779187
54.200000 133.566755
54.300000 133.354492
54.400000 133.142397
54.500000 132.930471
54.600000 132.718714
54.700000 132.507126
54.800000 132.295707
54.900000 132.084456
55.000000 131.873374
55.100000 131.662461
55.200000 131.451717
55.300000 131.241142
55.400000 131.030735
55.500000 130.820497
55.600000 130.610428
55.700000 130.400528
55.800000 130.190797
55.900000 129.981234
56.000000 129.771840
56.100000 129.562615
56.200000 129.353559
56.300000 129.144672
56.400000 128.935953
56.500000 128.727403
56.600000 128.519022
56.700000 128.310810
56.800000 128.102766
56.900000 127.894892
57.000000 127.687186
57.100000 127.479649
57.200000 127.272281
57.300000 127.065081
57.400000 126.858051
57.500000 126.651189
57.600000 126.444496
57.700000 126.237971
57.800000 126.031616
57.900000 125.825429
58.000000 125.619411
58.100000 125.413562
58.200000 125.207882
58.300000 125.002371
58.400000 124.797028
58.500000 124.591854
58.600000 124.386849
58.700000 124.182013
58.800000 123.977345
58.900000 123.772847
59.000000 123.568517
59.100000 123.364356
59.200000 123.160363
59.300000 122.956540
59.400000 122.752885
59.500000 122.549399
59.600000 122.346082
59.700000 122.142934
59.800000 121.939954
59.900000 121.737144
60.000000 121.534502
60.100000 121.332029
60.200000 121.129724
60.300000 120.927589
60.400000 120.725622
60.500000 120.523824
60.600000 120.322195
60.700000 120.120735
60.800000 119.919443
60.900000 119.718321
61.000000 119.517367
61.100000 119.316581
61.200000 119.115965
61.300000 118.915518
61.400000 118.715239
61.500000 118.515129
61.600000 118.315188
61.700000 118.115415
61.800000 117.915812
61.900000 117.716377
62.000000 117.517111
62.100000 117.318014
62.200000 117.119086
62.300000 116.920326
62.400000 116.721735
62.500000 116.523314
62.600000 116.325060
62.700000 116.126976
62.800000 115.929060
62.900000 115.731314
63.000000 115.533736
63.100000 115.336327
63.200000 115.139086
63.300000 114.942015
63.400000 114.745112
63.500000 114.548378
63.600000 114.351813
63.700000 114.155416
63.800000 113.959189
63.900000 113.763130
64.000000 113.567240
64.100000 113.371519
64.200000 113.175966
64.300000 112.980583
64.400000 112.785368
64.500000 112.590322
64.600000 112.395445
64.700000 112.200736
64.800000 112.006197
64.900000 111.811826
65.000000 111.617624
65.100000 111.423591
65.200000 111.229726
65.300000 111.036031
65.400000 110.842504
65.500000 110.649146
65.600000 110.455957
65.700000 110.262936
65.800000 110.070085
65.900000 109.877402
66.000000 109.684888
66.100000 109.492543
66.200000 109.300366
66.300000 109.108359
66.400000 108.916520
66.500000 108.724850
66.600000 108.533348
66.700000 108.342016
66.800000 108.150852
66.900000 107.959857
67.000000 107.769031
67.100000 107.578374
67.200000 107.387886
67.300000 107.197566
67.400000 107.007415
67.500000 106.817433
67.600000 106.627620
67.700000 106.437975
67.800000 106.248500
67.900000 106.059193
68.000000 105.870055
68.100000 105.681086
68.200000 105.492285
68.300000 105.303653
68.400000 105.115191
68.500000 104.926896
68.600000 104.738771
68.700000 104.550815
68.800000 104.363027
68.900000 104.175408
69.000000 103.987958
69.100000 103.800677
69.200000 103.613564
69.300000 103.426621
69.400000 103.239846
69.500000 103.053240
69.600000 102.866802
69.700000 102.680534
69.800000 102.494434
69.900000 102.308503
70.000000 102.122741
70.100000 101.937148
70.200000 101.751723
70.300000 101.566467
70.400000 101.381381
70.500000 101.196462
70.600000 101.011713
70.700000 100.827133
70.800000 100.642721
70.900000 100.458478
71.000000 100.274404
71.100000 100.090498
71.200000 99.906762
71.300000 99.723194
71.400000 99.539795
71.500000 99.356565
71.600000 99.173504
71.700000 98.990611
71.800000 98.807888
71.900000 98.625333
72.000000 98.442946
72.100000 98.260729
72.200000 98.078680
72.300000 97.896801
72.400000 97.715090
72.500000 97.533548
72.600000 97.352174
72.700000 97.170970
72.800000 96.989934
72.900000 96.809067
73.000000 96.628369
73.100000 96.447839
73.200000 96.267479
73.300000 96.087287
73.400000 95.907264
73.500000 95.727410
73.600000 95.547724
73.700000 95.368208
73.800000 95.188860
73.900000 95.009681
74.000000 94.830671
74.100000 94.651830
74.200000 94.473157
74.300000 94.294653
74.400000 94.116318
74.500000 93.938152
74.600000 93.760155
74.700000 93.582326
74.800000 93.404666
74.900000 93.227175
75.000000 93.049853
75.100000 92.872699
75.200000 92.695715
75.300000 92.518899
75.400000 92.342252
75.500000 92.165774
75.600000 91.989464
75.700000 91.813324
75.800000 91.637352
75.900000 91.461549
76.000000 91.285915
76.100000 91.110449
76.200000 90.935153
76.300000 90.760025
76.400000 90.585066
76.500000 90.410275
76.600000 90.235654
76.700000 90.061201
76.800000 89.886917
76.900000 89.712802
77.000000 89.538856
77.100000 89.365079
77.200000 89.191470
77.300000 89.018030
77.400000 88.844759
77.500000 88.671657
77.600000 88.498723
77.700000 88.325959
77.800000 88.153363
77.900000 87.980936
78.000000 87.808678
78.100000 87.636588
78.200000 87.464667
78.300000 87.292915
78.400000 87.121332
78.500000 86.949918
78.600000 86.778673
78.700000 86.607596
78.800000 86.436688
78.900000 86.265949
79.000000 86.095379
79.100000 85.924977
79.200000 85.754744
79.300000 85.584681
79.400000 85.414785
79.500000 85.245059
79.600000 85.075502
79.700000 84.906113
79.800000 84.736893
79.900000 84.567842
80.000000 84.398960
80.100000 84.230246
80.200000 84.061701
80.300000 83.893325
80.400000 83.725118
80.500000 83.557080
80.600000 83.389210
80.700000 83.221510
80.800000 83.053978
80.900000 82.886615
81.000000 82.719420
81.100000 82.552395
81.200000 82.385538
81.300000 82.218850
81.400000 82.052331
81.500000 81.885981
81.600000 81.719799
81.700000 81.553786
81.800000 81.387942
81.900000 81.222267
82.000000 81.056761
82.100000 80.891423
82.200000 80.726254
82.300000 80.561254
82.400000 80.396423
82.500000 80.231761
82.600000 80.067267
82.700000 79.902943
82.800000 79.738787
82.900000 79.574799
83.000000 79.410981
83.100000 79.247331
83.200000 79.083851
83.300000 78.920539
83.400000 78.757395
83.500000 78.594421
83.600000 78.431616
83.700000 78.268979
83.800000 78.106511
83.900000 77.944212
84.000000 77.782081
84.100000 77.620120
84.200000 77.458327
84.300000 77.296703
84.400000 77.135247
84.500000 76.973961
84.600000 76.812843
84.700000 76.651895
84.800000 76.491115
84.900000 76.330503
85.000000 76.170061
85.100000 76.009787
85.200000 75.849683
85.300000 75.689747
85.400000 75.529979
85.500000 75.370381
85.600000 75.210951
85.700000 75.051690
85.800000 74.892598
85.900000 74.733675
86.000000 74.574921
86.100000 74.416335
86.200000 74.257918
86.300000 74.099670
86.400000 73.941591
86.500000 73.783680
86.600000 73.625939
86.700000 73.468366
86.800000 73.310962
86.900000 73.153727
87.000000 72.996660
87.100000 72.839762
87.200000 72.683034
87.300000 72.526473
87.400000 72.370082
87.500000 72.213860
87.600000 72.057806
87.700000 71.901921
87.800000 71.746205
87.900000 71.590658
88.000000 71.435279
88.100000 71.280070
88.200000 71.125029
88.300000 70.970157
88.400000 70.815453
88.500000 70.660919
88.600000 70.506553
88.700000 70.352356
88.800000 70.198328
88.900000 70.044469
89.000000 69.890778
89.100000 69.737257
89.200000 69.583904
89.300000 69.430720
89.400000 69.277704
89.500000 69.124858
89.600000 68.972180
89.700000 68.819671
89.800000 68.667331
89.900000 68.515160
90.000000 68.363157
90.100000 68.211323
90.200000 68.059659
90.300000 67.908162
90.400000 67.756835
90.500000 67.605677
90.600000 67.454687
90.700000 67.303866
90.800000 67.153214
90.900000 67.002730
91.000000 66.852416
91.100000 66.702270
91.200000 66.552293
91.300000 66.402485
91.400000 66.252846
91.500000 66.103375
91.600000 65.954073
91.700000 65.804940
91.800000 65.655976
91.900000 65.507181
92.000000 65.358554
92.100000 65.210096
92.200000 65.061808
92.300000 64.913687
92.400000 64.765736
92.500000 64.617953
92.600000 64.470340
92.700000 64.322895
92.800000 64.175618
92.900000 64.028511
93.000000 63.881572
93.100000 63.734803
93.200000 63.588202
93.300000 63.441769
93.400000 63.295506
93.500000 63.149411
93.600000 63.003486
93.700000 62.857729
93.800000 62.712140
93.900000 62.566721
94.000000 62.421470
94.100000 62.276389
94.200000 62.131476
94.300000 61.986731
94.400000 61.842156
94.500000 61.697749
94.600000 61.553512
94.700000 61.409443
94.800000 61.265542
94.900000 61.121811
95.000000 60.978248
95.100000 60.834854
95.200000 60.691629
95.300000 60.548573
95.400000 60.405686
95.500000 60.262967
95.600000 60.120417
95.700000 59.978036
95.800000 59.835824
95.900000 59.693780
96.000000 59.551906
96.100000 59.410200
96.200000 59.268663
96.300000 59.127295
96.400000 58.986095
96.500000 58.845065
96.600000 58.704203
96.700000 58.563510
96.800000 58.422985
96.900000 58.282630
97.000000 58.142443
97.100000 58.002425
97.200000 57.862576
97.300000 57.722896
97.400000 57.583385
97.500000 57.444042
97.600000 57.304868
97.700000 57.165863
97.800000 57.027027
97.900000 56.888359
98.000000 56.749860
98.100000 56.611530
98.200000 56.473369
98.300000 56.335377
98.400000 56.197554
98.500000 56.059899
98.600000 55.922413
98.700000 55.785096
98.800000 55.647948
98.900000 55.510968
99.000000 55.374157
99.100000 55.237515
99.200000 55.101042
99.300000 54.964738
99.400000 54.828602
99.500000 54.692636
99.600000 54.556838
99.700000 54.421209
99.800000 54.285748
99.900000 54.150457
100.000000 54.015334
100.100000 53.880380
100.200000 53.745595
100.300000 53.610979
100.400000 53.476531
100.500000 53.342252
100.600000 53.208142
100.700000 53.074201
100.800000 52.940429
100.900000 52.806825
101.000000 52.673391
101.100000 52.540125
101.200000 52.407028
101.300000 52.274099
101.400000 52.141340
101.500000 52.008749
101.600000 51.876327
101.700000 51.744074
101.800000 51.611989
101.900000 51.480074
102.000000 51.348327
102.100000 51.216749
102.200000 51.085340
102.300000 50.954099
102.400000 50.823028
102.500000 50.692125
102.600000 50.561391
102.700000 50.430826
102.800000 50.300429
102.900000 50.170202
103.000000 50.040143
103.100000 49.910253
103.200000 49.780532
103.300000 49.650980
103.400000 49.521596
103.500000 49.392381
103.600000 49.263335
103.700000 49.134458
103.800000 49.005749
103.900000 48.877210
104.000000 48.748839
104.100000 48.620637
104.200000 48.492604
104.300000 48.364739
104.400000 48.237044
104.500000 48.109517
104.600000 47.982159
104.700000 47.854970
104.800000 47.727949
104.900000 47.601098
105.000000 47.474415
105.100000 47.347901
105.200000 47.221555
105.300000 47.095379
105.400000 46.969371
105.500000 46.843533
105.600000 46.717862
105.700000 46.592361
105.800000 46.467029
105.900000 46.341865
106.000000 46.216870
106.100000 46.092044
106.200000 45.967387
106.300000 45.842898
106.400000 45.718579
106.500000 45.594428
106.600000 45.470446
106.700000 45.346633
106.800000 45.222988
106.900000 45.099512
107.000000 44.976206
107.100000 44.853067
107.200000 44.730098
107.300000 44.607298
107.400000 44.484666
107.500000 44.362203
107.600000 44.239909
107.700000 44.117784
107.800000 43.995827
107.900000 43.874040
108.000000 43.752421
108.100000 43.630971
108.200000 43.509689
108.300000 43.388577
108.400000 43.267633
108.500000 43.146858
108.600000 43.026252
108.700000 42.905815
108.800000 42.785546
108.900000 42.665446
109.000000 42.545516
109.100000 42.425753
109.200000 42.306160
109.300000 42.186736
109.400000 42.067480
109.500000 41.948393
109.600000 41.829475
109.700000 41.710725
109.800000 41.592145
109.900000 41.473733
110.000000 41.355490
110.100000 41.237416
110.200000 41.119511
110.300000 41.001774
110.400000 40.884206
110.500000 40.766807
110.600000 40.649577
110.700000 40.532516
110.800000 40.415623
110.900000 40.298900
111.000000 40.182345
111.100000 40.065958
111.200000 39.949741
111.300000 39.833693
111.400000 39.717813
111.500000 39.602102
111.600000 39.486560
111.700000 39.371186
111.800000 39.255982
111.900000 39.140946
112.000000 39.026079
112.100000 38.911381
112.200000 38.796851
112.300000 38.682491
112.400000 38.568299
112.500000 38.454276
112.600000 38.340422
112.700000 38.226736
112.800000 38.113220
112.900000 37.999872
113.000000 37.886693
113.100000 37.773683
113.200000 37.660841
113.300000 37.548169
113.400000 37.435665
113.500000 37.323330
113.600000 37.211164
113.700000 37.099166
113.800000 36.987338
113.900000 36.875678
114.000000 36.764187
114.100000 36.652865
114.200000 36.541711
114.300000 36.430726
114.400000 36.319911
114.500000 36.209264
114.600000 36.098785
114.700000 35.988476
114.800000 35.878335
114.900000 35.768363
115.000000 35.658560
115.100000 35.548926
115.200000 35.439461
115.300000 35.330164
115.400000 35.221036
115.500000 35.112077
115.600000 35.003287
115.700000 34.894665
115.800000 34.786213
115.900000 34.677929
116.000000 34.569814
116.100000 34.461868
116.200000 34.354090
116.300000 34.246481
116.400000 34.139042
116.500000 34.031770
116.600000 33.924668
116.700000 33.817735
116.800000 33.710970
116.900000 33.604374
117.000000 33.497947
117.100000 33.391689
117.200000 33.285599
117.300000 33.179679
117.400000 33.073927
117.500000 32.968344
117.600000 32.862929
117.700000 32.757684
117.800000 32.652607
117.900000 32.547699
118.000000 32.442960
118.100000 32.338390
118.200000 32.233988
118.300000 32.129756
118.400000 32.025692
118.500000 31.921796
118.600000 31.818070
118.700000 31.714513
118.800000 31.611124
118.900000 31.507904
119.000000 31.404853
119.100000 31.301971
119.200000 31.199257
119.300000 31.096712
119.400000 30.994336
119.500000 30.892129
119.600000 30.790091
119.700000 30.688221
119.800000 30.586521
119.900000 30.484989
120.000000 30.383625
120.100000 30.282431
120.200000 30.181406
120.300000 30.080549
120.400000 29.979861
120.500000 29.879342
120.600000 29.778991
120.700000 29.678810
120.800000 29.578797
120.900000 29.478953
121.000000 29.379278
121.100000 29.279771
121.200000 29.180434
121.300000 29.081265
121.400000 28.982265
121.500000 28.883434
121.600000 28.784772
121.700000 28.686278
121.800000 28.587953
121.900000 28.489797
122.000000 28.391810
122.100000 28.293992
122.200000 28.196342
122.300000 28.098861
122.400000 28.001549
122.500000 27.904406
122.600000 27.807432
122.700000 27.710626
122.800000 27.613989
122.900000 27.517521
123.000000 27.421222
123.100000 27.325092
123.200000 27.229130
123.300000 27.133337
123.400000 27.037713
123.500000 26.942258
123.600000 26.846971
123.700000 26.751854
123.800000 26.656905
123.900000 26.562125
124.000000 26.467514
124.100000 26.373071
124.200000 26.278798
124.300000 26.184693
124.400000 26.090757
124.500000 25.996990
124.600000 25.903391
124.700000 25.809961
124.800000 25.716701
124.900000 25.623609
125.000000 25.530685
125.100000 25.437931
125.200000 25.345345
125.300000 25.252928
125.400000 25.160680
125.500000 25.068601
125.600000 24.976690
125.700000 24.884949
125.800000 24.793376
125.900000 24.701972
126.000000 24.610737
126.100000 24.519670
126.200000 24.428772
126.300000 24.338044
126.400000 24.247483
126.500000 24.157092
126.600000 24.066870
126.700000 23.976816
126.800000 23.886931
126.900000 23.797215
127.000000 23.707668
127.100000 23.618289
127.200000 23.529080
127.300000 23.440039
127.400000 23.351167
127.500000 23.262463
127.600000 23.173929
127.700000 23.085563
127.800000 22.997366
127.900000 22.909338
128.000000 22.821479
128.100000 22.733788
128.200000 22.646266
128.300000 22.558913
128.400000 22.471729
128.500000 22.384714
128.600000 22.297868
128.700000 22.211190
128.800000 22.124681
128.900000 22.038341
129.000000 21.952169
129.100000 21.866167
129.200000 21.780333
129.300000 21.694668
129.400000 21.609172
129.500000 21.523845
129.600000 21.438686
129.700000 21.353696
129.800000 21.268875
129.900000 21.184223
130.000000 21.099740
130.100000 21.015425
130.200000 20.931280
130.300000 20.847303
130.400000 20.763494
130.500000 20.679855
130.600000 20.596384
130.700000 20.513083
130.800000 20.429950
130.900000 20.346986
131.000000 20.264190
131.100000 20.181564
131.200000 20.099106
131.300000 20.016817
131.400000 19.934697
131.500000 19.852745
131.600000 19.770963
131.700000 19.689349
131.800000 19.607904
131.900000 19.526628
132.000000 19.445520
132.100000 19.364582
132.200000 19.283812
132.300000 19.203211
132.400000 19.122779
132.500000 19.042515
132.600000 18.962421
132.700000 18.882495
132.800000 18.802738
132.900000 18.723150
133.000000 18.643730
133.100000 18.564480
133.200000 18.485398
133.300000 18.406485
133.400000 18.327740
133.500000 18.249165
133.600000 18.170758
133.700000 18.092521
133.800000 18.014452
133.900000 17.936551
134.000000 17.858820
134.100000 17.781257
134.200000 17.703863
134.300000 17.626638
134.400000 17.549582
134.500000 17.472695
134.600000 17.395976
134.700000 17.319426
134.800000 17.243045
134.900000 17.166833
135.000000 17.090789
135.100000 17.014915
135.200000 16.939209
135.300000 16.863672
135.400000 16.788303
135.500000 16.713104
135.600000 16.638073
135.700000 16.563211
135.800000 16.488518
135.900000 16.413994
136.000000 16.339639
136.100000 16.265452
136.200000 16.191434
136.300000 16.117585
136.400000 16.043905
136.500000 15.970393
136.600000 15.897050
136.700000 15.823877
136.800000 15.750871
136.900000 15.678035
137.000000 15.605368
137.100000 15.532869
137.200000 15.460539
137.300000 15.388378
137.400000 15.316386
137.500000 15.244562
137.600000 15.172907
137.700000 15.101421
137.800000 15.030104
137.900000 14.958956
138.000000 14.887976
138.100000 14.817166
138.200000 14.746524
138.300000 14.676051
138.400000 14.605746
138.500000 14.535611
138.600000 14.465644
138.700000 14.395846
138.800000 14.326217
138.900000 14.256757
139.000000 14.187465
139.100000 14.118342
139.200000 14.049388
139.300000 13.980603
139.400000 13.911987
139.500000 13.843539
139.600000 13.775261
139.700000 13.707151
139.800000 13.639209
139.900000 13.571437
140.000000 13.503834
140.100000 13.436399
140.200000 13.369133
140.300000 13.302036
140.400000 13.235107
140.500000 13.168348
140.600000 13.101757
140.700000 13.035335
140.800000 12.969082
140.900000 12.902997
141.000000 12.837082
141.100000 12.771335
141.200000 12.705757
141.300000 12.640348
141.400000 12.575107
141.500000 12.510036
141.600000 12.445133
141.700000 12.380399
141.800000 12.315834
141.900000 12.251437
142.000000 12.187210
142.100000 12.123151
142.200000 12.059261
142.300000 11.995540
142.400000 11.931987
142.500000 11.868604
142.600000 11.805389
142.700000 11.742343
142.800000 11.679466
142.900000 11.616757
143.000000 11.554218
143.100000 11.491847
143.200000 11.429645
143.300000 11.367611
143.400000 11.305747
143.500000 11.244051
143.600000 11.182525
143.700000 11.121166
143.800000 11.059977
143.900000 10.998957
144.000000 10.938105
144.100000 10.877422
144.200000 10.816908
144.300000 10.756563
144.400000 10.696387
144.500000 10.636379
144.600000 10.576540
144.700000 10.516870
144.800000 10.457369
144.900000 10.398036
145.000000 10.338873
145.100000 10.279878
145.200000 10.221052
145.300000 10.162394
145.400000 10.103906
145.500000 10.045586
145.600000 9.987435
145.700000 9.929453
145.800000 9.871640
145.900000 9.813995
146.000000 9.756520
146.100000 9.699213
146.200000 9.642075
146.300000 9.585105
146.400000 9.528305
146.500000 9.471673
146.600000 9.415210
146.700000 9.358916
146.800000 9.302791
146.900000 9.246834
147.000000 9.191047
147.100000 9.135428
147.200000 9.079978
147.300000 9.024696
147.400000 8.969584
147.500000 8.914640
147.600000 8.859865
147.700000 8.805259
147.800000 8.750822
147.900000 8.696553
148.000000 8.642453
148.100000 8.588523
148.200000 8.534760
148.300000 8.481167
148.400000 8.427743
148.500000 8.374487
148.600000 8.321400
148.700000 8.268482
148.800000 8.215732
148.900000 8.163152
149.000000 8.110740
149.100000 8.058497
149.200000 8.006423
149.300000 7.954518
149.400000 7.902781
149.500000 7.851213
149.600000 7.799814
149.700000 7.748584
149.800000 7.697523
149.900000 7.646630
150.000000 7.595906
150.100000 7.545351
150.200000 7.494965
150.300000 7.444748
150.400000 7.394699
150.500000 7.344819
150.600000 7.295108
150.700000 7.245566
150.800000 7.196193
150.900000 7.146988
151.000000 7.097952
151.100000 7.049085
151.200000 7.000387
151.300000 6.951858
151.400000 6.903497
151.500000 6.855305
151.600000 6.807282
151.700000 6.759428
151.800000 6.711743
151.900000 6.664226
152.000000 6.616878
152.100000 6.569699
152.200000 6.522689
152.300000 6.475848
152.400000 6.429175
152.500000 6.382671
152.600000 6.336336
152.700000 6.290170
152.800000 6.244173
152.900000 6.198344
153.000000 6.152684
153.100000 6.107193
153.200000 6.061871
153.300000 6.016717
153.400000 5.971733
153.500000 5.926917
153.600000 5.882270
153.700000 5.837792
153.800000 5.793482
153.900000 5.749342
154.000000 5.705370
154.100000 5.661567
154.200000 5.617932
154.300000 5.574467
154.400000 5.531170
154.500000 5.488042
154.600000 5.445083
154.700000 5.402293
154.800000 5.359672
154.900000 5.317219
155.000000 5.274935
155.100000 5.232820
155.200000 5.190874
155.300000 5.149096
155.400000 5.107487
155.500000 5.066048
155.600000 5.024776
155.700000 4.983674
155.800000 4.942741
155.900000 4.901976
156.000000 4.861380
156.100000 4.820953
156.200000 4.780695
156.300000 4.740605
156.400000 4.700684
156.500000 4.660933
156.600000 4.621349
156.700000 4.581935
156.800000 4.542690
156.900000 4.503613
157.000000 4.464705
157.100000 4.425966
157.200000 4.387396
157.300000 4.348994
157.400000 4.310761
157.500000 4.272697
157.600000 4.234802
157.700000 4.197076
157.800000 4.159518
157.900000 4.122130
158.000000 4.084910
158.100000 4.047858
158.200000 4.010976
158.300000 3.974263
158.400000 3.937718
158.500000 3.901342
158.600000 3.865135
158.700000 3.829096
158.800000 3.793227
158.900000 3.757526
159.000000 3.721994
159.100000 3.686631
159.200000 3.651437
159.300000 3.616411
159.400000 3.581554
159.500000 3.546866
159.600000 3.512347
159.700000 3.477997
159.800000 3.443815
159.900000 3.409802
160.000000 3.375958
160.100000 3.342283
160.200000 3.308777
160.300000 3.275439
160.400000 3.242270
160.500000 3.209270
160.600000 3.176439
160.700000 3.143777
160.800000 3.111283
160.900000 3.078958
161.000000 3.046802
161.100000 3.014815
161.200000 2.982997
161.300000 2.951347
161.400000 2.919866
161.500000 2.888554
161.600000 2.857411
161.700000 2.826437
161.800000 2.795631
161.900000 2.764994
162.000000 2.734526
162.100000 2.704227
162.200000 2.674097
162.300000 2.644135
162.400000 2.614342
162.500000 2.584718
162.600000 2.555263
162.700000 2.525976
162.800000 2.496859
162.900000 2.467910
163.000000 2.439130
163.100000 2.410519
163.200000 2.382076
163.300000 2.353803
163.400000 2.325698
163.500000 2.297762
163.600000 2.269994
163.700000 2.242396
163.800000 2.214966
163.900000 2.187705
164.000000 2.160613
164.100000 2.133690
164.200000 2.106936
164.300000 2.080350
164.400000 2.053933
164.500000 2.027685
164.600000 2.001606
164.700000 1.975695
164.800000 1.949954
164.900000 1.924381
165.000000 1.898977
165.100000 1.873741
165.200000 1.848675
165.300000 1.823777
165.400000 1.799048
165.500000 1.774488
165.600000 1.750097
165.700000 1.725874
165.800000 1.701821
165.900000 1.677936
166.000000 1.654220
166.100000 1.630672
166.200000 1.607294
166.300000 1.584084
166.400000 1.561043
166.500000 1.538171
166.600000 1.515468
166.700000 1.492933
166.800000 1.470567
166.900000 1.448371
167.000000 1.426342
167.100000 1.404483
167.200000 1.382793
167.300000 1.361271
167.400000 1.339918
167.500000 1.318734
167.600000 1.297718
167.700000 1.276872
167.800000 1.256194
167.900000 1.235685
168.000000 1.215345
168.100000 1.195174
168.200000 1.175171
168.300000 1.155337
168.400000 1.135672
168.500000 1.116176
168.600000 1.096849
168.700000 1.077690
168.800000 1.058701
168.900000 1.039880
169.000000 1.021227
169.100000 1.002744
169.200000 0.984429
169.300000 0.966284
169.400000 0.948307
169.500000 0.930499
169.600000 0.912859
169.700000 0.895389
169.800000 0.878087
169.900000 0.860954
170.000000 0.843990
170.100000 0.827194
170.200000 0.810568
170.300000 0.794110
170.400000 0.777821
170.500000 0.761701
170.600000 0.745749
170.700000 0.729967
170.800000 0.714353
170.900000 0.698908
171.000000 0.683632
171.100000 0.668524
171.200000 0.653586
171.300000 0.638816
171.400000 0.624215
171.500000 0.609782
171.600000 0.595519
171.700000 0.581424
171.800000 0.567499
171.900000 0.553742
172.000000 0.540153
172.100000 0.526734
172.200000 0.513483
172.300000 0.500401
172.400000 0.487488
172.500000 0.474744
172.600000 0.462169
172.700000 0.449762
172.800000 0.437524
172.900000 0.425455
173.000000 0.413555
173.100000 0.401823
173.200000 0.390261
173.300000 0.378867
173.400000 0.367642
173.500000 0.356586
173.600000 0.345698
173.700000 0.334979
173.800000 0.324430
173.900000 0.314049
174.000000 0.303836
174.100000 0.293793
174.200000 0.283918
174.300000 0.274212
174.400000 0.264675
174.500000 0.255307
174.600000 0.246107
174.700000 0.237077
174.800000 0.228215
174.900000 0.219522
175.000000 0.210997
175.100000 0.202642
175.200000 0.194455
175.300000 0.186437
175.400000 0.178588
175.500000 0.170908
175.600000 0.163396
175.700000 0.156054
175.800000 0.148880
175.900000 0.141875
176.000000 0.135038
176.100000 0.128371
176.200000 0.121872
176.300000 0.115542
176.400000 0.109381
176.500000 0.103389
176.600000 0.097565
176.700000 0.091910
176.800000 0.086425
176.900000 0.081107
177.000000 0.075959
177.100000 0.070980
177.200000 0.066169
177.300000 0.061527
177.400000 0.057054
177.500000 0.052749
177.600000 0.048614
177.700000 0.044647
177.800000 0.040849
177.900000 0.037220
178.000000 0.033760
178.100000 0.030468
178.200000 0.027345
178.300000 0.024391
178.400000 0.021606
178.500000 0.018990
178.600000 0.016542
178.700000 0.014263
178.800000 0.012153
178.900000 0.010212
179.000000 0.008440
179.100000 0.006836
179.200000 0.005402
179.300000 0.004136
179.400000 0.003038
179.500000 0.002110
179.600000 0.001350
179.700000 0.000760
179.800000 0.000338
179.900000 0.000084
180.000000 0.000000
180.100000 0.000084
180.200000 0.000338
180.300000 0.000760
180.400000 0.001350
180.500000 0.002110
180.600000 0.003038
180.700000 0.004136
180.800000 0.005402
180.900000 0.006836
181.000000 0.008440
