0.000000 92.211045
0.100000 92.108617
0.200000 92.006245
0.300000 91.903931
0.400000 91.801673
0.500000 91.699473
0.600000 91.597329
0.700000 91.495242
0.800000 91.393213
0.900000 91.291240
1.000000 91.189324
1.100000 91.087465
1.200000 90.985663
1.300000 90.883917
1.400000 90.782229
1.500000 90.680598
1.600000 90.579023
1.700000 90.477506
1.800000 90.376045
1.900000 90.274641
2.000000 90.173295
2.100000 90.072005
2.200000 89.970772
2.300000 89.869596
2.400000 89.768477
2.500000 89.667415
2.600000 89.566409
2.700000 89.465461
2.800000 89.364570
2.900000 89.263735
3.000000 89.162958
3.100000 89.062237
3.200000 88.961573
3.300000 88.860966
3.400000 88.760417
3.500000 88.659924
3.600000 88.559488
3.700000 88.459108
3.800000 88.358786
3.900000 88.258521
4.000000 88.158313
4.100000 88.058161
4.200000 87.958067
4.300000 87.858029
4.400000 87.758048
4.500000 87.658125
4.600000 87.558258
4.700000 87.458448
4.800000 87.358695
4.900000 87.258999
5.000000 87.159360
5.100000 87.059777
5.200000 86.960252
5.300000 86.860784
5.400000 86.761372
5.500000 86.662018
5.600000 86.562720
5.700000 86.463479
5.800000 86.364295
5.900000 86.265169
6.000000 86.166099
6.100000 86.067086
6.200000 85.968129
6.300000 85.869230
6.400000 85.770388
6.500000 85.671603
6.600000 85.572874
6.700000 85.474203
6.800000 85.375588
6.900000 85.277030
7.000000 85.178530
7.100000 85.080086
7.200000 84.981699
7.300000 84.883369
7.400000 84.785096
7.500000 84.686880
7.600000 84.588721
7.700000 84.490618
7.800000 84.392573
7.900000 84.294584
8.000000 84.196653
8.100000 84.098778
8.200000 84.000961
8.300000 83.903200
8.400000 83.805496
8.500000 83.707849
8.600000 83.610259
8.700000 83.512726
8.800000 83.415250
8.900000 83.317830
9.000000 83.220468
9.100000 83.123163
9.200000 83.025914
9.300000 82.928723
9.400000 82.831588
9.500000 82.734510
9.600000 82.637489
9.700000 82.540525
9.800000 82.443618
9.900000 82.346768
10.000000 82.249975
10.100000 82.153239
10.200000 82.056560
10.300000 81.959937
10.400000 81.863372
10.500000 81.766863
10.600000 81.670412
10.700000 81.574017
10.800000 81.477679
10.900000 81.381398
11.000000 81.285174
11.100000 81.189007
11.200000 81.092897
11.300000 80.996844
11.400000 80.900848
11.500000 80.804909
11.600000 80.709026
11.700000 80.613201
11.800000 80.517432
11.900000 80.421721
12.000000 80.326066
12.100000 80.230468
12.200000 80.134927
12.300000 80.039443
12.400000 79.944016
12.500000 79.848646
12.600000 79.753333
12.700000 79.658076
12.800000 79.562877
12.900000 79.467735
13.000000 79.372649
13.100000 79.277621
13.200000 79.182649
13.300000 79.087734
13.400000 78.992876
13.500000 78.898075
13.600000 78.803331
13.700000 78.708644
13.800000 78.614014
13.900000 78.519441
14.000000 78.424924
14.100000 78.330465
14.200000 78.236063
14.300000 78.141717
14.400000 78.047428
14.500000 77.953197
14.600000 77.859022
14.700000 77.764904
14.800000 77.670843
14.900000 77.576839
15.000000 77.482892
15.100000 77.389002
15.200000 77.295168
15.300000 77.201392
15.400000 77.107673
15.500000 77.014010
15.600000 76.920405
15.700000 76.826856
15.800000 76.733364
15.900000 76.639929
16.000000 76.546551
16.100000 76.453230
16.200000 76.359966
16.300000 76.266759
16.400000 76.173609
16.500000 76.080516
16.600000 75.987479
16.700000 75.894500
16.800000 75.801577
16.900000 75.708712
17.000000 75.615903
17.100000 75.523151
17.200000 75.430456
17.300000 75.337818
17.400000 75.245237
17.500000 75.152713
17.600000 75.060246
17.700000 74.967836
17.800000 74.875482
17.900000 74.783186
18.000000 74.690946
18.100000 74.598764
18.200000 74.506638
18.300000 74.414569
18.400000 74.322558
18.500000 74.230603
18.600000 74.138705
18.700000 74.046864
18.800000 73.955079
18.900000 73.863352
19.000000 73.771682
19.100000 73.680069
19.200000 73.588512
19.300000 73.497013
19.400000 73.405570
19.500000 73.314184
19.600000 73.222855
19.700000 73.131584
19.800000 73.040369
19.900000 72.949211
20.000000 72.858110
20.100000 72.767065
20.200000 72.676078
20.300000 72.585148
20.400000 72.494274
20.500000 72.403458
20.600000 72.312698
20.700000 72.221996
20.800000 72.131350
20.900000 72.040761
21.000000 71.950229
21.100000 71.859754
21.200000 71.769336
21.300000 71.678975
21.400000 71.588671
21.500000 71.498424
21.600000 71.408233
21.700000 71.318100
21.800000 71.228023
21.900000 71.138004
22.000000 71.048041
22.100000 70.958135
22.200000 70.868286
22.300000 70.778494
22.400000 70.688759
22.500000 70.599081
22.600000 70.509460
22.700000 70.419896
22.800000 70.330389
22.900000 70.240938
23.000000 70.151545
23.100000 70.062208
23.200000 69.972928
23.300000 69.883706
23.400000 69.794540
23.500000 69.705431
23.600000 69.616379
23.700000 69.527384
23.800000 69.438446
23.900000 69.349565
24.000000 69.260740
24.100000 69.171973
24.200000 69.083263
24.300000 68.994609
24.400000 68.906012
24.500000 68.817473
24.600000 68.728990
24.700000 68.640564
24.800000 68.552195
24.900000 68.463883
25.000000 68.375628
25.100000 68.287430
25.200000 68.199289
25.300000 68.111205
25.400000 68.023177
25.500000 67.935207
25.600000 67.847293
25.700000 67.759436
25.800000 67.671637
25.900000 67.583894
26.000000 67.496208
26.100000 67.408579
26.200000 67.321007
26.300000 67.233492
26.400000 67.146034
26.500000 67.058632
26.600000 66.971288
26.700000 66.884001
26.800000 66.796770
26.900000 66.709597
27.000000 66.622480
27.100000 66.535420
27.200000 66.448417
27.300000 66.361471
27.400000 66.274582
27.500000 66.187750
27.600000 66.100975
27.700000 66.014257
27.800000 65.927596
27.900000 65.840991
28.000000 65.754444
28.100000 65.667953
28.200000 65.581520
28.300000 65.495143
28.400000 65.408823
28.500000 65.322560
28.600000 65.236354
28.700000 65.150205
28.800000 65.064113
28.900000 64.978078
29.000000 64.892100
29.100000 64.806179
29.200000 64.720314
29.300000 64.634507
29.400000 64.548756
29.500000 64.463062
29.600000 64.377426
29.700000 64.291846
29.800000 64.206323
29.900000 64.120857
30.000000 64.035448
30.100000 63.950096
30.200000 63.864801
30.300000 63.779562
30.400000 63.694381
30.500000 63.609256
30.600000 63.524189
30.700000 63.439178
30.800000 63.354225
30.900000 63.269328
31.000000 63.184488
31.100000 63.099705
31.200000 63.014979
31.300000 62.930310
31.400000 62.845698
31.500000 62.761142
31.600000 62.676644
31.700000 62.592203
31.800000 62.507818
31.900000 62.423491
32.000000 62.339220
32.100000 62.255006
32.200000 62.170849
32.300000 62.086750
32.400000 62.002707
32.500000 61.918721
32.600000 61.834791
32.700000 61.750919
32.800000 61.667104
32.900000 61.583346
33.000000 61.499644
33.100000 61.416000
33.200000 61.332412
33.300000 61.248881
33.400000 61.165408
33.500000 61.081991
33.600000 60.998631
33.700000 60.915328
33.800000 60.832082
33.900000 60.748893
34.000000 60.665760
34.100000 60.582685
34.200000 60.499667
34.300000 60.416705
34.400000 60.333801
34.500000 60.250953
34.600000 60.168162
34.700000 60.085428
34.800000 60.002751
34.900000 59.920132
35.000000 59.837568
35.100000 59.755062
35.200000 59.672613
35.300000 59.590221
35.400000 59.507886
35.500000 59.425607
35.600000 59.343386
35.700000 59.261221
35.800000 59.179113
35.900000 59.097063
36.000000 59.015069
36.100000 58.933132
36.200000 58.851252
36.300000 58.769429
36.400000 58.687663
36.500000 58.605953
36.600000 58.524301
36.700000 58.442706
36.800000 58.361167
36.900000 58.279686
37.000000 58.198261
37.100000 58.116893
37.200000 58.035583
37.300000 57.954329
37.400000 57.873132
37.500000 57.791992
37.600000 57.710909
37.700000 57.629882
37.800000 57.548913
37.900000 57.468001
38.000000 57.387145
38.100000 57.306347
38.200000 57.225605
38.300000 57.144921
38.400000 57.064293
38.500000 56.983722
38.600000 56.903208
38.700000 56.822751
38.800000 56.742351
38.900000 56.662008
39.000000 56.581722
39.100000 56.501492
39.200000 56.421320
39.300000 56.341205
39.400000 56.261146
39.500000 56.181144
39.600000 56.101200
39.700000 56.021312
39.800000 55.941481
39.900000 55.861707
40.000000 55.781990
40.100000 55.702330
40.200000 55.622727
40.300000 55.543181
40.400000 55.463691
40.500000 55.384259
40.600000 55.304883
40.700000 55.225565
40.800000 55.146303
40.900000 55.067098
41.000000 54.987951
41.100000 54.908860
41.200000 54.829826
41.300000 54.750849
41.400000 54.671929
41.500000 54.593065
41.600000 54.514259
41.700000 54.435510
41.800000 54.356817
41.900000 54.278182
42.000000 54.199603
42.100000 54.121081
42.200000 54.042617
42.300000 53.964209
42.400000 53.885858
42.500000 53.807564
42.600000 53.729327
42.700000 53.651147
42.800000 53.573023
42.900000 53.494957
43.000000 53.416948
43.100000 53.338995
43.200000 53.261100
43.300000 53.183261
43.400000 53.105479
43.500000 53.027754
43.600000 52.950086
43.700000 52.872476
43.800000 52.794921
43.900000 52.717424
44.000000 52.639984
44.100000 52.562601
44.200000 52.485275
44.300000 52.408005
44.400000 52.330793
44.500000 52.253637
44.600000 52.176538
44.700000 52.099497
44.800000 52.022512
44.900000 51.945584
45.000000 51.868713
45.100000 51.791899
45.200000 51.715142
45.300000 51.638441
45.400000 51.561798
45.500000 51.485212
45.600000 51.408682
45.700000 51.332210
45.800000 51.255794
45.900000 51.179435
46.000000 51.103133
46.100000 51.026889
46.200000 50.950701
46.300000 50.874570
46.400000 50.798495
46.500000 50.722478
46.600000 50.646518
46.700000 50.570615
46.800000 50.494768
46.900000 50.418979
47.000000 50.343246
47.100000 50.267570
47.200000 50.191952
47.300000 50.116390
47.400000 50.040885
47.500000 49.965437
47.600000 49.890046
47.700000 49.814712
47.800000 49.739435
47.900000 49.664214
48.000000 49.589051
48.100000 49.513944
48.200000 49.438895
48.300000 49.363902
48.400000 49.288966
48.500000 49.214088
48.600000 49.139266
48.700000 49.064501
48.800000 48.989793
48.900000 48.915142
49.000000 48.840548
49.100000 48.766010
49.200000 48.691530
49.300000 48.617107
49.400000 48.542740
49.500000 48.468430
49.600000 48.394178
49.700000 48.319982
49.800000 48.245843
49.900000 48.171761
50.000000 48.097736
50.100000 48.023768
50.200000 47.949857
50.300000 47.876003
50.400000 47.802206
50.500000 47.728465
50.600000 47.654782
50.700000 47.581155
50.800000 47.507586
50.900000 47.434073
51.000000 47.360617
51.100000 47.287218
51.200000 47.213876
51.300000 47.140591
51.400000 47.067363
51.500000 46.994192
51.600000 46.921078
51.700000 46.848021
51.800000 46.775020
51.900000 46.702077
52.000000 46.629190
52.100000 46.556360
52.200000 46.483588
52.300000 46.410872
52.400000 46.338213
52.500000 46.265611
52.600000 46.193066
52.700000 46.120578
52.800000 46.048147
52.900000 45.975772
53.000000 45.903455
53.100000 45.831195
53.200000 45.758991
53.300000 45.686844
53.400000 45.614755
53.500000 45.542722
53.600000 45.470746
53.700000 45.398827
53.800000 45.326965
53.900000 45.255160
54.000000 45.183412
54.100000 45.111721
54.200000 45.040086
54.300000 44.968509
54.400000 44.896989
54.500000 44.825525
54.600000 44.754118
54.700000 44.682769
54.800000 44.611476
54.900000 44.540240
55.000000 44.469061
55.100000 44.397939
55.200000 44.326874
55.300000 44.255866
55.400000 44.184914
55.500000 44.114020
55.600000 44.043183
55.700000 43.972402
55.800000 43.901678
55.900000 43.831012
56.000000 43.760402
56.100000 43.689849
56.200000 43.619353
56.300000 43.548914
56.400000 43.478532
56.500000 43.408207
56.600000 43.337939
56.700000 43.267728
56.800000 43.197573
56.900000 43.127476
57.000000 43.057435
57.100000 42.987452
57.200000 42.917525
57.300000 42.847655
57.400000 42.777842
57.500000 42.708086
57.600000 42.638387
57.700000 42.568745
57.800000 42.499160
57.900000 42.429632
58.000000 42.360160
58.100000 42.290746
58.200000 42.221388
58.300000 42.152088
58.400000 42.082844
58.500000 42.013657
58.600000 41.944528
58.700000 41.875455
58.800000 41.806439
58.900000 41.737480
59.000000 41.668577
59.100000 41.599732
59.200000 41.530944
59.300000 41.462213
59.400000 41.393538
59.500000 41.324921
59.600000 41.256360
59.700000 41.187856
59.800000 41.119409
59.900000 41.051020
60.000000 40.982687
60.100000 40.914411
60.200000 40.846192
60.300000 40.778029
60.400000 40.709924
60.500000 40.641876
60.600000 40.573884
60.700000 40.505950
60.800000 40.438072
60.900000 40.370252
61.000000 40.302488
61.100000 40.234781
61.200000 40.167131
61.300000 40.099538
61.400000 40.032002
61.500000 39.964523
61.600000 39.897101
61.700000 39.829736
61.800000 39.762427
61.900000 39.695176
62.000000 39.627981
62.100000 39.560844
62.200000 39.493763
62.300000 39.426739
62.400000 39.359772
62.500000 39.292862
62.600000 39.226009
62.700000 39.159213
62.800000 39.092474
62.900000 39.025792
63.000000 38.959166
63.100000 38.892598
63.200000 38.826087
63.300000 38.759632
63.400000 38.693234
63.500000 38.626894
63.600000 38.560610
63.700000 38.494383
63.800000 38.428213
63.900000 38.362100
64.000000 38.296044
64.100000 38.230045
64.200000 38.164102
64.300000 38.098217
64.400000 38.032389
64.500000 37.966617
64.600000 37.900902
64.700000 37.835245
64.800000 37.769644
64.900000 37.704100
65.000000 37.638613
65.100000 37.573183
65.200000 37.507810
65.300000 37.442494
65.400000 37.377235
65.500000 37.312032
65.600000 37.246887
65.700000 37.181799
65.800000 37.116767
65.900000 37.051792
66.000000 36.986875
66.100000 36.922014
66.200000 36.857210
66.300000 36.792463
66.400000 36.727773
66.500000 36.663140
66.600000 36.598564
66.700000 36.534044
66.800000 36.469582
66.900000 36.405177
67.000000 36.340828
67.100000 36.276537
67.200000 36.212302
67.300000 36.148124
67.400000 36.084003
67.500000 36.019939
67.600000 35.955932
67.700000 35.891982
67.800000 35.828089
67.900000 35.764253
68.000000 35.700474
68.100000 35.636751
68.200000 35.573086
68.300000 35.509477
68.400000 35.445926
68.500000 35.382431
68.600000 35.318993
68.700000 35.255612
68.800000 35.192288
68.900000 35.129021
69.000000 35.065811
69.100000 35.002658
69.200000 34.939562
69.300000 34.876522
69.400000 34.813540
69.500000 34.750615
69.600000 34.687746
69.700000 34.624934
69.800000 34.562180
69.900000 34.499482
70.000000 34.436841
70.100000 34.374257
70.200000 34.311730
70.300000 34.249260
70.400000 34.186846
70.500000 34.124490
70.600000 34.062191
70.700000 33.999948
70.800000 33.937763
70.900000 33.875634
71.000000 33.813562
71.100000 33.751548
71.200000 33.689590
71.300000 33.627689
71.400000 33.565845
71.500000 33.504058
71.600000 33.442328
71.700000 33.380654
71.800000 33.319038
71.900000 33.257479
72.000000 33.195976
72.100000 33.134531
72.200000 33.073142
72.300000 33.011810
72.400000 32.950535
72.500000 32.889318
72.600000 32.828157
72.700000 32.767053
72.800000 32.706005
72.900000 32.645015
73.000000 32.584082
73.100000 32.523206
73.200000 32.462386
73.300000 32.401624
73.400000 32.340918
73.500000 32.280269
73.600000 32.219678
73.700000 32.159143
73.800000 32.098665
73.900000 32.038244
74.000000 31.977880
74.100000 31.917572
74.200000 31.857322
74.300000 31.797129
74.400000 31.736993
74.500000 31.676913
74.600000 31.616890
74.700000 31.556925
74.800000 31.497016
74.900000 31.437164
75.000000 31.377369
75.100000 31.317631
75.200000 31.257950
75.300000 31.198326
75.400000 31.138759
75.500000 31.079249
75.600000 31.019796
75.700000 30.960399
75.800000 30.901060
75.900000 30.841777
76.000000 30.782551
76.100000 30.723383
76.200000 30.664271
76.300000 30.605216
76.400000 30.546218
76.500000 30.487277
76.600000 30.428393
76.700000 30.369565
76.800000 30.310795
76.900000 30.252082
77.000000 30.193425
77.100000 30.134826
77.200000 30.076283
77.300000 30.017797
77.400000 29.959368
77.500000 29.900997
77.600000 29.842682
77.700000 29.784424
77.800000 29.726223
77.900000 29.668078
78.000000 29.609991
78.100000 29.551961
78.200000 29.493987
78.300000 29.436071
78.400000 29.378211
78.500000 29.320409
78.600000 29.262663
78.700000 29.204974
78.800000 29.147342
78.900000 29.089767
79.000000 29.032249
79.100000 28.974788
79.200000 28.917384
79.300000 28.860036
79.400000 28.802746
79.500000 28.745513
79.600000 28.688336
79.700000 28.631216
79.800000 28.574154
79.900000 28.517148
80.000000 28.460199
80.100000 28.403307
80.200000 28.346472
80.300000 28.289694
80.400000 28.232973
80.500000 28.176309
80.600000 28.119701
80.700000 28.063151
80.800000 28.006657
80.900000 27.950221
81.000000 27.893841
81.100000 27.837518
81.200000 27.781253
81.300000 27.725044
81.400000 27.668892
81.500000 27.612797
81.600000 27.556758
81.700000 27.500777
81.800000 27.444853
81.900000 27.388986
82.000000 27.333175
82.100000 27.277422
82.200000 27.221725
82.300000 27.166085
82.400000 27.110503
82.500000 27.054977
82.600000 26.999508
82.700000 26.944096
82.800000 26.888741
82.900000 26.833443
83.000000 26.778201
83.100000 26.723017
83.200000 26.667890
83.300000 26.612819
83.400000 26.557806
83.500000 26.502849
83.600000 26.447949
83.700000 26.393106
83.800000 26.338320
83.900000 26.283591
84.000000 26.228919
84.100000 26.174304
84.200000 26.119746
84.300000 26.065245
84.400000 26.010800
84.500000 25.956413
84.600000 25.902083
84.700000 25.847809
84.800000 25.793592
84.900000 25.739432
85.000000 25.685330
85.100000 25.631284
85.200000 25.577295
85.300000 25.523363
85.400000 25.469487
85.500000 25.415669
85.600000 25.361908
85.700000 25.308204
85.800000 25.254556
85.900000 25.200966
86.000000 25.147432
86.100000 25.093955
86.200000 25.040535
86.300000 24.987172
86.400000 24.933867
86.500000 24.880618
86.600000 24.827425
86.700000 24.774290
86.800000 24.721212
86.900000 24.668191
87.000000 24.615226
87.100000 24.562319
87.200000 24.509468
87.300000 24.456674
87.400000 24.403938
87.500000 24.351258
87.600000 24.298635
87.700000 24.246069
87.800000 24.193560
87.900000 24.141108
88.000000 24.088712
88.100000 24.036374
88.200000 23.984093
88.300000 23.931868
88.400000 23.879701
88.500000 23.827590
88.600000 23.775536
88.700000 23.723540
88.800000 23.671600
88.900000 23.619717
89.000000 23.567891
89.100000 23.516122
89.200000 23.464410
89.300000 23.412754
89.400000 23.361156
89.500000 23.309615
89.600000 23.258130
89.700000 23.206702
89.800000 23.155332
89.900000 23.104018
90.000000 23.052761
90.100000 23.001561
90.200000 22.950418
90.300000 22.899332
90.400000 22.848303
90.500000 22.797331
90.600000 22.746416
90.700000 22.695557
90.800000 22.644756
90.900000 22.594011
91.000000 22.543324
91.100000 22.492693
91.200000 22.442119
91.300000 22.391602
91.400000 22.341142
91.500000 22.290739
91.600000 22.240393
91.700000 22.190104
91.800000 22.139872
91.900000 22.089697
92.000000 22.039578
92.100000 21.989517
92.200000 21.939512
92.300000 21.889564
92.400000 21.839674
92.500000 21.789840
92.600000 21.740063
92.700000 21.690343
92.800000 21.640680
92.900000 21.591074
93.000000 21.541525
93.100000 21.492032
93.200000 21.442597
93.300000 21.393219
93.400000 21.343897
93.500000 21.294632
93.600000 21.245425
93.700000 21.196274
93.800000 21.147180
93.900000 21.098143
94.000000 21.049163
94.100000 21.000240
94.200000 20.951374
94.300000 20.902565
94.400000 20.853812
94.500000 20.805117
94.600000 20.756479
94.700000 20.707897
94.800000 20.659372
94.900000 20.610905
95.000000 20.562494
95.100000 20.514140
95.200000 20.465843
95.300000 20.417603
95.400000 20.369420
95.500000 20.321294
95.600000 20.273224
95.700000 20.225212
95.800000 20.177257
95.900000 20.129358
96.000000 20.081516
96.100000 20.033732
96.200000 19.986004
96.300000 19.938333
96.400000 19.890719
96.500000 19.843162
96.600000 19.795662
96.700000 19.748219
96.800000 19.700833
96.900000 19.653504
97.000000 19.606231
97.100000 19.559016
97.200000 19.511857
97.300000 19.464755
97.400000 19.417711
97.500000 19.370723
97.600000 19.323792
97.700000 19.276918
97.800000 19.230101
97.900000 19.183341
98.000000 19.136638
98.100000 19.089992
98.200000 19.043402
98.300000 18.996870
98.400000 18.950394
98.500000 18.903976
98.600000 18.857614
98.700000 18.811309
98.800000 18.765061
98.900000 18.718871
99.000000 18.672737
99.100000 18.626660
99.200000 18.580639
99.300000 18.534676
99.400000 18.488770
99.500000 18.442920
99.600000 18.397128
99.700000 18.351392
99.800000 18.305714
99.900000 18.260092
100.000000 18.214527
100.100000 18.169020
100.200000 18.123569
100.300000 18.078175
100.400000 18.032837
100.500000 17.987557
100.600000 17.942334
100.700000 17.897168
100.800000 17.852058
100.900000 17.807006
101.000000 17.762010
101.100000 17.717072
101.200000 17.672190
101.300000 17.627365
101.400000 17.582597
101.500000 17.537886
101.600000 17.493232
101.700000 17.448635
101.800000 17.404095
101.900000 17.359611
102.000000 17.315185
102.100000 17.270816
102.200000 17.226503
102.300000 17.182248
102.400000 17.138049
102.500000 17.093907
102.600000 17.049822
102.700000 17.005794
102.800000 16.961823
102.900000 16.917909
103.000000 16.874052
103.100000 16.830252
103.200000 16.786508
103.300000 16.742822
103.400000 16.699193
103.500000 16.655620
103.600000 16.612104
103.700000 16.568646
103.800000 16.525244
103.900000 16.481899
104.000000 16.438611
104.100000 16.395380
104.200000 16.352206
104.300000 16.309089
104.400000 16.266028
104.500000 16.223025
104.600000 16.180079
104.700000 16.137189
104.800000 16.094356
104.900000 16.051581
105.000000 16.008862
105.100000 15.966200
105.200000 15.923595
105.300000 15.881047
105.400000 15.838556
105.500000 15.796122
105.600000 15.753745
105.700000 15.711424
105.800000 15.669161
105.900000 15.626955
106.000000 15.584805
106.100000 15.542712
106.200000 15.500677
106.300000 15.458698
106.400000 15.416776
106.500000 15.374911
106.600000 15.333103
106.700000 15.291352
106.800000 15.249658
106.900000 15.208020
107.000000 15.166440
107.100000 15.124917
107.200000 15.083450
107.300000 15.042041
107.400000 15.000688
107.500000 14.959392
107.600000 14.918153
107.700000 14.876971
107.800000 14.835846
107.900000 14.794778
108.000000 14.753767
108.100000 14.712813
108.200000 14.671916
108.300000 14.631075
108.400000 14.590292
108.500000 14.549565
108.600000 14.508896
108.700000 14.468283
108.800000 14.427727
108.900000 14.387228
109.000000 14.346786
109.100000 14.306401
109.200000 14.266073
109.300000 14.225802
109.400000 14.185588
109.500000 14.145430
109.600000 14.105330
109.700000 14.065287
109.800000 14.025300
109.900000 13.985370
110.000000 13.945498
110.100000 13.905682
110.200000 13.865923
110.300000 13.826221
110.400000 13.786576
110.500000 13.746988
110.600000 13.707456
110.700000 13.667982
110.800000 13.628565
110.900000 13.589204
111.000000 13.549901
111.100000 13.510654
111.200000 13.471464
111.300000 13.432332
111.400000 13.393256
111.500000 13.354237
111.600000 13.315275
111.700000 13.276370
111.800000 13.237522
111.900000 13.198730
112.000000 13.159996
112.100000 13.121319
112.200000 13.082698
112.300000 13.044135
112.400000 13.005628
112.500000 12.967178
112.600000 12.928785
112.700000 12.890449
112.800000 12.852171
112.900000 12.813948
113.000000 12.775783
113.100000 12.737675
113.200000 12.699624
113.300000 12.661629
113.400000 12.623692
113.500000 12.585812
113.600000 12.547988
113.700000 12.510221
113.800000 12.472511
113.900000 12.434859
114.000000 12.397263
114.100000 12.359724
114.200000 12.322242
114.300000 12.284816
114.400000 12.247448
114.500000 12.210137
114.600000 12.172882
114.700000 12.135685
114.800000 12.098544
114.900000 12.061461
115.000000 12.024434
115.100000 11.987464
115.200000 11.950551
115.300000 11.913695
115.400000 11.876896
115.500000 11.840154
115.600000 11.803469
115.700000 11.766841
115.800000 11.730269
115.900000 11.693755
116.000000 11.657298
116.100000 11.620897
116.200000 11.584553
116.300000 11.548267
116.400000 11.512037
116.500000 11.475864
116.600000 11.439748
116.700000 11.403689
116.800000 11.367687
116.900000 11.331741
117.000000 11.295853
117.100000 11.260022
117.200000 11.224247
117.300000 11.188530
117.400000 11.152869
117.500000 11.117265
117.600000 11.081718
117.700000 11.046229
117.800000 11.010796
117.900000 10.975420
118.000000 10.940101
118.100000 10.904838
118.200000 10.869633
118.300000 10.834485
118.400000 10.799393
118.500000 10.764359
118.600000 10.729381
118.700000 10.694461
118.800000 10.659597
118.900000 10.624790
119.000000 10.590040
119.100000 10.555347
119.200000 10.520711
119.300000 10.486132
119.400000 10.451610
119.500000 10.417144
119.600000 10.382736
119.700000 10.348385
119.800000 10.314090
119.900000 10.279852
120.000000 10.245672
120.100000 10.211548
120.200000 10.177481
120.300000 10.143471
120.400000 10.109518
120.500000 10.075622
120.600000 10.041783
120.700000 10.008001
120.800000 9.974275
120.900000 9.940607
121.000000 9.906995
121.100000 9.873441
121.200000 9.839943
121.300000 9.806502
121.400000 9.773119
121.500000 9.739792
121.600000 9.706522
121.700000 9.673309
121.800000 9.640152
121.900000 9.607053
122.000000 9.574011
122.100000 9.541026
122.200000 9.508097
122.300000 9.475226
122.400000 9.442411
122.500000 9.409653
122.600000 9.376953
122.700000 9.344309
122.800000 9.311722
122.900000 9.279192
123.000000 9.246719
123.100000 9.214303
123.200000 9.181943
123.300000 9.149641
123.400000 9.117396
123.500000 9.085207
123.600000 9.053075
123.700000 9.021001
123.800000 8.988983
123.900000 8.957022
124.000000 8.925118
124.100000 8.893271
124.200000 8.861481
124.300000 8.829748
124.400000 8.798072
124.500000 8.766453
124.600000 8.734890
124.700000 8.703385
124.800000 8.671936
124.900000 8.640545
125.000000 8.609210
125.100000 8.577932
125.200000 8.546712
125.300000 8.515548
125.400000 8.484441
125.500000 8.453391
125.600000 8.422397
125.700000 8.391461
125.800000 8.360582
125.900000 8.329760
126.000000 8.298994
126.100000 8.268285
126.200000 8.237634
126.300000 8.207039
126.400000 8.176501
126.500000 8.146020
126.600000 8.115597
126.700000 8.085229
126.800000 8.054919
126.900000 8.024666
127.000000 7.994470
127.100000 7.964331
127.200000 7.934248
127.300000 7.904223
127.400000 7.874254
127.500000 7.844342
127.600000 7.814488
127.700000 7.784690
127.800000 7.754949
127.900000 7.725265
128.000000 7.695638
128.100000 7.666068
128.200000 7.636554
128.300000 7.607098
128.400000 7.577699
128.500000 7.548356
128.600000 7.519071
128.700000 7.489842
128.800000 7.460670
128.900000 7.431556
129.000000 7.402498
129.100000 7.373497
129.200000 7.344553
129.300000 7.315666
129.400000 7.286836
129.500000 7.258062
129.600000 7.229346
129.700000 7.200687
129.800000 7.172084
129.900000 7.143538
130.000000 7.115050
130.100000 7.086618
130.200000 7.058243
130.300000 7.029925
130.400000 7.001664
130.500000 6.973460
130.600000 6.945313
130.700000 6.917223
130.800000 6.889190
130.900000 6.861213
131.000000 6.833294
131.100000 6.805431
131.200000 6.777626
131.300000 6.749877
131.400000 6.722185
131.500000 6.694550
131.600000 6.666972
131.700000 6.639451
131.800000 6.611987
131.900000 6.584580
132.000000 6.557230
132.100000 6.529937
132.200000 6.502700
132.300000 6.475521
132.400000 6.448398
132.500000 6.421332
132.600000 6.394324
132.700000 6.367372
132.800000 6.340477
132.900000 6.313639
133.000000 6.286858
133.100000 6.260134
133.200000 6.233467
133.300000 6.206856
133.400000 6.180303
133.500000 6.153807
133.600000 6.127367
133.700000 6.100984
133.800000 6.074659
133.900000 6.048390
134.000000 6.022178
134.100000 5.996023
134.200000 5.969925
134.300000 5.943884
134.400000 5.917900
134.500000 5.891973
134.600000 5.866102
134.700000 5.840289
134.800000 5.814533
134.900000 5.788833
135.000000 5.763190
135.100000 5.737605
135.200000 5.712076
135.300000 5.686604
135.400000 5.661189
135.500000 5.635831
135.600000 5.610530
135.700000 5.585286
135.800000 5.560098
135.900000 5.534968
136.000000 5.509895
136.100000 5.484878
136.200000 5.459918
136.300000 5.435016
136.400000 5.410170
136.500000 5.385381
136.600000 5.360649
136.700000 5.335974
136.800000 5.311356
136.900000 5.286795
137.000000 5.262291
137.100000 5.237843
137.200000 5.213453
137.300000 5.189120
137.400000 5.164843
137.500000 5.140623
137.600000 5.116461
137.700000 5.092355
137.800000 5.068306
137.900000 5.044314
138.000000 5.020379
138.100000 4.996501
138.200000 4.972680
138.300000 4.948916
138.400000 4.925208
138.500000 4.901558
138.600000 4.877964
138.700000 4.854428
138.800000 4.830948
138.900000 4.807525
139.000000 4.784159
139.100000 4.760851
139.200000 4.737599
139.300000 4.714404
139.400000 4.691265
139.500000 4.668184
139.600000 4.645160
139.700000 4.622192
139.800000 4.599282
139.900000 4.576428
140.000000 4.553632
140.100000 4.530892
140.200000 4.508209
140.300000 4.485584
140.400000 4.463015
140.500000 4.440503
140.600000 4.418047
140.700000 4.395649
140.800000 4.373308
140.900000 4.351024
141.000000 4.328796
141.100000 4.306626
141.200000 4.284512
141.300000 4.262456
141.400000 4.240456
141.500000 4.218513
141.600000 4.196627
141.700000 4.174798
141.800000 4.153026
141.900000 4.131311
142.000000 4.109653
142.100000 4.088051
142.200000 4.066507
142.300000 4.045020
142.400000 4.023589
142.500000 4.002215
142.600000 3.980899
142.700000 3.959639
142.800000 3.938436
142.900000 3.917290
143.000000 3.896201
143.100000 3.875169
143.200000 3.854194
143.300000 3.833276
143.400000 3.812414
143.500000 3.791610
143.600000 3.770863
143.700000 3.750172
143.800000 3.729538
143.900000 3.708962
144.000000 3.688442
144.100000 3.667979
144.200000 3.647573
144.300000 3.627224
144.400000 3.606932
144.500000 3.586697
144.600000 3.566518
144.700000 3.546397
144.800000 3.526333
144.900000 3.506325
145.000000 3.486374
145.100000 3.466481
145.200000 3.446644
145.300000 3.426864
145.400000 3.407141
145.500000 3.387475
145.600000 3.367866
145.700000 3.348314
145.800000 3.328819
145.900000 3.309380
146.000000 3.289999
146.100000 3.270675
146.200000 3.251407
146.300000 3.232196
146.400000 3.213043
146.500000 3.193946
146.600000 3.174906
146.700000 3.155923
146.800000 3.136997
146.900000 3.118128
147.000000 3.099316
147.100000 3.080560
147.200000 3.061862
147.300000 3.043221
147.400000 3.024636
147.500000 3.006109
147.600000 2.987638
147.700000 2.969224
147.800000 2.950867
147.900000 2.932567
148.000000 2.914324
148.100000 2.896138
148.200000 2.878009
148.300000 2.859937
148.400000 2.841922
148.500000 2.823963
148.600000 2.806062
148.700000 2.788217
148.800000 2.770430
148.900000 2.752699
149.000000 2.735025
149.100000 2.717408
149.200000 2.699848
149.300000 2.682345
149.400000 2.664899
149.500000 2.647510
149.600000 2.630178
149.700000 2.612902
149.800000 2.595684
149.900000 2.578522
150.000000 2.561418
150.100000 2.544370
150.200000 2.527380
150.300000 2.510446
150.400000 2.493569
150.500000 2.476749
150.600000 2.459986
150.700000 2.443280
150.800000 2.426630
150.900000 2.410038
151.000000 2.393503
151.100000 2.377024
151.200000 2.360603
151.300000 2.344238
151.400000 2.327930
151.500000 2.311680
151.600000 2.295486
151.700000 2.279349
151.800000 2.263269
151.900000 2.247246
152.000000 2.231280
152.100000 2.215370
152.200000 2.199518
152.300000 2.183723
152.400000 2.167984
152.500000 2.152303
152.600000 2.136678
152.700000 2.121110
152.800000 2.105599
152.900000 2.090145
153.000000 2.074749
153.100000 2.059408
153.200000 2.044125
153.300000 2.028899
153.400000 2.013730
153.500000 1.998617
153.600000 1.983562
153.700000 1.968564
153.800000 1.953622
153.900000 1.938737
154.000000 1.923909
154.100000 1.909139
154.200000 1.894425
154.300000 1.879768
154.400000 1.865168
154.500000 1.850624
154.600000 1.836138
154.700000 1.821709
154.800000 1.807336
154.900000 1.793021
155.000000 1.778762
155.100000 1.764561
155.200000 1.750416
155.300000 1.736328
155.400000 1.722297
155.500000 1.708323
155.600000 1.694406
155.700000 1.680546
155.800000 1.666743
155.900000 1.652997
156.000000 1.639307
156.100000 1.625675
156.200000 1.612100
156.300000 1.598581
156.400000 1.585119
156.500000 1.571714
156.600000 1.558367
156.700000 1.545076
156.800000 1.531842
156.900000 1.518665
157.000000 1.505545
157.100000 1.492481
157.200000 1.479475
157.300000 1.466526
157.400000 1.453633
157.500000 1.440798
157.600000 1.428019
157.700000 1.415297
157.800000 1.402632
157.900000 1.390025
158.000000 1.377474
158.100000 1.364980
158.200000 1.352542
158.300000 1.340162
158.400000 1.327839
158.500000 1.315573
158.600000 1.303363
158.700000 1.291211
158.800000 1.279115
158.900000 1.267077
159.000000 1.255095
159.100000 1.243170
159.200000 1.231302
159.300000 1.219491
159.400000 1.207737
159.500000 1.196040
159.600000 1.184400
159.700000 1.172816
159.800000 1.161290
159.900000 1.149821
160.000000 1.138408
160.100000 1.127052
160.200000 1.115754
160.300000 1.104512
160.400000 1.093327
160.500000 1.082199
160.600000 1.071128
160.700000 1.060114
160.800000 1.049157
160.900000 1.038257
161.000000 1.027413
161.100000 1.016627
161.200000 1.005897
161.300000 0.995225
161.400000 0.984609
161.500000 0.974050
161.600000 0.963548
161.700000 0.953104
161.800000 0.942716
161.900000 0.932385
162.000000 0.922110
162.100000 0.911893
162.200000 0.901733
162.300000 0.891630
162.400000 0.881583
162.500000 0.871594
162.600000 0.861661
162.700000 0.851785
162.800000 0.841967
162.900000 0.832205
163.000000 0.822500
163.100000 0.812852
163.200000 0.803261
163.300000 0.793726
163.400000 0.784249
163.500000 0.774829
163.600000 0.765466
163.700000 0.756159
163.800000 0.746909
163.900000 0.737717
164.000000 0.728581
164.100000 0.719502
164.200000 0.710480
164.300000 0.701515
164.400000 0.692607
164.500000 0.683756
164.600000 0.674962
164.700000 0.666225
164.800000 0.657544
164.900000 0.648921
165.000000 0.640354
165.100000 0.631845
165.200000 0.623392
165.300000 0.614996
165.400000 0.606658
165.500000 0.598376
165.600000 0.590151
165.700000 0.581983
165.800000 0.573871
165.900000 0.565817
166.000000 0.557820
166.100000 0.549880
166.200000 0.541996
166.300000 0.534169
166.400000 0.526400
166.500000 0.518687
166.600000 0.511031
166.700000 0.503432
166.800000 0.495891
166.900000 0.488405
167.000000 0.480977
167.100000 0.473606
167.200000 0.466292
167.300000 0.459035
167.400000 0.451834
167.500000 0.444691
167.600000 0.437604
167.700000 0.430574
167.800000 0.423602
167.900000 0.416686
168.000000 0.409827
168.100000 0.403025
168.200000 0.396280
168.300000 0.389592
168.400000 0.382960
168.500000 0.376386
168.600000 0.369869
168.700000 0.363408
168.800000 0.357005
168.900000 0.350658
169.000000 0.344368
169.100000 0.338136
169.200000 0.331960
169.300000 0.325841
169.400000 0.319779
169.500000 0.313774
169.600000 0.307826
169.700000 0.301934
169.800000 0.296100
169.900000 0.290322
170.000000 0.284602
170.100000 0.278938
170.200000 0.273332
170.300000 0.267782
170.400000 0.262289
170.500000 0.256853
170.600000 0.251474
170.700000 0.246152
170.800000 0.240887
170.900000 0.235679
171.000000 0.230528
171.100000 0.225433
171.200000 0.220396
171.300000 0.215415
171.400000 0.210492
171.500000 0.205625
171.600000 0.200815
171.700000 0.196062
171.800000 0.191366
171.900000 0.186727
172.000000 0.182145
172.100000 0.177620
172.200000 0.173152
172.300000 0.168741
172.400000 0.164386
172.500000 0.160089
172.600000 0.155848
172.700000 0.151664
172.800000 0.147538
172.900000 0.143468
173.000000 0.139455
173.100000 0.135499
173.200000 0.131600
173.300000 0.127758
173.400000 0.123973
173.500000 0.120244
173.600000 0.116573
173.700000 0.112959
173.800000 0.109401
173.900000 0.105900
174.000000 0.102457
174.100000 0.099070
174.200000 0.095740
174.300000 0.092467
174.400000 0.089251
174.500000 0.086092
174.600000 0.082990
174.700000 0.079945
174.800000 0.076956
174.900000 0.074025
175.000000 0.071150
175.100000 0.068333
175.200000 0.065572
175.300000 0.062869
175.400000 0.060222
175.500000 0.057632
175.600000 0.055099
175.700000 0.052623
175.800000 0.050204
175.900000 0.047842
176.000000 0.045536
176.100000 0.043288
176.200000 0.041097
176.300000 0.038962
176.400000 0.036884
176.500000 0.034864
176.600000 0.032900
176.700000 0.030993
176.800000 0.029143
176.900000 0.027350
177.000000 0.025614
177.100000 0.023935
177.200000 0.022313
177.300000 0.020747
177.400000 0.019239
177.500000 0.017788
177.600000 0.016393
177.700000 0.015055
177.800000 0.013775
177.900000 0.012551
178.000000 0.011384
178.100000 0.010274
178.200000 0.009221
178.300000 0.008225
178.400000 0.007286
178.500000 0.006404
178.600000 0.005578
178.700000 0.004810
178.800000 0.004098
178.900000 0.003444
179.000000 0.002846
179.100000 0.002305
179.200000 0.001821
179.300000 0.001395
179.400000 0.001025
179.500000 0.000712
179.600000 0.000455
179.700000 0.000256
179.800000 0.000114
179.900000 0.000028
180.000000 0.000000
180.100000 0.000028
180.200000 0.000114
180.300000 0.000256
180.400000 0.000455
180.500000 0.000712
180.600000 0.001025
180.700000 0.001395
180.800000 0.001821
180.900000 0.002305
181.000000 0.002846
