0.000000 272.838898
0.100000 272.535828
0.200000 272.232926
0.300000 271.930193
0.400000 271.627628
0.500000 271.325231
0.600000 271.023003
0.700000 270.720944
0.800000 270.419052
0.900000 270.117330
1.000000 269.815775
1.100000 269.514389
1.200000 269.213172
1.300000 268.912123
1.400000 268.611242
1.500000 268.310530
1.600000 268.009986
1.700000 267.709611
1.800000 267.409404
1.900000 267.109365
2.000000 266.809495
2.100000 266.509793
2.200000 266.210260
2.300000 265.910895
2.400000 265.611698
2.500000 265.312670
2.600000 265.013811
2.700000 264.715120
2.800000 264.416597
2.900000 264.118242
3.000000 263.820056
3.100000 263.522039
3.200000 263.224190
3.300000 262.926509
3.400000 262.628997
3.500000 262.331653
3.600000 262.034477
3.700000 261.737470
3.800000 261.440632
3.900000 261.143962
4.000000 260.847460
4.100000 260.551126
4.200000 260.254961
4.300000 259.958965
4.400000 259.663137
4.500000 259.367477
4.600000 259.071986
4.700000 258.776663
4.800000 258.481509
4.900000 258.186523
5.000000 257.891705
5.100000 257.597056
5.200000 257.302575
5.300000 257.008263
5.400000 256.714119
5.500000 256.420143
5.600000 256.126336
5.700000 255.832698
5.800000 255.539227
5.900000 255.245926
6.000000 254.952792
6.100000 254.659827
6.200000 254.367031
6.300000 254.074403
6.400000 253.781943
6.500000 253.489652
6.600000 253.197529
6.700000 252.905574
6.800000 252.613788
6.900000 252.322171
7.000000 252.030721
7.100000 251.739441
7.200000 251.448328
7.300000 251.157384
7.400000 250.866609
7.500000 250.576002
7.600000 250.285563
7.700000 249.995293
7.800000 249.705191
7.900000 249.415257
8.000000 249.125492
8.100000 248.835896
8.200000 248.546468
8.300000 248.257208
8.400000 247.968116
8.500000 247.679194
8.600000 247.390439
8.700000 247.101853
8.800000 246.813435
8.900000 246.525186
9.000000 246.237105
9.100000 245.949193
9.200000 245.661449
9.300000 245.373873
9.400000 245.086466
9.500000 244.799227
9.600000 244.512157
9.700000 244.225255
9.800000 243.938522
9.900000 243.651957
10.000000 243.365560
10.100000 243.079332
10.200000 242.793272
10.300000 242.507381
10.400000 242.221658
10.500000 241.936103
10.600000 241.650717
10.700000 241.365499
10.800000 241.080450
10.900000 240.795569
11.000000 240.510857
11.100000 240.226313
11.200000 239.941937
11.300000 239.657730
11.400000 239.373691
11.500000 239.089821
11.600000 238.806119
11.700000 238.522585
11.800000 238.239220
11.900000 237.956024
12.000000 237.672995
12.100000 237.390136
12.200000 237.107444
12.300000 236.824921
12.400000 236.542567
12.500000 236.260380
12.600000 235.978363
12.700000 235.696513
12.800000 235.414832
12.900000 235.133320
13.000000 234.851976
13.100000 234.570800
13.200000 234.289793
13.300000 234.008954
13.400000 233.728284
13.500000 233.447782
13.600000 233.167448
13.700000 232.887283
13.800000 232.607286
13.900000 232.327458
14.000000 232.047798
14.100000 231.768307
14.200000 231.488984
14.300000 231.209829
14.400000 230.930843
14.500000 230.652025
14.600000 230.373376
14.700000 230.094895
14.800000 229.816582
14.900000 229.538438
15.000000 229.260463
15.100000 228.982655
15.200000 228.705017
15.300000 228.427546
15.400000 228.150244
15.500000 227.873111
15.600000 227.596145
15.700000 227.319349
15.800000 227.042720
15.900000 226.766260
16.000000 226.489969
16.100000 226.213846
16.200000 225.937891
16.300000 225.662105
16.400000 225.386487
16.500000 225.111038
16.600000 224.835757
16.700000 224.560644
16.800000 224.285700
16.900000 224.010924
17.000000 223.736317
17.100000 223.461878
17.200000 223.187608
17.300000 222.913506
17.400000 222.639572
17.500000 222.365807
17.600000 222.092210
17.700000 221.818782
17.800000 221.545522
17.900000 221.272430
18.000000 220.999507
18.100000 220.726752
18.200000 220.454166
18.300000 220.181748
18.400000 219.909499
18.500000 219.637418
18.600000 219.365505
18.700000 219.093761
18.800000 218.822185
18.900000 218.550778
19.000000 218.279539
19.100000 218.008469
19.200000 217.737567
19.300000 217.466833
19.400000 217.196268
19.500000 216.925871
19.600000 216.655642
19.700000 216.385582
19.800000 216.115691
19.900000 215.845968
20.000000 215.576413
20.100000 215.307027
20.200000 215.037809
20.300000 214.768759
20.400000 214.499878
20.500000 214.231166
20.600000 213.962621
20.700000 213.694246
20.800000 213.426038
20.900000 213.157999
21.000000 212.890129
21.100000 212.622427
21.200000 212.354893
21.300000 212.087528
21.400000 211.820331
21.500000 211.553302
21.600000 211.286442
21.700000 211.019751
21.800000 210.753228
21.900000 210.486873
22.000000 210.220687
22.100000 209.954669
22.200000 209.688819
22.300000 209.423138
22.400000 209.157625
22.500000 208.892281
22.600000 208.627105
22.700000 208.362098
22.800000 208.097259
22.900000 207.832588
23.000000 207.568086
23.100000 207.303752
23.200000 207.039587
23.300000 206.775590
23.400000 206.511762
23.500000 206.248102
23.600000 205.984610
23.700000 205.721287
23.800000 205.458132
23.900000 205.195146
24.000000 204.932328
24.100000 204.669678
24.200000 204.407197
24.300000 204.144884
24.400000 203.882740
24.500000 203.620764
24.600000 203.358957
24.700000 203.097318
24.800000 202.835847
24.900000 202.574545
25.000000 202.313411
25.100000 202.052446
25.200000 201.791649
25.300000 201.531020
25.400000 201.270560
25.500000 201.010268
25.600000 200.750145
25.700000 200.490190
25.800000 200.230404
25.900000 199.970786
26.000000 199.711336
26.100000 199.452055
26.200000 199.192942
26.300000 198.933998
26.400000 198.675222
26.500000 198.416615
26.600000 198.158176
26.700000 197.899905
26.800000 197.641803
26.900000 197.383869
27.000000 197.126104
27.100000 196.868507
27.200000 196.611078
27.300000 196.353818
27.400000 196.096726
27.500000 195.839803
27.600000 195.583048
27.700000 195.326462
27.800000 195.070044
27.900000 194.813794
28.000000 194.557713
28.100000 194.301800
28.200000 194.046056
28.300000 193.790480
28.400000 193.535072
28.500000 193.279833
28.600000 193.024762
28.700000 192.769860
28.800000 192.515126
28.900000 192.260561
29.000000 192.006164
29.100000 191.751935
29.200000 191.497875
29.300000 191.243983
29.400000 190.990260
29.500000 190.736705
29.600000 190.483319
29.700000 190.230100
29.800000 189.977051
29.900000 189.724170
30.000000 189.471457
30.100000 189.218912
30.200000 188.966536
30.300000 188.714329
30.400000 188.462290
30.500000 188.210419
30.600000 187.958717
30.700000 187.707183
30.800000 187.455817
30.900000 187.204620
31.000000 186.953592
31.100000 186.702731
31.200000 186.452040
31.300000 186.201516
31.400000 185.951161
31.500000 185.700975
31.600000 185.450957
31.700000 185.201107
31.800000 184.951426
31.900000 184.701913
32.000000 184.452568
32.100000 184.203392
32.200000 183.954385
32.300000 183.705546
32.400000 183.456875
32.500000 183.208372
32.600000 182.960039
32.700000 182.711873
32.800000 182.463876
32.900000 182.216047
33.000000 181.968387
33.100000 181.720895
33.200000 181.473572
33.300000 181.226417
33.400000 180.979430
33.500000 180.732612
33.600000 180.485962
33.700000 180.239481
33.800000 179.993168
33.900000 179.747024
34.000000 179.501048
34.100000 179.255240
34.200000 179.009601
34.300000 178.764130
34.400000 178.518828
34.500000 178.273694
34.600000 178.028728
34.700000 177.783931
34.800000 177.539302
34.900000 177.294842
35.000000 177.050550
35.100000 176.806427
35.200000 176.562472
35.300000 176.318685
35.400000 176.075067
35.500000 175.831617
35.600000 175.588336
35.700000 175.345223
35.800000 175.102278
35.900000 174.859502
36.000000 174.616895
36.100000 174.374455
36.200000 174.132184
36.300000 173.890082
36.400000 173.648148
36.500000 173.406382
36.600000 173.164785
36.700000 172.923357
36.800000 172.682096
36.900000 172.441004
37.000000 172.200081
37.100000 171.959326
37.200000 171.718739
37.300000 171.478321
37.400000 171.238071
37.500000 170.997990
37.600000 170.758077
37.700000 170.518332
37.800000 170.278756
37.900000 170.039348
38.000000 169.800109
38.100000 169.561038
38.200000 169.322136
38.300000 169.083402
38.400000 168.844836
38.500000 168.606439
38.600000 168.368210
38.700000 168.130150
38.800000 167.892258
38.900000 167.654534
39.000000 167.416979
39.100000 167.179593
39.200000 166.942374
39.300000 166.705324
39.400000 166.468443
39.500000 166.231730
39.600000 165.995185
39.700000 165.758809
39.800000 165.522601
39.900000 165.286562
40.000000 165.050691
40.100000 164.814989
40.200000 164.579455
40.300000 164.344089
40.400000 164.108892
40.500000 163.873863
40.600000 163.639003
40.700000 163.404311
40.800000 163.169787
40.900000 162.935432
41.000000 162.701245
41.100000 162.467227
41.200000 162.233377
41.300000 161.999696
41.400000 161.766182
41.500000 161.532838
41.600000 161.299662
41.700000 161.066654
41.800000 160.833814
41.900000 160.601144
42.000000 160.368641
42.100000 160.136307
42.200000 159.904141
42.300000 159.672144
42.400000 159.440315
42.500000 159.208655
42.600000 158.977163
42.700000 158.745839
42.800000 158.514684
42.900000 158.283697
43.000000 158.052879
43.100000 157.822229
43.200000 157.591747
43.300000 157.361434
43.400000 157.131290
43.500000 156.901313
43.600000 156.671506
43.700000 156.441866
43.800000 156.212395
43.900000 155.983093
44.000000 155.753958
44.100000 155.524993
44.200000 155.296195
44.300000 155.067566
44.400000 154.839106
44.500000 154.610814
44.600000 154.382690
44.700000 154.154735
44.800000 153.926948
44.900000 153.699330
45.000000 153.471880
45.100000 153.244598
45.200000 153.017485
45.300000 152.790541
45.400000 152.563764
45.500000 152.337156
45.600000 152.110717
45.700000 151.884446
45.800000 151.658343
45.900000 151.432409
46.000000 151.206643
46.100000 150.981046
46.200000 150.755617
46.300000 150.530357
46.400000 150.305265
46.500000 150.080341
46.600000 149.855586
46.700000 149.630999
46.800000 149.406580
46.900000 149.182330
47.000000 148.958249
47.100000 148.734336
47.200000 148.510591
47.300000 148.287015
47.400000 148.063607
47.500000 147.840367
47.600000 147.617296
47.700000 147.394394
47.800000 147.171659
47.900000 146.949093
48.000000 146.726696
48.100000 146.504467
48.200000 146.282407
48.300000 146.060514
48.400000 145.838791
48.500000 145.617235
48.600000 145.395849
48.700000 145.174630
48.800000 144.953580
48.900000 144.732699
49.000000 144.511985
49.100000 144.291441
49.200000 144.071064
49.300000 143.850856
49.400000 143.630817
49.500000 143.410946
49.600000 143.191243
49.700000 142.971709
49.800000 142.752343
49.900000 142.533145
50.000000 142.314116
50.100000 142.095256
50.200000 141.876564
50.300000 141.658040
50.400000 141.439685
50.500000 141.221498
50.600000 141.003479
50.700000 140.785629
50.800000 140.567947
50.900000 140.350434
51.000000 140.133089
51.100000 139.915913
51.200000 139.698905
51.300000 139.482065
51.400000 139.265394
51.500000 139.048892
51.600000 138.832557
51.700000 138.616391
51.800000 138.400394
51.900000 138.184565
52.000000 137.968904
52.100000 137.753412
52.200000 137.538088
52.300000 137.322933
52.400000 137.107946
52.500000 136.893128
52.600000 136.678477
52.700000 136.463996
52.800000 136.249682
52.900000 136.035538
53.000000 135.821561
53.100000 135.607753
53.200000 135.394114
53.300000 135.180642
53.400000 134.967340
53.500000 134.754205
53.600000 134.541239
53.700000 134.328442
53.800000 134.115813
53.900000 133.903352
54.000000 133.691060
54.100000 133.478936
54.200000 133.266981
54.300000 133.055194
54.400000 132.843575
54.500000 132.632125
54.600000 132.420843
54.700000 132.209730
54.800000 131.998785
54.900000 131.788009
55.000000 131.577401
55.100000 131.366961
55.200000 131.156690
55.300000 130.946587
55.400000 130.736653
55.500000 130.526887
55.600000 130.317289
55.700000 130.107860
55.800000 129.898599
55.900000 129.689507
56.000000 129.480583
56.100000 129.271828
56.200000 129.063241
56.300000 128.854822
56.400000 128.646572
56.500000 128.438490
56.600000 128.230577
56.700000 128.022832
56.800000 127.815255
56.900000 127.607847
57.000000 127.400608
57.100000 127.193536
57.200000 126.986633
57.300000 126.779899
57.400000 126.573333
57.500000 126.366935
57.600000 126.160706
57.700000 125.954646
57.800000 125.748753
57.900000 125.543029
58.000000 125.337474
58.100000 125.132087
58.200000 124.926868
58.300000 124.721818
58.400000 124.516936
58.500000 124.312223
58.600000 124.107678
58.700000 123.903301
58.800000 123.699093
58.900000 123.495053
59.000000 123.291182
59.100000 123.087479
59.200000 122.883945
59.300000 122.680579
59.400000 122.477381
59.500000 122.274352
59.600000 122.071491
59.700000 121.868799
59.800000 121.666275
59.900000 121.463919
60.000000 121.261732
60.100000 121.059714
60.200000 120.857863
60.300000 120.656182
60.400000 120.454668
60.500000 120.253323
60.600000 120.052147
60.700000 119.851138
60.800000 119.650299
60.900000 119.449627
61.000000 119.249124
61.100000 119.048790
61.200000 118.848624
61.300000 118.648626
61.400000 118.448797
61.500000 118.249136
61.600000 118.049644
61.700000 117.850320
61.800000 117.651164
61.900000 117.452177
62.000000 117.253358
62.100000 117.054708
62.200000 116.856226
62.300000 116.657913
62.400000 116.459768
62.500000 116.261791
62.600000 116.063983
62.700000 115.866343
62.800000 115.668872
62.900000 115.471569
63.000000 115.274434
63.100000 115.077468
63.200000 114.880670
63.300000 114.684041
63.400000 114.487580
63.500000 114.291288
63.600000 114.095164
63.700000 113.899208
63.800000 113.703421
63.900000 113.507802
64.000000 113.312352
64.100000 113.117070
64.200000 112.921957
64.300000 112.727012
64.400000 112.532235
64.500000 112.337627
64.600000 112.143187
64.700000 111.948915
64.800000 111.754813
64.900000 111.560878
65.000000 111.367112
65.100000 111.173514
65.200000 110.980085
65.300000 110.786824
65.400000 110.593731
65.500000 110.400807
65.600000 110.208052
65.700000 110.015465
65.800000 109.823046
65.900000 109.630795
66.000000 109.438713
66.100000 109.246800
66.200000 109.055055
66.300000 108.863478
66.400000 108.672070
66.500000 108.480830
66.600000 108.289759
66.700000 108.098855
66.800000 107.908121
66.900000 107.717555
67.000000 107.527157
67.100000 107.336928
67.200000 107.146867
67.300000 106.956974
67.400000 106.767250
67.500000 106.577694
67.600000 106.388307
67.700000 106.199088
67.800000 106.010038
67.900000 105.821156
68.000000 105.632442
68.100000 105.443897
68.200000 105.255520
68.300000 105.067312
68.400000 104.879272
68.500000 104.691401
68.600000 104.503698
68.700000 104.316163
68.800000 104.128797
68.900000 103.941599
69.000000 103.754570
69.100000 103.567709
69.200000 103.381016
69.300000 103.194492
69.400000 103.008136
69.500000 102.821949
69.600000 102.635930
69.700000 102.450080
69.800000 102.264398
69.900000 102.078884
70.000000 101.893539
70.100000 101.708362
70.200000 101.523354
70.300000 101.338514
70.400000 101.153842
70.500000 100.969339
70.600000 100.785005
70.700000 100.600838
70.800000 100.416841
70.900000 100.233011
71.000000 100.049350
71.100000 99.865858
71.200000 99.682533
71.300000 99.499378
71.400000 99.316390
71.500000 99.133571
71.600000 98.950921
71.700000 98.768439
71.800000 98.586125
71.900000 98.403980
72.000000 98.222003
72.100000 98.040195
72.200000 97.858555
72.300000 97.677083
72.400000 97.495780
72.500000 97.314645
72.600000 97.133679
72.700000 96.952881
72.800000 96.772252
72.900000 96.591791
73.000000 96.411498
73.100000 96.231374
73.200000 96.051418
73.300000 95.871631
73.400000 95.692012
73.500000 95.512561
73.600000 95.333279
73.700000 95.154166
73.800000 94.975220
73.900000 94.796443
74.000000 94.617835
74.100000 94.439395
74.200000 94.261123
74.300000 94.083020
74.400000 93.905086
74.500000 93.727319
74.600000 93.549721
74.700000 93.372292
74.800000 93.195031
74.900000 93.017938
75.000000 92.841014
75.100000 92.664258
75.200000 92.487671
75.300000 92.311252
75.400000 92.135001
75.500000 91.958919
75.600000 91.783005
75.700000 91.607260
75.800000 91.431683
75.900000 91.256275
76.000000 91.081035
76.100000 90.905963
76.200000 90.731060
76.300000 90.556325
76.400000 90.381759
76.500000 90.207361
76.600000 90.033131
76.700000 89.859070
76.800000 89.685177
76.900000 89.511453
77.000000 89.337897
77.100000 89.164510
77.200000 88.991291
77.300000 88.818240
77.400000 88.645358
77.500000 88.472644
77.600000 88.300099
77.700000 88.127722
77.800000 87.955513
77.900000 87.783473
78.000000 87.611602
78.100000 87.439898
78.200000 87.268364
78.300000 87.096997
78.400000 86.925799
78.500000 86.754770
78.600000 86.583908
78.700000 86.413216
78.800000 86.242691
78.900000 86.072335
79.000000 85.902148
79.100000 85.732129
79.200000 85.562278
79.300000 85.392596
79.400000 85.223082
79.500000 85.053737
79.600000 84.884560
79.700000 84.715551
79.800000 84.546711
79.900000 84.378040
80.000000 84.209536
80.100000 84.041201
80.200000 83.873035
80.300000 83.705037
80.400000 83.537207
80.500000 83.369546
80.600000 83.202053
80.700000 83.034729
80.800000 82.867573
80.900000 82.700586
81.000000 82.533767
81.100000 82.367116
81.200000 82.200634
81.300000 82.034320
81.400000 81.868174
81.500000 81.702197
81.600000 81.536389
81.700000 81.370749
81.800000 81.205277
81.900000 81.039974
82.000000 80.874839
82.100000 80.709872
82.200000 80.545074
82.300000 80.380445
82.400000 80.215983
82.500000 80.051690
82.600000 79.887566
82.700000 79.723610
82.800000 79.559823
82.900000 79.396203
83.000000 79.232753
83.100000 79.069470
83.200000 78.906357
83.300000 78.743411
83.400000 78.580634
83.500000 78.418025
83.600000 78.255585
83.700000 78.093314
83.800000 77.931210
83.900000 77.769275
84.000000 77.607509
84.100000 77.445911
84.200000 77.284481
84.300000 77.123220
84.400000 76.962127
84.500000 76.801202
84.600000 76.640446
84.700000 76.479859
84.800000 76.319440
84.900000 76.159189
85.000000 75.999107
85.100000 75.839193
85.200000 75.679447
85.300000 75.519870
85.400000 75.360461
85.500000 75.201221
85.600000 75.042149
85.700000 74.883246
85.800000 74.724511
85.900000 74.565944
86.000000 74.407546
86.100000 74.249317
86.200000 74.091255
86.300000 73.933362
86.400000 73.775638
86.500000 73.618082
86.600000 73.460694
86.700000 73.303475
86.800000 73.146424
86.900000 72.989542
87.000000 72.832828
87.100000 72.676282
87.200000 72.519905
87.300000 72.363697
87.400000 72.207656
87.500000 72.051785
87.600000 71.896081
87.700000 71.740546
87.800000 71.585179
87.900000 71.429981
88.000000 71.274952
88.100000 71.120090
88.200000 70.965397
88.300000 70.810873
88.400000 70.656517
88.500000 70.502329
88.600000 70.348310
88.700000 70.194459
88.800000 70.040777
88.900000 69.887263
89.000000 69.733917
89.100000 69.580740
89.200000 69.427731
89.300000 69.274891
89.400000 69.122219
89.500000 68.969715
89.600000 68.817380
89.700000 68.665214
89.800000 68.513216
89.900000 68.361386
90.000000 68.209724
90.100000 68.058231
90.200000 67.906907
90.300000 67.755751
90.400000 67.604763
90.500000 67.453944
90.600000 67.303293
90.700000 67.152811
90.800000 67.002497
90.900000 66.852351
91.000000 66.702374
91.100000 66.552565
91.200000 66.402925
91.300000 66.253453
91.400000 66.104149
91.500000 65.955014
91.600000 65.806047
91.700000 65.657249
91.800000 65.508619
91.900000 65.360158
92.000000 65.211865
92.100000 65.063740
92.200000 64.915784
92.300000 64.767996
92.400000 64.620377
92.500000 64.472926
92.600000 64.325644
92.700000 64.178530
92.800000 64.031584
92.900000 63.884807
93.000000 63.738198
93.100000 63.591758
93.200000 63.445486
93.300000 63.299382
93.400000 63.153447
93.500000 63.007680
93.600000 62.862082
93.700000 62.716652
93.800000 62.571391
93.900000 62.426298
94.000000 62.281373
94.100000 62.136617
94.200000 61.992029
94.300000 61.847610
94.400000 61.703359
94.500000 61.559276
94.600000 61.415362
94.700000 61.271617
94.800000 61.128039
94.900000 60.984630
95.000000 60.841390
95.100000 60.698318
95.200000 60.555414
95.300000 60.412679
95.400000 60.270113
95.500000 60.127714
95.600000 59.985484
95.700000 59.843423
95.800000 59.701530
95.900000 59.559805
96.000000 59.418249
96.100000 59.276861
96.200000 59.135642
96.300000 58.994591
96.400000 58.853708
96.500000 58.712994
96.600000 58.572448
96.700000 58.432071
96.800000 58.291862
96.900000 58.151822
97.000000 58.011950
97.100000 57.872246
97.200000 57.732711
97.300000 57.593344
97.400000 57.454146
97.500000 57.315116
97.600000 57.176254
97.700000 57.037561
97.800000 56.899036
97.900000 56.760680
98.000000 56.622492
98.100000 56.484473
98.200000 56.346622
98.300000 56.208939
98.400000 56.071425
98.500000 55.934079
98.600000 55.796902
98.700000 55.659893
98.800000 55.523053
98.900000 55.386380
99.000000 55.249877
99.100000 55.113542
99.200000 54.977375
99.300000 54.841376
99.400000 54.705546
99.500000 54.569885
99.600000 54.434392
99.700000 54.299067
99.800000 54.163911
99.900000 54.028923
100.000000 53.894103
100.100000 53.759452
100.200000 53.624970
100.300000 53.490655
100.400000 53.356510
100.500000 53.222532
100.600000 53.088723
100.700000 52.955083
100.800000 52.821611
100.900000 52.688307
101.000000 52.555172
101.100000 52.422205
101.200000 52.289406
101.300000 52.156776
101.400000 52.024315
101.500000 51.892022
101.600000 51.759897
101.700000 51.627940
101.800000 51.496152
101.900000 51.364533
102.000000 51.233082
102.100000 51.101799
102.200000 50.970685
102.300000 50.839739
102.400000 50.708962
102.500000 50.578353
102.600000 50.447912
102.700000 50.317640
102.800000 50.187536
102.900000 50.057601
103.000000 49.927834
103.100000 49.798236
103.200000 49.668806
103.300000 49.539544
103.400000 49.410451
103.500000 49.281526
103.600000 49.152770
103.700000 49.024182
103.800000 48.895762
103.900000 48.767511
104.000000 48.639428
104.100000 48.511514
104.200000 48.383768
104.300000 48.256191
104.400000 48.128782
104.500000 48.001541
104.600000 47.874469
104.700000 47.747565
104.800000 47.620830
104.900000 47.494263
105.000000 47.367864
105.100000 47.241634
105.200000 47.115572
105.300000 46.989679
105.400000 46.863954
105.500000 46.738398
105.600000 46.613010
105.700000 46.487790
105.800000 46.362739
105.900000 46.237856
106.000000 46.113142
106.100000 45.988596
106.200000 45.864219
106.300000 45.740010
106.400000 45.615969
106.500000 45.492097
106.600000 45.368393
106.700000 45.244858
106.800000 45.121491
106.900000 44.998292
107.000000 44.875262
107.100000 44.752400
107.200000 44.629707
107.300000 44.507182
107.400000 44.384826
107.500000 44.262638
107.600000 44.140618
107.700000 44.018767
107.800000 43.897084
107.900000 43.775570
108.000000 43.654224
108.100000 43.533046
108.200000 43.412037
108.300000 43.291196
108.400000 43.170524
108.500000 43.050020
108.600000 42.929685
108.700000 42.809518
108.800000 42.689519
108.900000 42.569689
109.000000 42.450027
109.100000 42.330534
109.200000 42.211209
109.300000 42.092053
109.400000 41.973064
109.500000 41.854245
109.600000 41.735594
109.700000 41.617111
109.800000 41.498796
109.900000 41.380650
110.000000 41.262673
110.100000 41.144864
110.200000 41.027223
110.300000 40.909751
110.400000 40.792447
110.500000 40.675311
110.600000 40.558344
110.700000 40.441546
110.800000 40.324915
110.900000 40.208454
111.000000 40.092160
111.100000 39.976035
111.200000 39.860079
111.300000 39.744291
111.400000 39.628671
111.500000 39.513220
111.600000 39.397937
111.700000 39.282822
111.800000 39.167876
111.900000 39.053099
112.000000 38.938490
112.100000 38.824049
112.200000 38.709777
112.300000 38.595673
112.400000 38.481737
112.500000 38.367970
112.600000 38.254371
112.700000 38.140941
112.800000 38.027679
112.900000 37.914586
113.000000 37.801661
113.100000 37.688904
113.200000 37.576316
113.300000 37.463896
113.400000 37.351645
113.500000 37.239562
113.600000 37.127648
113.700000 37.015902
113.800000 36.904324
113.900000 36.792915
114.000000 36.681674
114.100000 36.570602
114.200000 36.459698
114.300000 36.348962
114.400000 36.238395
114.500000 36.127996
114.600000 36.017766
114.700000 35.907704
114.800000 35.797811
114.900000 35.688086
115.000000 35.578529
115.100000 35.469141
115.200000 35.359921
115.300000 35.250870
115.400000 35.141987
115.500000 35.033272
115.600000 34.924726
115.700000 34.816349
115.800000 34.708139
115.900000 34.600098
116.000000 34.492226
116.100000 34.384522
116.200000 34.276987
116.300000 34.169619
116.400000 34.062421
116.500000 33.955390
116.600000 33.848528
116.700000 33.741835
116.800000 33.635310
116.900000 33.528953
117.000000 33.422765
117.100000 33.316745
117.200000 33.210894
117.300000 33.105211
117.400000 32.999696
117.500000 32.894350
117.600000 32.789172
117.700000 32.684163
117.800000 32.579322
117.900000 32.474650
118.000000 32.370146
118.100000 32.265810
118.200000 32.161643
118.300000 32.057644
118.400000 31.953814
118.500000 31.850152
118.600000 31.746658
118.700000 31.643333
118.800000 31.540177
118.900000 31.437188
119.000000 31.334368
119.100000 31.231717
119.200000 31.129234
119.300000 31.026919
119.400000 30.924773
119.500000 30.822796
119.600000 30.720986
119.700000 30.619345
119.800000 30.517873
119.900000 30.416569
120.000000 30.315433
120.100000 30.214466
120.200000 30.113667
120.300000 30.013037
120.400000 29.912575
120.500000 29.812281
120.600000 29.712156
120.700000 29.612199
120.800000 29.512411
120.900000 29.412791
121.000000 29.313340
121.100000 29.214057
121.200000 29.114942
121.300000 29.015996
121.400000 28.917218
121.500000 28.818609
121.600000 28.720168
121.700000 28.621895
121.800000 28.523791
121.900000 28.425855
122.000000 28.328088
122.100000 28.230489
122.200000 28.133059
122.300000 28.035797
122.400000 27.938703
122.500000 27.841778
122.600000 27.745021
122.700000 27.648433
122.800000 27.552013
122.900000 27.455761
123.000000 27.359678
123.100000 27.263764
123.200000 27.168017
123.300000 27.072440
123.400000 26.977030
123.500000 26.881789
123.600000 26.786717
123.700000 26.691813
123.800000 26.597077
123.900000 26.502509
124.000000 26.408111
124.100000 26.313880
124.200000 26.219818
124.300000 26.125924
124.400000 26.032199
124.500000 25.938642
124.600000 25.845254
124.700000 25.752034
124.800000 25.658983
124.900000 25.566099
125.000000 25.473385
125.100000 25.380838
125.200000 25.288461
125.300000 25.196251
125.400000 25.104210
125.500000 25.012338
125.600000 24.920633
125.700000 24.829098
125.800000 24.737730
125.900000 24.646531
126.000000 24.555501
126.100000 24.464639
126.200000 24.373945
126.300000 24.283420
126.400000 24.193063
126.500000 24.102875
126.600000 24.012855
126.700000 23.923003
126.800000 23.833320
126.900000 23.743805
127.000000 23.654459
127.100000 23.565281
127.200000 23.476271
127.300000 23.387430
127.400000 23.298758
127.500000 23.210253
127.600000 23.121918
127.700000 23.033750
127.800000 22.945751
127.900000 22.857921
128.000000 22.770259
128.100000 22.682765
128.200000 22.595440
128.300000 22.508283
128.400000 22.421294
128.500000 22.334474
128.600000 22.247823
128.700000 22.161339
128.800000 22.075025
128.900000 21.988878
129.000000 21.902900
129.100000 21.817091
129.200000 21.731450
129.300000 21.645977
129.400000 21.560673
129.500000 21.475537
129.600000 21.390570
129.700000 21.305771
129.800000 21.221140
129.900000 21.136678
130.000000 21.052384
130.100000 20.968259
130.200000 20.884302
130.300000 20.800513
130.400000 20.716893
130.500000 20.633442
130.600000 20.550158
130.700000 20.467044
130.800000 20.384097
130.900000 20.301319
131.000000 20.218710
131.100000 20.136269
131.200000 20.053996
131.300000 19.971892
131.400000 19.889956
131.500000 19.808188
131.600000 19.726589
131.700000 19.645159
131.800000 19.563896
131.900000 19.482803
132.000000 19.401877
132.100000 19.321120
132.200000 19.240532
132.300000 19.160112
132.400000 19.079860
132.500000 18.999777
132.600000 18.919862
132.700000 18.840115
132.800000 18.760537
132.900000 18.681128
133.000000 18.601887
133.100000 18.522814
133.200000 18.443909
133.300000 18.365174
133.400000 18.286606
133.500000 18.208207
133.600000 18.129976
133.700000 18.051914
133.800000 17.974020
133.900000 17.896295
134.000000 17.818738
134.100000 17.741349
134.200000 17.664129
134.300000 17.587077
134.400000 17.510194
134.500000 17.433479
134.600000 17.356933
134.700000 17.280555
134.800000 17.204345
134.900000 17.128304
135.000000 17.052431
135.100000 16.976727
135.200000 16.901191
135.300000 16.825823
135.400000 16.750624
135.500000 16.675593
135.600000 16.600731
135.700000 16.526037
135.800000 16.451512
135.900000 16.377155
136.000000 16.302966
136.100000 16.228946
136.200000 16.155094
136.300000 16.081411
136.400000 16.007896
136.500000 15.934550
136.600000 15.861371
136.700000 15.788362
136.800000 15.715521
136.900000 15.642848
137.000000 15.570343
137.100000 15.498007
137.200000 15.425840
137.300000 15.353841
137.400000 15.282010
137.500000 15.210348
137.600000 15.138854
137.700000 15.067528
137.800000 14.996371
137.900000 14.925382
138.000000 14.854562
138.100000 14.783910
138.200000 14.713427
138.300000 14.643112
138.400000 14.572966
138.500000 14.502987
138.600000 14.433178
138.700000 14.363536
138.800000 14.294064
138.900000 14.224759
139.000000 14.155623
139.100000 14.086655
139.200000 14.017856
139.300000 13.949225
139.400000 13.880763
139.500000 13.812469
139.600000 13.744344
139.700000 13.676387
139.800000 13.608598
139.900000 13.540978
140.000000 13.473526
140.100000 13.406242
140.200000 13.339127
140.300000 13.272181
140.400000 13.205403
140.500000 13.138793
140.600000 13.072352
140.700000 13.006079
140.800000 12.939974
140.900000 12.874038
141.000000 12.808270
141.100000 12.742671
141.200000 12.677240
141.300000 12.611978
141.400000 12.546884
141.500000 12.481959
141.600000 12.417201
141.700000 12.352613
141.800000 12.288192
141.900000 12.223941
142.000000 12.159857
142.100000 12.095942
142.200000 12.032195
142.300000 11.968617
142.400000 11.905207
142.500000 11.841966
142.600000 11.778893
142.700000 11.715989
142.800000 11.653252
142.900000 11.590685
143.000000 11.528286
143.100000 11.466055
143.200000 11.403992
143.300000 11.342098
143.400000 11.280373
143.500000 11.218815
143.600000 11.157427
143.700000 11.096206
143.800000 11.035154
143.900000 10.974271
144.000000 10.913556
144.100000 10.853009
144.200000 10.792631
144.300000 10.732421
144.400000 10.672380
144.500000 10.612507
144.600000 10.552802
144.700000 10.493266
144.800000 10.433898
144.900000 10.374699
145.000000 10.315668
145.100000 10.256806
145.200000 10.198112
145.300000 10.139586
145.400000 10.081229
145.500000 10.023040
145.600000 9.965020
145.700000 9.907168
145.800000 9.849484
145.900000 9.791969
146.000000 9.734622
146.100000 9.677444
146.200000 9.620434
146.300000 9.563593
146.400000 9.506920
146.500000 9.450415
146.600000 9.394079
146.700000 9.337911
146.800000 9.281912
146.900000 9.226081
147.000000 9.170419
147.100000 9.114924
147.200000 9.059599
147.300000 9.004442
147.400000 8.949453
147.500000 8.894632
147.600000 8.839980
147.700000 8.785497
147.800000 8.731182
147.900000 8.677035
148.000000 8.623057
148.100000 8.569247
148.200000 8.515605
148.300000 8.462132
148.400000 8.408827
148.500000 8.355691
148.600000 8.302723
148.700000 8.249924
148.800000 8.197293
148.900000 8.144831
149.000000 8.092536
149.100000 8.040411
149.200000 7.988453
149.300000 7.936665
149.400000 7.885044
149.500000 7.833592
149.600000 7.782309
149.700000 7.731193
149.800000 7.680247
149.900000 7.629468
150.000000 7.578858
150.100000 7.528417
150.200000 7.478144
150.300000 7.428039
150.400000 7.378103
150.500000 7.328335
150.600000 7.278735
150.700000 7.229304
150.800000 7.180042
150.900000 7.130948
151.000000 7.082022
151.100000 7.033265
151.200000 6.984676
151.300000 6.936255
151.400000 6.888003
151.500000 6.839920
151.600000 6.792004
151.700000 6.744258
151.800000 6.696679
151.900000 6.649269
152.000000 6.602028
152.100000 6.554955
152.200000 6.508050
152.300000 6.461314
152.400000 6.414746
152.500000 6.368346
152.600000 6.322115
152.700000 6.276053
152.800000 6.230158
152.900000 6.184433
153.000000 6.138875
153.100000 6.093486
153.200000 6.048266
153.300000 6.003214
153.400000 5.958330
153.500000 5.913615
153.600000 5.869068
153.700000 5.824689
153.800000 5.780479
153.900000 5.736438
154.000000 5.692565
154.100000 5.648860
154.200000 5.605324
154.300000 5.561956
154.400000 5.518756
154.500000 5.475725
154.600000 5.432862
154.700000 5.390168
154.800000 5.347642
154.900000 5.305285
155.000000 5.263096
155.100000 5.221075
155.200000 5.179223
155.300000 5.137540
155.400000 5.096024
155.500000 5.054677
155.600000 5.013499
155.700000 4.972489
155.800000 4.931647
155.900000 4.890974
156.000000 4.850469
156.100000 4.810133
156.200000 4.769965
156.300000 4.729965
156.400000 4.690134
156.500000 4.650472
156.600000 4.610977
156.700000 4.571652
156.800000 4.532494
156.900000 4.493505
157.000000 4.454684
157.100000 4.416032
157.200000 4.377549
157.300000 4.339233
157.400000 4.301086
157.500000 4.263108
157.600000 4.225298
157.700000 4.187656
157.800000 4.150183
157.900000 4.112878
158.000000 4.075742
158.100000 4.038774
158.200000 4.001974
158.300000 3.965343
158.400000 3.928880
158.500000 3.892586
158.600000 3.856460
158.700000 3.820502
158.800000 3.784713
158.900000 3.749093
159.000000 3.713641
159.100000 3.678357
159.200000 3.643241
159.300000 3.608294
159.400000 3.573516
159.500000 3.538906
159.600000 3.504464
159.700000 3.470191
159.800000 3.436086
159.900000 3.402149
160.000000 3.368381
160.100000 3.334782
160.200000 3.301351
160.300000 3.268088
160.400000 3.234994
160.500000 3.202068
160.600000 3.169310
160.700000 3.136721
160.800000 3.104300
160.900000 3.072048
161.000000 3.039964
161.100000 3.008049
161.200000 2.976302
161.300000 2.944723
161.400000 2.913313
161.500000 2.882071
161.600000 2.850998
161.700000 2.820093
161.800000 2.789357
161.900000 2.758789
162.000000 2.728389
162.100000 2.698158
162.200000 2.668095
162.300000 2.638201
162.400000 2.608475
162.500000 2.578917
162.600000 2.549528
162.700000 2.520307
162.800000 2.491255
162.900000 2.462371
163.000000 2.433656
163.100000 2.405109
163.200000 2.376730
163.300000 2.348520
163.400000 2.320478
163.500000 2.292605
163.600000 2.264900
163.700000 2.237363
163.800000 2.209995
163.900000 2.182795
164.000000 2.155764
164.100000 2.128901
164.200000 2.102207
164.300000 2.075681
164.400000 2.049323
164.500000 2.023134
164.600000 1.997113
164.700000 1.971261
164.800000 1.945577
164.900000 1.920062
165.000000 1.894715
165.100000 1.869536
165.200000 1.844526
165.300000 1.819684
165.400000 1.795010
165.500000 1.770506
165.600000 1.746169
165.700000 1.722001
165.800000 1.698001
165.900000 1.674170
166.000000 1.650507
166.100000 1.627012
166.200000 1.603686
166.300000 1.580529
166.400000 1.557540
166.500000 1.534719
166.600000 1.512066
166.700000 1.489582
166.800000 1.467267
166.900000 1.445120
167.000000 1.423141
167.100000 1.401331
167.200000 1.379689
167.300000 1.358216
167.400000 1.336911
167.500000 1.315774
167.600000 1.294806
167.700000 1.274006
167.800000 1.253375
167.900000 1.232912
168.000000 1.212617
168.100000 1.192491
168.200000 1.172534
168.300000 1.152744
168.400000 1.133124
168.500000 1.113671
168.600000 1.094387
168.700000 1.075272
168.800000 1.056324
168.900000 1.037546
169.000000 1.018935
169.100000 1.000494
169.200000 0.982220
169.300000 0.964115
169.400000 0.946178
169.500000 0.928410
169.600000 0.910810
169.700000 0.893379
169.800000 0.876116
169.900000 0.859021
170.000000 0.842095
170.100000 0.825338
170.200000 0.808748
170.300000 0.792328
170.400000 0.776075
170.500000 0.759991
170.600000 0.744075
170.700000 0.728328
170.800000 0.712750
170.900000 0.697339
171.000000 0.682097
171.100000 0.667024
171.200000 0.652119
171.300000 0.637382
171.400000 0.622814
171.500000 0.608414
171.600000 0.594182
171.700000 0.580119
171.800000 0.566225
171.900000 0.552499
172.000000 0.538941
172.100000 0.525552
172.200000 0.512331
172.300000 0.499278
172.400000 0.486394
172.500000 0.473679
172.600000 0.461131
172.700000 0.448753
172.800000 0.436542
172.900000 0.424500
173.000000 0.412627
173.100000 0.400922
173.200000 0.389385
173.300000 0.378017
173.400000 0.366817
173.500000 0.355785
173.600000 0.344922
173.700000 0.334228
173.800000 0.323701
173.900000 0.313344
174.000000 0.303154
174.100000 0.293133
174.200000 0.283281
174.300000 0.273597
174.400000 0.264081
174.500000 0.254734
174.600000 0.245555
174.700000 0.236545
174.800000 0.227703
174.900000 0.219029
175.000000 0.210524
175.100000 0.202187
175.200000 0.194019
175.300000 0.186019
175.400000 0.178187
175.500000 0.170524
175.600000 0.163030
175.700000 0.155703
175.800000 0.148546
175.900000 0.141556
176.000000 0.134735
176.100000 0.128083
176.200000 0.121599
176.300000 0.115283
176.400000 0.109136
176.500000 0.103157
176.600000 0.097346
176.700000 0.091704
176.800000 0.086231
176.900000 0.080925
177.000000 0.075789
177.100000 0.070820
177.200000 0.066020
177.300000 0.061389
177.400000 0.056926
177.500000 0.052631
177.600000 0.048505
177.700000 0.044547
177.800000 0.040757
177.900000 0.037136
178.000000 0.033684
178.100000 0.030400
178.200000 0.027284
178.300000 0.024337
178.400000 0.021558
178.500000 0.018947
178.600000 0.016505
178.700000 0.014231
178.800000 0.012126
178.900000 0.010189
179.000000 0.008421
179.100000 0.006821
179.200000 0.005389
179.300000 0.004126
179.400000 0.003032
179.500000 0.002105
179.600000 0.001347
179.700000 0.000758
179.800000 0.000337
179.900000 0.000084
180.000000 0.000000
180.100000 0.000084
180.200000 0.000337
180.300000 0.000758
180.400000 0.001347
180.500000 0.002105
180.600000 0.003032
180.700000 0.004126
180.800000 0.005389
180.900000 0.006821
181.000000 0.008421
