0.000000 40.704824
0.100000 40.614419
0.200000 40.524115
0.300000 40.433911
0.400000 40.343807
0.500000 40.253804
0.600000 40.163902
0.700000 40.074100
0.800000 39.984399
0.900000 39.894798
1.000000 39.805298
1.100000 39.715898
1.200000 39.626598
1.300000 39.537400
1.400000 39.448301
1.500000 39.359303
1.600000 39.270406
1.700000 39.181609
1.800000 39.092913
1.900000 39.004317
2.000000 38.915822
2.100000 38.827427
2.200000 38.739133
2.300000 38.650939
2.400000 38.562846
2.500000 38.474853
2.600000 38.386961
2.700000 38.299169
2.800000 38.211478
2.900000 38.123887
3.000000 38.036397
3.100000 37.949007
3.200000 37.861718
3.300000 37.774529
3.400000 37.687441
3.500000 37.600453
3.600000 37.513566
3.700000 37.426779
3.800000 37.340093
3.900000 37.253507
4.000000 37.167022
4.100000 37.080637
4.200000 36.994353
4.300000 36.908169
4.400000 36.822086
4.500000 36.736104
4.600000 36.650221
4.700000 36.564440
4.800000 36.478759
4.900000 36.393178
5.000000 36.307698
5.100000 36.222318
5.200000 36.137039
5.300000 36.051861
5.400000 35.966782
5.500000 35.881805
5.600000 35.796928
5.700000 35.712151
5.800000 35.627475
5.900000 35.542900
6.000000 35.458424
6.100000 35.374050
6.200000 35.289776
6.300000 35.205602
6.400000 35.121529
6.500000 35.037557
6.600000 34.953685
6.700000 34.869913
6.800000 34.786242
6.900000 34.702672
7.000000 34.619202
7.100000 34.535832
7.200000 34.452563
7.300000 34.369395
7.400000 34.286327
7.500000 34.203359
7.600000 34.120492
7.700000 34.037726
7.800000 33.955060
7.900000 33.872494
8.000000 33.790029
8.100000 33.707665
8.200000 33.625401
8.300000 33.543237
8.400000 33.461174
8.500000 33.379212
8.600000 33.297350
8.700000 33.215589
8.800000 33.133928
8.900000 33.052367
9.000000 32.970907
9.100000 32.889548
9.200000 32.808289
9.300000 32.727131
9.400000 32.646073
9.500000 32.565115
9.600000 32.484259
9.700000 32.403502
9.800000 32.322846
9.900000 32.242291
10.000000 32.161836
10.100000 32.081482
10.200000 32.001228
10.300000 31.921075
10.400000 31.841022
10.500000 31.761070
10.600000 31.681218
10.700000 31.601466
10.800000 31.521816
10.900000 31.442265
11.000000 31.362816
11.100000 31.283466
11.200000 31.204218
11.300000 31.125069
11.400000 31.046022
11.500000 30.967074
11.600000 30.888228
11.700000 30.809481
11.800000 30.730836
11.900000 30.652290
12.000000 30.573846
12.100000 30.495501
12.200000 30.417258
12.300000 30.339114
12.400000 30.261072
12.500000 30.183130
12.600000 30.105288
12.700000 30.027547
12.800000 29.949906
12.900000 29.872366
13.000000 29.794926
13.100000 29.717587
13.200000 29.640348
13.300000 29.563210
13.400000 29.486172
13.500000 29.409235
13.600000 29.332399
13.700000 29.255663
13.800000 29.179027
13.900000 29.102492
14.000000 29.026057
14.100000 28.949723
14.200000 28.873489
14.300000 28.797356
14.400000 28.721324
14.500000 28.645392
14.600000 28.569560
14.700000 28.493829
14.800000 28.418198
14.900000 28.342668
15.000000 28.267239
15.100000 28.191910
15.200000 28.116681
15.300000 28.041553
15.400000 27.966526
15.500000 27.891599
15.600000 27.816772
15.700000 27.742046
15.800000 27.667421
15.900000 27.592896
16.000000 27.518471
16.100000 27.444147
16.200000 27.369924
16.300000 27.295801
16.400000 27.221778
16.500000 27.147856
16.600000 27.074035
16.700000 27.000314
16.800000 26.926693
16.900000 26.853173
17.000000 26.779754
17.100000 26.706435
17.200000 26.633217
17.300000 26.560099
17.400000 26.487081
17.500000 26.414164
17.600000 26.341348
17.700000 26.268632
17.800000 26.196017
17.900000 26.123502
18.000000 26.051087
18.100000 25.978773
18.200000 25.906560
18.300000 25.834447
18.400000 25.762435
18.500000 25.690523
18.600000 25.618712
18.700000 25.547001
18.800000 25.475390
18.900000 25.403881
19.000000 25.332471
19.100000 25.261162
19.200000 25.189954
19.300000 25.118846
19.400000 25.047839
19.500000 24.976932
19.600000 24.906126
19.700000 24.835420
19.800000 24.764815
19.900000 24.694310
20.000000 24.623906
20.100000 24.553602
20.200000 24.483399
20.300000 24.413296
20.400000 24.343294
20.500000 24.273392
20.600000 24.203591
20.700000 24.133890
20.800000 24.064290
20.900000 23.994790
21.000000 23.925391
21.100000 23.856092
21.200000 23.786894
21.300000 23.717796
21.400000 23.648799
21.500000 23.579903
21.600000 23.511106
21.700000 23.442411
21.800000 23.373815
21.900000 23.305321
22.000000 23.236927
22.100000 23.168633
22.200000 23.100440
22.300000 23.032347
22.400000 22.964355
22.500000 22.896463
22.600000 22.828672
22.700000 22.760982
22.800000 22.693392
22.900000 22.625902
23.000000 22.558513
23.100000 22.491224
23.200000 22.424036
23.300000 22.356949
23.400000 22.289962
23.500000 22.223075
23.600000 22.156289
23.700000 22.089603
23.800000 22.023018
23.900000 21.956534
24.000000 21.890150
24.100000 21.823866
24.200000 21.757683
24.300000 21.691601
24.400000 21.625619
24.500000 21.559737
24.600000 21.493956
24.700000 21.428276
24.800000 21.362696
24.900000 21.297216
25.000000 21.231837
25.100000 21.166559
25.200000 21.101381
25.300000 21.036303
25.400000 20.971326
25.500000 20.906450
25.600000 20.841674
25.700000 20.776998
25.800000 20.712424
25.900000 20.647949
26.000000 20.583575
26.100000 20.519302
26.200000 20.455129
26.300000 20.391056
26.400000 20.327085
26.500000 20.263213
26.600000 20.199442
26.700000 20.135772
26.800000 20.072202
26.900000 20.008733
27.000000 19.945364
27.100000 19.882095
27.200000 19.818928
27.300000 19.755860
27.400000 19.692893
27.500000 19.630027
27.600000 19.567261
27.700000 19.504596
27.800000 19.442031
27.900000 19.379567
28.000000 19.317203
28.100000 19.254940
28.200000 19.192777
28.300000 19.130714
28.400000 19.068753
28.500000 19.006891
28.600000 18.945131
28.700000 18.883470
28.800000 18.821911
28.900000 18.760451
29.000000 18.699093
29.100000 18.637834
29.200000 18.576677
29.300000 18.515619
29.400000 18.454663
29.500000 18.393806
29.600000 18.333051
29.700000 18.272395
29.800000 18.211841
29.900000 18.151387
30.000000 18.091033
30.100000 18.030780
30.200000 17.970627
30.300000 17.910575
30.400000 17.850623
30.500000 17.790772
30.600000 17.731021
30.700000 17.671371
30.800000 17.611822
30.900000 17.552372
31.000000 17.493024
31.100000 17.433776
31.200000 17.374628
31.300000 17.315581
31.400000 17.256634
31.500000 17.197788
31.600000 17.139043
31.700000 17.080397
31.800000 17.021853
31.900000 16.963409
32.000000 16.905065
32.100000 16.846822
32.200000 16.788680
32.300000 16.730637
32.400000 16.672696
32.500000 16.614855
32.600000 16.557114
32.700000 16.499474
32.800000 16.441935
32.900000 16.384496
33.000000 16.327157
33.100000 16.269919
33.200000 16.212782
33.300000 16.155745
33.400000 16.098808
33.500000 16.041972
33.600000 15.985237
33.700000 15.928602
33.800000 15.872067
33.900000 15.815633
34.000000 15.759300
34.100000 15.703067
34.200000 15.646934
34.300000 15.590902
34.400000 15.534971
34.500000 15.479140
34.600000 15.423410
34.700000 15.367780
34.800000 15.312250
34.900000 15.256821
35.000000 15.201493
35.100000 15.146265
35.200000 15.091138
35.300000 15.036111
35.400000 14.981184
35.500000 14.926358
35.600000 14.871633
35.700000 14.817008
35.800000 14.762484
35.900000 14.708060
36.000000 14.653737
36.100000 14.599514
36.200000 14.545391
36.300000 14.491370
36.400000 14.437448
36.500000 14.383627
36.600000 14.329907
36.700000 14.276287
36.800000 14.222768
36.900000 14.169349
37.000000 14.116031
37.100000 14.062813
37.200000 14.009696
37.300000 13.956679
37.400000 13.903763
37.500000 13.850947
37.600000 13.798232
37.700000 13.745617
37.800000 13.693103
37.900000 13.640689
38.000000 13.588376
38.100000 13.536163
38.200000 13.484051
38.300000 13.432039
38.400000 13.380128
38.500000 13.328317
38.600000 13.276607
38.700000 13.224997
38.800000 13.173488
38.900000 13.122079
39.000000 13.070771
39.100000 13.019564
39.200000 12.968456
39.300000 12.917450
39.400000 12.866544
39.500000 12.815738
39.600000 12.765033
39.700000 12.714428
39.800000 12.663924
39.900000 12.613520
40.000000 12.563217
40.100000 12.513015
40.200000 12.462913
40.300000 12.412911
40.400000 12.363010
40.500000 12.313209
40.600000 12.263509
40.700000 12.213910
40.800000 12.164411
40.900000 12.115012
41.000000 12.065714
41.100000 12.016516
41.200000 11.967419
41.300000 11.918423
41.400000 11.869527
41.500000 11.820731
41.600000 11.772036
41.700000 11.723442
41.800000 11.674948
41.900000 11.626554
42.000000 11.578261
42.100000 11.530069
42.200000 11.481977
42.300000 11.433985
42.400000 11.386094
42.500000 11.338304
42.600000 11.290614
42.700000 11.243024
42.800000 11.195535
42.900000 11.148147
43.000000 11.100859
43.100000 11.053671
43.200000 11.006584
43.300000 10.959598
43.400000 10.912712
43.500000 10.865927
43.600000 10.819242
43.700000 10.772657
43.800000 10.726173
43.900000 10.679790
44.000000 10.633507
44.100000 10.587325
44.200000 10.541243
44.300000 10.495261
44.400000 10.449381
44.500000 10.403600
44.600000 10.357920
44.700000 10.312341
44.800000 10.266862
44.900000 10.221484
45.000000 10.176206
45.100000 10.131029
45.200000 10.085952
45.300000 10.040976
45.400000 9.996100
45.500000 9.951324
45.600000 9.906650
45.700000 9.862075
45.800000 9.817602
45.900000 9.773228
46.000000 9.728955
46.100000 9.684783
46.200000 9.640711
46.300000 9.596740
46.400000 9.552869
46.500000 9.509099
46.600000 9.465429
46.700000 9.421860
46.800000 9.378391
46.900000 9.335023
47.000000 9.291755
47.100000 9.248588
47.200000 9.205522
47.300000 9.162555
47.400000 9.119690
47.500000 9.076924
47.600000 9.034260
47.700000 8.991696
47.800000 8.949232
47.900000 8.906869
48.000000 8.864606
48.100000 8.822444
48.200000 8.780382
48.300000 8.738421
48.400000 8.696561
48.500000 8.654800
48.600000 8.613141
48.700000 8.571582
48.800000 8.530123
48.900000 8.488765
49.000000 8.447507
49.100000 8.406350
49.200000 8.365294
49.300000 8.324338
49.400000 8.283482
49.500000 8.242727
49.600000 8.202072
49.700000 8.161518
49.800000 8.121065
49.900000 8.080712
50.000000 8.040459
50.100000 8.000307
50.200000 7.960255
50.300000 7.920304
50.400000 7.880454
50.500000 7.840704
50.600000 7.801054
50.700000 7.761505
50.800000 7.722057
50.900000 7.682709
51.000000 7.643461
51.100000 7.604314
51.200000 7.565268
51.300000 7.526322
51.400000 7.487476
51.500000 7.448732
51.600000 7.410087
51.700000 7.371543
51.800000 7.333100
51.900000 7.294757
52.000000 7.256514
52.100000 7.218372
52.200000 7.180331
52.300000 7.142390
52.400000 7.104550
52.500000 7.066810
52.600000 7.029170
52.700000 6.991631
52.800000 6.954193
52.900000 6.916855
53.000000 6.879618
53.100000 6.842481
53.200000 6.805445
53.300000 6.768509
53.400000 6.731673
53.500000 6.694938
53.600000 6.658304
53.700000 6.621770
53.800000 6.585337
53.900000 6.549004
54.000000 6.512772
54.100000 6.476640
54.200000 6.440609
54.300000 6.404678
54.400000 6.368848
54.500000 6.333118
54.600000 6.297489
54.700000 6.261960
54.800000 6.226531
54.900000 6.191204
55.000000 6.155976
55.100000 6.120850
55.200000 6.085823
55.300000 6.050898
55.400000 6.016072
55.500000 5.981348
55.600000 5.946724
55.700000 5.912200
55.800000 5.877777
55.900000 5.843454
56.000000 5.809232
56.100000 5.775110
56.200000 5.741089
56.300000 5.707168
56.400000 5.673348
56.500000 5.639628
56.600000 5.606009
56.700000 5.572490
56.800000 5.539072
56.900000 5.505755
57.000000 5.472537
57.100000 5.439421
57.200000 5.406405
57.300000 5.373489
57.400000 5.340674
57.500000 5.307959
57.600000 5.275345
57.700000 5.242832
57.800000 5.210418
57.900000 5.178106
58.000000 5.145894
58.100000 5.113782
58.200000 5.081771
58.300000 5.049861
58.400000 5.018050
58.500000 4.986341
58.600000 4.954732
58.700000 4.923223
58.800000 4.891815
58.900000 4.860508
59.000000 4.829301
59.100000 4.798194
59.200000 4.767188
59.300000 4.736283
59.400000 4.705478
59.500000 4.674773
59.600000 4.644169
59.700000 4.613666
59.800000 4.583263
59.900000 4.552960
60.000000 4.522758
60.100000 4.492657
60.200000 4.462656
60.300000 4.432755
60.400000 4.402955
60.500000 4.373256
60.600000 4.343657
60.700000 4.314159
60.800000 4.284761
60.900000 4.255463
61.000000 4.226266
61.100000 4.197170
61.200000 4.168174
61.300000 4.139279
61.400000 4.110484
61.500000 4.081789
61.600000 4.053195
61.700000 4.024702
61.800000 3.996309
61.900000 3.968017
62.000000 3.939825
62.100000 3.911734
62.200000 3.883743
62.300000 3.855852
62.400000 3.828063
62.500000 3.800373
62.600000 3.772784
62.700000 3.745296
62.800000 3.717908
62.900000 3.690621
63.000000 3.663434
63.100000 3.636348
63.200000 3.609362
63.300000 3.582477
63.400000 3.555692
63.500000 3.529008
63.600000 3.502424
63.700000 3.475941
63.800000 3.449558
63.900000 3.423276
64.000000 3.397094
64.100000 3.371013
64.200000 3.345032
64.300000 3.319152
64.400000 3.293372
64.500000 3.267693
64.600000 3.242114
64.700000 3.216636
64.800000 3.191258
64.900000 3.165981
65.000000 3.140804
65.100000 3.115728
65.200000 3.090752
65.300000 3.065877
65.400000 3.041103
65.500000 3.016428
65.600000 2.991855
65.700000 2.967382
65.800000 2.943009
65.900000 2.918737
66.000000 2.894565
66.100000 2.870494
66.200000 2.846524
66.300000 2.822653
66.400000 2.798884
66.500000 2.775215
66.600000 2.751646
66.700000 2.728178
66.800000 2.704810
66.900000 2.681543
67.000000 2.658377
67.100000 2.635311
67.200000 2.612345
67.300000 2.589480
67.400000 2.566716
67.500000 2.544051
67.600000 2.521488
67.700000 2.499025
67.800000 2.476662
67.900000 2.454400
68.000000 2.432239
68.100000 2.410178
68.200000 2.388217
68.300000 2.366357
68.400000 2.344598
68.500000 2.322939
68.600000 2.301380
68.700000 2.279922
68.800000 2.258565
68.900000 2.237308
69.000000 2.216152
69.100000 2.195096
69.200000 2.174140
69.300000 2.153285
69.400000 2.132531
69.500000 2.111877
69.600000 2.091323
69.700000 2.070870
69.800000 2.050518
69.900000 2.030266
70.000000 2.010115
70.100000 1.990064
70.200000 1.970113
70.300000 1.950264
70.400000 1.930514
70.500000 1.910865
70.600000 1.891317
70.700000 1.871869
70.800000 1.852522
70.900000 1.833275
71.000000 1.814129
71.100000 1.795083
71.200000 1.776137
71.300000 1.757293
71.400000 1.738548
71.500000 1.719904
71.600000 1.701361
71.700000 1.682918
71.800000 1.664576
71.900000 1.646334
72.000000 1.628193
72.100000 1.610152
72.200000 1.592212
72.300000 1.574372
72.400000 1.556633
72.500000 1.538994
72.600000 1.521456
72.700000 1.504018
72.800000 1.486681
72.900000 1.469444
73.000000 1.452308
73.100000 1.435272
73.200000 1.418337
73.300000 1.401502
73.400000 1.384768
73.500000 1.368134
73.600000 1.351601
73.700000 1.335168
73.800000 1.318836
73.900000 1.302605
74.000000 1.286473
74.100000 1.270443
74.200000 1.254513
74.300000 1.238683
74.400000 1.222954
74.500000 1.207325
74.600000 1.191797
74.700000 1.176369
74.800000 1.161042
74.900000 1.145816
75.000000 1.130690
75.100000 1.115664
75.200000 1.100739
75.300000 1.085914
75.400000 1.071190
75.500000 1.056567
75.600000 1.042043
75.700000 1.027621
75.800000 1.013299
75.900000 0.999077
76.000000 0.984956
76.100000 0.970936
76.200000 0.957016
76.300000 0.943196
76.400000 0.929477
76.500000 0.915859
76.600000 0.902341
76.700000 0.888923
76.800000 0.875606
76.900000 0.862389
77.000000 0.849273
77.100000 0.836258
77.200000 0.823343
77.300000 0.810529
77.400000 0.797815
77.500000 0.785201
77.600000 0.772688
77.700000 0.760276
77.800000 0.747964
77.900000 0.735752
78.000000 0.723641
78.100000 0.711631
78.200000 0.699721
78.300000 0.687912
78.400000 0.676203
78.500000 0.664594
78.600000 0.653086
78.700000 0.641679
78.800000 0.630372
78.900000 0.619166
79.000000 0.608060
79.100000 0.597054
79.200000 0.586149
79.300000 0.575345
79.400000 0.564641
79.500000 0.554038
79.600000 0.543535
79.700000 0.533133
79.800000 0.522831
79.900000 0.512630
80.000000 0.502529
80.100000 0.492528
80.200000 0.482629
80.300000 0.472829
80.400000 0.463130
80.500000 0.453532
80.600000 0.444034
80.700000 0.434637
80.800000 0.425340
80.900000 0.416144
81.000000 0.407048
81.100000 0.398053
81.200000 0.389158
81.300000 0.380364
81.400000 0.371670
81.500000 0.363077
81.600000 0.354584
81.700000 0.346192
81.800000 0.337900
81.900000 0.329709
82.000000 0.321618
82.100000 0.313628
82.200000 0.305738
82.300000 0.297949
82.400000 0.290261
82.500000 0.282672
82.600000 0.275185
82.700000 0.267798
82.800000 0.260511
82.900000 0.253325
83.000000 0.246239
83.100000 0.239254
83.200000 0.232369
83.300000 0.225585
83.400000 0.218901
83.500000 0.212318
83.600000 0.205836
83.700000 0.199454
83.800000 0.193172
83.900000 0.186991
84.000000 0.180910
84.100000 0.174930
84.200000 0.169051
84.300000 0.163272
84.400000 0.157593
84.500000 0.152015
84.600000 0.146537
84.700000 0.141160
84.800000 0.135884
84.900000 0.130708
85.000000 0.125632
85.100000 0.120657
85.200000 0.115783
85.300000 0.111009
85.400000 0.106335
85.500000 0.101762
85.600000 0.097290
85.700000 0.092918
85.800000 0.088646
85.900000 0.084475
86.000000 0.080405
86.100000 0.076435
86.200000 0.072565
86.300000 0.068796
86.400000 0.065128
86.500000 0.061560
86.600000 0.058092
86.700000 0.054725
86.800000 0.051459
86.900000 0.048293
87.000000 0.045228
87.100000 0.042263
87.200000 0.039398
87.300000 0.036634
87.400000 0.033971
87.500000 0.031408
87.600000 0.028946
87.700000 0.026584
87.800000 0.024322
87.900000 0.022162
88.000000 0.020101
88.100000 0.018141
88.200000 0.016282
88.300000 0.014523
88.400000 0.012865
88.500000 0.011307
88.600000 0.009850
88.700000 0.008493
88.800000 0.007236
88.900000 0.006081
89.000000 0.005025
89.100000 0.004070
89.200000 0.003216
89.300000 0.002462
89.400000 0.001809
89.500000 0.001256
89.600000 0.000804
89.700000 0.000452
89.800000 0.000201
89.900000 0.000050
90.000000 0.000000
90.100000 0.000050
90.200000 0.000201
90.300000 0.000452
90.400000 0.000804
90.500000 0.001256
90.600000 0.001809
90.700000 0.002462
90.800000 0.003216
90.900000 0.004070
91.000000 0.005025
91.100000 0.006081
91.200000 0.007236
91.300000 0.008493
91.400000 0.009850
91.500000 0.011307
91.600000 0.012865
91.700000 0.014523
91.800000 0.016282
91.900000 0.018141
92.000000 0.020101
92.100000 0.022162
92.200000 0.024322
92.300000 0.026584
92.400000 0.028946
92.500000 0.031408
92.600000 0.033971
92.700000 0.036634
92.800000 0.039398
92.900000 0.042263
93.000000 0.045228
93.100000 0.048293
93.200000 0.051459
93.300000 0.054725
93.400000 0.058092
93.500000 0.061560
93.600000 0.065128
93.700000 0.068796
93.800000 0.072565
93.900000 0.076435
94.000000 0.080405
94.100000 0.084475
94.200000 0.088646
94.300000 0.092918
94.400000 0.097290
94.500000 0.101762
94.600000 0.106335
94.700000 0.111009
94.800000 0.115783
94.900000 0.120657
95.000000 0.125632
95.100000 0.130708
95.200000 0.135884
95.300000 0.141160
95.400000 0.146537
95.500000 0.152015
95.600000 0.157593
95.700000 0.163272
95.800000 0.169051
95.900000 0.174930
96.000000 0.180910
96.100000 0.186991
96.200000 0.193172
96.300000 0.199454
96.400000 0.205836
96.500000 0.212318
96.600000 0.218901
96.700000 0.225585
96.800000 0.232369
96.900000 0.239254
97.000000 0.246239
97.100000 0.253325
97.200000 0.260511
97.300000 0.267798
97.400000 0.275185
97.500000 0.282672
97.600000 0.290261
97.700000 0.297949
97.800000 0.305738
97.900000 0.313628
98.000000 0.321618
98.100000 0.329709
98.200000 0.337900
98.300000 0.346192
98.400000 0.354584
98.500000 0.363077
98.600000 0.371670
98.700000 0.380364
98.800000 0.389158
98.900000 0.398053
99.000000 0.407048
99.100000 0.416144
99.200000 0.425340
99.300000 0.434637
99.400000 0.444034
99.500000 0.453532
99.600000 0.463130
99.700000 0.472829
99.800000 0.482629
99.900000 0.492528
100.000000 0.502529
100.100000 0.512630
100.200000 0.522831
100.300000 0.533133
100.400000 0.543535
100.500000 0.554038
100.600000 0.564641
100.700000 0.575345
100.800000 0.586149
100.900000 0.597054
101.000000 0.608060
101.100000 0.619166
101.200000 0.630372
101.300000 0.641679
101.400000 0.653086
101.500000 0.664594
101.600000 0.676203
101.700000 0.687912
101.800000 0.699721
101.900000 0.711631
102.000000 0.723641
102.100000 0.735752
102.200000 0.747964
102.300000 0.760276
102.400000 0.772688
102.500000 0.785201
102.600000 0.797815
102.700000 0.810529
102.800000 0.823343
102.900000 0.836258
103.000000 0.849273
103.100000 0.862389
103.200000 0.875606
103.300000 0.888923
103.400000 0.902341
103.500000 0.915859
103.600000 0.929477
103.700000 0.943196
103.800000 0.957016
103.900000 0.970936
104.000000 0.984956
104.100000 0.999077
104.200000 1.013299
104.300000 1.027621
104.400000 1.042043
104.500000 1.056567
104.600000 1.071190
104.700000 1.085914
104.800000 1.100739
104.900000 1.115664
105.000000 1.130690
105.100000 1.145816
105.200000 1.161042
105.300000 1.176369
105.400000 1.191797
105.500000 1.207325
105.600000 1.222954
105.700000 1.238683
105.800000 1.254513
105.900000 1.270443
106.000000 1.286473
106.100000 1.302605
106.200000 1.318836
106.300000 1.335168
106.400000 1.351601
106.500000 1.368134
106.600000 1.384768
106.700000 1.401502
106.800000 1.418337
106.900000 1.435272
107.000000 1.452308
107.100000 1.469444
107.200000 1.486681
107.300000 1.504018
107.400000 1.521456
107.500000 1.538994
107.600000 1.556633
107.700000 1.574372
107.800000 1.592212
107.900000 1.610152
108.000000 1.628193
108.100000 1.646334
108.200000 1.664576
108.300000 1.682918
108.400000 1.701361
108.500000 1.719904
108.600000 1.738548
108.700000 1.757293
108.800000 1.776137
108.900000 1.795083
109.000000 1.814129
109.100000 1.833275
109.200000 1.852522
109.300000 1.871869
109.400000 1.891317
109.500000 1.910865
109.600000 1.930514
109.700000 1.950264
109.800000 1.970113
109.900000 1.990064
110.000000 2.010115
110.100000 2.030266
110.200000 2.050518
110.300000 2.070870
110.400000 2.091323
110.500000 2.111877
110.600000 2.132531
110.700000 2.153285
110.800000 2.174140
110.900000 2.195096
111.000000 2.216152
111.100000 2.237308
111.200000 2.258565
111.300000 2.279922
111.400000 2.301380
111.500000 2.322939
111.600000 2.344598
111.700000 2.366357
111.800000 2.388217
111.900000 2.410178
112.000000 2.432239
112.100000 2.454400
112.200000 2.476662
112.300000 2.499025
112.400000 2.521488
112.500000 2.544051
112.600000 2.566716
112.700000 2.589480
112.800000 2.612345
112.900000 2.635311
113.000000 2.658377
113.100000 2.681543
113.200000 2.704810
113.300000 2.728178
113.400000 2.751646
113.500000 2.775215
113.600000 2.798884
113.700000 2.822653
113.800000 2.846524
113.900000 2.870494
114.000000 2.894565
114.100000 2.918737
114.200000 2.943009
114.300000 2.967382
114.400000 2.991855
114.500000 3.016428
114.600000 3.041103
114.700000 3.065877
114.800000 3.090752
114.900000 3.115728
115.000000 3.140804
115.100000 3.165981
115.200000 3.191258
115.300000 3.216636
115.400000 3.242114
115.500000 3.267693
115.600000 3.293372
115.700000 3.319152
115.800000 3.345032
115.900000 3.371013
116.000000 3.397094
116.100000 3.423276
116.200000 3.449558
116.300000 3.475941
116.400000 3.502424
116.500000 3.529008
116.600000 3.555692
116.700000 3.582477
116.800000 3.609362
116.900000 3.636348
117.000000 3.663434
117.100000 3.690621
117.200000 3.717908
117.300000 3.745296
117.400000 3.772784
117.500000 3.800373
117.600000 3.828063
117.700000 3.855852
117.800000 3.883743
117.900000 3.911734
118.000000 3.939825
118.100000 3.968017
118.200000 3.996309
118.300000 4.024702
118.400000 4.053195
118.500000 4.081789
118.600000 4.110484
118.700000 4.139279
118.800000 4.168174
118.900000 4.197170
119.000000 4.226266
119.100000 4.255463
119.200000 4.284761
119.300000 4.314159
119.400000 4.343657
119.500000 4.373256
119.600000 4.402955
119.700000 4.432755
119.800000 4.462656
119.900000 4.492657
120.000000 4.522758
120.100000 4.552960
120.200000 4.583263
120.300000 4.613666
120.400000 4.644169
120.500000 4.674773
120.600000 4.705478
120.700000 4.736283
120.800000 4.767188
120.900000 4.798194
121.000000 4.829301
121.100000 4.860508
121.200000 4.891815
121.300000 4.923223
121.400000 4.954732
121.500000 4.986341
121.600000 5.018050
121.700000 5.049861
121.800000 5.081771
121.900000 5.113782
122.000000 5.145894
122.100000 5.178106
122.200000 5.210418
122.300000 5.242832
122.400000 5.275345
122.500000 5.307959
122.600000 5.340674
122.700000 5.373489
122.800000 5.406405
122.900000 5.439421
123.000000 5.472537
123.100000 5.505755
123.200000 5.539072
123.300000 5.572490
123.400000 5.606009
123.500000 5.639628
123.600000 5.673348
123.700000 5.707168
123.800000 5.741089
123.900000 5.775110
124.000000 5.809232
124.100000 5.843454
124.200000 5.877777
124.300000 5.912200
124.400000 5.946724
124.500000 5.981348
124.600000 6.016072
124.700000 6.050898
124.800000 6.085823
124.900000 6.120850
125.000000 6.155976
125.100000 6.191204
125.200000 6.226531
125.300000 6.261960
125.400000 6.297489
125.500000 6.333118
125.600000 6.368848
125.700000 6.404678
125.800000 6.440609
125.900000 6.476640
126.000000 6.512772
126.100000 6.549004
126.200000 6.585337
126.300000 6.621770
126.400000 6.658304
126.500000 6.694938
126.600000 6.731673
126.700000 6.768509
126.800000 6.805445
126.900000 6.842481
127.000000 6.879618
127.100000 6.916855
127.200000 6.954193
127.300000 6.991631
127.400000 7.029170
127.500000 7.066810
127.600000 7.104550
127.700000 7.142390
127.800000 7.180331
127.900000 7.218372
128.000000 7.256514
128.100000 7.294757
128.200000 7.333100
128.300000 7.371543
128.400000 7.410087
128.500000 7.448732
128.600000 7.487476
128.700000 7.526322
128.800000 7.565268
128.900000 7.604314
129.000000 7.643461
129.100000 7.682709
129.200000 7.722057
129.300000 7.761505
129.400000 7.801054
129.500000 7.840704
129.600000 7.880454
129.700000 7.920304
129.800000 7.960255
129.900000 8.000307
130.000000 8.040459
130.100000 8.080712
130.200000 8.121065
130.300000 8.161518
130.400000 8.202072
130.500000 8.242727
130.600000 8.283482
130.700000 8.324338
130.800000 8.365294
130.900000 8.406350
131.000000 8.447507
131.100000 8.488765
131.200000 8.530123
131.300000 8.571582
131.400000 8.613141
131.500000 8.654800
131.600000 8.696561
131.700000 8.738421
131.800000 8.780382
131.900000 8.822444
132.000000 8.864606
132.100000 8.906869
132.200000 8.949232
132.300000 8.991696
132.400000 9.034260
132.500000 9.076924
132.600000 9.119690
132.700000 9.162555
132.800000 9.205522
132.900000 9.248588
133.000000 9.291755
133.100000 9.335023
133.200000 9.378391
133.300000 9.421860
133.400000 9.465429
133.500000 9.509099
133.600000 9.552869
133.700000 9.596740
133.800000 9.640711
133.900000 9.684783
134.000000 9.728955
134.100000 9.773228
134.200000 9.817602
134.300000 9.862075
134.400000 9.906650
134.500000 9.951324
134.600000 9.996100
134.700000 10.040976
134.800000 10.085952
134.900000 10.131029
135.000000 10.176206
135.100000 10.221484
135.200000 10.266862
135.300000 10.312341
135.400000 10.357920
135.500000 10.403600
135.600000 10.449381
135.700000 10.495261
135.800000 10.541243
135.900000 10.587325
136.000000 10.633507
136.100000 10.679790
136.200000 10.726173
136.300000 10.772657
136.400000 10.819242
136.500000 10.865927
136.600000 10.912712
136.700000 10.959598
136.800000 11.006584
136.900000 11.053671
137.000000 11.100859
137.100000 11.148147
137.200000 11.195535
137.300000 11.243024
137.400000 11.290614
137.500000 11.338304
137.600000 11.386094
137.700000 11.433985
137.800000 11.481977
137.900000 11.530069
138.000000 11.578261
138.100000 11.626554
138.200000 11.674948
138.300000 11.723442
138.400000 11.772036
138.500000 11.820731
138.600000 11.869527
138.700000 11.918423
138.800000 11.967419
138.900000 12.016516
139.000000 12.065714
139.100000 12.115012
139.200000 12.164411
139.300000 12.213910
139.400000 12.263509
139.500000 12.313209
139.600000 12.363010
139.700000 12.412911
139.800000 12.462913
139.900000 12.513015
140.000000 12.563217
140.100000 12.613520
140.200000 12.663924
140.300000 12.714428
140.400000 12.765033
140.500000 12.815738
140.600000 12.866544
140.700000 12.917450
140.800000 12.968456
140.900000 13.019564
141.000000 13.070771
141.100000 13.122079
141.200000 13.173488
141.300000 13.224997
141.400000 13.276607
141.500000 13.328317
141.600000 13.380128
141.700000 13.432039
141.800000 13.484051
141.900000 13.536163
142.000000 13.588376
142.100000 13.640689
142.200000 13.693103
142.300000 13.745617
142.400000 13.798232
142.500000 13.850947
142.600000 13.903763
142.700000 13.956679
142.800000 14.009696
142.900000 14.062813
143.000000 14.116031
143.100000 14.169349
143.200000 14.222768
143.300000 14.276287
143.400000 14.329907
143.500000 14.383627
143.600000 14.437448
143.700000 14.491370
143.800000 14.545391
143.900000 14.599514
144.000000 14.653737
144.100000 14.708060
144.200000 14.762484
144.300000 14.817008
144.400000 14.871633
144.500000 14.926358
144.600000 14.981184
144.700000 15.036111
144.800000 15.091138
144.900000 15.146265
145.000000 15.201493
145.100000 15.256821
145.200000 15.312250
145.300000 15.367780
145.400000 15.423410
145.500000 15.479140
145.600000 15.534971
145.700000 15.590902
145.800000 15.646934
145.900000 15.703067
146.000000 15.759300
146.100000 15.815633
146.200000 15.872067
146.300000 15.928602
146.400000 15.985237
146.500000 16.041972
146.600000 16.098808
146.700000 16.155745
146.800000 16.212782
146.900000 16.269919
147.000000 16.327157
147.100000 16.384496
147.200000 16.441935
147.300000 16.499474
147.400000 16.557114
147.500000 16.614855
147.600000 16.672696
147.700000 16.730637
147.800000 16.788680
147.900000 16.846822
148.000000 16.905065
148.100000 16.963409
148.200000 17.021853
148.300000 17.080397
148.400000 17.139043
148.500000 17.197788
148.600000 17.256634
148.700000 17.315581
148.800000 17.374628
148.900000 17.433776
149.000000 17.493024
149.100000 17.552372
149.200000 17.611822
149.300000 17.671371
149.400000 17.731021
149.500000 17.790772
149.600000 17.850623
149.700000 17.910575
149.800000 17.970627
149.900000 18.030780
150.000000 18.091033
150.100000 18.151387
150.200000 18.211841
150.300000 18.272395
150.400000 18.333051
150.500000 18.393806
150.600000 18.454663
150.700000 18.515619
150.800000 18.576677
150.900000 18.637834
151.000000 18.699093
151.100000 18.760451
151.200000 18.821911
151.300000 18.883470
151.400000 18.945131
151.500000 19.006891
151.600000 19.068753
151.700000 19.130714
151.800000 19.192777
151.900000 19.254940
152.000000 19.317203
152.100000 19.379567
152.200000 19.442031
152.300000 19.504596
152.400000 19.567261
152.500000 19.630027
152.600000 19.692893
152.700000 19.755860
152.800000 19.818928
152.900000 19.882095
153.000000 19.945364
153.100000 20.008733
153.200000 20.072202
153.300000 20.135772
153.400000 20.199442
153.500000 20.263213
153.600000 20.327085
153.700000 20.391056
153.800000 20.455129
153.900000 20.519302
154.000000 20.583575
154.100000 20.647949
154.200000 20.712424
154.300000 20.776998
154.400000 20.841674
154.500000 20.906450
154.600000 20.971326
154.700000 21.036303
154.800000 21.101381
154.900000 21.166559
155.000000 21.231837
155.100000 21.297216
155.200000 21.362696
155.300000 21.428276
155.400000 21.493956
155.500000 21.559737
155.600000 21.625619
155.700000 21.691601
155.800000 21.757683
155.900000 21.823866
156.000000 21.890150
156.100000 21.956534
156.200000 22.023018
156.300000 22.089603
156.400000 22.156289
156.500000 22.223075
156.600000 22.289962
156.700000 22.356949
156.800000 22.424036
156.900000 22.491224
157.000000 22.558513
157.100000 22.625902
157.200000 22.693392
157.300000 22.760982
157.400000 22.828672
157.500000 22.896463
157.600000 22.964355
157.700000 23.032347
157.800000 23.100440
157.900000 23.168633
158.000000 23.236927
158.100000 23.305321
158.200000 23.373815
158.300000 23.442411
158.400000 23.511106
158.500000 23.579903
158.600000 23.648799
158.700000 23.717796
158.800000 23.786894
158.900000 23.856092
159.000000 23.925391
159.100000 23.994790
159.200000 24.064290
159.300000 24.133890
159.400000 24.203591
159.500000 24.273392
159.600000 24.343294
159.700000 24.413296
159.800000 24.483399
159.900000 24.553602
160.000000 24.623906
160.100000 24.694310
160.200000 24.764815
160.300000 24.835420
160.400000 24.906126
160.500000 24.976932
160.600000 25.047839
160.700000 25.118846
160.800000 25.189954
160.900000 25.261162
161.000000 25.332471
161.100000 25.403881
161.200000 25.475390
161.300000 25.547001
161.400000 25.618712
161.500000 25.690523
161.600000 25.762435
161.700000 25.834447
161.800000 25.906560
161.900000 25.978773
162.000000 26.051087
162.100000 26.123502
162.200000 26.196017
162.300000 26.268632
162.400000 26.341348
162.500000 26.414164
162.600000 26.487081
162.700000 26.560099
162.800000 26.633217
162.900000 26.706435
163.000000 26.779754
163.100000 26.853173
163.200000 26.926693
163.300000 27.000314
163.400000 27.074035
163.500000 27.147856
163.600000 27.221778
163.700000 27.295801
163.800000 27.369924
163.900000 27.444147
164.000000 27.518471
164.100000 27.592896
164.200000 27.667421
164.300000 27.742046
164.400000 27.816772
164.500000 27.891599
164.600000 27.966526
164.700000 28.041553
164.800000 28.116681
164.900000 28.191910
165.000000 28.267239
165.100000 28.342668
165.200000 28.418198
165.300000 28.493829
165.400000 28.569560
165.500000 28.645392
165.600000 28.721324
165.700000 28.797356
165.800000 28.873489
165.900000 28.949723
166.000000 29.026057
166.100000 29.102492
166.200000 29.179027
166.300000 29.255663
166.400000 29.332399
166.500000 29.409235
166.600000 29.486172
166.700000 29.563210
166.800000 29.640348
166.900000 29.717587
167.000000 29.794926
167.100000 29.872366
167.200000 29.949906
167.300000 30.027547
167.400000 30.105288
167.500000 30.183130
167.600000 30.261072
167.700000 30.339114
167.800000 30.417258
167.900000 30.495501
168.000000 30.573846
168.100000 30.652290
168.200000 30.730836
168.300000 30.809481
168.400000 30.888228
168.500000 30.967074
168.600000 31.046022
168.700000 31.125069
168.800000 31.204218
168.900000 31.283466
169.000000 31.362816
169.100000 31.442265
169.200000 31.521816
169.300000 31.601466
169.400000 31.681218
169.500000 31.761070
169.600000 31.841022
169.700000 31.921075
169.800000 32.001228
169.900000 32.081482
170.000000 32.161836
170.100000 32.242291
170.200000 32.322846
170.300000 32.403502
170.400000 32.484259
170.500000 32.565115
170.600000 32.646073
170.700000 32.727131
170.800000 32.808289
170.900000 32.889548
171.000000 32.970907
171.100000 33.052367
171.200000 33.133928
171.300000 33.215589
171.400000 33.297350
171.500000 33.379212
171.600000 33.461174
171.700000 33.543237
171.800000 33.625401
171.900000 33.707665
172.000000 33.790029
172.100000 33.872494
172.200000 33.955060
172.300000 34.037726
172.400000 34.120492
172.500000 34.203359
172.600000 34.286327
172.700000 34.369395
172.800000 34.452563
172.900000 34.535832
173.000000 34.619202
173.100000 34.702672
173.200000 34.786242
173.300000 34.869913
173.400000 34.953685
173.500000 35.037557
173.600000 35.121529
173.700000 35.205602
173.800000 35.289776
173.900000 35.374050
174.000000 35.458424
174.100000 35.542900
174.200000 35.627475
174.300000 35.712151
174.400000 35.796928
174.500000 35.881805
174.600000 35.966782
174.700000 36.051861
174.800000 36.137039
174.900000 36.222318
175.000000 36.307698
175.100000 36.393178
175.200000 36.478759
175.300000 36.564440
175.400000 36.650221
175.500000 36.736104
175.600000 36.822086
175.700000 36.908169
175.800000 36.994353
175.900000 37.080637
176.000000 37.167022
176.100000 37.253507
176.200000 37.340093
176.300000 37.426779
176.400000 37.513566
176.500000 37.600453
176.600000 37.687441
176.700000 37.774529
176.800000 37.861718
176.900000 37.949007
177.000000 38.036397
177.100000 38.123887
177.200000 38.211478
177.300000 38.299169
177.400000 38.386961
177.500000 38.474853
177.600000 38.562846
177.700000 38.650939
177.800000 38.739133
177.900000 38.827427
178.000000 38.915822
178.100000 39.004317
178.200000 39.092913
178.300000 39.181609
178.400000 39.270406
178.500000 39.359303
178.600000 39.448301
178.700000 39.537400
178.800000 39.626598
178.900000 39.715898
179.000000 39.805298
179.100000 39.894798
179.200000 39.984399
179.300000 40.074100
179.400000 40.163902
179.500000 40.253804
179.600000 40.343807
179.700000 40.433911
179.800000 40.524115
179.900000 40.614419
180.000000 40.704824
180.100000 40.795329
180.200000 40.885935
180.300000 40.976642
180.400000 41.067449
180.500000 41.158356
180.600000 41.249364
180.700000 41.340473
180.800000 41.431681
180.900000 41.522991
181.000000 41.614401
