-180.000000 172.511522
-179.900000 172.764283
-179.800000 173.017229
-179.700000 173.270360
-179.600000 173.523676
-179.500000 173.777177
-179.400000 174.030863
-179.300000 174.284734
-179.200000 174.538790
-179.100000 174.793032
-179.000000 175.047458
-178.900000 175.302069
-178.800000 175.556866
-178.700000 175.811847
-178.600000 176.067013
-178.500000 176.322365
-178.400000 176.577901
-178.300000 176.833623
-178.200000 177.089529
-178.100000 177.345621
-178.000000 177.601897
-177.900000 177.858359
-177.800000 178.115006
-177.700000 178.371837
-177.600000 178.628854
-177.500000 178.886056
-177.400000 179.143443
-177.300000 179.401015
-177.200000 179.658771
-177.100000 179.916713
-177.000000 180.174840
-176.900000 180.433152
-176.800000 180.691649
-176.700000 180.950331
-176.600000 181.209198
-176.500000 181.468251
-176.400000 181.727488
-176.300000 181.986910
-176.200000 182.246517
-176.100000 182.506309
-176.000000 182.766287
-175.900000 183.026449
-175.800000 183.286796
-175.700000 183.547329
-175.600000 183.808046
-175.500000 184.068949
-175.400000 184.330036
-175.300000 184.591309
-175.200000 184.852766
-175.100000 185.114409
-175.000000 185.376237
-174.900000 185.638249
-174.800000 185.900447
-174.700000 186.162830
-174.600000 186.425398
-174.500000 186.688150
-174.400000 186.951088
-174.300000 187.214211
-174.200000 187.477519
-174.100000 187.741012
-174.000000 188.004690
-173.900000 188.268553
-173.800000 188.532601
-173.700000 188.796834
-173.600000 189.061253
-173.500000 189.325856
-173.400000 189.590644
-173.300000 189.855617
-173.200000 190.120775
-173.100000 190.386119
-173.000000 190.651647
-172.900000 190.917360
-172.800000 191.183259
-172.700000 191.449342
-172.600000 191.715611
-172.500000 191.982064
-172.400000 192.248703
-172.300000 192.515527
-172.200000 192.782535
-172.100000 193.049729
-172.000000 193.317108
-171.900000 193.584671
-171.800000 193.852420
-171.700000 194.120354
-171.600000 194.388473
-171.500000 194.656777
-171.400000 194.925265
-171.300000 195.193939
-171.200000 195.462798
-171.100000 195.731842
-171.000000 196.001071
-170.900000 196.270486
-170.800000 196.540085
-170.700000 196.809869
-170.600000 197.079838
-170.500000 197.349992
-170.400000 197.620331
-170.300000 197.890856
-170.200000 198.161565
-170.100000 198.432459
-170.000000 198.703539
-169.900000 198.974803
-169.800000 199.246253
-169.700000 199.517887
-169.600000 199.789707
-169.500000 200.061711
-169.400000 200.333901
-169.300000 200.606276
-169.200000 200.878835
-169.100000 201.151580
-169.000000 201.424510
-168.900000 201.697625
-168.800000 201.970924
-168.700000 202.244409
-168.600000 202.518079
-168.500000 202.791934
-168.400000 203.065974
-168.300000 203.340199
-168.200000 203.614609
-168.100000 203.889204
-168.000000 204.163984
-167.900000 204.438949
-167.800000 204.714100
-167.700000 204.989435
-167.600000 205.264955
-167.500000 205.540660
-167.400000 205.816551
-167.300000 206.092626
-167.200000 206.368886
-167.100000 206.645332
-167.000000 206.921962
-166.900000 207.198778
-166.800000 207.475778
-166.700000 207.752964
-166.600000 208.030334
-166.500000 208.307890
-166.400000 208.585631
-166.300000 208.863556
-166.200000 209.141667
-166.100000 209.419963
-166.000000 209.698444
-165.900000 209.977109
-165.800000 210.255960
-165.700000 210.534996
-165.600000 210.814217
-165.500000 211.093623
-165.400000 211.373214
-165.300000 211.652990
-165.200000 211.932951
-165.100000 212.213097
-165.000000 212.493428
-164.900000 212.773945
-164.800000 213.054646
-164.700000 213.335532
-164.600000 213.616603
-164.500000 213.897860
-164.400000 214.179301
-164.300000 214.460927
-164.200000 214.742739
-164.100000 215.024735
-164.000000 215.306917
-163.900000 215.589283
-163.800000 215.871835
-163.700000 216.154572
-163.600000 216.437493
-163.500000 216.720600
-163.400000 217.003892
-163.300000 217.287368
-163.200000 217.571030
-163.100000 217.854877
-163.000000 218.138909
-162.900000 218.423126
-162.800000 218.707528
-162.700000 218.992114
-162.600000 219.276886
-162.500000 219.561843
-162.400000 219.846986
-162.300000 220.132313
-162.200000 220.417825
-162.100000 220.703522
-162.000000 220.989404
-161.900000 221.275471
-161.800000 221.561724
-161.700000 221.848161
-161.600000 222.134783
-161.500000 222.421591
-161.400000 222.708583
-161.300000 222.995760
-161.200000 223.283123
-161.100000 223.570670
-161.000000 223.858403
-160.900000 224.146321
-160.800000 224.434423
-160.700000 224.722711
-160.600000 225.011184
-160.500000 225.299841
-160.400000 225.588684
-160.300000 225.877712
-160.200000 226.166925
-160.100000 226.456322
-160.000000 226.745905
-159.900000 227.035673
-159.800000 227.325626
-159.700000 227.615764
-159.600000 227.906087
-159.500000 228.196595
-159.400000 228.487288
-159.300000 228.778167
-159.200000 229.069230
-159.100000 229.360478
-159.000000 229.651911
-158.900000 229.943530
-158.800000 230.235333
-158.700000 230.527321
-158.600000 230.819495
-158.500000 231.111853
-158.400000 231.404396
-158.300000 231.697125
-158.200000 231.990038
-158.100000 232.283137
-158.000000 232.576421
-157.900000 232.869889
-157.800000 233.163543
-157.700000 233.457382
-157.600000 233.751405
-157.500000 234.045614
-157.400000 234.340008
-157.300000 234.634587
-157.200000 234.929351
-157.100000 235.224300
-157.000000 235.519433
-156.900000 235.814752
-156.800000 236.110256
-156.700000 236.405946
-156.600000 236.701820
-156.500000 236.997879
-156.400000 237.294123
-156.300000 237.590552
-156.200000 237.887166
-156.100000 238.183966
-156.000000 238.480950
-155.900000 238.778119
-155.800000 239.075474
-155.700000 239.373013
-155.600000 239.670737
-155.500000 239.968647
-155.400000 240.266741
-155.300000 240.565021
-155.200000 240.863485
-155.100000 241.162135
-155.000000 241.460970
-154.900000 241.759989
-154.800000 242.059194
-154.700000 242.358584
-154.600000 242.658159
-154.500000 242.957918
-154.400000 243.257863
-154.300000 243.557993
-154.200000 243.858308
-154.100000 244.158808
-154.000000 244.459493
-153.900000 244.760363
-153.800000 245.061418
-153.700000 245.362658
-153.600000 245.664083
-153.500000 245.965694
-153.400000 246.267489
-153.300000 246.569469
-153.200000 246.871634
-153.100000 247.173985
-153.000000 247.476520
-152.900000 247.779240
-152.800000 248.082146
-152.700000 248.385236
-152.600000 248.688512
-152.500000 248.991972
-152.400000 249.295618
-152.300000 249.599448
-152.200000 249.903464
-152.100000 250.207665
-152.000000 250.512050
-151.900000 250.816621
-151.800000 251.121377
-151.700000 251.426318
-151.600000 251.731443
-151.500000 252.036754
-151.400000 252.342250
-151.300000 252.647931
-151.200000 252.953797
-151.100000 253.259848
-151.000000 253.566084
-150.900000 253.872505
-150.800000 254.179111
-150.700000 254.485902
-150.600000 254.792879
-150.500000 255.100040
-150.400000 255.407386
-150.300000 255.714917
-150.200000 256.022634
-150.100000 256.330535
-150.000000 256.638621
-149.900000 256.946893
-149.800000 257.255349
-149.700000 257.563991
-149.600000 257.872817
-149.500000 258.181829
-149.400000 258.491025
-149.300000 258.800407
-149.200000 259.109974
-149.100000 259.419725
-149.000000 259.729662
-148.900000 260.039784
-148.800000 260.350091
-148.700000 260.660583
-148.600000 260.971260
-148.500000 261.282121
-148.400000 261.593168
-148.300000 261.904400
-148.200000 262.215817
-148.100000 262.527419
-148.000000 262.839207
-147.900000 263.151179
-147.800000 263.463336
-147.700000 263.775678
-147.600000 264.088205
-147.500000 264.400918
-147.400000 264.713815
-147.300000 265.026897
-147.200000 265.340165
-147.100000 265.653617
-147.000000 265.967254
-146.900000 266.281077
-146.800000 266.595084
-146.700000 266.909277
-146.600000 267.223654
-146.500000 267.538217
-146.400000 267.852965
-146.300000 268.167897
-146.200000 268.483015
-146.100000 268.798318
-146.000000 269.113806
-145.900000 269.429479
-145.800000 269.745336
-145.700000 270.061379
-145.600000 270.377607
-145.500000 270.694020
-145.400000 271.010618
-145.300000 271.327401
-145.200000 271.644369
-145.100000 271.961522
-145.000000 272.278860
-144.900000 272.596384
-144.800000 272.914092
-144.700000 273.231985
-144.600000 273.550063
-144.500000 273.868327
-144.400000 274.186775
-144.300000 274.505408
-144.200000 274.824227
-144.100000 275.143230
-144.000000 275.462419
-143.900000 275.781792
-143.800000 276.101351
-143.700000 276.421094
-143.600000 276.741023
-143.500000 277.061137
-143.400000 277.381435
-143.300000 277.701919
-143.200000 278.022588
-143.100000 278.343442
-143.000000 278.664481
-142.900000 278.985704
-142.800000 279.307113
-142.700000 279.628707
-142.600000 279.950486
-142.500000 280.272450
-142.400000 280.594599
-142.300000 280.916933
-142.200000 281.239453
-142.100000 281.562157
-142.000000 281.885046
-141.900000 282.208120
-141.800000 282.531379
-141.700000 282.854824
-141.600000 283.178453
-141.500000 283.502267
-141.400000 283.826267
-141.300000 284.150451
-141.200000 284.474821
-141.100000 284.799375
-141.000000 285.124115
-140.900000 285.449039
-140.800000 285.774149
-140.700000 286.099444
-140.600000 286.424923
-140.500000 286.750588
-140.400000 287.076438
-140.300000 287.402472
-140.200000 287.728692
-140.100000 288.055097
-140.000000 288.381687
-139.900000 288.708462
-139.800000 289.035422
-139.700000 289.362567
-139.600000 289.689897
-139.500000 290.017412
-139.400000 290.345112
-139.300000 290.672997
-139.200000 291.001067
-139.100000 291.329323
-139.000000 291.657763
-138.900000 291.986388
-138.800000 292.315198
-138.700000 292.644194
-138.600000 292.973374
-138.500000 293.302739
-138.400000 293.632290
-138.300000 293.962025
-138.200000 294.291946
-138.100000 294.622051
-138.000000 294.952342
-137.900000 295.282818
-137.800000 295.613478
-137.700000 295.944324
-137.600000 296.275355
-137.500000 296.606570
-137.400000 296.937971
-137.300000 297.269557
-137.200000 297.601328
-137.100000 297.933284
-137.000000 298.265425
-136.900000 298.597751
-136.800000 298.930262
-136.700000 299.262958
-136.600000 299.595839
-136.500000 299.584355
-136.400000 299.251480
-136.300000 298.918791
-136.200000 298.586286
-136.100000 298.253966
-136.000000 297.921832
-135.900000 297.589882
-135.800000 297.258118
-135.700000 296.926538
-135.600000 296.595144
-135.500000 296.263935
-135.400000 295.932910
-135.300000 295.602071
-135.200000 295.271417
-135.100000 294.940947
-135.000000 294.610663
-134.900000 294.280564
-134.800000 293.950650
-134.700000 293.620921
-134.600000 293.291377
-134.500000 292.962018
-134.400000 292.632844
-134.300000 292.303855
-134.200000 291.975051
-134.100000 291.646432
-134.000000 291.317998
-133.900000 290.989749
-133.800000 290.661686
-133.700000 290.333807
-133.600000 290.006113
-133.500000 289.678604
-133.400000 289.351281
-133.300000 289.024142
-133.200000 288.697189
-133.100000 288.370420
-133.000000 288.043837
-132.900000 287.717438
-132.800000 287.391225
-132.700000 287.065196
-132.600000 286.739353
-132.500000 286.413695
-132.400000 286.088221
-132.300000 285.762933
-132.200000 285.437830
-132.100000 285.112912
-132.000000 284.788178
-131.900000 284.463630
-131.800000 284.139267
-131.700000 283.815089
-131.600000 283.491096
-131.500000 283.167288
-131.400000 282.843665
-131.300000 282.520227
-131.200000 282.196974
-131.100000 281.873907
-131.000000 281.551024
-130.900000 281.228326
-130.800000 280.905813
-130.700000 280.583486
-130.600000 280.261343
-130.500000 279.939385
-130.400000 279.617613
-130.300000 279.296025
-130.200000 278.974623
-130.100000 278.653405
-130.000000 278.332373
-129.900000 278.011525
-129.800000 277.690863
-129.700000 277.370385
-129.600000 277.050093
-129.500000 276.729986
-129.400000 276.410064
-129.300000 276.090326
-129.200000 275.770774
-129.100000 275.451407
-129.000000 275.132225
-128.900000 274.813228
-128.800000 274.494416
-128.700000 274.175789
-128.600000 273.857347
-128.500000 273.539090
-128.400000 273.221018
-128.300000 272.903131
-128.200000 272.585429
-128.100000 272.267913
-128.000000 271.950581
-127.900000 271.633434
-127.800000 271.316472
-127.700000 270.999696
-127.600000 270.683104
-127.500000 270.366698
-127.400000 270.050476
-127.300000 269.734440
-127.200000 269.418588
-127.100000 269.102922
-127.000000 268.787440
-126.900000 268.472144
-126.800000 268.157033
-126.700000 267.842106
-126.600000 267.527365
-126.500000 267.212809
-126.400000 266.898438
-126.300000 266.584251
-126.200000 266.270250
-126.100000 265.956434
-126.000000 265.642803
-125.900000 265.329357
-125.800000 265.016096
-125.700000 264.703020
-125.600000 264.390129
-125.500000 264.077423
-125.400000 263.764902
-125.300000 263.452567
-125.200000 263.140416
-125.100000 262.828450
-125.000000 262.516669
-124.900000 262.205074
-124.800000 261.893663
-124.700000 261.582438
-124.600000 261.271397
-124.500000 260.960541
-124.400000 260.649871
-124.300000 260.339385
-124.200000 260.029085
-124.100000 259.718970
-124.000000 259.409039
-123.900000 259.099294
-123.800000 258.789734
-123.700000 258.480358
-123.600000 258.171168
-123.500000 257.862163
-123.400000 257.553343
-123.300000 257.244708
-123.200000 256.936258
-123.100000 256.627993
-123.000000 256.319913
-122.900000 256.012018
-122.800000 255.704308
-122.700000 255.396783
-122.600000 255.089443
-122.500000 254.782288
-122.400000 254.475318
-122.300000 254.168534
-122.200000 253.861934
-122.100000 253.555519
-122.000000 253.249289
-121.900000 252.943245
-121.800000 252.637385
-121.700000 252.331711
-121.600000 252.026221
-121.500000 251.720917
-121.400000 251.415797
-121.300000 251.110863
-121.200000 250.806113
-121.100000 250.501549
-121.000000 250.197170
-120.900000 249.892976
-120.800000 249.588966
-120.700000 249.285142
-120.600000 248.981503
-120.500000 248.678049
-120.400000 248.374780
-120.300000 248.071696
-120.200000 247.768797
-120.100000 247.466083
-120.000000 247.163554
-119.900000 246.861210
-119.800000 246.559051
-119.700000 246.257077
-119.600000 245.955288
-119.500000 245.653684
-119.400000 245.352266
-119.300000 245.051032
-119.200000 244.749983
-119.100000 244.449120
-119.000000 244.148441
-118.900000 243.847947
-118.800000 243.547639
-118.700000 243.247515
-118.600000 242.947577
-118.500000 242.647823
-118.400000 242.348255
-118.300000 242.048872
-118.200000 241.749673
-118.100000 241.450660
-118.000000 241.151832
-117.900000 240.853189
-117.800000 240.554730
-117.700000 240.256457
-117.600000 239.958369
-117.500000 239.660466
-117.400000 239.362748
-117.300000 239.065215
-117.200000 238.767867
-117.100000 238.470704
-117.000000 238.173726
-116.900000 237.876933
-116.800000 237.580325
-116.700000 237.283903
-116.600000 236.987665
-116.500000 236.691612
-116.400000 236.395744
-116.300000 236.100062
-116.200000 235.804564
-116.100000 235.509251
-116.000000 235.214124
-115.900000 234.919181
-115.800000 234.624424
-115.700000 234.329851
-115.600000 234.035464
-115.500000 233.741262
-115.400000 233.447244
-115.300000 233.153412
-115.200000 232.859765
-115.100000 232.566302
-115.000000 232.273025
-114.900000 231.979933
-114.800000 231.687026
-114.700000 231.394304
-114.600000 231.101767
-114.500000 230.809415
-114.400000 230.517248
-114.300000 230.225266
-114.200000 229.933469
-114.100000 229.641857
-114.000000 229.350430
-113.900000 229.059188
-113.800000 228.768131
-113.700000 228.477260
-113.600000 228.186573
-113.500000 227.896071
-113.400000 227.605755
-113.300000 227.315623
-113.200000 227.025676
-113.100000 226.735915
-113.000000 226.446338
-112.900000 226.156947
-112.800000 225.867740
-112.700000 225.578719
-112.600000 225.289883
-112.500000 225.001231
-112.400000 224.712765
-112.300000 224.424484
-112.200000 224.136387
-112.100000 223.848476
-112.000000 223.560750
-111.900000 223.273209
-111.800000 222.985853
-111.700000 222.698682
-111.600000 222.411696
-111.500000 222.124895
-111.400000 221.838279
-111.300000 221.551848
-111.200000 221.265602
-111.100000 220.979541
-111.000000 220.693665
-110.900000 220.407975
-110.800000 220.122469
-110.700000 219.837148
-110.600000 219.552012
-110.500000 219.267062
-110.400000 218.982296
-110.300000 218.697716
-110.200000 218.413320
-110.100000 218.129110
-110.000000 217.845084
-109.900000 217.561244
-109.800000 217.277588
-109.700000 216.994118
-109.600000 216.710833
-109.500000 216.427732
-109.400000 216.144817
-109.300000 215.862087
-109.200000 215.579542
-109.100000 215.297181
-109.000000 215.015006
-108.900000 214.733016
-108.800000 214.451211
-108.700000 214.169591
-108.600000 213.888156
-108.500000 213.606906
-108.400000 213.325841
-108.300000 213.044962
-108.200000 212.764267
-108.100000 212.483757
-108.000000 212.203432
-107.900000 211.923292
-107.800000 211.643338
-107.700000 211.363568
-107.600000 211.083983
-107.500000 210.804584
-107.400000 210.525369
-107.300000 210.246340
-107.200000 209.967495
-107.100000 209.688836
-107.000000 209.410361
-106.900000 209.132072
-106.800000 208.853968
-106.700000 208.576048
-106.600000 208.298314
-106.500000 208.020765
-106.400000 207.743401
-106.300000 207.466221
-106.200000 207.189227
-106.100000 206.912418
-106.000000 206.635794
-105.900000 206.359355
-105.800000 206.083101
-105.700000 205.807032
-105.600000 205.531148
-105.500000 205.255449
-105.400000 204.979936
-105.300000 204.704607
-105.200000 204.429463
-105.100000 204.154504
-105.000000 203.879730
-104.900000 203.605142
-104.800000 203.330738
-104.700000 203.056519
-104.600000 202.782486
-104.500000 202.508637
-104.400000 202.234974
-104.300000 201.961495
-104.200000 201.688202
-104.100000 201.415094
-104.000000 201.142170
-103.900000 200.869432
-103.800000 200.596879
-103.700000 200.324510
-103.600000 200.052327
-103.500000 199.780329
-103.400000 199.508516
-103.300000 199.236888
-103.200000 198.965444
-103.100000 198.694186
-103.000000 198.423113
-102.900000 198.152225
-102.800000 197.881522
-102.700000 197.611005
-102.600000 197.340672
-102.500000 197.070524
-102.400000 196.800561
-102.300000 196.530783
-102.200000 196.261191
-102.100000 195.991783
-102.000000 195.722560
-101.900000 195.453523
-101.800000 195.184670
-101.700000 194.916002
-101.600000 194.647520
-101.500000 194.379222
-101.400000 194.111110
-101.300000 193.843182
-101.200000 193.575440
-101.100000 193.307883
-101.000000 193.040510
-100.900000 192.773323
-100.800000 192.506321
-100.700000 192.239504
-100.600000 191.972871
-100.500000 191.706424
-100.400000 191.440162
-100.300000 191.174085
-100.200000 190.908193
-100.100000 190.642486
-100.000000 190.376964
-99.900000 190.111627
-99.800000 189.846475
-99.700000 189.581508
-99.600000 189.316727
-99.500000 189.052130
-99.400000 188.787718
-99.300000 188.523491
-99.200000 188.259450
-99.100000 187.995593
-99.000000 187.731921
-98.900000 187.468435
-98.800000 187.205133
-98.700000 186.942017
-98.600000 186.679085
-98.500000 186.416339
-98.400000 186.153777
-98.300000 185.891401
-98.200000 185.629210
-98.100000 185.367203
-98.000000 185.105382
-97.900000 184.843746
-97.800000 184.582295
-97.700000 184.321028
-97.600000 184.059947
-97.500000 183.799051
-97.400000 183.538340
-97.300000 183.277814
-97.200000 183.017473
-97.100000 182.757317
-97.000000 182.497346
-96.900000 182.237560
-96.800000 181.977960
-96.700000 181.718544
-96.600000 181.459313
-96.500000 181.200267
-96.400000 180.941407
-96.300000 180.682731
-96.200000 180.424240
-96.100000 180.165935
-96.000000 179.907814
-95.900000 179.649878
-95.800000 179.392128
-95.700000 179.134563
-95.600000 178.877182
-95.500000 178.619987
-95.400000 178.362976
-95.300000 178.106151
-95.200000 177.849511
-95.100000 177.593055
-95.000000 177.336785
-94.900000 177.080700
-94.800000 176.824800
-94.700000 176.569085
-94.600000 176.313555
-94.500000 176.058210
-94.400000 175.803050
-94.300000 175.548075
-94.200000 175.293285
-94.100000 175.038680
-94.000000 174.784260
-93.900000 174.530025
-93.800000 174.275975
-93.700000 174.022111
-93.600000 173.768431
-93.500000 173.514936
-93.400000 173.261626
-93.300000 173.008502
-93.200000 172.755562
-93.100000 172.502808
-93.000000 172.250238
-92.900000 171.997854
-92.800000 171.745654
-92.700000 171.493640
-92.600000 171.241810
-92.500000 170.990166
-92.400000 170.738707
-92.300000 170.487432
-92.200000 170.236343
-92.100000 169.985439
-92.000000 169.734720
-91.900000 169.484186
-91.800000 169.233837
-91.700000 168.983673
-91.600000 168.733694
-91.500000 168.483900
-91.400000 168.234291
-91.300000 167.984867
-91.200000 167.735628
-91.100000 167.486574
-91.000000 167.237705
-90.900000 166.989021
-90.800000 166.740523
-90.700000 166.492209
-90.600000 166.244080
-90.500000 165.996136
-90.400000 165.748378
-90.300000 165.500804
-90.200000 165.253416
-90.100000 165.006212
-90.000000 164.759194
-89.900000 164.512360
-89.800000 164.265712
-89.700000 164.019249
-89.600000 163.772970
-89.500000 163.526877
-89.400000 163.280969
-89.300000 163.035245
-89.200000 162.789707
-89.100000 162.544354
-89.000000 162.299186
-88.900000 162.054203
-88.800000 161.809405
-88.700000 161.564792
-88.600000 161.320364
-88.500000 161.076121
-88.400000 160.832063
-88.300000 160.588190
-88.200000 160.344502
-88.100000 160.100999
-88.000000 159.857682
-87.900000 159.614549
-87.800000 159.371601
-87.700000 159.128838
-87.600000 158.886261
-87.500000 158.643868
-87.400000 158.401661
-87.300000 158.159638
-87.200000 157.917801
-87.100000 157.676148
-87.000000 157.434681
-86.900000 157.193398
-86.800000 156.952301
-86.700000 156.711389
-86.600000 156.470661
-86.500000 156.230119
-86.400000 155.989762
-86.300000 155.749590
-86.200000 155.509603
-86.100000 155.269801
-86.000000 155.030183
-85.900000 154.790751
-85.800000 154.551504
-85.700000 154.312442
-85.600000 154.073565
-85.500000 153.834874
-85.400000 153.596367
-85.300000 153.358045
-85.200000 153.119908
-85.100000 152.881956
-85.000000 152.644190
-84.900000 152.406608
-84.800000 152.169211
-84.700000 151.932000
-84.600000 151.694973
-84.500000 151.458132
-84.400000 151.221475
-84.300000 150.985004
-84.200000 150.748717
-84.100000 150.512616
-84.000000 150.276699
-83.900000 150.040968
-83.800000 149.805422
-83.700000 149.570060
-83.600000 149.334884
-83.500000 149.099893
-83.400000 148.865087
-83.300000 148.630466
-83.200000 148.396030
-83.100000 148.161778
-83.000000 147.927712
-82.900000 147.693831
-82.800000 147.460135
-82.700000 147.226625
-82.600000 146.993299
-82.500000 146.760158
-82.400000 146.527202
-82.300000 146.294431
-82.200000 146.061845
-82.100000 145.829445
-82.000000 145.597229
-81.900000 145.365198
-81.800000 145.133353
-81.700000 144.901692
-81.600000 144.670217
-81.500000 144.438926
-81.400000 144.207821
-81.300000 143.976900
-81.200000 143.746165
-81.100000 143.515615
-81.000000 143.285249
-80.900000 143.055069
-80.800000 142.825074
-80.700000 142.595263
-80.600000 142.365638
-80.500000 142.136198
-80.400000 141.906943
-80.300000 141.677873
-80.200000 141.448988
-80.100000 141.220288
-80.000000 140.991773
-79.900000 140.763443
-79.800000 140.535298
-79.700000 140.307338
-79.600000 140.079563
-79.500000 139.851974
-79.400000 139.624569
-79.300000 139.397349
-79.200000 139.170314
-79.100000 138.943465
-79.000000 138.716800
-78.900000 138.490320
-78.800000 138.264026
-78.700000 138.037916
-78.600000 137.811992
-78.500000 137.586252
-78.400000 137.360698
-78.300000 137.135329
-78.200000 136.910144
-78.100000 136.685145
-78.000000 136.460331
-77.900000 136.235701
-77.800000 136.011257
-77.700000 135.786998
-77.600000 135.562924
-77.500000 135.339035
-77.400000 135.115331
-77.300000 134.891812
-77.200000 134.668478
-77.100000 134.445329
-77.000000 134.222365
-76.900000 133.999586
-76.800000 133.776992
-76.700000 133.554583
-76.600000 133.332359
-76.500000 133.110321
-76.400000 132.888467
-76.300000 132.666798
-76.200000 132.445315
-76.100000 132.224016
-76.000000 132.002902
-75.900000 131.781974
-75.800000 131.561230
-75.700000 131.340672
-75.600000 131.120298
-75.500000 130.900110
-75.400000 130.680107
-75.300000 130.460288
-75.200000 130.240655
-75.100000 130.021207
-75.000000 129.801944
-74.900000 129.582865
-74.800000 129.363972
-74.700000 129.145264
-74.600000 128.926741
-74.500000 128.708403
-74.400000 128.490250
-74.300000 128.272282
-74.200000 128.054499
-74.100000 127.836901
-74.000000 127.619488
-73.900000 127.402260
-73.800000 127.185217
-73.700000 126.968360
-73.600000 126.751687
-73.500000 126.535199
-73.400000 126.318897
-73.300000 126.102779
-73.200000 125.886846
-73.100000 125.671099
-73.000000 125.455536
-72.900000 125.240159
-72.800000 125.024966
-72.700000 124.809959
-72.600000 124.595136
-72.500000 124.380499
-72.400000 124.166047
-72.300000 123.951780
-72.200000 123.737697
-72.100000 123.523800
-72.000000 123.310088
-71.900000 123.096561
-71.800000 122.883219
-71.700000 122.670062
-71.600000 122.457089
-71.500000 122.244302
-71.400000 122.031700
-71.300000 121.819284
-71.200000 121.607052
-71.100000 121.395005
-71.000000 121.183143
-70.900000 120.971466
-70.800000 120.759974
-70.700000 120.548668
-70.600000 120.337546
-70.500000 120.126609
-70.400000 119.915858
-70.300000 119.705291
-70.200000 119.494910
-70.100000 119.284713
-70.000000 119.074702
-69.900000 118.864875
-69.800000 118.655234
-69.700000 118.445777
-69.600000 118.236506
-69.500000 118.027420
-69.400000 117.818518
-69.300000 117.609802
-69.200000 117.401271
-69.100000 117.192925
-69.000000 116.984764
-68.900000 116.776788
-68.800000 116.568996
-68.700000 116.361390
-68.600000 116.153969
-68.500000 115.946734
-68.400000 115.739683
-68.300000 115.532817
-68.200000 115.326136
-68.100000 115.119640
-68.000000 114.913329
-67.900000 114.707203
-67.800000 114.501263
-67.700000 114.295507
-67.600000 114.089936
-67.500000 113.884551
-67.400000 113.679350
-67.300000 113.474335
-67.200000 113.269504
-67.100000 113.064859
-67.000000 112.860398
-66.900000 112.656123
-66.800000 112.452033
-66.700000 112.248127
-66.600000 112.044407
-66.500000 111.840872
-66.400000 111.637521
-66.300000 111.434356
-66.200000 111.231376
-66.100000 111.028581
-66.000000 110.825971
-65.900000 110.623546
-65.800000 110.421306
-65.700000 110.219251
-65.600000 110.017381
-65.500000 109.815696
-65.400000 109.614196
-65.300000 109.412881
-65.200000 109.211751
-65.100000 109.010807
-65.000000 108.810047
-64.900000 108.609472
-64.800000 108.409083
-64.700000 108.208878
-64.600000 108.008858
-64.500000 107.809024
-64.400000 107.609374
-64.300000 107.409910
-64.200000 107.210630
-64.100000 107.011536
-64.000000 106.812627
-63.900000 106.613902
-63.800000 106.415363
-63.700000 106.217009
-63.600000 106.018839
-63.500000 105.820855
-63.400000 105.623056
-63.300000 105.425442
-63.200000 105.228013
-63.100000 105.030769
-63.000000 104.833710
-62.900000 104.636836
-62.800000 104.440147
-62.700000 104.243643
-62.600000 104.047324
-62.500000 103.851190
-62.400000 103.655241
-62.300000 103.459477
-62.200000 103.263899
-62.100000 103.068505
-62.000000 102.873296
-61.900000 102.678273
-61.800000 102.483434
-61.700000 102.288780
-61.600000 102.094312
-61.500000 101.900028
-61.400000 101.705930
-61.300000 101.512016
-61.200000 101.318288
-61.100000 101.124745
-61.000000 100.931386
-60.900000 100.738213
-60.800000 100.545225
-60.700000 100.352421
-60.600000 100.159803
-60.500000 99.967370
-60.400000 99.775122
-60.300000 99.583059
-60.200000 99.391181
-60.100000 99.199488
-60.000000 99.007980
-59.900000 98.816657
-59.800000 98.625519
-59.700000 98.434566
-59.600000 98.243798
-59.500000 98.053215
-59.400000 97.862818
-59.300000 97.672605
-59.200000 97.482577
-59.100000 97.292734
-59.000000 97.103077
-58.900000 96.913604
-58.800000 96.724317
-58.700000 96.535214
-58.600000 96.346297
-58.500000 96.157564
-58.400000 95.969017
-58.300000 95.780654
-58.200000 95.592477
-58.100000 95.404485
-58.000000 95.216677
-57.900000 95.029055
-57.800000 94.841618
-57.700000 94.654366
-57.600000 94.467299
-57.500000 94.280416
-57.400000 94.093719
-57.300000 93.907207
-57.200000 93.720880
-57.100000 93.534738
-57.000000 93.348781
-56.900000 93.163010
-56.800000 92.977423
-56.700000 92.792021
-56.600000 92.606804
-56.500000 92.421772
-56.400000 92.236926
-56.300000 92.052264
-56.200000 91.867787
-56.100000 91.683496
-56.000000 91.499389
-55.900000 91.315467
-55.800000 91.131731
-55.700000 90.948179
-55.600000 90.764813
-55.500000 90.581632
-55.400000 90.398635
-55.300000 90.215824
-55.200000 90.033198
-55.100000 89.850756
-55.000000 89.668500
-54.900000 89.486429
-54.800000 89.304543
-54.700000 89.122841
-54.600000 88.941325
-54.500000 88.759994
-54.400000 88.578848
-54.300000 88.397887
-54.200000 88.217111
-54.100000 88.036520
-54.000000 87.856115
-53.900000 87.675894
-53.800000 87.495858
-53.700000 87.316007
-53.600000 87.136341
-53.500000 86.956861
-53.400000 86.777565
-53.300000 86.598454
-53.200000 86.419529
-53.100000 86.240788
-53.000000 86.062233
-52.900000 85.883862
-52.800000 85.705677
-52.700000 85.527676
-52.600000 85.349861
-52.500000 85.172230
-52.400000 84.994785
-52.300000 84.817525
-52.200000 84.640449
-52.100000 84.463559
-52.000000 84.286854
-51.900000 84.110334
-51.800000 83.933999
-51.700000 83.757849
-51.600000 83.581884
-51.500000 83.406104
-51.400000 83.230509
-51.300000 83.055099
-51.200000 82.879874
-51.100000 82.704834
-51.000000 82.529979
-50.900000 82.355309
-50.800000 82.180824
-50.700000 82.006525
-50.600000 81.832410
-50.500000 81.658480
-50.400000 81.484736
-50.300000 81.311176
-50.200000 81.137802
-50.100000 80.964612
-50.000000 80.791608
-49.900000 80.618788
-49.800000 80.446154
-49.700000 80.273704
-49.600000 80.101440
-49.500000 79.929361
-49.400000 79.757466
-49.300000 79.585757
-49.200000 79.414233
-49.100000 79.242894
-49.000000 79.071740
-48.900000 78.900770
-48.800000 78.729986
-48.700000 78.559387
-48.600000 78.388973
-48.500000 78.218744
-48.400000 78.048700
-48.300000 77.878842
-48.200000 77.709168
-48.100000 77.539679
-48.000000 77.370375
-47.900000 77.201256
-47.800000 77.032323
-47.700000 76.863574
-47.600000 76.695010
-47.500000 76.526632
-47.400000 76.358438
-47.300000 76.190430
-47.200000 76.022606
-47.100000 75.854968
-47.000000 75.687514
-46.900000 75.520246
-46.800000 75.353162
-46.700000 75.186264
-46.600000 75.019551
-46.500000 74.853022
-46.400000 74.686679
-46.300000 74.520521
-46.200000 74.354548
-46.100000 74.188760
-46.000000 74.023157
-45.900000 73.857739
-45.800000 73.692505
-45.700000 73.527457
-45.600000 73.362595
-45.500000 73.197917
-45.400000 73.033424
-45.300000 72.869116
-45.200000 72.704993
-45.100000 72.541055
-45.000000 72.377303
-44.900000 72.213735
-44.800000 72.050352
-44.700000 71.887155
-44.600000 71.724142
-44.500000 71.561314
-44.400000 71.398672
-44.300000 71.236214
-44.200000 71.073942
-44.100000 70.911854
-44.000000 70.749952
-43.900000 70.588235
-43.800000 70.426702
-43.700000 70.265355
-43.600000 70.104193
-43.500000 69.943216
-43.400000 69.782423
-43.300000 69.621816
-43.200000 69.461394
-43.100000 69.301157
-43.000000 69.141105
-42.900000 68.981238
-42.800000 68.821556
-42.700000 68.662059
-42.600000 68.502747
-42.500000 68.343620
-42.400000 68.184678
-42.300000 68.025922
-42.200000 67.867350
-42.100000 67.708963
-42.000000 67.550761
-41.900000 67.392745
-41.800000 67.234913
-41.700000 67.077267
-41.600000 66.919805
-41.500000 66.762529
-41.400000 66.605437
-41.300000 66.448531
-41.200000 66.291809
-41.100000 66.135273
-41.000000 65.978921
-40.900000 65.822755
-40.800000 65.666774
-40.700000 65.510978
-40.600000 65.355366
-40.500000 65.199940
-40.400000 65.044699
-40.300000 64.889643
-40.200000 64.734772
-40.100000 64.580086
-40.000000 64.425585
-39.900000 64.271269
-39.800000 64.117138
-39.700000 63.963192
-39.600000 63.809431
-39.500000 63.655855
-39.400000 63.502465
-39.300000 63.349259
-39.200000 63.196238
-39.100000 63.043403
-39.000000 62.890752
-38.900000 62.738286
-38.800000 62.586006
-38.700000 62.433910
-38.600000 62.282000
-38.500000 62.130274
-38.400000 61.978734
-38.300000 61.827378
-38.200000 61.676208
-38.100000 61.525223
-38.000000 61.374422
-37.900000 61.223807
-37.800000 61.073377
-37.700000 60.923132
-37.600000 60.773071
-37.500000 60.623196
-37.400000 60.473506
-37.300000 60.324001
-37.200000 60.174681
-37.100000 60.025546
-37.000000 59.876596
-36.900000 59.727831
-36.800000 59.579251
-36.700000 59.430857
-36.600000 59.282647
-36.500000 59.134622
-36.400000 58.986782
-36.300000 58.839128
-36.200000 58.691658
-36.100000 58.544373
-36.000000 58.397274
-35.900000 58.250359
-35.800000 58.103630
-35.700000 57.957085
-35.600000 57.810726
-35.500000 57.664551
-35.400000 57.518562
-35.300000 57.372758
-35.200000 57.227138
-35.100000 57.081704
-35.000000 56.936455
-34.900000 56.791390
-34.800000 56.646511
-34.700000 56.501817
-34.600000 56.357308
-34.500000 56.212984
-34.400000 56.068845
-34.300000 55.924891
-34.200000 55.781122
-34.100000 55.637538
-34.000000 55.494139
-33.900000 55.350925
-33.800000 55.207896
-33.700000 55.065053
-33.600000 54.922394
-33.500000 54.779920
-33.400000 54.637631
-33.300000 54.495528
-33.200000 54.353609
-33.100000 54.211876
-33.000000 54.070327
-32.900000 53.928964
-32.800000 53.787785
-32.700000 53.646792
-32.600000 53.505983
-32.500000 53.365360
-32.400000 53.224921
-32.300000 53.084668
-32.200000 52.944600
-32.100000 52.804717
-32.000000 52.665018
-31.900000 52.525505
-31.800000 52.386177
-31.700000 52.247034
-31.600000 52.108076
-31.500000 51.969303
-31.400000 51.830715
-31.300000 51.692312
-31.200000 51.554094
-31.100000 51.416061
-31.000000 51.278213
-30.900000 51.140551
-30.800000 51.003073
-30.700000 50.865780
-30.600000 50.728672
-30.500000 50.591750
-30.400000 50.455012
-30.300000 50.318459
-30.200000 50.182092
-30.100000 50.045909
-30.000000 49.909912
-29.900000 49.774099
-29.800000 49.638472
-29.700000 49.503029
-29.600000 49.367772
-29.500000 49.232700
-29.400000 49.097813
-29.300000 48.963110
-29.200000 48.828593
-29.100000 48.694261
-29.000000 48.560114
-28.900000 48.426152
-28.800000 48.292375
-28.700000 48.158782
-28.600000 48.025375
-28.500000 47.892153
-28.400000 47.759117
-28.300000 47.626265
-28.200000 47.493598
-28.100000 47.361116
-28.000000 47.228819
-27.900000 47.096707
-27.800000 46.964781
-27.700000 46.833039
-27.600000 46.701482
-27.500000 46.570111
-27.400000 46.438924
-27.300000 46.307922
-27.200000 46.177106
-27.100000 46.046474
-27.000000 45.916028
-26.900000 45.785767
-26.800000 45.655690
-26.700000 45.525799
-26.600000 45.396093
-26.500000 45.266571
-26.400000 45.137235
-26.300000 45.008084
-26.200000 44.879118
-26.100000 44.750337
-26.000000 44.621740
-25.900000 44.493329
-25.800000 44.365103
-25.700000 44.237062
-25.600000 44.109206
-25.500000 43.981535
-25.400000 43.854050
-25.300000 43.726749
-25.200000 43.599633
-25.100000 43.472702
-25.000000 43.345956
-24.900000 43.219396
-24.800000 43.093020
-24.700000 42.966829
-24.600000 42.840824
-24.500000 42.715003
-24.400000 42.589368
-24.300000 42.463917
-24.200000 42.338652
-24.100000 42.213571
-24.000000 42.088676
-23.900000 41.963965
-23.800000 41.839440
-23.700000 41.715100
-23.600000 41.590944
-23.500000 41.466974
-23.400000 41.343189
-23.300000 41.219589
-23.200000 41.096174
-23.100000 40.972944
-23.000000 40.849899
-22.900000 40.727039
-22.800000 40.604364
-22.700000 40.481874
-22.600000 40.359569
-22.500000 40.237449
-22.400000 40.115514
-22.300000 39.993764
-22.200000 39.872199
-22.100000 39.750820
-22.000000 39.629625
-21.900000 39.508615
-21.800000 39.387791
-21.700000 39.267151
-21.600000 39.146697
-21.500000 39.026427
-21.400000 38.906342
-21.300000 38.786443
-21.200000 38.666729
-21.100000 38.547199
-21.000000 38.427855
-20.900000 38.308696
-20.800000 38.189721
-20.700000 38.070932
-20.600000 37.952328
-20.500000 37.833909
-20.400000 37.715674
-20.300000 37.597625
-20.200000 37.479761
-20.100000 37.362082
-20.000000 37.244588
-19.900000 37.127279
-19.800000 37.010155
-19.700000 36.893216
-19.600000 36.776463
-19.500000 36.659894
-19.400000 36.543510
-19.300000 36.427311
-19.200000 36.311297
-19.100000 36.195469
-19.000000 36.079825
-18.900000 35.964366
-18.800000 35.849093
-18.700000 35.734004
-18.600000 35.619101
-18.500000 35.504382
-18.400000 35.389849
-18.300000 35.275500
-18.200000 35.161337
-18.100000 35.047359
-18.000000 34.933565
-17.900000 34.819957
-17.800000 34.706534
-17.700000 34.593296
-17.600000 34.480243
-17.500000 34.367374
-17.400000 34.254691
-17.300000 34.142193
-17.200000 34.029880
-17.100000 33.917752
-17.000000 33.805809
-16.900000 33.694051
-16.800000 33.582479
-16.700000 33.471091
-16.600000 33.359888
-16.500000 33.248870
-16.400000 33.138037
-16.300000 33.027390
-16.200000 32.916927
-16.100000 32.806649
-16.000000 32.696557
-15.900000 32.586649
-15.800000 32.476927
-15.700000 32.367389
-15.600000 32.258037
-15.500000 32.148869
-15.400000 32.039887
-15.300000 31.931089
-15.200000 31.822477
-15.100000 31.714050
-15.000000 31.605808
-14.900000 31.497750
-14.800000 31.389878
-14.700000 31.282191
-14.600000 31.174689
-14.500000 31.067372
-14.400000 30.960240
-14.300000 30.853293
-14.200000 30.746531
-14.100000 30.639954
-14.000000 30.533562
-13.900000 30.427355
-13.800000 30.321333
-13.700000 30.215496
-13.600000 30.109845
-13.500000 30.004378
-13.400000 29.899096
-13.300000 29.793999
-13.200000 29.689088
-13.100000 29.584361
-13.000000 29.479820
-12.900000 29.375463
-12.800000 29.271292
-12.700000 29.167305
-12.600000 29.063504
-12.500000 28.959887
-12.400000 28.856456
-12.300000 28.753210
-12.200000 28.650148
-12.100000 28.547272
-12.000000 28.444581
-11.900000 28.342075
-11.800000 28.239754
-11.700000 28.137618
-11.600000 28.035667
-11.500000 27.933901
-11.400000 27.832320
-11.300000 27.730924
-11.200000 27.629713
-11.100000 27.528687
-11.000000 27.427846
-10.900000 27.327190
-10.800000 27.226719
-10.700000 27.126434
-10.600000 27.026333
-10.500000 26.926417
-10.400000 26.826686
-10.300000 26.727141
-10.200000 26.627780
-10.100000 26.528605
-10.000000 26.429614
-9.900000 26.330809
-9.800000 26.232188
-9.700000 26.133753
-9.600000 26.035503
-9.500000 25.937437
-9.400000 25.839557
-9.300000 25.741862
-9.200000 25.644351
-9.100000 25.547026
-9.000000 25.449886
-8.900000 25.352931
-8.800000 25.256161
-8.700000 25.159576
-8.600000 25.063176
-8.500000 24.966961
-8.400000 24.870931
-8.300000 24.775086
-8.200000 24.679426
-8.100000 24.583951
-8.000000 24.488661
-7.900000 24.393557
-7.800000 24.298637
-7.700000 24.203902
-7.600000 24.109352
-7.500000 24.014988
-7.400000 23.920808
-7.300000 23.826814
-7.200000 23.733004
-7.100000 23.639380
-7.000000 23.545940
-6.900000 23.452686
-6.800000 23.359616
-6.700000 23.266732
-6.600000 23.174033
-6.500000 23.081518
-6.400000 22.989189
-6.300000 22.897045
-6.200000 22.805086
-6.100000 22.713312
-6.000000 22.621722
-5.900000 22.530318
-5.800000 22.439099
-5.700000 22.348065
-5.600000 22.257216
-5.500000 22.166552
-5.400000 22.076074
-5.300000 21.985780
-5.200000 21.895671
-5.100000 21.805747
-5.000000 21.716008
-4.900000 21.626455
-4.800000 21.537086
-4.700000 21.447902
-4.600000 21.358904
-4.500000 21.270090
-4.400000 21.181461
-4.300000 21.093018
-4.200000 21.004759
-4.100000 20.916686
-4.000000 20.828798
-3.900000 20.741094
-3.800000 20.653576
-3.700000 20.566243
-3.600000 20.479094
-3.500000 20.392131
-3.400000 20.305353
-3.300000 20.218760
-3.200000 20.132352
-3.100000 20.046128
-3.000000 19.960090
-2.900000 19.874237
-2.800000 19.788569
-2.700000 19.703086
-2.600000 19.617788
-2.500000 19.532676
-2.400000 19.447748
-2.300000 19.363005
-2.200000 19.278447
-2.100000 19.194074
-2.000000 19.109887
-1.900000 19.025884
-1.800000 18.942066
-1.700000 18.858434
-1.600000 18.774986
-1.500000 18.691724
-1.400000 18.608646
-1.300000 18.525754
-1.200000 18.443046
-1.100000 18.360524
-1.000000 18.278186
-0.900000 18.196034
-0.800000 18.114067
-0.700000 18.032285
-0.600000 17.950687
-0.500000 17.869275
-0.400000 17.788048
-0.300000 17.707006
-0.200000 17.626149
-0.100000 17.545477
-0.000000 17.464990
0.100000 17.384688
0.200000 17.304571
0.300000 17.224639
0.400000 17.144892
0.500000 17.065330
0.600000 16.985953
0.700000 16.906762
0.800000 16.827755
0.900000 16.748933
1.000000 16.670297
1.100000 16.591845
1.200000 16.513578
1.300000 16.435497
1.400000 16.357600
1.500000 16.279889
1.600000 16.202362
1.700000 16.125021
1.800000 16.047864
1.900000 15.970893
2.000000 15.894107
2.100000 15.817505
2.200000 15.741089
2.300000 15.664858
2.400000 15.588812
2.500000 15.512951
2.600000 15.437275
2.700000 15.361784
2.800000 15.286478
2.900000 15.211357
3.000000 15.136421
3.100000 15.061670
3.200000 14.987104
3.300000 14.912723
3.400000 14.838527
3.500000 14.764516
3.600000 14.690690
3.700000 14.617050
3.800000 14.543594
3.900000 14.470323
4.000000 14.397238
4.100000 14.324337
4.200000 14.251622
4.300000 14.179091
4.400000 14.106746
4.500000 14.034585
4.600000 13.962610
4.700000 13.890819
4.800000 13.819214
4.900000 13.747794
5.000000 13.676559
5.100000 13.605508
5.200000 13.534643
5.300000 13.463963
5.400000 13.393468
5.500000 13.323158
5.600000 13.253033
5.700000 13.183093
5.800000 13.113338
5.900000 13.043768
6.000000 12.974383
6.100000 12.905183
6.200000 12.836168
6.300000 12.767338
6.400000 12.698694
6.500000 12.630234
6.600000 12.561959
6.700000 12.493869
6.800000 12.425965
6.900000 12.358245
7.000000 12.290711
7.100000 12.223361
7.200000 12.156197
7.300000 12.089217
7.400000 12.022423
7.500000 11.955813
7.600000 11.889389
7.700000 11.823150
7.800000 11.757095
7.900000 11.691226
8.000000 11.625542
8.100000 11.560043
8.200000 11.494728
8.300000 11.429599
8.400000 11.364655
8.500000 11.299896
8.600000 11.235322
8.700000 11.170933
8.800000 11.106729
8.900000 11.042710
9.000000 10.978877
9.100000 10.915228
9.200000 10.851764
9.300000 10.788485
9.400000 10.725391
9.500000 10.662483
9.600000 10.599759
9.700000 10.537220
9.800000 10.474867
9.900000 10.412698
10.000000 10.350715
10.100000 10.288916
10.200000 10.227303
10.300000 10.165874
10.400000 10.104631
10.500000 10.043573
10.600000 9.982699
10.700000 9.922011
10.800000 9.861508
10.900000 9.801190
11.000000 9.741057
11.100000 9.681108
11.200000 9.621345
11.300000 9.561767
11.400000 9.502374
11.500000 9.443166
11.600000 9.384143
11.700000 9.325305
11.800000 9.266652
11.900000 9.208185
12.000000 9.149902
12.100000 9.091804
12.200000 9.033891
12.300000 8.976164
12.400000 8.918621
12.500000 8.861263
12.600000 8.804091
12.700000 8.747103
12.800000 8.690300
12.900000 8.633683
13.000000 8.577250
13.100000 8.521003
13.200000 8.464941
13.300000 8.409063
13.400000 8.353371
13.500000 8.297864
13.600000 8.242541
13.700000 8.187404
13.800000 8.132452
13.900000 8.077685
14.000000 8.023103
14.100000 7.968706
14.200000 7.914494
14.300000 7.860467
14.400000 7.806625
14.500000 7.752968
14.600000 7.699496
14.700000 7.646209
14.800000 7.593107
14.900000 7.540190
15.000000 7.487458
15.100000 7.434912
15.200000 7.382550
15.300000 7.330373
15.400000 7.278382
15.500000 7.226575
15.600000 7.174954
15.700000 7.123517
15.800000 7.072266
15.900000 7.021199
16.000000 6.970318
16.100000 6.919621
16.200000 6.869110
16.300000 6.818784
16.400000 6.768642
16.500000 6.718686
16.600000 6.668915
16.700000 6.619329
16.800000 6.569928
16.900000 6.520711
17.000000 6.471680
17.100000 6.422834
17.200000 6.374173
17.300000 6.325697
17.400000 6.277406
17.500000 6.229300
17.600000 6.181380
17.700000 6.133644
17.800000 6.086093
17.900000 6.038727
18.000000 5.991547
18.100000 5.944551
18.200000 5.897740
18.300000 5.851115
18.400000 5.804674
18.500000 5.758418
18.600000 5.712348
18.700000 5.666462
18.800000 5.620762
18.900000 5.575247
19.000000 5.529916
19.100000 5.484771
19.200000 5.439811
19.300000 5.395035
19.400000 5.350445
19.500000 5.306040
19.600000 5.261820
19.700000 5.217785
19.800000 5.173935
19.900000 5.130269
20.000000 5.086789
20.100000 5.043494
20.200000 5.000384
20.300000 4.957460
20.400000 4.914720
20.500000 4.872165
20.600000 4.829795
20.700000 4.787610
20.800000 4.745610
20.900000 4.703796
21.000000 4.662166
21.100000 4.620721
21.200000 4.579462
21.300000 4.538387
21.400000 4.497498
21.500000 4.456793
21.600000 4.416274
21.700000 4.375939
21.800000 4.335790
21.900000 4.295826
22.000000 4.256046
22.100000 4.216452
22.200000 4.177043
22.300000 4.137819
22.400000 4.098779
22.500000 4.059925
22.600000 4.021256
22.700000 3.982772
22.800000 3.944473
22.900000 3.906359
23.000000 3.868430
23.100000 3.830686
23.200000 3.793127
23.300000 3.755753
23.400000 3.718564
23.500000 3.681561
23.600000 3.644742
23.700000 3.608108
23.800000 3.571659
23.900000 3.535396
24.000000 3.499317
24.100000 3.463424
24.200000 3.427715
24.300000 3.392191
24.400000 3.356853
24.500000 3.321700
24.600000 3.286731
24.700000 3.251948
24.800000 3.217349
24.900000 3.182936
25.000000 3.148708
25.100000 3.114665
25.200000 3.080806
25.300000 3.047133
25.400000 3.013645
25.500000 2.980342
25.600000 2.947224
25.700000 2.914291
25.800000 2.881543
25.900000 2.848980
26.000000 2.816602
26.100000 2.784409
26.200000 2.752401
26.300000 2.720578
26.400000 2.688941
26.500000 2.657488
26.600000 2.626220
26.700000 2.595137
26.800000 2.564240
26.900000 2.533527
27.000000 2.503000
27.100000 2.472657
27.200000 2.442500
27.300000 2.412527
27.400000 2.382740
27.500000 2.353137
27.600000 2.323720
27.700000 2.294488
27.800000 2.265440
27.900000 2.236578
28.000000 2.207901
28.100000 2.179409
28.200000 2.151101
28.300000 2.122979
28.400000 2.095042
28.500000 2.067290
28.600000 2.039723
28.700000 2.012341
28.800000 1.985144
28.900000 1.958132
29.000000 1.931305
29.100000 1.904664
29.200000 1.878207
29.300000 1.851935
29.400000 1.825848
29.500000 1.799947
29.600000 1.774230
29.700000 1.748698
29.800000 1.723352
29.900000 1.698190
30.000000 1.673214
30.100000 1.648422
30.200000 1.623816
30.300000 1.599394
30.400000 1.575158
30.500000 1.551106
30.600000 1.527240
30.700000 1.503559
30.800000 1.480063
30.900000 1.456751
31.000000 1.433625
31.100000 1.410684
31.200000 1.387928
31.300000 1.365357
31.400000 1.342971
31.500000 1.320770
31.600000 1.298754
31.700000 1.276923
31.800000 1.255277
31.900000 1.233816
32.000000 1.212540
32.100000 1.191450
32.200000 1.170544
32.300000 1.149823
32.400000 1.129287
32.500000 1.108937
32.600000 1.088771
32.700000 1.068791
32.800000 1.048995
32.900000 1.029384
33.000000 1.009959
33.100000 0.990719
33.200000 0.971663
33.300000 0.952793
33.400000 0.934107
33.500000 0.915607
33.600000 0.897292
33.700000 0.879162
33.800000 0.861216
33.900000 0.843456
34.000000 0.825881
34.100000 0.808491
34.200000 0.791286
34.300000 0.774266
34.400000 0.757431
34.500000 0.740781
34.600000 0.724316
34.700000 0.708036
34.800000 0.691941
34.900000 0.676032
35.000000 0.660307
35.100000 0.644767
35.200000 0.629412
35.300000 0.614243
35.400000 0.599258
35.500000 0.584458
35.600000 0.569844
35.700000 0.555414
35.800000 0.541170
35.900000 0.527110
36.000000 0.513236
36.100000 0.499546
36.200000 0.486042
36.300000 0.472723
36.400000 0.459589
36.500000 0.446639
36.600000 0.433875
36.700000 0.421296
36.800000 0.408902
36.900000 0.396693
37.000000 0.384668
37.100000 0.372829
37.200000 0.361175
37.300000 0.349706
37.400000 0.338423
37.500000 0.327324
37.600000 0.316410
37.700000 0.305681
37.800000 0.295137
37.900000 0.284778
38.000000 0.274605
38.100000 0.264616
38.200000 0.254812
38.300000 0.245194
38.400000 0.235760
38.500000 0.226511
38.600000 0.217448
38.700000 0.208569
38.800000 0.199876
38.900000 0.191368
39.000000 0.183044
39.100000 0.174906
39.200000 0.166953
39.300000 0.159184
39.400000 0.151601
39.500000 0.144203
39.600000 0.136990
39.700000 0.129962
39.800000 0.123118
39.900000 0.116460
40.000000 0.109987
40.100000 0.103699
40.200000 0.097596
40.300000 0.091678
40.400000 0.085946
40.500000 0.080398
40.600000 0.075035
40.700000 0.069857
40.800000 0.064864
40.900000 0.060057
41.000000 0.055434
41.100000 0.050996
41.200000 0.046744
41.300000 0.042676
41.400000 0.038794
41.500000 0.035096
41.600000 0.031584
41.700000 0.028256
41.800000 0.025114
41.900000 0.022156
42.000000 0.019384
42.100000 0.016797
42.200000 0.014394
42.300000 0.012177
42.400000 0.010145
42.500000 0.008298
42.600000 0.006636
42.700000 0.005159
42.800000 0.003867
42.900000 0.002760
43.000000 0.001838
43.100000 0.001101
43.200000 0.000549
43.300000 0.000182
43.400000 0.000000
43.500000 0.000003
43.600000 0.000191
43.700000 0.000565
43.800000 0.001123
43.900000 0.001866
44.000000 0.002795
44.100000 0.003908
44.200000 0.005207
44.300000 0.006690
44.400000 0.008358
44.500000 0.010212
44.600000 0.012251
44.700000 0.014474
44.800000 0.016883
44.900000 0.019477
45.000000 0.022255
45.100000 0.025219
45.200000 0.028368
45.300000 0.031702
45.400000 0.035220
45.500000 0.038924
45.600000 0.042813
45.700000 0.046887
45.800000 0.051146
45.900000 0.055590
46.000000 0.060219
46.100000 0.065033
46.200000 0.070033
46.300000 0.075217
46.400000 0.080586
46.500000 0.086140
46.600000 0.091879
46.700000 0.097804
46.800000 0.103913
46.900000 0.110207
47.000000 0.116687
47.100000 0.123351
47.200000 0.130201
47.300000 0.137235
47.400000 0.144455
47.500000 0.151859
47.600000 0.159449
47.700000 0.167224
47.800000 0.175183
47.900000 0.183328
48.000000 0.191658
48.100000 0.200173
48.200000 0.208873
48.300000 0.217757
48.400000 0.226827
48.500000 0.236082
48.600000 0.245522
48.700000 0.255147
48.800000 0.264957
48.900000 0.274952
49.000000 0.285133
49.100000 0.295498
49.200000 0.306048
49.300000 0.316783
49.400000 0.327703
49.500000 0.338809
49.600000 0.350099
49.700000 0.361574
49.800000 0.373235
49.900000 0.385080
50.000000 0.397111
50.100000 0.409326
50.200000 0.421727
50.300000 0.434312
50.400000 0.447083
50.500000 0.460038
50.600000 0.473179
50.700000 0.486505
50.800000 0.500016
50.900000 0.513711
51.000000 0.527592
51.100000 0.541658
51.200000 0.555909
51.300000 0.570345
51.400000 0.584966
51.500000 0.599772
51.600000 0.614763
51.700000 0.629939
51.800000 0.645300
51.900000 0.660846
52.000000 0.676577
52.100000 0.692493
52.200000 0.708595
52.300000 0.724881
52.400000 0.741352
52.500000 0.758009
52.600000 0.774850
52.700000 0.791876
52.800000 0.809088
52.900000 0.826484
53.000000 0.844066
53.100000 0.861832
53.200000 0.879784
53.300000 0.897920
53.400000 0.916242
53.500000 0.934749
53.600000 0.953441
53.700000 0.972317
53.800000 0.991379
53.900000 1.010626
54.000000 1.030058
54.100000 1.049675
54.200000 1.069477
54.300000 1.089464
54.400000 1.109636
54.500000 1.129993
54.600000 1.150535
54.700000 1.171262
54.800000 1.192174
54.900000 1.213271
55.000000 1.234553
55.100000 1.256021
55.200000 1.277673
55.300000 1.299510
55.400000 1.321532
55.500000 1.343740
55.600000 1.366132
55.700000 1.388710
55.800000 1.411472
55.900000 1.434420
56.000000 1.457552
56.100000 1.480870
56.200000 1.504373
56.300000 1.528060
56.400000 1.551933
56.500000 1.575991
56.600000 1.600233
56.700000 1.624661
56.800000 1.649274
56.900000 1.674072
57.000000 1.699055
57.100000 1.724223
57.200000 1.749576
57.300000 1.775114
57.400000 1.800837
57.500000 1.826745
57.600000 1.852838
57.700000 1.879116
57.800000 1.905579
57.900000 1.932228
58.000000 1.959061
58.100000 1.986079
58.200000 2.013282
58.300000 2.040671
58.400000 2.068244
58.500000 2.096003
58.600000 2.123946
58.700000 2.152075
58.800000 2.180388
58.900000 2.208887
59.000000 2.237570
59.100000 2.266439
59.200000 2.295493
59.300000 2.324731
59.400000 2.354155
59.500000 2.383764
59.600000 2.413558
59.700000 2.443537
59.800000 2.473701
59.900000 2.504049
60.000000 2.534583
60.100000 2.565302
60.200000 2.596206
60.300000 2.627295
60.400000 2.658570
60.500000 2.690029
60.600000 2.721673
60.700000 2.753502
60.800000 2.785516
60.900000 2.817716
61.000000 2.850100
61.100000 2.882669
61.200000 2.915424
61.300000 2.948363
61.400000 2.981487
61.500000 3.014797
61.600000 3.048291
61.700000 3.081971
61.800000 3.115836
61.900000 3.149885
62.000000 3.184120
62.100000 3.218540
62.200000 3.253144
62.300000 3.287934
62.400000 3.322909
62.500000 3.358069
62.600000 3.393414
62.700000 3.428943
62.800000 3.464658
62.900000 3.500558
63.000000 3.536643
63.100000 3.572913
63.200000 3.609369
63.300000 3.646009
63.400000 3.682834
63.500000 3.719844
63.600000 3.757039
63.700000 3.794419
63.800000 3.831985
63.900000 3.869735
64.000000 3.907670
64.100000 3.945791
64.200000 3.984096
64.300000 4.022587
64.400000 4.061262
64.500000 4.100123
64.600000 4.139168
64.700000 4.178399
64.800000 4.217815
64.900000 4.257415
65.000000 4.297201
65.100000 4.337172
65.200000 4.377327
65.300000 4.417668
65.400000 4.458194
65.500000 4.498905
65.600000 4.539801
65.700000 4.580882
65.800000 4.622148
65.900000 4.663599
66.000000 4.705235
66.100000 4.747056
66.200000 4.789062
66.300000 4.831253
66.400000 4.873629
66.500000 4.916191
66.600000 4.958937
66.700000 5.001868
66.800000 5.044985
66.900000 5.088286
67.000000 5.131772
67.100000 5.175444
67.200000 5.219300
67.300000 5.263342
67.400000 5.307568
67.500000 5.351980
67.600000 5.396577
67.700000 5.441358
67.800000 5.486325
67.900000 5.531477
68.000000 5.576813
68.100000 5.622335
68.200000 5.668042
68.300000 5.713934
68.400000 5.760011
68.500000 5.806273
68.600000 5.852720
68.700000 5.899352
68.800000 5.946169
68.900000 5.993171
69.000000 6.040358
69.100000 6.087730
69.200000 6.135287
69.300000 6.183029
69.400000 6.230957
69.500000 6.279069
69.600000 6.327366
69.700000 6.375848
69.800000 6.424516
69.900000 6.473368
70.000000 6.522406
70.100000 6.571628
70.200000 6.621036
70.300000 6.670628
70.400000 6.720406
70.500000 6.770369
70.600000 6.820516
70.700000 6.870849
70.800000 6.921367
70.900000 6.972069
71.000000 7.022957
71.100000 7.074030
71.200000 7.125288
71.300000 7.176731
71.400000 7.228359
71.500000 7.280172
71.600000 7.332170
71.700000 7.384353
71.800000 7.436721
71.900000 7.489274
72.000000 7.542012
72.100000 7.594935
72.200000 7.648044
72.300000 7.701337
72.400000 7.754815
72.500000 7.808478
72.600000 7.862327
72.700000 7.916360
72.800000 7.970579
72.900000 8.024982
73.000000 8.079571
73.100000 8.134344
73.200000 8.189303
73.300000 8.244446
73.400000 8.299775
73.500000 8.355289
73.600000 8.410987
73.700000 8.466871
73.800000 8.522940
73.900000 8.579194
74.000000 8.635633
74.100000 8.692256
74.200000 8.749065
74.300000 8.806059
74.400000 8.863238
74.500000 8.920602
74.600000 8.978151
74.700000 9.035886
74.800000 9.093805
74.900000 9.151909
75.000000 9.210198
75.100000 9.268672
75.200000 9.327332
75.300000 9.386176
75.400000 9.445205
75.500000 9.504420
75.600000 9.563819
75.700000 9.623403
75.800000 9.683173
75.900000 9.743127
76.000000 9.803267
76.100000 9.863592
76.200000 9.924101
76.300000 9.984796
76.400000 10.045676
76.500000 10.106740
76.600000 10.167990
76.700000 10.229425
76.800000 10.291045
76.900000 10.352849
77.000000 10.414839
77.100000 10.477014
77.200000 10.539374
77.300000 10.601919
77.400000 10.664649
77.500000 10.727564
77.600000 10.790665
77.700000 10.853950
77.800000 10.917420
77.900000 10.981075
78.000000 11.044915
78.100000 11.108941
78.200000 11.173151
78.300000 11.237546
78.400000 11.302127
78.500000 11.366892
78.600000 11.431843
78.700000 11.496978
78.800000 11.562299
78.900000 11.627804
79.000000 11.693495
79.100000 11.759370
79.200000 11.825431
79.300000 11.891677
79.400000 11.958107
79.500000 12.024723
79.600000 12.091524
79.700000 12.158510
79.800000 12.225681
79.900000 12.293037
80.000000 12.360578
80.100000 12.428304
80.200000 12.496215
80.300000 12.564311
80.400000 12.632592
80.500000 12.701058
80.600000 12.769709
80.700000 12.838545
80.800000 12.907567
80.900000 12.976773
81.000000 13.046164
81.100000 13.115740
81.200000 13.185502
81.300000 13.255448
81.400000 13.325580
81.500000 13.395896
81.600000 13.466398
81.700000 13.537084
81.800000 13.607956
81.900000 13.679012
82.000000 13.750254
82.100000 13.821681
82.200000 13.893292
82.300000 13.965089
82.400000 14.037071
82.500000 14.109238
82.600000 14.181590
82.700000 14.254127
82.800000 14.326848
82.900000 14.399755
83.000000 14.472847
83.100000 14.546124
83.200000 14.619587
83.300000 14.693234
83.400000 14.767066
83.500000 14.841083
83.600000 14.915285
83.700000 14.989672
83.800000 15.064245
83.900000 15.139002
84.000000 15.213944
84.100000 15.289072
84.200000 15.364384
84.300000 15.439882
84.400000 15.515564
84.500000 15.591432
84.600000 15.667484
84.700000 15.743722
84.800000 15.820144
84.900000 15.896752
85.000000 15.973545
85.100000 16.050522
85.200000 16.127685
85.300000 16.205033
85.400000 16.282566
85.500000 16.360284
85.600000 16.438187
85.700000 16.516275
85.800000 16.594548
85.900000 16.673006
86.000000 16.751649
86.100000 16.830477
86.200000 16.909490
86.300000 16.988688
86.400000 17.068071
86.500000 17.147639
86.600000 17.227393
86.700000 17.307331
86.800000 17.387454
86.900000 17.467763
87.000000 17.548256
87.100000 17.628934
87.200000 17.709798
87.300000 17.790846
87.400000 17.872080
87.500000 17.953498
87.600000 18.035102
87.700000 18.116891
87.800000 18.198864
87.900000 18.281023
88.000000 18.363367
88.100000 18.445896
88.200000 18.528609
88.300000 18.611508
88.400000 18.694592
88.500000 18.777861
88.600000 18.861315
88.700000 18.944954
88.800000 19.028778
88.900000 19.112787
89.000000 19.196981
89.100000 19.281360
89.200000 19.365925
89.300000 19.450674
89.400000 19.535608
89.500000 19.620727
89.600000 19.706032
89.700000 19.791521
89.800000 19.877195
89.900000 19.963055
90.000000 20.049099
90.100000 20.135329
90.200000 20.221743
90.300000 20.308343
90.400000 20.395127
90.500000 20.482097
90.600000 20.569252
90.700000 20.656591
90.800000 20.744116
90.900000 20.831826
91.000000 20.919720
91.100000 21.007800
91.200000 21.096065
91.300000 21.184515
91.400000 21.273150
91.500000 21.361970
91.600000 21.450975
91.700000 21.540165
91.800000 21.629540
91.900000 21.719100
92.000000 21.808845
92.100000 21.898776
92.200000 21.988891
92.300000 22.079191
92.400000 22.169676
92.500000 22.260347
92.600000 22.351202
92.700000 22.442242
92.800000 22.533468
92.900000 22.624878
93.000000 22.716474
93.100000 22.808254
93.200000 22.900220
93.300000 22.992370
93.400000 23.084706
93.500000 23.177227
93.600000 23.269932
93.700000 23.362823
93.800000 23.455899
93.900000 23.549160
94.000000 23.642606
94.100000 23.736236
94.200000 23.830052
94.300000 23.924053
94.400000 24.018239
94.500000 24.112610
94.600000 24.207166
94.700000 24.301907
94.800000 24.396834
94.900000 24.491945
95.000000 24.587241
95.100000 24.682722
95.200000 24.778388
95.300000 24.874240
95.400000 24.970276
95.500000 25.066497
95.600000 25.162904
95.700000 25.259495
95.800000 25.356272
95.900000 25.453233
96.000000 25.550380
96.100000 25.647711
96.200000 25.745228
96.300000 25.842930
96.400000 25.940816
96.500000 26.038888
96.600000 26.137145
96.700000 26.235587
96.800000 26.334213
96.900000 26.433025
97.000000 26.532022
97.100000 26.631204
97.200000 26.730571
97.300000 26.830123
97.400000 26.929860
97.500000 27.029782
97.600000 27.129889
97.700000 27.230181
97.800000 27.330659
97.900000 27.431321
98.000000 27.532168
98.100000 27.633200
98.200000 27.734418
98.300000 27.835820
98.400000 27.937407
98.500000 28.039180
98.600000 28.141137
98.700000 28.243280
98.800000 28.345607
98.900000 28.448120
99.000000 28.550817
99.100000 28.653700
99.200000 28.756768
99.300000 28.860020
99.400000 28.963458
99.500000 29.067081
99.600000 29.170889
99.700000 29.274881
99.800000 29.379059
99.900000 29.483422
100.000000 29.587970
100.100000 29.692703
100.200000 29.797621
100.300000 29.902724
100.400000 30.008012
100.500000 30.113485
100.600000 30.219144
100.700000 30.324987
100.800000 30.431015
100.900000 30.537228
101.000000 30.643626
101.100000 30.750210
101.200000 30.856978
101.300000 30.963932
101.400000 31.071070
101.500000 31.178393
101.600000 31.285902
101.700000 31.393595
101.800000 31.501474
101.900000 31.609538
102.000000 31.717786
102.100000 31.826220
102.200000 31.934839
102.300000 32.043642
102.400000 32.152631
102.500000 32.261805
102.600000 32.371164
102.700000 32.480708
102.800000 32.590437
102.900000 32.700351
103.000000 32.810450
103.100000 32.920734
103.200000 33.031203
103.300000 33.141857
103.400000 33.252696
103.500000 33.363720
103.600000 33.474929
103.700000 33.586323
103.800000 33.697903
103.900000 33.809667
104.000000 33.921616
104.100000 34.033751
104.200000 34.146070
104.300000 34.258575
104.400000 34.371264
104.500000 34.484139
104.600000 34.597198
104.700000 34.710443
104.800000 34.823872
104.900000 34.937487
105.000000 35.051287
105.100000 35.165271
105.200000 35.279441
105.300000 35.393796
105.400000 35.508336
105.500000 35.623061
105.600000 35.737971
105.700000 35.853066
105.800000 35.968345
105.900000 36.083810
106.000000 36.199461
106.100000 36.315296
106.200000 36.431316
106.300000 36.547521
106.400000 36.663911
106.500000 36.780486
106.600000 36.897246
106.700000 37.014192
106.800000 37.131322
106.900000 37.248637
107.000000 37.366138
107.100000 37.483823
107.200000 37.601694
107.300000 37.719749
107.400000 37.837990
107.500000 37.956415
107.600000 38.075026
107.700000 38.193822
107.800000 38.312802
107.900000 38.431968
108.000000 38.551319
108.100000 38.670854
108.200000 38.790575
108.300000 38.910481
108.400000 39.030572
108.500000 39.150848
108.600000 39.271309
108.700000 39.391955
108.800000 39.512786
108.900000 39.633802
109.000000 39.755003
109.100000 39.876389
109.200000 39.997960
109.300000 40.119716
109.400000 40.241658
109.500000 40.363784
109.600000 40.486095
109.700000 40.608591
109.800000 40.731273
109.900000 40.854139
110.000000 40.977191
110.100000 41.100427
110.200000 41.223849
110.300000 41.347455
110.400000 41.471247
110.500000 41.595223
110.600000 41.719385
110.700000 41.843732
110.800000 41.968263
110.900000 42.092980
111.000000 42.217882
111.100000 42.342969
111.200000 42.468241
111.300000 42.593698
111.400000 42.719339
111.500000 42.845166
111.600000 42.971178
111.700000 43.097375
111.800000 43.223758
111.900000 43.350325
112.000000 43.477077
112.100000 43.604014
112.200000 43.731136
112.300000 43.858443
112.400000 43.985936
112.500000 44.113613
112.600000 44.241475
112.700000 44.369523
112.800000 44.497755
112.900000 44.626173
113.000000 44.754775
113.100000 44.883563
113.200000 45.012535
113.300000 45.141693
113.400000 45.271035
113.500000 45.400563
113.600000 45.530276
113.700000 45.660173
113.800000 45.790256
113.900000 45.920524
114.000000 46.050977
114.100000 46.181615
114.200000 46.312438
114.300000 46.443445
114.400000 46.574638
114.500000 46.706016
114.600000 46.837580
114.700000 46.969328
114.800000 47.101261
114.900000 47.233379
115.000000 47.365682
115.100000 47.498170
115.200000 47.630844
115.300000 47.763702
115.400000 47.896745
115.500000 48.029973
115.600000 48.163387
115.700000 48.296985
115.800000 48.430769
115.900000 48.564737
116.000000 48.698891
116.100000 48.833229
116.200000 48.967753
116.300000 49.102462
116.400000 49.237355
116.500000 49.372434
116.600000 49.507698
116.700000 49.643147
116.800000 49.778780
116.900000 49.914599
117.000000 50.050603
117.100000 50.186792
117.200000 50.323166
117.300000 50.459725
117.400000 50.596469
117.500000 50.733398
117.600000 50.870512
117.700000 51.007811
117.800000 51.145295
117.900000 51.282965
118.000000 51.420819
118.100000 51.558858
118.200000 51.697082
118.300000 51.835492
118.400000 51.974086
118.500000 52.112865
118.600000 52.251830
118.700000 52.390979
118.800000 52.530314
118.900000 52.669833
119.000000 52.809538
119.100000 52.949428
119.200000 53.089502
119.300000 53.229762
119.400000 53.370207
119.500000 53.510836
119.600000 53.651651
119.700000 53.792651
119.800000 53.933836
119.900000 54.075206
120.000000 54.216761
120.100000 54.358501
120.200000 54.500426
120.300000 54.642536
120.400000 54.784831
120.500000 54.927311
120.600000 55.069976
120.700000 55.212826
120.800000 55.355862
120.900000 55.499082
121.000000 55.642487
121.100000 55.786077
121.200000 55.929853
121.300000 56.073813
121.400000 56.217959
121.500000 56.362289
121.600000 56.506804
121.700000 56.651505
121.800000 56.796391
121.900000 56.941461
122.000000 57.086717
122.100000 57.232157
122.200000 57.377783
122.300000 57.523594
122.400000 57.669590
122.500000 57.815770
122.600000 57.962136
122.700000 58.108687
122.800000 58.255423
122.900000 58.402344
123.000000 58.549450
123.100000 58.696741
123.200000 58.844217
123.300000 58.991878
123.400000 59.139724
123.500000 59.287755
123.600000 59.435972
123.700000 59.584373
123.800000 59.732959
123.900000 59.881730
124.000000 60.030687
124.100000 60.179828
124.200000 60.329154
124.300000 60.478666
124.400000 60.628362
124.500000 60.778244
124.600000 60.928310
124.700000 61.078562
124.800000 61.228999
124.900000 61.379620
125.000000 61.530427
125.100000 61.681419
125.200000 61.832595
125.300000 61.983957
125.400000 62.135504
125.500000 62.287236
125.600000 62.439153
125.700000 62.591255
125.800000 62.743542
125.900000 62.896014
126.000000 63.048671
126.100000 63.201513
126.200000 63.354540
126.300000 63.507752
126.400000 63.661149
126.500000 63.814731
126.600000 63.968499
126.700000 64.122451
126.800000 64.276588
126.900000 64.430910
127.000000 64.585418
127.100000 64.740110
127.200000 64.894988
127.300000 65.050050
127.400000 65.205298
127.500000 65.360730
127.600000 65.516348
127.700000 65.672150
127.800000 65.828138
127.900000 65.984311
128.000000 66.140669
128.100000 66.297211
128.200000 66.453939
128.300000 66.610852
128.400000 66.767950
128.500000 66.925233
128.600000 67.082701
128.700000 67.240354
128.800000 67.398192
128.900000 67.556215
129.000000 67.714423
129.100000 67.872816
129.200000 68.031394
129.300000 68.190157
129.400000 68.349105
129.500000 68.508239
129.600000 68.667557
129.700000 68.827060
129.800000 68.986749
129.900000 69.146622
130.000000 69.306680
130.100000 69.466924
130.200000 69.627352
130.300000 69.787966
130.400000 69.948765
130.500000 70.109748
130.600000 70.270917
130.700000 70.432270
130.800000 70.593809
130.900000 70.755533
131.000000 70.917442
131.100000 71.079535
131.200000 71.241814
131.300000 71.404278
131.400000 71.566927
131.500000 71.729761
131.600000 71.892780
131.700000 72.055984
131.800000 72.219373
131.900000 72.382947
132.000000 72.546706
132.100000 72.710650
132.200000 72.874780
132.300000 73.039094
132.400000 73.203593
132.500000 73.368277
132.600000 73.533147
132.700000 73.698201
132.800000 73.863441
132.900000 74.028865
133.000000 74.194475
133.100000 74.360269
133.200000 74.526249
133.300000 74.692413
133.400000 74.858763
133.500000 75.025297
133.600000 75.192017
133.700000 75.358922
133.800000 75.526012
133.900000 75.693286
134.000000 75.860746
134.100000 76.028391
134.200000 76.196221
134.300000 76.364236
134.400000 76.532436
134.500000 76.700821
134.600000 76.869391
134.700000 77.038146
134.800000 77.207086
134.900000 77.376211
135.000000 77.545521
135.100000 77.715017
135.200000 77.884697
135.300000 78.054562
135.400000 78.224612
135.500000 78.394848
135.600000 78.565268
135.700000 78.735874
135.800000 78.906664
135.900000 79.077639
136.000000 79.248800
136.100000 79.420146
136.200000 79.591676
136.300000 79.763392
136.400000 79.935292
136.500000 80.107378
136.600000 80.279649
136.700000 80.452105
136.800000 80.624745
136.900000 80.797571
137.000000 80.970582
137.100000 81.143778
137.200000 81.317159
137.300000 81.490725
137.400000 81.664476
137.500000 81.838412
137.600000 82.012533
137.700000 82.186839
137.800000 82.361330
137.900000 82.536007
138.000000 82.710868
138.100000 82.885914
138.200000 83.061145
138.300000 83.236562
138.400000 83.412163
138.500000 83.587949
138.600000 83.763921
138.700000 83.940077
138.800000 84.116419
138.900000 84.292945
139.000000 84.469657
139.100000 84.646554
139.200000 84.823635
139.300000 85.000902
139.400000 85.178354
139.500000 85.355990
139.600000 85.533812
139.700000 85.711819
139.800000 85.890011
139.900000 86.068388
140.000000 86.246950
140.100000 86.425697
140.200000 86.604629
140.300000 86.783746
140.400000 86.963048
140.500000 87.142535
140.600000 87.322207
140.700000 87.502064
140.800000 87.682106
140.900000 87.862334
141.000000 88.042746
141.100000 88.223343
141.200000 88.404125
141.300000 88.585093
141.400000 88.766245
141.500000 88.947583
141.600000 89.129105
141.700000 89.310813
141.800000 89.492705
141.900000 89.674783
142.000000 89.857045
142.100000 90.039493
142.200000 90.222126
142.300000 90.404944
142.400000 90.587946
142.500000 90.771134
142.600000 90.954507
142.700000 91.138065
142.800000 91.321808
142.900000 91.505736
143.000000 91.689849
143.100000 91.874147
143.200000 92.058630
143.300000 92.243298
143.400000 92.428151
143.500000 92.613189
143.600000 92.798412
143.700000 92.983820
143.800000 93.169414
143.900000 93.355192
144.000000 93.541155
144.100000 93.727304
144.200000 93.913637
144.300000 94.100155
144.400000 94.286859
144.500000 94.473747
144.600000 94.660821
144.700000 94.848079
144.800000 95.035523
144.900000 95.223152
145.000000 95.410965
145.100000 95.598964
145.200000 95.787148
145.300000 95.975517
145.400000 96.164070
145.500000 96.352809
145.600000 96.541733
145.700000 96.730842
145.800000 96.920136
145.900000 97.109615
146.000000 97.299279
146.100000 97.489128
146.200000 97.679162
146.300000 97.869381
146.400000 98.059785
146.500000 98.250375
146.600000 98.441149
146.700000 98.632108
146.800000 98.823252
146.900000 99.014582
147.000000 99.206096
147.100000 99.397795
147.200000 99.589680
147.300000 99.781749
147.400000 99.974004
147.500000 100.166443
147.600000 100.359068
147.700000 100.551878
147.800000 100.744872
147.900000 100.938052
148.000000 101.131417
148.100000 101.324966
148.200000 101.518701
148.300000 101.712621
148.400000 101.906726
148.500000 102.101016
148.600000 102.295491
148.700000 102.490151
148.800000 102.684996
148.900000 102.880026
149.000000 103.075241
149.100000 103.270641
149.200000 103.466226
149.300000 103.661996
149.400000 103.857951
149.500000 104.054092
149.600000 104.250417
149.700000 104.446927
149.800000 104.643623
149.900000 104.840503
150.000000 105.037568
150.100000 105.234819
150.200000 105.432254
150.300000 105.629875
150.400000 105.827680
150.500000 106.025671
150.600000 106.223847
150.700000 106.422207
150.800000 106.620753
150.900000 106.819484
151.000000 107.018399
151.100000 107.217500
151.200000 107.416786
151.300000 107.616257
151.400000 107.815913
151.500000 108.015754
151.600000 108.215780
151.700000 108.415991
151.800000 108.616387
151.900000 108.816968
152.000000 109.017734
152.100000 109.218685
152.200000 109.419821
152.300000 109.621143
152.400000 109.822649
152.500000 110.024340
152.600000 110.226217
152.700000 110.428278
152.800000 110.630524
152.900000 110.832956
153.000000 111.035572
153.100000 111.238374
153.200000 111.441360
153.300000 111.644532
153.400000 111.847888
153.500000 112.051430
153.600000 112.255157
153.700000 112.459068
153.800000 112.663165
153.900000 112.867447
154.000000 113.071914
154.100000 113.276566
154.200000 113.481403
154.300000 113.686424
154.400000 113.891631
154.500000 114.097023
154.600000 114.302600
154.700000 114.508362
154.800000 114.714310
154.900000 114.920442
155.000000 115.126759
155.100000 115.333261
155.200000 115.539948
155.300000 115.746821
155.400000 115.953878
155.500000 116.161120
155.600000 116.368548
155.700000 116.576160
155.800000 116.783957
155.900000 116.991940
156.000000 117.200107
156.100000 117.408460
156.200000 117.616998
156.300000 117.825720
156.400000 118.034628
156.500000 118.243721
156.600000 118.452998
156.700000 118.662461
156.800000 118.872109
156.900000 119.081942
157.000000 119.291959
157.100000 119.502162
157.200000 119.712550
157.300000 119.923123
157.400000 120.133881
157.500000 120.344824
157.600000 120.555952
157.700000 120.767266
157.800000 120.978764
157.900000 121.190447
158.000000 121.402315
158.100000 121.614368
158.200000 121.826607
158.300000 122.039030
158.400000 122.251638
158.500000 122.464432
158.600000 122.677410
158.700000 122.890574
158.800000 123.103922
158.900000 123.317456
159.000000 123.531174
159.100000 123.745078
159.200000 123.959166
159.300000 124.173440
159.400000 124.387899
159.500000 124.602542
159.600000 124.817371
159.700000 125.032385
159.800000 125.247584
159.900000 125.462968
160.000000 125.678537
160.100000 125.894291
160.200000 126.110230
160.300000 126.326354
160.400000 126.542663
160.500000 126.759157
160.600000 126.975836
160.700000 127.192700
160.800000 127.409749
160.900000 127.626983
161.000000 127.844403
161.100000 128.062007
161.200000 128.279796
161.300000 128.497771
161.400000 128.715930
161.500000 128.934275
161.600000 129.152804
161.700000 129.371519
161.800000 129.590418
161.900000 129.809503
162.000000 130.028772
162.100000 130.248227
162.200000 130.467867
162.300000 130.687691
162.400000 130.907701
162.500000 131.127896
162.600000 131.348276
162.700000 131.568841
162.800000 131.789590
162.900000 132.010525
163.000000 132.231645
163.100000 132.452950
163.200000 132.674440
163.300000 132.896115
163.400000 133.117976
163.500000 133.340021
163.600000 133.562251
163.700000 133.784666
163.800000 134.007266
163.900000 134.230052
164.000000 134.453022
164.100000 134.676177
164.200000 134.899518
164.300000 135.123043
164.400000 135.346753
164.500000 135.570649
164.600000 135.794729
164.700000 136.018995
164.800000 136.243446
164.900000 136.468081
165.000000 136.692902
165.100000 136.917908
165.200000 137.143098
165.300000 137.368474
165.400000 137.594035
165.500000 137.819781
165.600000 138.045712
165.700000 138.271828
165.800000 138.498128
165.900000 138.724614
166.000000 138.951285
166.100000 139.178141
166.200000 139.405183
166.300000 139.632409
166.400000 139.859820
166.500000 140.087416
166.600000 140.315197
166.700000 140.543164
166.800000 140.771315
166.900000 140.999651
167.000000 141.228172
167.100000 141.456879
167.200000 141.685770
167.300000 141.914847
167.400000 142.144108
167.500000 142.373555
167.600000 142.603186
167.700000 142.833003
167.800000 143.063005
167.900000 143.293191
168.000000 143.523563
168.100000 143.754120
168.200000 143.984862
168.300000 144.215788
168.400000 144.446900
168.500000 144.678197
168.600000 144.909679
168.700000 145.141346
168.800000 145.373198
168.900000 145.605235
169.000000 145.837457
169.100000 146.069864
169.200000 146.302456
169.300000 146.535233
169.400000 146.768196
169.500000 147.001343
169.600000 147.234675
169.700000 147.468192
169.800000 147.701895
169.900000 147.935782
170.000000 148.169855
170.100000 148.404112
170.200000 148.638554
170.300000 148.873182
170.400000 149.107995
170.500000 149.342992
170.600000 149.578175
170.700000 149.813542
170.800000 150.049095
170.900000 150.284833
171.000000 150.520756
171.100000 150.756863
171.200000 150.993156
171.300000 151.229634
171.400000 151.466297
171.500000 151.703145
171.600000 151.940178
171.700000 152.177396
171.800000 152.414799
171.900000 152.652387
172.000000 152.890160
172.100000 153.128118
172.200000 153.366261
172.300000 153.604590
172.400000 153.843103
172.500000 154.081801
172.600000 154.320684
172.700000 154.559753
172.800000 154.799006
172.900000 155.038445
173.000000 155.278068
173.100000 155.517877
173.200000 155.757870
173.300000 155.998049
173.400000 156.238412
173.500000 156.478961
173.600000 156.719695
173.700000 156.960613
173.800000 157.201717
173.900000 157.443006
174.000000 157.684480
174.100000 157.926138
174.200000 158.167982
174.300000 158.410011
174.400000 158.652225
174.500000 158.894624
174.600000 159.137208
174.700000 159.379977
174.800000 159.622931
174.900000 159.866070
175.000000 160.109395
175.100000 160.352904
175.200000 160.596598
175.300000 160.840477
175.400000 161.084542
175.500000 161.328791
175.600000 161.573225
175.700000 161.817845
175.800000 162.062649
175.900000 162.307639
176.000000 162.552813
176.100000 162.798173
176.200000 163.043717
176.300000 163.289447
176.400000 163.535361
176.500000 163.781461
176.600000 164.027746
176.700000 164.274216
176.800000 164.520870
176.900000 164.767710
177.000000 165.014735
177.100000 165.261945
177.200000 165.509340
177.300000 165.756920
177.400000 166.004685
177.500000 166.252635
177.600000 166.500770
177.700000 166.749090
177.800000 166.997595
177.900000 167.246285
178.000000 167.495160
178.100000 167.744221
178.200000 167.993466
178.300000 168.242896
178.400000 168.492512
178.500000 168.742312
178.600000 168.992297
178.700000 169.242468
178.800000 169.492823
178.900000 169.743364
179.000000 169.994089
179.100000 170.245000
179.200000 170.496096
179.300000 170.747376
179.400000 170.998842
179.500000 171.250493
179.600000 171.502329
179.700000 171.754349
179.800000 172.006555
179.900000 172.258946
180.000000 172.511522
