-180.000000 171.396037
-179.900000 171.647482
-179.800000 171.899110
-179.700000 172.150923
-179.600000 172.402920
-179.500000 172.655101
-179.400000 172.907467
-179.300000 173.160017
-179.200000 173.412751
-179.100000 173.665669
-179.000000 173.918772
-178.900000 174.172059
-178.800000 174.425531
-178.700000 174.679187
-178.600000 174.933027
-178.500000 175.187051
-178.400000 175.441260
-178.300000 175.695653
-178.200000 175.950230
-178.100000 176.204992
-178.000000 176.459937
-177.900000 176.715068
-177.800000 176.970382
-177.700000 177.225881
-177.600000 177.481564
-177.500000 177.737431
-177.400000 177.993483
-177.300000 178.249719
-177.200000 178.506140
-177.100000 178.762744
-177.000000 179.019533
-176.900000 179.276506
-176.800000 179.533664
-176.700000 179.791006
-176.600000 180.048532
-176.500000 180.306242
-176.400000 180.564137
-176.300000 180.822216
-176.200000 181.080479
-176.100000 181.338927
-176.000000 181.597559
-175.900000 181.856375
-175.800000 182.115376
-175.700000 182.374561
-175.600000 182.633930
-175.500000 182.893483
-175.400000 183.153221
-175.300000 183.413143
-175.200000 183.673250
-175.100000 183.933540
-175.000000 184.194015
-174.900000 184.454675
-174.800000 184.715518
-174.700000 184.976546
-174.600000 185.237758
-174.500000 185.499155
-174.400000 185.760736
-174.300000 186.022501
-174.200000 186.284450
-174.100000 186.546584
-174.000000 186.808902
-173.900000 187.071404
-173.800000 187.334091
-173.700000 187.596962
-173.600000 187.860017
-173.500000 188.123257
-173.400000 188.386681
-173.300000 188.650289
-173.200000 188.914081
-173.100000 189.178058
-173.000000 189.442219
-172.900000 189.706564
-172.800000 189.971094
-172.700000 190.235808
-172.600000 190.500706
-172.500000 190.765789
-172.400000 191.031056
-172.300000 191.296507
-172.200000 191.562142
-172.100000 191.827962
-172.000000 192.093966
-171.900000 192.360155
-171.800000 192.626528
-171.700000 192.893085
-171.600000 193.159826
-171.500000 193.426751
-171.400000 193.693861
-171.300000 193.961156
-171.200000 194.228634
-171.100000 194.496297
-171.000000 194.764144
-170.900000 195.032176
-170.800000 195.300391
-170.700000 195.568791
-170.600000 195.837376
-170.500000 196.106144
-170.400000 196.375097
-170.300000 196.644235
-170.200000 196.913556
-170.100000 197.183062
-170.000000 197.452752
-169.900000 197.722627
-169.800000 197.992685
-169.700000 198.262929
-169.600000 198.533356
-169.500000 198.803968
-169.400000 199.074764
-169.300000 199.345744
-169.200000 199.616909
-169.100000 199.888257
-169.000000 200.159791
-168.900000 200.431508
-168.800000 200.703410
-168.700000 200.975496
-168.600000 201.247767
-168.500000 201.520221
-168.400000 201.792860
-168.300000 202.065684
-168.200000 202.338691
-168.100000 202.611883
-168.000000 202.885260
-167.900000 203.158820
-167.800000 203.432565
-167.700000 203.706494
-167.600000 203.980608
-167.500000 204.254905
-167.400000 204.529387
-167.300000 204.804054
-167.200000 205.078904
-167.100000 205.353939
-167.000000 205.629159
-166.900000 205.904562
-166.800000 206.180150
-166.700000 206.455922
-166.600000 206.731879
-166.500000 207.008020
-166.400000 207.284345
-166.300000 207.560854
-166.200000 207.837548
-166.100000 208.114426
-166.000000 208.391488
-165.900000 208.668735
-165.800000 208.946166
-165.700000 209.223781
-165.600000 209.501581
-165.500000 209.779564
-165.400000 210.057733
-165.300000 210.336085
-165.200000 210.614622
-165.100000 210.893343
-165.000000 211.172248
-164.900000 211.451338
-164.800000 211.730612
-164.700000 212.010070
-164.600000 212.289713
-164.500000 212.569539
-164.400000 212.849551
-164.300000 213.129746
-164.200000 213.410126
-164.100000 213.690690
-164.000000 213.971438
-163.900000 214.252371
-163.800000 214.533488
-163.700000 214.814789
-163.600000 215.096275
-163.500000 215.377945
-163.400000 215.659799
-163.300000 215.941838
-163.200000 216.224060
-163.100000 216.506468
-163.000000 216.789059
-162.900000 217.071835
-162.800000 217.354795
-162.700000 217.637939
-162.600000 217.921268
-162.500000 218.204781
-162.400000 218.488478
-162.300000 218.772359
-162.200000 219.056425
-162.100000 219.340675
-162.000000 219.625110
-161.900000 219.909729
-161.800000 220.194532
-161.700000 220.479519
-161.600000 220.764691
-161.500000 221.050047
-161.400000 221.335587
-161.300000 221.621312
-161.200000 221.907221
-161.100000 222.193314
-161.000000 222.479591
-160.900000 222.766053
-160.800000 223.052699
-160.700000 223.339530
-160.600000 223.626544
-160.500000 223.913743
-160.400000 224.201127
-160.300000 224.488694
-160.200000 224.776446
-160.100000 225.064382
-160.000000 225.352503
-159.900000 225.640808
-159.800000 225.929297
-159.700000 226.217970
-159.600000 226.506828
-159.500000 226.795870
-159.400000 227.085097
-159.300000 227.374507
-159.200000 227.664102
-159.100000 227.953881
-159.000000 228.243845
-158.900000 228.533993
-158.800000 228.824325
-158.700000 229.114842
-158.600000 229.405542
-158.500000 229.696427
-158.400000 229.987497
-158.300000 230.278751
-158.200000 230.570189
-158.100000 230.861811
-158.000000 231.153617
-157.900000 231.445608
-157.800000 231.737784
-157.700000 232.030143
-157.600000 232.322687
-157.500000 232.615415
-157.400000 232.908327
-157.300000 233.201424
-157.200000 233.494705
-157.100000 233.788171
-157.000000 234.081820
-156.900000 234.375654
-156.800000 234.669672
-156.700000 234.963875
-156.600000 235.258262
-156.500000 235.552833
-156.400000 235.847588
-156.300000 236.142528
-156.200000 236.437652
-156.100000 236.732961
-156.000000 237.028453
-155.900000 237.324130
-155.800000 237.619992
-155.700000 237.916037
-155.600000 238.212267
-155.500000 238.508681
-155.400000 238.805280
-155.300000 239.102063
-155.200000 239.399030
-155.100000 239.696181
-155.000000 239.993517
-154.900000 240.291037
-154.800000 240.588741
-154.700000 240.886630
-154.600000 241.184703
-154.500000 241.482960
-154.400000 241.781401
-154.300000 242.080027
-154.200000 242.378837
-154.100000 242.677832
-154.000000 242.977011
-153.900000 243.276374
-153.800000 243.575921
-153.700000 243.875653
-153.600000 244.175569
-153.500000 244.475669
-153.400000 244.775954
-153.300000 245.076422
-153.200000 245.377076
-153.100000 245.677913
-153.000000 245.978935
-152.900000 246.280141
-152.800000 246.581531
-152.700000 246.883106
-152.600000 247.184865
-152.500000 247.486808
-152.400000 247.788936
-152.300000 248.091248
-152.200000 248.393744
-152.100000 248.696425
-152.000000 248.999289
-151.900000 249.302339
-151.800000 249.605572
-151.700000 249.908990
-151.600000 250.212592
-151.500000 250.516378
-151.400000 250.820349
-151.300000 251.124504
-151.200000 251.428843
-151.100000 251.733367
-151.000000 252.038074
-150.900000 252.342967
-150.800000 252.648043
-150.700000 252.953304
-150.600000 253.258749
-150.500000 253.564378
-150.400000 253.870192
-150.300000 254.176190
-150.200000 254.482372
-150.100000 254.788739
-150.000000 255.095290
-149.900000 255.402025
-149.800000 255.708944
-149.700000 256.016048
-149.600000 256.323336
-149.500000 256.630809
-149.400000 256.938465
-149.300000 257.246306
-149.200000 257.554332
-149.100000 257.862541
-149.000000 258.170935
-148.900000 258.479514
-148.800000 258.788276
-148.700000 259.097223
-148.600000 259.406354
-148.500000 259.715669
-148.400000 260.025169
-148.300000 260.334853
-148.200000 260.644722
-148.100000 260.954774
-148.000000 261.265011
-147.900000 261.575433
-147.800000 261.886038
-147.700000 262.196828
-147.600000 262.507802
-147.500000 262.818961
-147.400000 263.130303
-147.300000 263.441831
-147.200000 263.753542
-147.100000 264.065438
-147.000000 264.377518
-146.900000 264.689782
-146.800000 265.002231
-146.700000 265.314863
-146.600000 265.627681
-146.500000 265.940682
-146.400000 266.253868
-146.300000 266.567238
-146.200000 266.880793
-146.100000 267.194531
-146.000000 267.508454
-145.900000 267.822562
-145.800000 268.136853
-145.700000 268.451329
-145.600000 268.765990
-145.500000 269.080834
-145.400000 269.395863
-145.300000 269.711076
-145.200000 270.026474
-145.100000 270.342055
-145.000000 270.657821
-144.900000 270.973772
-144.800000 271.289907
-144.700000 271.606225
-144.600000 271.922729
-144.500000 272.239416
-144.400000 272.556288
-144.300000 272.873344
-144.200000 273.190585
-144.100000 273.508010
-144.000000 273.825619
-143.900000 274.143412
-143.800000 274.461390
-143.700000 274.779552
-143.600000 275.097898
-143.500000 275.416429
-143.400000 275.735144
-143.300000 276.054043
-143.200000 276.373127
-143.100000 276.692395
-143.000000 277.011847
-142.900000 277.331483
-142.800000 277.651304
-142.700000 277.971309
-142.600000 278.291498
-142.500000 278.611872
-142.400000 278.932430
-142.300000 279.253172
-142.200000 279.574099
-142.100000 279.895210
-142.000000 280.216505
-141.900000 280.537984
-141.800000 280.859648
-141.700000 281.181496
-141.600000 281.503529
-141.500000 281.825745
-141.400000 282.148146
-141.300000 282.470732
-141.200000 282.793501
-141.100000 283.116455
-141.000000 283.439593
-140.900000 283.762916
-140.800000 284.086423
-140.700000 284.410114
-140.600000 284.733989
-140.500000 285.058049
-140.400000 285.382293
-140.300000 285.706721
-140.200000 286.031334
-140.100000 286.356131
-140.000000 286.681112
-139.900000 287.006278
-139.800000 287.331628
-139.700000 287.657162
-139.600000 287.982880
-139.500000 288.308783
-139.400000 288.634870
-139.300000 288.961142
-139.200000 289.287597
-139.100000 289.614237
-139.000000 289.941061
-138.900000 290.268070
-138.800000 290.595263
-138.700000 290.922640
-138.600000 291.250202
-138.500000 291.577947
-138.400000 291.905878
-138.300000 292.233992
-138.200000 292.562291
-138.100000 292.890774
-138.000000 293.219441
-137.900000 293.548293
-137.800000 293.877329
-137.700000 294.206549
-137.600000 294.535953
-137.500000 294.865542
-137.400000 295.195315
-137.300000 295.525273
-137.200000 295.855415
-137.100000 296.185741
-137.000000 296.516251
-136.900000 296.846946
-136.800000 297.177825
-136.700000 297.508888
-136.600000 297.840136
-136.500000 298.171567
-136.400000 298.503184
-136.300000 298.308762
-136.200000 297.977254
-136.100000 297.645930
-136.000000 297.314791
-135.900000 296.983836
-135.800000 296.653065
-135.700000 296.322478
-135.600000 295.992076
-135.500000 295.661858
-135.400000 295.331824
-135.300000 295.001974
-135.200000 294.672309
-135.100000 294.342829
-135.000000 294.013532
-134.900000 293.684420
-134.800000 293.355492
-134.700000 293.026748
-134.600000 292.698189
-134.500000 292.369814
-134.400000 292.041623
-134.300000 291.713617
-134.200000 291.385795
-134.100000 291.058157
-134.000000 290.730704
-133.900000 290.403435
-133.800000 290.076350
-133.700000 289.749449
-133.600000 289.422733
-133.500000 289.096201
-133.400000 288.769853
-133.300000 288.443690
-133.200000 288.117711
-133.100000 287.791916
-133.000000 287.466306
-132.900000 287.140880
-132.800000 286.815638
-132.700000 286.490580
-132.600000 286.165707
-132.500000 285.841018
-132.400000 285.516514
-132.300000 285.192193
-132.200000 284.868057
-132.100000 284.544106
-132.000000 284.220338
-131.900000 283.896755
-131.800000 283.573356
-131.700000 283.250142
-131.600000 282.927112
-131.500000 282.604266
-131.400000 282.281604
-131.300000 281.959127
-131.200000 281.636834
-131.100000 281.314725
-131.000000 280.992801
-130.900000 280.671061
-130.800000 280.349505
-130.700000 280.028134
-130.600000 279.706947
-130.500000 279.385944
-130.400000 279.065125
-130.300000 278.744491
-130.200000 278.424041
-130.100000 278.103776
-130.000000 277.783694
-129.900000 277.463797
-129.800000 277.144085
-129.700000 276.824556
-129.600000 276.505212
-129.500000 276.186052
-129.400000 275.867077
-129.300000 275.548286
-129.200000 275.229679
-129.100000 274.911256
-129.000000 274.593018
-128.900000 274.274964
-128.800000 273.957094
-128.700000 273.639409
-128.600000 273.321908
-128.500000 273.004591
-128.400000 272.687458
-128.300000 272.370510
-128.200000 272.053746
-128.100000 271.737167
-128.000000 271.420772
-127.900000 271.104561
-127.800000 270.788534
-127.700000 270.472692
-127.600000 270.157034
-127.500000 269.841560
-127.400000 269.526271
-127.300000 269.211165
-127.200000 268.896245
-127.100000 268.581508
-127.000000 268.266956
-126.900000 267.952588
-126.800000 267.638404
-126.700000 267.324405
-126.600000 267.010590
-126.500000 266.696959
-126.400000 266.383513
-126.300000 266.070251
-126.200000 265.757173
-126.100000 265.444280
-126.000000 265.131570
-125.900000 264.819046
-125.800000 264.506705
-125.700000 264.194549
-125.600000 263.882577
-125.500000 263.570789
-125.400000 263.259186
-125.300000 262.947767
-125.200000 262.636532
-125.100000 262.325482
-125.000000 262.014615
-124.900000 261.703934
-124.800000 261.393436
-124.700000 261.083123
-124.600000 260.772994
-124.500000 260.463049
-124.400000 260.153289
-124.300000 259.843713
-124.200000 259.534321
-124.100000 259.225114
-124.000000 258.916091
-123.900000 258.607252
-123.800000 258.298597
-123.700000 257.990127
-123.600000 257.681841
-123.500000 257.373740
-123.400000 257.065822
-123.300000 256.758090
-123.200000 256.450541
-123.100000 256.143176
-123.000000 255.835996
-122.900000 255.529001
-122.800000 255.222189
-122.700000 254.915562
-122.600000 254.609119
-122.500000 254.302861
-122.400000 253.996786
-122.300000 253.690896
-122.200000 253.385191
-122.100000 253.079669
-122.000000 252.774332
-121.900000 252.469180
-121.800000 252.164211
-121.700000 251.859427
-121.600000 251.554827
-121.500000 251.250412
-121.400000 250.946181
-121.300000 250.642134
-121.200000 250.338271
-121.100000 250.034593
-121.000000 249.731099
-120.900000 249.427789
-120.800000 249.124664
-120.700000 248.821723
-120.600000 248.518966
-120.500000 248.216393
-120.400000 247.914005
-120.300000 247.611801
-120.200000 247.309782
-120.100000 247.007947
-120.000000 246.706296
-119.900000 246.404829
-119.800000 246.103547
-119.700000 245.802449
-119.600000 245.501535
-119.500000 245.200805
-119.400000 244.900260
-119.300000 244.599899
-119.200000 244.299723
-119.100000 243.999731
-119.000000 243.699923
-118.900000 243.400299
-118.800000 243.100860
-118.700000 242.801605
-118.600000 242.502534
-118.500000 242.203648
-118.400000 241.904946
-118.300000 241.606428
-118.200000 241.308094
-118.100000 241.009945
-118.000000 240.711980
-117.900000 240.414200
-117.800000 240.116603
-117.700000 239.819191
-117.600000 239.521964
-117.500000 239.224920
-117.400000 238.928061
-117.300000 238.631386
-117.200000 238.334896
-117.100000 238.038590
-117.000000 237.742468
-116.900000 237.446530
-116.800000 237.150777
-116.700000 236.855208
-116.600000 236.559824
-116.500000 236.264623
-116.400000 235.969607
-116.300000 235.674775
-116.200000 235.380128
-116.100000 235.085665
-116.000000 234.791386
-115.900000 234.497292
-115.800000 234.203381
-115.700000 233.909656
-115.600000 233.616114
-115.500000 233.322757
-115.400000 233.029584
-115.300000 232.736595
-115.200000 232.443791
-115.100000 232.151170
-115.000000 231.858735
-114.900000 231.566483
-114.800000 231.274416
-114.700000 230.982533
-114.600000 230.690835
-114.500000 230.399320
-114.400000 230.107990
-114.300000 229.816845
-114.200000 229.525883
-114.100000 229.235106
-114.000000 228.944514
-113.900000 228.654105
-113.800000 228.363881
-113.700000 228.073841
-113.600000 227.783986
-113.500000 227.494314
-113.400000 227.204827
-113.300000 226.915525
-113.200000 226.626407
-113.100000 226.337473
-113.000000 226.048723
-112.900000 225.760157
-112.800000 225.471776
-112.700000 225.183580
-112.600000 224.895567
-112.500000 224.607739
-112.400000 224.320095
-112.300000 224.032635
-112.200000 223.745360
-112.100000 223.458269
-112.000000 223.171362
-111.900000 222.884640
-111.800000 222.598102
-111.700000 222.311748
-111.600000 222.025579
-111.500000 221.739594
-111.400000 221.453793
-111.300000 221.168176
-111.200000 220.882744
-111.100000 220.597496
-111.000000 220.312432
-110.900000 220.027553
-110.800000 219.742858
-110.700000 219.458347
-110.600000 219.174021
-110.500000 218.889879
-110.400000 218.605921
-110.300000 218.322147
-110.200000 218.038558
-110.100000 217.755153
-110.000000 217.471933
-109.900000 217.188896
-109.800000 216.906044
-109.700000 216.623377
-109.600000 216.340893
-109.500000 216.058594
-109.400000 215.776480
-109.300000 215.494549
-109.200000 215.212803
-109.100000 214.931241
-109.000000 214.649863
-108.900000 214.368670
-108.800000 214.087661
-108.700000 213.806837
-108.600000 213.526196
-108.500000 213.245740
-108.400000 212.965468
-108.300000 212.685381
-108.200000 212.405478
-108.100000 212.125759
-108.000000 211.846225
-107.900000 211.566874
-107.800000 211.287708
-107.700000 211.008727
-107.600000 210.729929
-107.500000 210.451316
-107.400000 210.172888
-107.300000 209.894643
-107.200000 209.616583
-107.100000 209.338707
-107.000000 209.061016
-106.900000 208.783509
-106.800000 208.506186
-106.700000 208.229047
-106.600000 207.952093
-106.500000 207.675323
-106.400000 207.398737
-106.300000 207.122336
-106.200000 206.846119
-106.100000 206.570086
-106.000000 206.294238
-105.900000 206.018574
-105.800000 205.743094
-105.700000 205.467798
-105.600000 205.192687
-105.500000 204.917760
-105.400000 204.643017
-105.300000 204.368459
-105.200000 204.094085
-105.100000 203.819895
-105.000000 203.545890
-104.900000 203.272069
-104.800000 202.998432
-104.700000 202.724979
-104.600000 202.451711
-104.500000 202.178627
-104.400000 201.905728
-104.300000 201.633012
-104.200000 201.360481
-104.100000 201.088135
-104.000000 200.815972
-103.900000 200.543994
-103.800000 200.272200
-103.700000 200.000591
-103.600000 199.729166
-103.500000 199.457925
-103.400000 199.186868
-103.300000 198.915996
-103.200000 198.645308
-103.100000 198.374805
-103.000000 198.104485
-102.900000 197.834350
-102.800000 197.564399
-102.700000 197.294633
-102.600000 197.025051
-102.500000 196.755653
-102.400000 196.486439
-102.300000 196.217410
-102.200000 195.948565
-102.100000 195.679905
-102.000000 195.411428
-101.900000 195.143136
-101.800000 194.875029
-101.700000 194.607105
-101.600000 194.339366
-101.500000 194.071811
-101.400000 193.804441
-101.300000 193.537255
-101.200000 193.270253
-101.100000 193.003435
-101.000000 192.736802
-100.900000 192.470353
-100.800000 192.204088
-100.700000 191.938008
-100.600000 191.672112
-100.500000 191.406400
-100.400000 191.140873
-100.300000 190.875530
-100.200000 190.610371
-100.100000 190.345396
-100.000000 190.080606
-99.900000 189.816000
-99.800000 189.551578
-99.700000 189.287341
-99.600000 189.023288
-99.500000 188.759419
-99.400000 188.495735
-99.300000 188.232235
-99.200000 187.968919
-99.100000 187.705787
-99.000000 187.442840
-98.900000 187.180077
-98.800000 186.917499
-98.700000 186.655104
-98.600000 186.392894
-98.500000 186.130869
-98.400000 185.869027
-98.300000 185.607370
-98.200000 185.345897
-98.100000 185.084609
-98.000000 184.823505
-97.900000 184.562585
-97.800000 184.301849
-97.700000 184.041298
-97.600000 183.780931
-97.500000 183.520749
-97.400000 183.260750
-97.300000 183.000936
-97.200000 182.741306
-97.100000 182.481861
-97.000000 182.222600
-96.900000 181.963523
-96.800000 181.704630
-96.700000 181.445922
-96.600000 181.187398
-96.500000 180.929059
-96.400000 180.670903
-96.300000 180.412932
-96.200000 180.155146
-96.100000 179.897543
-96.000000 179.640125
-95.900000 179.382891
-95.800000 179.125842
-95.700000 178.868977
-95.600000 178.612296
-95.500000 178.355799
-95.400000 178.099487
-95.300000 177.843359
-95.200000 177.587415
-95.100000 177.331656
-95.000000 177.076081
-94.900000 176.820690
-94.800000 176.565484
-94.700000 176.310462
-94.600000 176.055624
-94.500000 175.800970
-94.400000 175.546501
-94.300000 175.292216
-94.200000 175.038115
-94.100000 174.784199
-94.000000 174.530467
-93.900000 174.276919
-93.800000 174.023556
-93.700000 173.770377
-93.600000 173.517382
-93.500000 173.264571
-93.400000 173.011945
-93.300000 172.759503
-93.200000 172.507246
-93.100000 172.255172
-93.000000 172.003283
-92.900000 171.751579
-92.800000 171.500058
-92.700000 171.248722
-92.600000 170.997571
-92.500000 170.746603
-92.400000 170.495820
-92.300000 170.245221
-92.200000 169.994806
-92.100000 169.744576
-92.000000 169.494530
-91.900000 169.244669
-91.800000 168.994991
-91.700000 168.745498
-91.600000 168.496189
-91.500000 168.247065
-91.400000 167.998125
-91.300000 167.749369
-91.200000 167.500798
-91.100000 167.252410
-91.000000 167.004207
-90.900000 166.756189
-90.800000 166.508355
-90.700000 166.260705
-90.600000 166.013239
-90.500000 165.765957
-90.400000 165.518860
-90.300000 165.271948
-90.200000 165.025219
-90.100000 164.778675
-90.000000 164.532315
-89.900000 164.286139
-89.800000 164.040148
-89.700000 163.794341
-89.600000 163.548718
-89.500000 163.303280
-89.400000 163.058026
-89.300000 162.812956
-89.200000 162.568071
-89.100000 162.323370
-89.000000 162.078853
-88.900000 161.834520
-88.800000 161.590372
-88.700000 161.346408
-88.600000 161.102628
-88.500000 160.859033
-88.400000 160.615622
-88.300000 160.372395
-88.200000 160.129353
-88.100000 159.886495
-88.000000 159.643821
-87.900000 159.401332
-87.800000 159.159026
-87.700000 158.916905
-87.600000 158.674969
-87.500000 158.433217
-87.400000 158.191649
-87.300000 157.950265
-87.200000 157.709066
-87.100000 157.468050
-87.000000 157.227220
-86.900000 156.986573
-86.800000 156.746111
-86.700000 156.505833
-86.600000 156.265740
-86.500000 156.025830
-86.400000 155.786105
-86.300000 155.546565
-86.200000 155.307208
-86.100000 155.068036
-86.000000 154.829049
-85.900000 154.590245
-85.800000 154.351626
-85.700000 154.113191
-85.600000 153.874941
-85.500000 153.636875
-85.400000 153.398993
-85.300000 153.161295
-85.200000 152.923782
-85.100000 152.686453
-85.000000 152.449308
-84.900000 152.212348
-84.800000 151.975571
-84.700000 151.738980
-84.600000 151.502572
-84.500000 151.266349
-84.400000 151.030310
-84.300000 150.794456
-84.200000 150.558785
-84.100000 150.323299
-84.000000 150.087998
-83.900000 149.852880
-83.800000 149.617947
-83.700000 149.383198
-83.600000 149.148634
-83.500000 148.914254
-83.400000 148.680058
-83.300000 148.446046
-83.200000 148.212219
-83.100000 147.978576
-83.000000 147.745118
-82.900000 147.511843
-82.800000 147.278753
-82.700000 147.045848
-82.600000 146.813126
-82.500000 146.580589
-82.400000 146.348236
-82.300000 146.116068
-82.200000 145.884084
-82.100000 145.652284
-82.000000 145.420668
-81.900000 145.189237
-81.800000 144.957990
-81.700000 144.726927
-81.600000 144.496049
-81.500000 144.265355
-81.400000 144.034845
-81.300000 143.804519
-81.200000 143.574378
-81.100000 143.344421
-81.000000 143.114649
-80.900000 142.885061
-80.800000 142.655657
-80.700000 142.426437
-80.600000 142.197402
-80.500000 141.968551
-80.400000 141.739884
-80.300000 141.511401
-80.200000 141.283103
-80.100000 141.054989
-80.000000 140.827060
-79.900000 140.599315
-79.800000 140.371754
-79.700000 140.144377
-79.600000 139.917185
-79.500000 139.690177
-79.400000 139.463353
-79.300000 139.236714
-79.200000 139.010259
-79.100000 138.783988
-79.000000 138.557901
-78.900000 138.331999
-78.800000 138.106281
-78.700000 137.880748
-78.600000 137.655398
-78.500000 137.430234
-78.400000 137.205253
-78.300000 136.980457
-78.200000 136.755844
-78.100000 136.531417
-78.000000 136.307173
-77.900000 136.083114
-77.800000 135.859239
-77.700000 135.635549
-77.600000 135.412042
-77.500000 135.188721
-77.400000 134.965583
-77.300000 134.742630
-77.200000 134.519861
-77.100000 134.297276
-77.000000 134.074875
-76.900000 133.852659
-76.800000 133.630628
-76.700000 133.408780
-76.600000 133.187117
-76.500000 132.965638
-76.400000 132.744343
-76.300000 132.523233
-76.200000 132.302307
-76.100000 132.081565
-76.000000 131.861008
-75.900000 131.640635
-75.800000 131.420446
-75.700000 131.200442
-75.600000 130.980622
-75.500000 130.760986
-75.400000 130.541534
-75.300000 130.322267
-75.200000 130.103184
-75.100000 129.884285
-75.000000 129.665571
-74.900000 129.447041
-74.800000 129.228695
-74.700000 129.010534
-74.600000 128.792557
-74.500000 128.574764
-74.400000 128.357155
-74.300000 128.139731
-74.200000 127.922491
-74.100000 127.705435
-74.000000 127.488564
-73.900000 127.271877
-73.800000 127.055374
-73.700000 126.839056
-73.600000 126.622922
-73.500000 126.406972
-73.400000 126.191207
-73.300000 125.975626
-73.200000 125.760229
-73.100000 125.545016
-73.000000 125.329988
-72.900000 125.115144
-72.800000 124.900484
-72.700000 124.686009
-72.600000 124.471718
-72.500000 124.257611
-72.400000 124.043689
-72.300000 123.829950
-72.200000 123.616397
-72.100000 123.403027
-72.000000 123.189842
-71.900000 122.976841
-71.800000 122.764024
-71.700000 122.551392
-71.600000 122.338944
-71.500000 122.126680
-71.400000 121.914601
-71.300000 121.702706
-71.200000 121.490995
-71.100000 121.279468
-71.000000 121.068126
-70.900000 120.856968
-70.800000 120.645995
-70.700000 120.435205
-70.600000 120.224600
-70.500000 120.014180
-70.400000 119.803943
-70.300000 119.593891
-70.200000 119.384023
-70.100000 119.174340
-70.000000 118.964841
-69.900000 118.755526
-69.800000 118.546395
-69.700000 118.337449
-69.600000 118.128687
-69.500000 117.920110
-69.400000 117.711716
-69.300000 117.503507
-69.200000 117.295482
-69.100000 117.087642
-69.000000 116.879986
-68.900000 116.672514
-68.800000 116.465227
-68.700000 116.258123
-68.600000 116.051204
-68.500000 115.844470
-68.400000 115.637920
-68.300000 115.431554
-68.200000 115.225372
-68.100000 115.019374
-68.000000 114.813561
-67.900000 114.607933
-67.800000 114.402488
-67.700000 114.197228
-67.600000 113.992152
-67.500000 113.787260
-67.400000 113.582553
-67.300000 113.378030
-67.200000 113.173692
-67.100000 112.969537
-67.000000 112.765567
-66.900000 112.561781
-66.800000 112.358180
-66.700000 112.154763
-66.600000 111.951530
-66.500000 111.748481
-66.400000 111.545617
-66.300000 111.342937
-66.200000 111.140442
-66.100000 110.938130
-66.000000 110.736003
-65.900000 110.534061
-65.800000 110.332302
-65.700000 110.130728
-65.600000 109.929338
-65.500000 109.728133
-65.400000 109.527112
-65.300000 109.326275
-65.200000 109.125622
-65.100000 108.925154
-65.000000 108.724870
-64.900000 108.524770
-64.800000 108.324855
-64.700000 108.125124
-64.600000 107.925577
-64.500000 107.726214
-64.400000 107.527036
-64.300000 107.328042
-64.200000 107.129233
-64.100000 106.930608
-64.000000 106.732167
-63.900000 106.533910
-63.800000 106.335838
-63.700000 106.137950
-63.600000 105.940246
-63.500000 105.742726
-63.400000 105.545391
-63.300000 105.348240
-63.200000 105.151274
-63.100000 104.954492
-63.000000 104.757894
-62.900000 104.561480
-62.800000 104.365251
-62.700000 104.169206
-62.600000 103.973345
-62.500000 103.777669
-62.400000 103.582177
-62.300000 103.386869
-62.200000 103.191745
-62.100000 102.996806
-62.000000 102.802051
-61.900000 102.607481
-61.800000 102.413095
-61.700000 102.218893
-61.600000 102.024875
-61.500000 101.831042
-61.400000 101.637393
-61.300000 101.443928
-61.200000 101.250647
-61.100000 101.057551
-61.000000 100.864639
-60.900000 100.671912
-60.800000 100.479369
-60.700000 100.287010
-60.600000 100.094835
-60.500000 99.902845
-60.400000 99.711039
-60.300000 99.519417
-60.200000 99.327980
-60.100000 99.136726
-60.000000 98.945658
-59.900000 98.754773
-59.800000 98.564073
-59.700000 98.373557
-59.600000 98.183225
-59.500000 97.993078
-59.400000 97.803115
-59.300000 97.613337
-59.200000 97.423742
-59.100000 97.234332
-59.000000 97.045106
-58.900000 96.856065
-58.800000 96.667208
-58.700000 96.478535
-58.600000 96.290046
-58.500000 96.101742
-58.400000 95.913622
-58.300000 95.725686
-58.200000 95.537935
-58.100000 95.350368
-58.000000 95.162985
-57.900000 94.975787
-57.800000 94.788773
-57.700000 94.601943
-57.600000 94.415297
-57.500000 94.228836
-57.400000 94.042559
-57.300000 93.856467
-57.200000 93.670558
-57.100000 93.484834
-57.000000 93.299295
-56.900000 93.113939
-56.800000 92.928768
-56.700000 92.743781
-56.600000 92.558979
-56.500000 92.374361
-56.400000 92.189927
-56.300000 92.005677
-56.200000 91.821612
-56.100000 91.637731
-56.000000 91.454034
-55.900000 91.270522
-55.800000 91.087194
-55.700000 90.904050
-55.600000 90.721091
-55.500000 90.538316
-55.400000 90.355725
-55.300000 90.173318
-55.200000 89.991096
-55.100000 89.809058
-55.000000 89.627205
-54.900000 89.445535
-54.800000 89.264050
-54.700000 89.082749
-54.600000 88.901633
-54.500000 88.720701
-54.400000 88.539953
-54.300000 88.359390
-54.200000 88.179010
-54.100000 87.998816
-54.000000 87.818805
-53.900000 87.638979
-53.800000 87.459337
-53.700000 87.279879
-53.600000 87.100606
-53.500000 86.921517
-53.400000 86.742612
-53.300000 86.563891
-53.200000 86.385355
-53.100000 86.207003
-53.000000 86.028836
-52.900000 85.850853
-52.800000 85.673054
-52.700000 85.495439
-52.600000 85.318009
-52.500000 85.140763
-52.400000 84.963701
-52.300000 84.786823
-52.200000 84.610130
-52.100000 84.433621
-52.000000 84.257297
-51.900000 84.081157
-51.800000 83.905201
-51.700000 83.729429
-51.600000 83.553842
-51.500000 83.378439
-51.400000 83.203220
-51.300000 83.028186
-51.200000 82.853336
-51.100000 82.678670
-51.000000 82.504188
-50.900000 82.329891
-50.800000 82.155778
-50.700000 81.981850
-50.600000 81.808106
-50.500000 81.634546
-50.400000 81.461170
-50.300000 81.287979
-50.200000 81.114972
-50.100000 80.942149
-50.000000 80.769510
-49.900000 80.597056
-49.800000 80.424786
-49.700000 80.252701
-49.600000 80.080800
-49.500000 79.909083
-49.400000 79.737550
-49.300000 79.566202
-49.200000 79.395038
-49.100000 79.224058
-49.000000 79.053263
-48.900000 78.882652
-48.800000 78.712225
-48.700000 78.541982
-48.600000 78.371924
-48.500000 78.202050
-48.400000 78.032361
-48.300000 77.862855
-48.200000 77.693534
-48.100000 77.524398
-48.000000 77.355445
-47.900000 77.186677
-47.800000 77.018093
-47.700000 76.849694
-47.600000 76.681479
-47.500000 76.513448
-47.400000 76.345601
-47.300000 76.177939
-47.200000 76.010461
-47.100000 75.843168
-47.000000 75.676058
-46.900000 75.509133
-46.800000 75.342392
-46.700000 75.175836
-46.600000 75.009464
-46.500000 74.843276
-46.400000 74.677273
-46.300000 74.511453
-46.200000 74.345818
-46.100000 74.180368
-46.000000 74.015102
-45.900000 73.850020
-45.800000 73.685122
-45.700000 73.520408
-45.600000 73.355879
-45.500000 73.191535
-45.400000 73.027374
-45.300000 72.863398
-45.200000 72.699606
-45.100000 72.535998
-45.000000 72.372575
-44.900000 72.209336
-44.800000 72.046282
-44.700000 71.883411
-44.600000 71.720725
-44.500000 71.558223
-44.400000 71.395906
-44.300000 71.233773
-44.200000 71.071824
-44.100000 70.910059
-44.000000 70.748479
-43.900000 70.587083
-43.800000 70.425872
-43.700000 70.264844
-43.600000 70.104001
-43.500000 69.943343
-43.400000 69.782868
-43.300000 69.622578
-43.200000 69.462472
-43.100000 69.302551
-43.000000 69.142814
-42.900000 68.983261
-42.800000 68.823892
-42.700000 68.664708
-42.600000 68.505708
-42.500000 68.346892
-42.400000 68.188261
-42.300000 68.029814
-42.200000 67.871551
-42.100000 67.713473
-42.000000 67.555578
-41.900000 67.397869
-41.800000 67.240343
-41.700000 67.083002
-41.600000 66.925845
-41.500000 66.768872
-41.400000 66.612084
-41.300000 66.455480
-41.200000 66.299060
-41.100000 66.142825
-41.000000 65.986774
-40.900000 65.830907
-40.800000 65.675224
-40.700000 65.519726
-40.600000 65.364412
-40.500000 65.209283
-40.400000 65.054337
-40.300000 64.899576
-40.200000 64.745000
-40.100000 64.590607
-40.000000 64.436399
-39.900000 64.282375
-39.800000 64.128536
-39.700000 63.974881
-39.600000 63.821410
-39.500000 63.668123
-39.400000 63.515021
-39.300000 63.362103
-39.200000 63.209369
-39.100000 63.056820
-39.000000 62.904455
-38.900000 62.752274
-38.800000 62.600278
-38.700000 62.448466
-38.600000 62.296838
-38.500000 62.145394
-38.400000 61.994135
-38.300000 61.843060
-38.200000 61.692169
-38.100000 61.541463
-38.000000 61.390941
-37.900000 61.240603
-37.800000 61.090450
-37.700000 60.940481
-37.600000 60.790696
-37.500000 60.641096
-37.400000 60.491679
-37.300000 60.342447
-37.200000 60.193400
-37.100000 60.044537
-37.000000 59.895858
-36.900000 59.747363
-36.800000 59.599053
-36.700000 59.450927
-36.600000 59.302985
-36.500000 59.155227
-36.400000 59.007654
-36.300000 58.860265
-36.200000 58.713061
-36.100000 58.566041
-36.000000 58.419205
-35.900000 58.272553
-35.800000 58.126086
-35.700000 57.979803
-35.600000 57.833704
-35.500000 57.687789
-35.400000 57.542059
-35.300000 57.396513
-35.200000 57.251152
-35.100000 57.105975
-35.000000 56.960982
-34.900000 56.816173
-34.800000 56.671549
-34.700000 56.527109
-34.600000 56.382853
-34.500000 56.238782
-34.400000 56.094895
-34.300000 55.951192
-34.200000 55.807674
-34.100000 55.664339
-34.000000 55.521189
-33.900000 55.378224
-33.800000 55.235443
-33.700000 55.092846
-33.600000 54.950433
-33.500000 54.808205
-33.400000 54.666161
-33.300000 54.524301
-33.200000 54.382625
-33.100000 54.241134
-33.000000 54.099827
-32.900000 53.958705
-32.800000 53.817767
-32.700000 53.677013
-32.600000 53.536443
-32.500000 53.396058
-32.400000 53.255857
-32.300000 53.115840
-32.200000 52.976008
-32.100000 52.836360
-32.000000 52.696896
-31.900000 52.557616
-31.800000 52.418521
-31.700000 52.279610
-31.600000 52.140884
-31.500000 52.002341
-31.400000 51.863983
-31.300000 51.725810
-31.200000 51.587820
-31.100000 51.450015
-31.000000 51.312395
-30.900000 51.174958
-30.800000 51.037706
-30.700000 50.900638
-30.600000 50.763755
-30.500000 50.627055
-30.400000 50.490540
-30.300000 50.354210
-30.200000 50.218063
-30.100000 50.082101
-30.000000 49.946324
-29.900000 49.810730
-29.800000 49.675321
-29.700000 49.540096
-29.600000 49.405056
-29.500000 49.270200
-29.400000 49.135528
-29.300000 49.001040
-29.200000 48.866737
-29.100000 48.732618
-29.000000 48.598683
-28.900000 48.464933
-28.800000 48.331367
-28.700000 48.197985
-28.600000 48.064787
-28.500000 47.931774
-28.400000 47.798945
-28.300000 47.666301
-28.200000 47.533840
-28.100000 47.401565
-28.000000 47.269473
-27.900000 47.137565
-27.800000 47.005842
-27.700000 46.874304
-27.600000 46.742949
-27.500000 46.611779
-27.400000 46.480793
-27.300000 46.349992
-27.200000 46.219375
-27.100000 46.088942
-27.000000 45.958693
-26.900000 45.828629
-26.800000 45.698749
-26.700000 45.569053
-26.600000 45.439542
-26.500000 45.310214
-26.400000 45.181072
-26.300000 45.052113
-26.200000 44.923339
-26.100000 44.794749
-26.000000 44.666344
-25.900000 44.538122
-25.800000 44.410085
-25.700000 44.282233
-25.600000 44.154564
-25.500000 44.027080
-25.400000 43.899780
-25.300000 43.772665
-25.200000 43.645734
-25.100000 43.518987
-25.000000 43.392424
-24.900000 43.266046
-24.800000 43.139852
-24.700000 43.013843
-24.600000 42.888017
-24.500000 42.762376
-24.400000 42.636919
-24.300000 42.511647
-24.200000 42.386559
-24.100000 42.261655
-24.000000 42.136936
-23.900000 42.012400
-23.800000 41.888049
-23.700000 41.763883
-23.600000 41.639901
-23.500000 41.516103
-23.400000 41.392489
-23.300000 41.269060
-23.200000 41.145814
-23.100000 41.022754
-23.000000 40.899877
-22.900000 40.777185
-22.800000 40.654677
-22.700000 40.532354
-22.600000 40.410214
-22.500000 40.288259
-22.400000 40.166489
-22.300000 40.044902
-22.200000 39.923500
-22.100000 39.802283
-22.000000 39.681249
-21.900000 39.560400
-21.800000 39.439735
-21.700000 39.319255
-21.600000 39.198958
-21.500000 39.078847
-21.400000 38.958919
-21.300000 38.839176
-21.200000 38.719617
-21.100000 38.600242
-21.000000 38.481051
-20.900000 38.362045
-20.800000 38.243224
-20.700000 38.124586
-20.600000 38.006133
-20.500000 37.887864
-20.400000 37.769779
-20.300000 37.651879
-20.200000 37.534163
-20.100000 37.416631
-20.000000 37.299284
-19.900000 37.182121
-19.800000 37.065142
-19.700000 36.948348
-19.600000 36.831738
-19.500000 36.715312
-19.400000 36.599070
-19.300000 36.483013
-19.200000 36.367140
-19.100000 36.251451
-19.000000 36.135947
-18.900000 36.020627
-18.800000 35.905491
-18.700000 35.790540
-18.600000 35.675773
-18.500000 35.561190
-18.400000 35.446792
-18.300000 35.332577
-18.200000 35.218547
-18.100000 35.104702
-18.000000 34.991041
-17.900000 34.877564
-17.800000 34.764271
-17.700000 34.651162
-17.600000 34.538238
-17.500000 34.425499
-17.400000 34.312943
-17.300000 34.200572
-17.200000 34.088385
-17.100000 33.976383
-17.000000 33.864564
-16.900000 33.752930
-16.800000 33.641481
-16.700000 33.530215
-16.600000 33.419134
-16.500000 33.308238
-16.400000 33.197525
-16.300000 33.086997
-16.200000 32.976653
-16.100000 32.866494
-16.000000 32.756518
-15.900000 32.646727
-15.800000 32.537121
-15.700000 32.427699
-15.600000 32.318461
-15.500000 32.209407
-15.400000 32.100537
-15.300000 31.991852
-15.200000 31.883352
-15.100000 31.775035
-15.000000 31.666903
-14.900000 31.558955
-14.800000 31.451191
-14.700000 31.343612
-14.600000 31.236217
-14.500000 31.129006
-14.400000 31.021980
-14.300000 30.915138
-14.200000 30.808480
-14.100000 30.702007
-14.000000 30.595718
-13.900000 30.489613
-13.800000 30.383692
-13.700000 30.277956
-13.600000 30.172404
-13.500000 30.067036
-13.400000 29.961853
-13.300000 29.856854
-13.200000 29.752039
-13.100000 29.647409
-13.000000 29.542963
-12.900000 29.438701
-12.800000 29.334624
-12.700000 29.230730
-12.600000 29.127021
-12.500000 29.023497
-12.400000 28.920157
-12.300000 28.817001
-12.200000 28.714029
-12.100000 28.611241
-12.000000 28.508638
-11.900000 28.406220
-11.800000 28.303985
-11.700000 28.201935
-11.600000 28.100069
-11.500000 27.998388
-11.400000 27.896890
-11.300000 27.795577
-11.200000 27.694449
-11.100000 27.593504
-11.000000 27.492744
-10.900000 27.392169
-10.800000 27.291777
-10.700000 27.191570
-10.600000 27.091547
-10.500000 26.991709
-10.400000 26.892054
-10.300000 26.792584
-10.200000 26.693299
-10.100000 26.594198
-10.000000 26.495281
-9.900000 26.396548
-9.800000 26.297999
-9.700000 26.199635
-9.600000 26.101456
-9.500000 26.003460
-9.400000 25.905649
-9.300000 25.808022
-9.200000 25.710579
-9.100000 25.613321
-9.000000 25.516247
-8.900000 25.419357
-8.800000 25.322652
-8.700000 25.226131
-8.600000 25.129794
-8.500000 25.033642
-8.400000 24.937674
-8.300000 24.841890
-8.200000 24.746290
-8.100000 24.650875
-8.000000 24.555644
-7.900000 24.460597
-7.800000 24.365735
-7.700000 24.271057
-7.600000 24.176563
-7.500000 24.082254
-7.400000 23.988129
-7.300000 23.894188
-7.200000 23.800432
-7.100000 23.706859
-7.000000 23.613471
-6.900000 23.520268
-6.800000 23.427249
-6.700000 23.334414
-6.600000 23.241763
-6.500000 23.149297
-6.400000 23.057014
-6.300000 22.964917
-6.200000 22.873003
-6.100000 22.781274
-6.000000 22.689729
-5.900000 22.598369
-5.800000 22.507192
-5.700000 22.416200
-5.600000 22.325393
-5.500000 22.234769
-5.400000 22.144330
-5.300000 22.054076
-5.200000 21.964005
-5.100000 21.874119
-5.000000 21.784417
-4.900000 21.694900
-4.800000 21.605566
-4.700000 21.516418
-4.600000 21.427453
-4.500000 21.338673
-4.400000 21.250077
-4.300000 21.161665
-4.200000 21.073438
-4.100000 20.985394
-4.000000 20.897536
-3.900000 20.809861
-3.800000 20.722371
-3.700000 20.635065
-3.600000 20.547943
-3.500000 20.461006
-3.400000 20.374253
-3.300000 20.287685
-3.200000 20.201300
-3.100000 20.115100
-3.000000 20.029084
-2.900000 19.943253
-2.800000 19.857606
-2.700000 19.772143
-2.600000 19.686864
-2.500000 19.601770
-2.400000 19.516860
-2.300000 19.432135
-2.200000 19.347593
-2.100000 19.263236
-2.000000 19.179064
-1.900000 19.095075
-1.800000 19.011271
-1.700000 18.927651
-1.600000 18.844216
-1.500000 18.760964
-1.400000 18.677898
-1.300000 18.595015
-1.200000 18.512317
-1.100000 18.429803
-1.000000 18.347473
-0.900000 18.265328
-0.800000 18.183367
-0.700000 18.101590
-0.600000 18.019997
-0.500000 17.938589
-0.400000 17.857365
-0.300000 17.776326
-0.200000 17.695470
-0.100000 17.614800
-0.000000 17.534313
0.100000 17.454011
0.200000 17.373892
0.300000 17.293959
0.400000 17.214209
0.500000 17.134644
0.600000 17.055263
0.700000 16.976067
0.800000 16.897055
0.900000 16.818227
1.000000 16.739583
1.100000 16.661124
1.200000 16.582849
1.300000 16.504758
1.400000 16.426852
1.500000 16.349130
1.600000 16.271592
1.700000 16.194238
1.800000 16.117069
1.900000 16.040084
2.000000 15.963284
2.100000 15.886667
2.200000 15.810235
2.300000 15.733988
2.400000 15.657924
2.500000 15.582045
2.600000 15.506351
2.700000 15.430840
2.800000 15.355514
2.900000 15.280372
3.000000 15.205415
3.100000 15.130641
3.200000 15.056052
3.300000 14.981648
3.400000 14.907427
3.500000 14.833391
3.600000 14.759540
3.700000 14.685872
3.800000 14.612389
3.900000 14.539090
4.000000 14.465976
4.100000 14.393046
4.200000 14.320300
4.300000 14.247738
4.400000 14.175361
4.500000 14.103168
4.600000 14.031159
4.700000 13.959335
4.800000 13.887695
4.900000 13.816239
5.000000 13.744968
5.100000 13.673880
5.200000 13.602977
5.300000 13.532259
5.400000 13.461725
5.500000 13.391375
5.600000 13.321209
5.700000 13.251228
5.800000 13.181431
5.900000 13.111818
6.000000 13.042390
6.100000 12.973145
6.200000 12.904086
6.300000 12.835210
6.400000 12.766519
6.500000 12.698012
6.600000 12.629689
6.700000 12.561551
6.800000 12.493597
6.900000 12.425827
7.000000 12.358242
7.100000 12.290841
7.200000 12.223624
7.300000 12.156592
7.400000 12.089743
7.500000 12.023079
7.600000 11.956600
7.700000 11.890305
7.800000 11.824194
7.900000 11.758267
8.000000 11.692525
8.100000 11.626967
8.200000 11.561593
8.300000 11.496403
8.400000 11.431398
8.500000 11.366577
8.600000 11.301941
8.700000 11.237489
8.800000 11.173221
8.900000 11.109137
9.000000 11.045238
9.100000 10.981523
9.200000 10.917992
9.300000 10.854646
9.400000 10.791483
9.500000 10.728506
9.600000 10.665712
9.700000 10.603103
9.800000 10.540678
9.900000 10.478437
10.000000 10.416381
10.100000 10.354509
10.200000 10.292821
10.300000 10.231318
10.400000 10.169999
10.500000 10.108864
10.600000 10.047914
10.700000 9.987148
10.800000 9.926566
10.900000 9.866168
11.000000 9.805955
11.100000 9.745926
11.200000 9.686081
11.300000 9.626421
11.400000 9.566945
11.500000 9.507653
11.600000 9.448546
11.700000 9.389623
11.800000 9.330884
11.900000 9.272329
12.000000 9.213959
12.100000 9.155773
12.200000 9.097772
12.300000 9.039954
12.400000 8.982321
12.500000 8.924873
12.600000 8.867608
12.700000 8.810528
12.800000 8.753632
12.900000 8.696921
13.000000 8.640394
13.100000 8.584051
13.200000 8.527892
13.300000 8.471918
13.400000 8.416128
13.500000 8.360522
13.600000 8.305101
13.700000 8.249864
13.800000 8.194811
13.900000 8.139943
14.000000 8.085258
14.100000 8.030759
14.200000 7.976443
14.300000 7.922312
14.400000 7.868365
14.500000 7.814602
14.600000 7.761024
14.700000 7.707630
14.800000 7.654420
14.900000 7.601395
15.000000 7.548554
15.100000 7.495897
15.200000 7.443424
15.300000 7.391136
15.400000 7.339032
15.500000 7.287113
15.600000 7.235377
15.700000 7.183826
15.800000 7.132460
15.900000 7.081277
16.000000 7.030279
16.100000 6.979466
16.200000 6.928836
16.300000 6.878391
16.400000 6.828130
16.500000 6.778054
16.600000 6.728161
16.700000 6.678453
16.800000 6.628930
16.900000 6.579590
17.000000 6.530435
17.100000 6.481465
17.200000 6.432678
17.300000 6.384076
17.400000 6.335658
17.500000 6.287425
17.600000 6.239375
17.700000 6.191511
17.800000 6.143830
17.900000 6.096334
18.000000 6.049022
18.100000 6.001894
18.200000 5.954951
18.300000 5.908191
18.400000 5.861617
18.500000 5.815226
18.600000 5.769020
18.700000 5.722998
18.800000 5.677161
18.900000 5.631507
19.000000 5.586038
19.100000 5.540754
19.200000 5.495653
19.300000 5.450737
19.400000 5.406005
19.500000 5.361458
19.600000 5.317095
19.700000 5.272916
19.800000 5.228921
19.900000 5.185111
20.000000 5.141485
20.100000 5.098044
20.200000 5.054786
20.300000 5.011713
20.400000 4.968825
20.500000 4.926120
20.600000 4.883600
20.700000 4.841264
20.800000 4.799113
20.900000 4.757146
21.000000 4.715363
21.100000 4.673764
21.200000 4.632350
21.300000 4.591120
21.400000 4.550074
21.500000 4.509213
21.600000 4.468536
21.700000 4.428043
21.800000 4.387734
21.900000 4.347610
22.000000 4.307670
22.100000 4.267915
22.200000 4.228344
22.300000 4.188957
22.400000 4.149754
22.500000 4.110736
22.600000 4.071902
22.700000 4.033252
22.800000 3.994787
22.900000 3.956505
23.000000 3.918409
23.100000 3.880496
23.200000 3.842768
23.300000 3.805224
23.400000 3.767864
23.500000 3.730689
23.600000 3.693698
23.700000 3.656891
23.800000 3.620269
23.900000 3.583831
24.000000 3.547577
24.100000 3.511508
24.200000 3.475622
24.300000 3.439922
24.400000 3.404405
24.500000 3.369073
24.600000 3.333925
24.700000 3.298961
24.800000 3.264182
24.900000 3.229587
25.000000 3.195176
25.100000 3.160949
25.200000 3.126907
25.300000 3.093049
25.400000 3.059376
25.500000 3.025887
25.600000 2.992582
25.700000 2.959461
25.800000 2.926525
25.900000 2.893773
26.000000 2.861205
26.100000 2.828822
26.200000 2.796623
26.300000 2.764608
26.400000 2.732777
26.500000 2.701131
26.600000 2.669669
26.700000 2.638392
26.800000 2.607298
26.900000 2.576389
27.000000 2.545665
27.100000 2.515124
27.200000 2.484768
27.300000 2.454596
27.400000 2.424609
27.500000 2.394806
27.600000 2.365187
27.700000 2.335752
27.800000 2.306502
27.900000 2.277436
28.000000 2.248555
28.100000 2.219857
28.200000 2.191344
28.300000 2.163015
28.400000 2.134871
28.500000 2.106911
28.600000 2.079135
28.700000 2.051544
28.800000 2.024136
28.900000 1.996913
29.000000 1.969875
29.100000 1.943020
29.200000 1.916350
29.300000 1.889865
29.400000 1.863563
29.500000 1.837446
29.600000 1.811514
29.700000 1.785765
29.800000 1.760201
29.900000 1.734821
30.000000 1.709625
30.100000 1.684614
30.200000 1.659787
30.300000 1.635145
30.400000 1.610686
30.500000 1.586412
30.600000 1.562322
30.700000 1.538417
30.800000 1.514696
30.900000 1.491159
31.000000 1.467806
31.100000 1.444638
31.200000 1.421654
31.300000 1.398855
31.400000 1.376239
31.500000 1.353808
31.600000 1.331562
31.700000 1.309499
31.800000 1.287621
31.900000 1.265927
32.000000 1.244418
32.100000 1.223093
32.200000 1.201952
32.300000 1.180995
32.400000 1.160223
32.500000 1.139635
32.600000 1.119231
32.700000 1.099012
32.800000 1.078977
32.900000 1.059126
33.000000 1.039459
33.100000 1.019977
33.200000 1.000679
33.300000 0.981566
33.400000 0.962637
33.500000 0.943892
33.600000 0.925331
33.700000 0.906955
33.800000 0.888763
33.900000 0.870755
34.000000 0.852932
34.100000 0.835292
34.200000 0.817838
34.300000 0.800567
34.400000 0.783481
34.500000 0.766579
34.600000 0.749861
34.700000 0.733328
34.800000 0.716979
34.900000 0.700814
35.000000 0.684834
35.100000 0.669038
35.200000 0.653426
35.300000 0.637999
35.400000 0.622755
35.500000 0.607697
35.600000 0.592822
35.700000 0.578132
35.800000 0.563626
35.900000 0.549304
36.000000 0.535167
36.100000 0.521214
36.200000 0.507445
36.300000 0.493860
36.400000 0.480460
36.500000 0.467244
36.600000 0.454213
36.700000 0.441366
36.800000 0.428703
36.900000 0.416224
37.000000 0.403930
37.100000 0.391820
37.200000 0.379894
37.300000 0.368153
37.400000 0.356596
37.500000 0.345223
37.600000 0.334034
37.700000 0.323030
37.800000 0.312210
37.900000 0.301575
38.000000 0.291123
38.100000 0.280856
38.200000 0.270774
38.300000 0.260875
38.400000 0.251161
38.500000 0.241631
38.600000 0.232286
38.700000 0.223125
38.800000 0.214148
38.900000 0.205355
39.000000 0.196747
39.100000 0.188323
39.200000 0.180084
39.300000 0.172028
39.400000 0.164157
39.500000 0.156471
39.600000 0.148968
39.700000 0.141650
39.800000 0.134516
39.900000 0.127567
40.000000 0.120801
40.100000 0.114221
40.200000 0.107824
40.300000 0.101612
40.400000 0.095584
40.500000 0.089740
40.600000 0.084081
40.700000 0.078605
40.800000 0.073315
40.900000 0.068208
41.000000 0.063286
41.100000 0.058548
41.200000 0.053995
41.300000 0.049625
41.400000 0.045440
41.500000 0.041440
41.600000 0.037623
41.700000 0.033991
41.800000 0.030544
41.900000 0.027280
42.000000 0.024201
42.100000 0.021306
42.200000 0.018596
42.300000 0.016069
42.400000 0.013727
42.500000 0.011570
42.600000 0.009596
42.700000 0.007807
42.800000 0.006203
42.900000 0.004782
43.000000 0.003546
43.100000 0.002494
43.200000 0.001627
43.300000 0.000944
43.400000 0.000445
43.500000 0.000130
43.600000 0.000000
43.700000 0.000054
43.800000 0.000292
43.900000 0.000715
44.000000 0.001322
44.100000 0.002113
44.200000 0.003089
44.300000 0.004249
44.400000 0.005593
44.500000 0.007121
44.600000 0.008834
44.700000 0.010731
44.800000 0.012812
44.900000 0.015078
45.000000 0.017528
45.100000 0.020162
45.200000 0.022981
45.300000 0.025984
45.400000 0.029171
45.500000 0.032542
45.600000 0.036098
45.700000 0.039838
45.800000 0.043763
45.900000 0.047871
46.000000 0.052164
46.100000 0.056642
46.200000 0.061303
46.300000 0.066149
46.400000 0.071179
46.500000 0.076394
46.600000 0.081793
46.700000 0.087376
46.800000 0.093143
46.900000 0.099095
47.000000 0.105231
47.100000 0.111551
47.200000 0.118056
47.300000 0.124745
47.400000 0.131618
47.500000 0.138676
47.600000 0.145918
47.700000 0.153344
47.800000 0.160954
47.900000 0.168749
48.000000 0.176728
48.100000 0.184891
48.200000 0.193239
48.300000 0.201771
48.400000 0.210487
48.500000 0.219388
48.600000 0.228473
48.700000 0.237742
48.800000 0.247196
48.900000 0.256833
49.000000 0.266656
49.100000 0.276662
49.200000 0.286853
49.300000 0.297228
49.400000 0.307787
49.500000 0.318531
49.600000 0.329459
49.700000 0.340571
49.800000 0.351867
49.900000 0.363348
50.000000 0.375013
50.100000 0.386863
50.200000 0.398897
50.300000 0.411115
50.400000 0.423517
50.500000 0.436104
50.600000 0.448875
50.700000 0.461830
50.800000 0.474969
50.900000 0.488293
51.000000 0.501802
51.100000 0.515494
51.200000 0.529371
51.300000 0.543432
51.400000 0.557677
51.500000 0.572107
51.600000 0.586721
51.700000 0.601519
51.800000 0.616502
51.900000 0.631669
52.000000 0.647020
52.100000 0.662556
52.200000 0.678275
52.300000 0.694180
52.400000 0.710268
52.500000 0.726541
52.600000 0.742998
52.700000 0.759639
52.800000 0.776465
52.900000 0.793475
53.000000 0.810669
53.100000 0.828048
53.200000 0.845610
53.300000 0.863358
53.400000 0.881289
53.500000 0.899405
53.600000 0.917705
53.700000 0.936189
53.800000 0.954858
53.900000 0.973711
54.000000 0.992748
54.100000 1.011970
54.200000 1.031376
54.300000 1.050966
54.400000 1.070740
54.500000 1.090699
54.600000 1.110842
54.700000 1.131170
54.800000 1.151681
54.900000 1.172377
55.000000 1.193258
55.100000 1.214322
55.200000 1.235571
55.300000 1.257005
55.400000 1.278622
55.500000 1.300424
55.600000 1.322410
55.700000 1.344581
55.800000 1.366935
55.900000 1.389474
56.000000 1.412198
56.100000 1.435105
56.200000 1.458197
56.300000 1.481474
56.400000 1.504934
56.500000 1.528579
56.600000 1.552408
56.700000 1.576422
56.800000 1.600620
56.900000 1.625002
57.000000 1.649568
57.100000 1.674319
57.200000 1.699254
57.300000 1.724373
57.400000 1.749677
57.500000 1.775165
57.600000 1.800837
57.700000 1.826693
57.800000 1.852734
57.900000 1.878959
58.000000 1.905369
58.100000 1.931963
58.200000 1.958741
58.300000 1.985703
58.400000 2.012850
58.500000 2.040181
58.600000 2.067696
58.700000 2.095395
58.800000 2.123279
58.900000 2.151347
59.000000 2.179600
59.100000 2.208037
59.200000 2.236658
59.300000 2.265463
59.400000 2.294453
59.500000 2.323627
59.600000 2.352985
59.700000 2.382528
59.800000 2.412255
59.900000 2.442166
60.000000 2.472261
60.100000 2.502541
60.200000 2.533005
60.300000 2.563654
60.400000 2.594486
60.500000 2.625503
60.600000 2.656705
60.700000 2.688090
60.800000 2.719660
60.900000 2.751414
61.000000 2.783353
61.100000 2.815476
61.200000 2.847783
61.300000 2.880274
61.400000 2.912950
61.500000 2.945810
61.600000 2.978855
61.700000 3.012083
61.800000 3.045496
61.900000 3.079094
62.000000 3.112875
62.100000 3.146841
62.200000 3.180991
62.300000 3.215326
62.400000 3.249844
62.500000 3.284548
62.600000 3.319435
62.700000 3.354507
62.800000 3.389763
62.900000 3.425203
63.000000 3.460828
63.100000 3.496637
63.200000 3.532630
63.300000 3.568807
63.400000 3.605169
63.500000 3.641715
63.600000 3.678446
63.700000 3.715360
63.800000 3.752459
63.900000 3.789743
64.000000 3.827210
64.100000 3.864862
64.200000 3.902699
64.300000 3.940719
64.400000 3.978924
64.500000 4.017313
64.600000 4.055887
64.700000 4.094644
64.800000 4.133587
64.900000 4.172713
65.000000 4.212024
65.100000 4.251519
65.200000 4.291198
65.300000 4.331062
65.400000 4.371109
65.500000 4.411342
65.600000 4.451758
65.700000 4.492359
65.800000 4.533144
65.900000 4.574113
66.000000 4.615267
66.100000 4.656605
66.200000 4.698128
66.300000 4.739834
66.400000 4.781725
66.500000 4.823800
66.600000 4.866060
66.700000 4.908504
66.800000 4.951132
66.900000 4.993944
67.000000 5.036941
67.100000 5.080122
67.200000 5.123488
67.300000 5.167037
67.400000 5.210771
67.500000 5.254689
67.600000 5.298792
67.700000 5.343079
67.800000 5.387550
67.900000 5.432206
68.000000 5.477045
68.100000 5.522069
68.200000 5.567278
68.300000 5.612671
68.400000 5.658248
68.500000 5.704009
68.600000 5.749955
68.700000 5.796084
68.800000 5.842399
68.900000 5.888897
69.000000 5.935580
69.100000 5.982447
69.200000 6.029499
69.300000 6.076734
69.400000 6.124154
69.500000 6.171759
69.600000 6.219547
69.700000 6.267520
69.800000 6.315678
69.900000 6.364019
70.000000 6.412545
70.100000 6.461255
70.200000 6.510150
70.300000 6.559228
70.400000 6.608492
70.500000 6.657939
70.600000 6.707571
70.700000 6.757387
70.800000 6.807387
70.900000 6.857571
71.000000 6.907940
71.100000 6.958494
71.200000 7.009231
71.300000 7.060153
71.400000 7.111259
71.500000 7.162549
71.600000 7.214024
71.700000 7.265683
71.800000 7.317527
71.900000 7.369554
72.000000 7.421766
72.100000 7.474162
72.200000 7.526743
72.300000 7.579508
72.400000 7.632457
72.500000 7.685590
72.600000 7.738908
72.700000 7.792410
72.800000 7.846097
72.900000 7.899967
73.000000 7.954022
73.100000 8.008261
73.200000 8.062685
73.300000 8.117293
73.400000 8.172085
73.500000 8.227062
73.600000 8.282222
73.700000 8.337567
73.800000 8.393097
73.900000 8.448811
74.000000 8.504709
74.100000 8.560791
74.200000 8.617058
74.300000 8.673508
74.400000 8.730144
74.500000 8.786963
74.600000 8.843967
74.700000 8.901155
74.800000 8.958528
74.900000 9.016084
75.000000 9.073825
75.100000 9.131751
75.200000 9.189860
75.300000 9.248154
75.400000 9.306633
75.500000 9.365295
75.600000 9.424142
75.700000 9.483173
75.800000 9.542389
75.900000 9.601788
76.000000 9.661373
76.100000 9.721141
76.200000 9.781094
76.300000 9.841231
76.400000 9.901552
76.500000 9.962057
76.600000 10.022747
76.700000 10.083622
76.800000 10.144680
76.900000 10.205923
77.000000 10.267350
77.100000 10.328961
77.200000 10.390757
77.300000 10.452737
77.400000 10.514902
77.500000 10.577250
77.600000 10.639783
77.700000 10.702500
77.800000 10.765402
77.900000 10.828488
78.000000 10.891758
78.100000 10.955212
78.200000 11.018851
78.300000 11.082674
78.400000 11.146682
78.500000 11.210873
78.600000 11.275249
78.700000 11.339809
78.800000 11.404554
78.900000 11.469483
79.000000 11.534596
79.100000 11.599894
79.200000 11.665375
79.300000 11.731042
79.400000 11.796892
79.500000 11.862927
79.600000 11.929146
79.700000 11.995549
79.800000 12.062137
79.900000 12.128909
80.000000 12.195865
80.100000 12.263005
80.200000 12.330330
80.300000 12.397839
80.400000 12.465533
80.500000 12.533410
80.600000 12.601472
80.700000 12.669719
80.800000 12.738149
80.900000 12.806764
81.000000 12.875564
81.100000 12.944547
81.200000 13.013715
81.300000 13.083067
81.400000 13.152604
81.500000 13.222325
81.600000 13.292230
81.700000 13.362319
81.800000 13.432593
81.900000 13.503051
82.000000 13.573693
82.100000 13.644520
82.200000 13.715530
82.300000 13.786726
82.400000 13.858105
82.500000 13.929669
82.600000 14.001417
82.700000 14.073350
82.800000 14.145466
82.900000 14.217767
83.000000 14.290253
83.100000 14.362922
83.200000 14.435776
83.300000 14.508814
83.400000 14.582037
83.500000 14.655444
83.600000 14.729035
83.700000 14.802810
83.800000 14.876770
83.900000 14.950914
84.000000 15.025243
84.100000 15.099755
84.200000 15.174452
84.300000 15.249334
84.400000 15.324399
84.500000 15.399649
84.600000 15.475083
84.700000 15.550702
84.800000 15.626505
84.900000 15.702492
85.000000 15.778663
85.100000 15.855019
85.200000 15.931559
85.300000 16.008283
85.400000 16.085192
85.500000 16.162285
85.600000 16.239562
85.700000 16.317023
85.800000 16.394669
85.900000 16.472499
86.000000 16.550514
86.100000 16.628713
86.200000 16.707096
86.300000 16.785663
86.400000 16.864415
86.500000 16.943351
86.600000 17.022471
86.700000 17.101775
86.800000 17.181264
86.900000 17.260937
87.000000 17.340795
87.100000 17.420837
87.200000 17.501063
87.300000 17.581473
87.400000 17.662068
87.500000 17.742847
87.600000 17.823810
87.700000 17.904958
87.800000 17.986290
87.900000 18.067806
88.000000 18.149506
88.100000 18.231391
88.200000 18.313460
88.300000 18.395714
88.400000 18.478151
88.500000 18.560773
88.600000 18.643580
88.700000 18.726570
88.800000 18.809745
88.900000 18.893105
89.000000 18.976648
89.100000 19.060376
89.200000 19.144288
89.300000 19.228385
89.400000 19.312665
89.500000 19.397130
89.600000 19.481780
89.700000 19.566614
89.800000 19.651631
89.900000 19.736834
90.000000 19.822220
90.100000 19.907791
90.200000 19.993546
90.300000 20.079486
90.400000 20.165610
90.500000 20.251918
90.600000 20.338410
90.700000 20.425087
90.800000 20.511948
90.900000 20.598993
91.000000 20.686223
91.100000 20.773637
91.200000 20.861235
91.300000 20.949018
91.400000 21.036984
91.500000 21.125136
91.600000 21.213471
91.700000 21.301991
91.800000 21.390695
91.900000 21.479583
92.000000 21.568656
92.100000 21.657913
92.200000 21.747354
92.300000 21.836980
92.400000 21.926789
92.500000 22.016784
92.600000 22.106962
92.700000 22.197325
92.800000 22.287872
92.900000 22.378603
93.000000 22.469519
93.100000 22.560619
93.200000 22.651903
93.300000 22.743372
93.400000 22.835025
93.500000 22.926862
93.600000 23.018884
93.700000 23.111089
93.800000 23.203480
93.900000 23.296054
94.000000 23.388813
94.100000 23.481756
94.200000 23.574883
94.300000 23.668195
94.400000 23.761691
94.500000 23.855371
94.600000 23.949235
94.700000 24.043284
94.800000 24.137517
94.900000 24.231935
95.000000 24.326537
95.100000 24.421323
95.200000 24.516293
95.300000 24.611448
95.400000 24.706787
95.500000 24.802310
95.600000 24.898018
95.700000 24.993909
95.800000 25.089986
95.900000 25.186246
96.000000 25.282691
96.100000 25.379320
96.200000 25.476133
96.300000 25.573131
96.400000 25.670313
96.500000 25.767680
96.600000 25.865230
96.700000 25.962965
96.800000 26.060884
96.900000 26.158988
97.000000 26.257276
97.100000 26.355748
97.200000 26.454404
97.300000 26.553245
97.400000 26.652270
97.500000 26.751479
97.600000 26.850873
97.700000 26.950451
97.800000 27.050213
97.900000 27.150160
98.000000 27.250291
98.100000 27.350606
98.200000 27.451105
98.300000 27.551789
98.400000 27.652657
98.500000 27.753710
98.600000 27.854946
98.700000 27.956367
98.800000 28.057973
98.900000 28.159762
99.000000 28.261736
99.100000 28.363894
99.200000 28.466237
99.300000 28.568764
99.400000 28.671475
99.500000 28.774370
99.600000 28.877450
99.700000 28.980714
99.800000 29.084162
99.900000 29.187795
100.000000 29.291612
100.100000 29.395613
100.200000 29.499799
100.300000 29.604169
100.400000 29.708723
100.500000 29.813461
100.600000 29.918384
100.700000 30.023491
100.800000 30.128782
100.900000 30.234258
101.000000 30.339918
101.100000 30.445762
101.200000 30.551791
101.300000 30.658004
101.400000 30.764401
101.500000 30.870982
101.600000 30.977748
101.700000 31.084698
101.800000 31.191833
101.900000 31.299152
102.000000 31.406655
102.100000 31.514342
102.200000 31.622213
102.300000 31.730269
102.400000 31.838510
102.500000 31.946934
102.600000 32.055543
102.700000 32.164336
102.800000 32.273314
102.900000 32.382475
103.000000 32.491821
103.100000 32.601352
103.200000 32.711066
103.300000 32.820965
103.400000 32.931049
103.500000 33.041316
103.600000 33.151768
103.700000 33.262404
103.800000 33.373225
103.900000 33.484229
104.000000 33.595419
104.100000 33.706792
104.200000 33.818350
104.300000 33.930092
104.400000 34.042018
104.500000 34.154129
104.600000 34.266423
104.700000 34.378903
104.800000 34.491566
104.900000 34.604414
105.000000 34.717446
105.100000 34.830663
105.200000 34.944063
105.300000 35.057648
105.400000 35.171418
105.500000 35.285371
105.600000 35.399509
105.700000 35.513832
105.800000 35.628338
105.900000 35.743029
106.000000 35.857904
106.100000 35.972964
106.200000 36.088207
106.300000 36.203635
106.400000 36.319248
106.500000 36.435044
106.600000 36.551025
106.700000 36.667191
106.800000 36.783540
106.900000 36.900074
107.000000 37.016792
107.100000 37.133695
107.200000 37.250782
107.300000 37.368053
107.400000 37.485508
107.500000 37.603148
107.600000 37.720972
107.700000 37.838980
107.800000 37.957173
107.900000 38.075550
108.000000 38.194111
108.100000 38.312857
108.200000 38.431786
108.300000 38.550901
108.400000 38.670199
108.500000 38.789682
108.600000 38.909349
108.700000 39.029200
108.800000 39.149236
108.900000 39.269456
109.000000 39.389860
109.100000 39.510449
109.200000 39.631221
109.300000 39.752179
109.400000 39.873320
109.500000 39.994646
109.600000 40.116156
109.700000 40.237850
109.800000 40.359729
109.900000 40.481792
110.000000 40.604039
110.100000 40.726471
110.200000 40.849087
110.300000 40.971887
110.400000 41.094872
110.500000 41.218040
110.600000 41.341394
110.700000 41.464931
110.800000 41.588653
110.900000 41.712559
111.000000 41.836649
111.100000 41.960924
111.200000 42.085383
111.300000 42.210026
111.400000 42.334853
111.500000 42.459865
111.600000 42.585061
111.700000 42.710442
111.800000 42.836007
111.900000 42.961756
112.000000 43.087689
112.100000 43.213807
112.200000 43.340109
112.300000 43.466595
112.400000 43.593266
112.500000 43.720121
112.600000 43.847160
112.700000 43.974383
112.800000 44.101791
112.900000 44.229383
113.000000 44.357160
113.100000 44.485120
113.200000 44.613265
113.300000 44.741595
113.400000 44.870108
113.500000 44.998806
113.600000 45.127688
113.700000 45.256755
113.800000 45.386006
113.900000 45.515441
114.000000 45.645060
114.100000 45.774864
114.200000 45.904852
114.300000 46.035025
114.400000 46.165381
114.500000 46.295922
114.600000 46.426647
114.700000 46.557557
114.800000 46.688651
114.900000 46.819929
115.000000 46.951392
115.100000 47.083038
115.200000 47.214869
115.300000 47.346885
115.400000 47.479085
115.500000 47.611469
115.600000 47.744037
115.700000 47.876789
115.800000 48.009726
115.900000 48.142848
116.000000 48.276153
116.100000 48.409643
116.200000 48.543317
116.300000 48.677175
116.400000 48.811218
116.500000 48.945445
116.600000 49.079857
116.700000 49.214452
116.800000 49.349232
116.900000 49.484196
117.000000 49.619345
117.100000 49.754678
117.200000 49.890195
117.300000 50.025896
117.400000 50.161782
117.500000 50.297852
117.600000 50.434107
117.700000 50.570545
117.800000 50.707168
117.900000 50.843976
118.000000 50.980967
118.100000 51.118143
118.200000 51.255503
118.300000 51.393048
118.400000 51.530777
118.500000 51.668690
118.600000 51.806787
118.700000 51.945069
118.800000 52.083535
118.900000 52.222185
119.000000 52.361020
119.100000 52.500039
119.200000 52.639242
119.300000 52.778629
119.400000 52.918201
119.500000 53.057957
119.600000 53.197898
119.700000 53.338023
119.800000 53.478332
119.900000 53.618825
120.000000 53.759503
120.100000 53.900365
120.200000 54.041411
120.300000 54.182642
120.400000 54.324056
120.500000 54.465656
120.600000 54.607439
120.700000 54.749407
120.800000 54.891559
120.900000 55.033895
121.000000 55.176416
121.100000 55.319121
121.200000 55.462010
121.300000 55.605084
121.400000 55.748342
121.500000 55.891784
121.600000 56.035411
121.700000 56.179221
121.800000 56.323217
121.900000 56.467396
122.000000 56.611760
122.100000 56.756308
122.200000 56.901040
122.300000 57.045957
122.400000 57.191058
122.500000 57.336343
122.600000 57.481813
122.700000 57.627466
122.800000 57.773305
122.900000 57.919327
123.000000 58.065534
123.100000 58.211925
123.200000 58.358500
123.300000 58.505260
123.400000 58.652204
123.500000 58.799332
123.600000 58.946645
123.700000 59.094142
123.800000 59.241823
123.900000 59.389688
124.000000 59.537738
124.100000 59.685972
124.200000 59.834391
124.300000 59.982993
124.400000 60.131780
124.500000 60.280752
124.600000 60.429907
124.700000 60.579247
124.800000 60.728772
124.900000 60.878480
125.000000 61.028373
125.100000 61.178450
125.200000 61.328712
125.300000 61.479157
125.400000 61.629787
125.500000 61.780602
125.600000 61.931600
125.700000 62.082783
125.800000 62.234151
125.900000 62.385702
126.000000 62.537438
126.100000 62.689358
126.200000 62.841463
126.300000 62.993751
126.400000 63.146225
126.500000 63.298882
126.600000 63.451724
126.700000 63.604750
126.800000 63.757960
126.900000 63.911355
127.000000 64.064933
127.100000 64.218697
127.200000 64.372644
127.300000 64.526776
127.400000 64.681092
127.500000 64.835593
127.600000 64.990277
127.700000 65.145146
127.800000 65.300200
127.900000 65.455437
128.000000 65.610859
128.100000 65.766466
128.200000 65.922256
128.300000 66.078231
128.400000 66.234390
128.500000 66.390734
128.600000 66.547261
128.700000 66.703973
128.800000 66.860870
128.900000 67.017951
129.000000 67.175216
129.100000 67.332665
129.200000 67.490298
129.300000 67.648116
129.400000 67.806118
129.500000 67.964305
129.600000 68.122676
129.700000 68.281231
129.800000 68.439970
129.900000 68.598894
130.000000 68.758002
130.100000 68.917294
130.200000 69.076771
130.300000 69.236432
130.400000 69.396277
130.500000 69.556307
130.600000 69.716521
130.700000 69.876919
130.800000 70.037501
130.900000 70.198268
131.000000 70.359219
131.100000 70.520354
131.200000 70.681674
131.300000 70.843178
131.400000 71.004866
131.500000 71.166739
131.600000 71.328796
131.700000 71.491037
131.800000 71.653462
131.900000 71.816072
132.000000 71.978866
132.100000 72.141845
132.200000 72.305007
132.300000 72.468354
132.400000 72.631886
132.500000 72.795601
132.600000 72.959501
132.700000 73.123585
132.800000 73.287854
132.900000 73.452307
133.000000 73.616944
133.100000 73.781765
133.200000 73.946771
133.300000 74.111961
133.400000 74.277335
133.500000 74.442894
133.600000 74.608637
133.700000 74.774564
133.800000 74.940676
133.900000 75.106972
134.000000 75.273452
134.100000 75.440116
134.200000 75.606965
134.300000 75.773998
134.400000 75.941216
134.500000 76.108617
134.600000 76.276203
134.700000 76.443973
134.800000 76.611928
134.900000 76.780067
135.000000 76.948390
135.100000 77.116898
135.200000 77.285589
135.300000 77.454466
135.400000 77.623526
135.500000 77.792771
135.600000 77.962200
135.700000 78.131813
135.800000 78.301611
135.900000 78.471593
136.000000 78.641759
136.100000 78.812109
136.200000 78.982644
136.300000 79.153363
136.400000 79.324267
136.500000 79.495355
136.600000 79.666627
136.700000 79.838083
136.800000 80.009724
136.900000 80.181549
137.000000 80.353558
137.100000 80.525752
137.200000 80.698129
137.300000 80.870692
137.400000 81.043438
137.500000 81.216369
137.600000 81.389484
137.700000 81.562783
137.800000 81.736267
137.900000 81.909935
138.000000 82.083787
138.100000 82.257824
138.200000 82.432045
138.300000 82.606450
138.400000 82.781040
138.500000 82.955813
138.600000 83.130772
138.700000 83.305914
138.800000 83.481241
138.900000 83.656752
139.000000 83.832447
139.100000 84.008327
139.200000 84.184391
139.300000 84.360639
139.400000 84.537072
139.500000 84.713688
139.600000 84.890490
139.700000 85.067475
139.800000 85.244645
139.900000 85.421999
140.000000 85.599537
140.100000 85.777260
140.200000 85.955167
140.300000 86.133258
140.400000 86.311534
140.500000 86.489994
140.600000 86.668638
140.700000 86.847466
140.800000 87.026479
140.900000 87.205676
141.000000 87.385058
141.100000 87.564624
141.200000 87.744374
141.300000 87.924308
141.400000 88.104426
141.500000 88.284729
141.600000 88.465217
141.700000 88.645888
141.800000 88.826744
141.900000 89.007784
142.000000 89.189009
142.100000 89.370417
142.200000 89.552010
142.300000 89.733788
142.400000 89.915749
142.500000 90.097895
142.600000 90.280226
142.700000 90.462740
142.800000 90.645439
142.900000 90.828322
143.000000 91.011390
143.100000 91.194642
143.200000 91.378078
143.300000 91.561698
143.400000 91.745503
143.500000 91.929492
143.600000 92.113665
143.700000 92.298023
143.800000 92.482565
143.900000 92.667291
144.000000 92.852201
144.100000 93.037296
144.200000 93.222575
144.300000 93.408039
144.400000 93.593687
144.500000 93.779519
144.600000 93.965535
144.700000 94.151736
144.800000 94.338121
144.900000 94.524690
145.000000 94.711443
145.100000 94.898381
145.200000 95.085503
145.300000 95.272810
145.400000 95.460301
145.500000 95.647976
145.600000 95.835835
145.700000 96.023879
145.800000 96.212107
145.900000 96.400519
146.000000 96.589116
146.100000 96.777897
146.200000 96.966862
146.300000 97.156011
146.400000 97.345345
146.500000 97.534863
146.600000 97.724566
146.700000 97.914452
146.800000 98.104523
146.900000 98.294779
147.000000 98.485218
147.100000 98.675842
147.200000 98.866650
147.300000 99.057643
147.400000 99.248820
147.500000 99.440181
147.600000 99.631726
147.700000 99.823456
147.800000 100.015370
147.900000 100.207469
148.000000 100.399751
148.100000 100.592218
148.200000 100.784870
148.300000 100.977705
148.400000 101.170725
148.500000 101.363929
148.600000 101.557318
148.700000 101.750891
148.800000 101.944648
148.900000 102.138589
149.000000 102.332715
149.100000 102.527025
149.200000 102.721519
149.300000 102.916198
149.400000 103.111061
149.500000 103.306108
149.600000 103.501339
149.700000 103.696755
149.800000 103.892355
149.900000 104.088140
150.000000 104.284108
150.100000 104.480261
150.200000 104.676599
150.300000 104.873120
150.400000 105.069826
150.500000 105.266717
150.600000 105.463791
150.700000 105.661050
150.800000 105.858493
150.900000 106.056121
151.000000 106.253933
151.100000 106.451929
151.200000 106.650109
151.300000 106.848474
151.400000 107.047023
151.500000 107.245756
151.600000 107.444674
151.700000 107.643775
151.800000 107.843062
151.900000 108.042532
152.000000 108.242187
152.100000 108.442026
152.200000 108.642050
152.300000 108.842257
152.400000 109.042649
152.500000 109.243226
152.600000 109.443986
152.700000 109.644931
152.800000 109.846060
152.900000 110.047374
153.000000 110.248872
153.100000 110.450554
153.200000 110.652420
153.300000 110.854471
153.400000 111.056706
153.500000 111.259126
153.600000 111.461729
153.700000 111.664517
153.800000 111.867489
153.900000 112.070646
154.000000 112.273987
154.100000 112.477512
154.200000 112.681222
154.300000 112.885115
154.400000 113.089194
154.500000 113.293456
154.600000 113.497903
154.700000 113.702534
154.800000 113.907349
154.900000 114.112349
155.000000 114.317532
155.100000 114.522901
155.200000 114.728453
155.300000 114.934190
155.400000 115.140111
155.500000 115.346217
155.600000 115.552506
155.700000 115.758980
155.800000 115.965639
155.900000 116.172481
156.000000 116.379508
156.100000 116.586720
156.200000 116.794115
156.300000 117.001695
156.400000 117.209459
156.500000 117.417408
156.600000 117.625540
156.700000 117.833858
156.800000 118.042359
156.900000 118.251045
157.000000 118.459915
157.100000 118.668969
157.200000 118.878207
157.300000 119.087630
157.400000 119.297238
157.500000 119.507029
157.600000 119.717005
157.700000 119.927165
157.800000 120.137509
157.900000 120.348038
158.000000 120.558751
158.100000 120.769649
158.200000 120.980730
158.300000 121.191996
158.400000 121.403446
158.500000 121.615081
158.600000 121.826900
158.700000 122.038903
158.800000 122.251090
158.900000 122.463462
159.000000 122.676018
159.100000 122.888759
159.200000 123.101683
159.300000 123.314792
159.400000 123.528085
159.500000 123.741563
159.600000 123.955225
159.700000 124.169071
159.800000 124.383102
159.900000 124.597316
160.000000 124.811715
160.100000 125.026299
160.200000 125.241067
160.300000 125.456019
160.400000 125.671155
160.500000 125.886476
160.600000 126.101980
160.700000 126.317670
160.800000 126.533543
160.900000 126.749601
161.000000 126.965843
161.100000 127.182270
161.200000 127.398880
161.300000 127.615675
161.400000 127.832655
161.500000 128.049818
161.600000 128.267166
161.700000 128.484699
161.800000 128.702415
161.900000 128.920316
162.000000 129.138401
162.100000 129.356671
162.200000 129.575124
162.300000 129.793763
162.400000 130.012585
162.500000 130.231592
162.600000 130.450783
162.700000 130.670158
162.800000 130.889718
162.900000 131.109461
163.000000 131.329390
163.100000 131.549502
163.200000 131.769799
163.300000 131.990280
163.400000 132.210945
163.500000 132.431795
163.600000 132.652829
163.700000 132.874048
163.800000 133.095450
163.900000 133.317037
164.000000 133.538808
164.100000 133.760764
164.200000 133.982904
164.300000 134.205228
164.400000 134.427736
164.500000 134.650429
164.600000 134.873306
164.700000 135.096368
164.800000 135.319613
164.900000 135.543043
165.000000 135.766658
165.100000 135.990456
165.200000 136.214439
165.300000 136.438606
165.400000 136.662958
165.500000 136.887493
165.600000 137.112214
165.700000 137.337118
165.800000 137.562207
165.900000 137.787480
166.000000 138.012937
166.100000 138.238579
166.200000 138.464405
166.300000 138.690415
166.400000 138.916609
166.500000 139.142988
166.600000 139.369551
166.700000 139.596299
166.800000 139.823230
166.900000 140.050346
167.000000 140.277647
167.100000 140.505131
167.200000 140.732800
167.300000 140.960654
167.400000 141.188691
167.500000 141.416913
167.600000 141.645319
167.700000 141.873910
167.800000 142.102685
167.900000 142.331644
168.000000 142.560787
168.100000 142.790115
168.200000 143.019627
168.300000 143.249323
168.400000 143.479204
168.500000 143.709268
168.600000 143.939518
168.700000 144.169951
168.800000 144.400569
168.900000 144.631371
169.000000 144.862358
169.100000 145.093528
169.200000 145.324883
169.300000 145.556423
169.400000 145.788146
169.500000 146.020054
169.600000 146.252146
169.700000 146.484423
169.800000 146.716884
169.900000 146.949529
170.000000 147.182358
170.100000 147.415372
170.200000 147.648570
170.300000 147.881953
170.400000 148.115519
170.500000 148.349270
170.600000 148.583206
170.700000 148.817325
170.800000 149.051629
170.900000 149.286117
171.000000 149.520790
171.100000 149.755647
171.200000 149.990688
171.300000 150.225913
171.400000 150.461323
171.500000 150.696917
171.600000 150.932695
171.700000 151.168658
171.800000 151.404805
171.900000 151.641136
172.000000 151.877651
172.100000 152.114351
172.200000 152.351235
172.300000 152.588304
172.400000 152.825557
172.500000 153.062994
172.600000 153.300615
172.700000 153.538421
172.800000 153.776411
172.900000 154.014585
173.000000 154.252943
173.100000 154.491486
173.200000 154.730213
173.300000 154.969125
173.400000 155.208221
173.500000 155.447501
173.600000 155.686965
173.700000 155.926614
173.800000 156.166447
173.900000 156.406464
174.000000 156.646666
174.100000 156.887052
174.200000 157.127622
174.300000 157.368376
174.400000 157.609315
174.500000 157.850438
174.600000 158.091746
174.700000 158.333237
174.800000 158.574913
174.900000 158.816774
175.000000 159.058818
175.100000 159.301047
175.200000 159.543461
175.300000 159.786058
175.400000 160.028840
175.500000 160.271806
175.600000 160.514957
175.700000 160.758291
175.800000 161.001810
175.900000 161.245514
176.000000 161.489402
176.100000 161.733473
176.200000 161.977730
176.300000 162.222170
176.400000 162.466795
176.500000 162.711604
176.600000 162.956598
176.700000 163.201776
176.800000 163.447138
176.900000 163.692684
177.000000 163.938415
177.100000 164.184330
177.200000 164.430429
177.300000 164.676713
177.400000 164.923181
177.500000 165.169833
177.600000 165.416670
177.700000 165.663690
177.800000 165.910896
177.900000 166.158285
178.000000 166.405859
178.100000 166.653617
178.200000 166.901559
178.300000 167.149686
178.400000 167.397997
178.500000 167.646492
178.600000 167.895172
178.700000 168.144035
178.800000 168.393084
178.900000 168.642316
179.000000 168.891733
179.100000 169.141334
179.200000 169.391119
179.300000 169.641089
179.400000 169.891243
179.500000 170.141581
179.600000 170.392104
179.700000 170.642811
179.800000 170.893702
179.900000 171.144778
180.000000 171.396037
