-180.000000 0.000000
-179.900000 0.000028
-179.800000 0.000112
-179.700000 0.000253
-179.600000 0.000449
-179.500000 0.000702
-179.400000 0.001011
-179.300000 0.001375
-179.200000 0.001796
-179.100000 0.002274
-179.000000 0.002807
-178.900000 0.003396
-178.800000 0.004042
-178.700000 0.004744
-178.600000 0.005502
-178.500000 0.006316
-178.400000 0.007186
-178.300000 0.008112
-178.200000 0.009095
-178.100000 0.010133
-178.000000 0.011228
-177.900000 0.012379
-177.800000 0.013586
-177.700000 0.014849
-177.600000 0.016168
-177.500000 0.017544
-177.400000 0.018975
-177.300000 0.020463
-177.200000 0.022007
-177.100000 0.023607
-177.000000 0.025263
-176.900000 0.026975
-176.800000 0.028744
-176.700000 0.030568
-176.600000 0.032449
-176.500000 0.034386
-176.400000 0.036379
-176.300000 0.038428
-176.200000 0.040533
-176.100000 0.042694
-176.000000 0.044912
-175.900000 0.047185
-175.800000 0.049515
-175.700000 0.051901
-175.600000 0.054343
-175.500000 0.056841
-175.400000 0.059396
-175.300000 0.062006
-175.200000 0.064673
-175.100000 0.067396
-175.000000 0.070175
-174.900000 0.073010
-174.800000 0.075901
-174.700000 0.078848
-174.600000 0.081852
-174.500000 0.084911
-174.400000 0.088027
-174.300000 0.091199
-174.200000 0.094427
-174.100000 0.097711
-174.000000 0.101051
-173.900000 0.104448
-173.800000 0.107900
-173.700000 0.111409
-173.600000 0.114974
-173.500000 0.118595
-173.400000 0.122272
-173.300000 0.126006
-173.200000 0.129795
-173.100000 0.133641
-173.000000 0.137542
-172.900000 0.141500
-172.800000 0.145514
-172.700000 0.149584
-172.600000 0.153710
-172.500000 0.157893
-172.400000 0.162131
-172.300000 0.166426
-172.200000 0.170777
-172.100000 0.175184
-172.000000 0.179647
-171.900000 0.184166
-171.800000 0.188742
-171.700000 0.193373
-171.600000 0.198061
-171.500000 0.202805
-171.400000 0.207605
-171.300000 0.212461
-171.200000 0.217373
-171.100000 0.222341
-171.000000 0.227366
-170.900000 0.232446
-170.800000 0.237583
-170.700000 0.242776
-170.600000 0.248025
-170.500000 0.253330
-170.400000 0.258692
-170.300000 0.264109
-170.200000 0.269583
-170.100000 0.275113
-170.000000 0.280698
-169.900000 0.286340
-169.800000 0.292039
-169.700000 0.297793
-169.600000 0.303603
-169.500000 0.309470
-169.400000 0.315393
-169.300000 0.321372
-169.200000 0.327407
-169.100000 0.333498
-169.000000 0.339645
-168.900000 0.345849
-168.800000 0.352108
-168.700000 0.358424
-168.600000 0.364796
-168.500000 0.371224
-168.400000 0.377708
-168.300000 0.384248
-168.200000 0.390845
-168.100000 0.397497
-168.000000 0.404206
-167.900000 0.410971
-167.800000 0.417792
-167.700000 0.424669
-167.600000 0.431602
-167.500000 0.438591
-167.400000 0.445637
-167.300000 0.452739
-167.200000 0.459896
-167.100000 0.467110
-167.000000 0.474380
-166.900000 0.481707
-166.800000 0.489089
-166.700000 0.496527
-166.600000 0.504022
-166.500000 0.511573
-166.400000 0.519180
-166.300000 0.526843
-166.200000 0.534562
-166.100000 0.542337
-166.000000 0.550169
-165.900000 0.558057
-165.800000 0.566000
-165.700000 0.574000
-165.600000 0.582056
-165.500000 0.590169
-165.400000 0.598337
-165.300000 0.606561
-165.200000 0.614842
-165.100000 0.623179
-165.000000 0.631572
-164.900000 0.640021
-164.800000 0.648526
-164.700000 0.657087
-164.600000 0.665704
-164.500000 0.674378
-164.400000 0.683108
-164.300000 0.691894
-164.200000 0.700736
-164.100000 0.709634
-164.000000 0.718588
-163.900000 0.727598
-163.800000 0.736665
-163.700000 0.745788
-163.600000 0.754967
-163.500000 0.764202
-163.400000 0.773493
-163.300000 0.782840
-163.200000 0.792243
-163.100000 0.801703
-163.000000 0.811219
-162.900000 0.820790
-162.800000 0.830418
-162.700000 0.840102
-162.600000 0.849843
-162.500000 0.859639
-162.400000 0.869492
-162.300000 0.879400
-162.200000 0.889365
-162.100000 0.899386
-162.000000 0.909463
-161.900000 0.919596
-161.800000 0.929786
-161.700000 0.940031
-161.600000 0.950333
-161.500000 0.960690
-161.400000 0.971104
-161.300000 0.981574
-161.200000 0.992101
-161.100000 1.002683
-161.000000 1.013321
-160.900000 1.024016
-160.800000 1.034767
-160.700000 1.045574
-160.600000 1.056437
-160.500000 1.067356
-160.400000 1.078331
-160.300000 1.089363
-160.200000 1.100450
-160.100000 1.111594
-160.000000 1.122794
-159.900000 1.134050
-159.800000 1.145362
-159.700000 1.156730
-159.600000 1.168155
-159.500000 1.179635
-159.400000 1.191172
-159.300000 1.202765
-159.200000 1.214414
-159.100000 1.226119
-159.000000 1.237880
-158.900000 1.249698
-158.800000 1.261571
-158.700000 1.273501
-158.600000 1.285487
-158.500000 1.297529
-158.400000 1.309627
-158.300000 1.321781
-158.200000 1.333991
-158.100000 1.346258
-158.000000 1.358581
-157.900000 1.370959
-157.800000 1.383394
-157.700000 1.395885
-157.600000 1.408433
-157.500000 1.421036
-157.400000 1.433695
-157.300000 1.446411
-157.200000 1.459183
-157.100000 1.472011
-157.000000 1.484895
-156.900000 1.497835
-156.800000 1.510831
-156.700000 1.523884
-156.600000 1.536992
-156.500000 1.550157
-156.400000 1.563378
-156.300000 1.576655
-156.200000 1.589988
-156.100000 1.603378
-156.000000 1.616823
-155.900000 1.630325
-155.800000 1.643882
-155.700000 1.657496
-155.600000 1.671166
-155.500000 1.684892
-155.400000 1.698675
-155.300000 1.712513
-155.200000 1.726408
-155.100000 1.740358
-155.000000 1.754365
-154.900000 1.768428
-154.800000 1.782547
-154.700000 1.796723
-154.600000 1.810954
-154.500000 1.825242
-154.400000 1.839585
-154.300000 1.853985
-154.200000 1.868441
-154.100000 1.882953
-154.000000 1.897522
-153.900000 1.912146
-153.800000 1.926826
-153.700000 1.941563
-153.600000 1.956356
-153.500000 1.971205
-153.400000 1.986110
-153.300000 2.001071
-153.200000 2.016089
-153.100000 2.031162
-153.000000 2.046292
-152.900000 2.061478
-152.800000 2.076719
-152.700000 2.092018
-152.600000 2.107372
-152.500000 2.122782
-152.400000 2.138249
-152.300000 2.153771
-152.200000 2.169350
-152.100000 2.184985
-152.000000 2.200676
-151.900000 2.216423
-151.800000 2.232226
-151.700000 2.248086
-151.600000 2.264001
-151.500000 2.279973
-151.400000 2.296001
-151.300000 2.312085
-151.200000 2.328225
-151.100000 2.344422
-151.000000 2.360674
-150.900000 2.376983
-150.800000 2.393347
-150.700000 2.409768
-150.600000 2.426245
-150.500000 2.442778
-150.400000 2.459368
-150.300000 2.476013
-150.200000 2.492715
-150.100000 2.509472
-150.000000 2.526286
-149.900000 2.543156
-149.800000 2.560082
-149.700000 2.577064
-149.600000 2.594103
-149.500000 2.611197
-149.400000 2.628348
-149.300000 2.645555
-149.200000 2.662818
-149.100000 2.680137
-149.000000 2.697512
-148.900000 2.714944
-148.800000 2.732431
-148.700000 2.749975
-148.600000 2.767574
-148.500000 2.785230
-148.400000 2.802942
-148.300000 2.820711
-148.200000 2.838535
-148.100000 2.856416
-148.000000 2.874352
-147.900000 2.892345
-147.800000 2.910394
-147.700000 2.928499
-147.600000 2.946660
-147.500000 2.964877
-147.400000 2.983151
-147.300000 3.001481
-147.200000 3.019866
-147.100000 3.038308
-147.000000 3.056806
-146.900000 3.075360
-146.800000 3.093971
-146.700000 3.112637
-146.600000 3.131360
-146.500000 3.150138
-146.400000 3.168973
-146.300000 3.187864
-146.200000 3.206811
-146.100000 3.225815
-146.000000 3.244874
-145.900000 3.263990
-145.800000 3.283161
-145.700000 3.302389
-145.600000 3.321673
-145.500000 3.341013
-145.400000 3.360410
-145.300000 3.379862
-145.200000 3.399371
-145.100000 3.418935
-145.000000 3.438556
-144.900000 3.458233
-144.800000 3.477966
-144.700000 3.497755
-144.600000 3.517601
-144.500000 3.537502
-144.400000 3.557460
-144.300000 3.577474
-144.200000 3.597544
-144.100000 3.617670
-144.000000 3.637852
-143.900000 3.658090
-143.800000 3.678385
-143.700000 3.698735
-143.600000 3.719142
-143.500000 3.739605
-143.400000 3.760124
-143.300000 3.780699
-143.200000 3.801331
-143.100000 3.822018
-143.000000 3.842762
-142.900000 3.863562
-142.800000 3.884417
-142.700000 3.905330
-142.600000 3.926298
-142.500000 3.947322
-142.400000 3.968402
-142.300000 3.989539
-142.200000 4.010732
-142.100000 4.031981
-142.000000 4.053286
-141.900000 4.074647
-141.800000 4.096064
-141.700000 4.117538
-141.600000 4.139067
-141.500000 4.160653
-141.400000 4.182295
-141.300000 4.203993
-141.200000 4.225747
-141.100000 4.247557
-141.000000 4.269423
-140.900000 4.291346
-140.800000 4.313325
-140.700000 4.335360
-140.600000 4.357451
-140.500000 4.379598
-140.400000 4.401801
-140.300000 4.424060
-140.200000 4.446376
-140.100000 4.468747
-140.000000 4.491175
-139.900000 4.513659
-139.800000 4.536199
-139.700000 4.558796
-139.600000 4.581448
-139.500000 4.604156
-139.400000 4.626921
-139.300000 4.649742
-139.200000 4.672619
-139.100000 4.695552
-139.000000 4.718541
-138.900000 4.741586
-138.800000 4.764688
-138.700000 4.787845
-138.600000 4.811059
-138.500000 4.834329
-138.400000 4.857655
-138.300000 4.881037
-138.200000 4.904476
-138.100000 4.927970
-138.000000 4.951521
-137.900000 4.975127
-137.800000 4.998790
-137.700000 5.022509
-137.600000 5.046285
-137.500000 5.070116
-137.400000 5.094003
-137.300000 5.117947
-137.200000 5.141947
-137.100000 5.166002
-137.000000 5.190114
-136.900000 5.214283
-136.800000 5.238507
-136.700000 5.262787
-136.600000 5.287124
-136.500000 5.311517
-136.400000 5.335965
-136.300000 5.360470
-136.200000 5.385031
-136.100000 5.409649
-136.000000 5.434322
-135.900000 5.459052
-135.800000 5.483837
-135.700000 5.508679
-135.600000 5.533577
-135.500000 5.558531
-135.400000 5.583541
-135.300000 5.608608
-135.200000 5.633730
-135.100000 5.658909
-135.000000 5.684144
-134.900000 5.709435
-134.800000 5.734782
-134.700000 5.760185
-134.600000 5.785644
-134.500000 5.811160
-134.400000 5.836731
-134.300000 5.862359
-134.200000 5.888043
-134.100000 5.913783
-134.000000 5.939579
-133.900000 5.965432
-133.800000 5.991340
-133.700000 6.017305
-133.600000 6.043325
-133.500000 6.069402
-133.400000 6.095535
-133.300000 6.121725
-133.200000 6.147970
-133.100000 6.174271
-133.000000 6.200629
-132.900000 6.227043
-132.800000 6.253512
-132.700000 6.280038
-132.600000 6.306621
-132.500000 6.333259
-132.400000 6.359953
-132.300000 6.386704
-132.200000 6.413511
-132.100000 6.440373
-132.000000 6.467292
-131.900000 6.494268
-131.800000 6.521299
-131.700000 6.548386
-131.600000 6.575530
-131.500000 6.602729
-131.400000 6.629985
-131.300000 6.657297
-131.200000 6.684665
-131.100000 6.712090
-131.000000 6.739570
-130.900000 6.767106
-130.800000 6.794699
-130.700000 6.822348
-130.600000 6.850053
-130.500000 6.877814
-130.400000 6.905631
-130.300000 6.933504
-130.200000 6.961434
-130.100000 6.989420
-130.000000 7.017461
-129.900000 7.045559
-129.800000 7.073713
-129.700000 7.101924
-129.600000 7.130190
-129.500000 7.158512
-129.400000 7.186891
-129.300000 7.215326
-129.200000 7.243817
-129.100000 7.272364
-129.000000 7.300967
-128.900000 7.329626
-128.800000 7.358342
-128.700000 7.387113
-128.600000 7.415941
-128.500000 7.444825
-128.400000 7.473765
-128.300000 7.502761
-128.200000 7.531813
-128.100000 7.560922
-128.000000 7.590086
-127.900000 7.619307
-127.800000 7.648584
-127.700000 7.677917
-127.600000 7.707306
-127.500000 7.736751
-127.400000 7.766253
-127.300000 7.795810
-127.200000 7.825424
-127.100000 7.855094
-127.000000 7.884820
-126.900000 7.914602
-126.800000 7.944440
-126.700000 7.974334
-126.600000 8.004285
-126.500000 8.034292
-126.400000 8.064354
-126.300000 8.094473
-126.200000 8.124648
-126.100000 8.154880
-126.000000 8.185167
-125.900000 8.215510
-125.800000 8.245910
-125.700000 8.276366
-125.600000 8.306878
-125.500000 8.337446
-125.400000 8.368070
-125.300000 8.398750
-125.200000 8.429487
-125.100000 8.460279
-125.000000 8.491128
-124.900000 8.522033
-124.800000 8.552994
-124.700000 8.584011
-124.600000 8.615085
-124.500000 8.646214
-124.400000 8.677400
-124.300000 8.708641
-124.200000 8.739939
-124.100000 8.771293
-124.000000 8.802704
-123.900000 8.834170
-123.800000 8.865692
-123.700000 8.897271
-123.600000 8.928906
-123.500000 8.960596
-123.400000 8.992343
-123.300000 9.024147
-123.200000 9.056006
-123.100000 9.087921
-123.000000 9.119893
-122.900000 9.151920
-122.800000 9.184004
-122.700000 9.216144
-122.600000 9.248340
-122.500000 9.280593
-122.400000 9.312901
-122.300000 9.345266
-122.200000 9.377686
-122.100000 9.410163
-122.000000 9.442696
-121.900000 9.475285
-121.800000 9.507930
-121.700000 9.540632
-121.600000 9.573389
-121.500000 9.606203
-121.400000 9.639073
-121.300000 9.671999
-121.200000 9.704981
-121.100000 9.738019
-121.000000 9.771113
-120.900000 9.804264
-120.800000 9.837470
-120.700000 9.870733
-120.600000 9.904052
-120.500000 9.937427
-120.400000 9.970858
-120.300000 10.004346
-120.200000 10.037889
-120.100000 10.071489
-120.000000 10.105144
-119.900000 10.138856
-119.800000 10.172624
-119.700000 10.206448
-119.600000 10.240329
-119.500000 10.274265
-119.400000 10.308258
-119.300000 10.342306
-119.200000 10.376411
-119.100000 10.410572
-119.000000 10.444789
-118.900000 10.479063
-118.800000 10.513392
-118.700000 10.547778
-118.600000 10.582219
-118.500000 10.616717
-118.400000 10.651271
-118.300000 10.685881
-118.200000 10.720548
-118.100000 10.755270
-118.000000 10.790049
-117.900000 10.824883
-117.800000 10.859774
-117.700000 10.894721
-117.600000 10.929724
-117.500000 10.964783
-117.400000 10.999899
-117.300000 11.035070
-117.200000 11.070298
-117.100000 11.105582
-117.000000 11.140922
-116.900000 11.176318
-116.800000 11.211770
-116.700000 11.247278
-116.600000 11.282843
-116.500000 11.318463
-116.400000 11.354140
-116.300000 11.389873
-116.200000 11.425662
-116.100000 11.461507
-116.000000 11.497409
-115.900000 11.533366
-115.800000 11.569380
-115.700000 11.605450
-115.600000 11.641575
-115.500000 11.677757
-115.400000 11.713996
-115.300000 11.750290
-115.200000 11.786640
-115.100000 11.823047
-115.000000 11.859510
-114.900000 11.896029
-114.800000 11.932604
-114.700000 11.969235
-114.600000 12.005922
-114.500000 12.042665
-114.400000 12.079465
-114.300000 12.116321
-114.200000 12.153233
-114.100000 12.190201
-114.000000 12.227225
-113.900000 12.264305
-113.800000 12.301441
-113.700000 12.338634
-113.600000 12.375883
-113.500000 12.413187
-113.400000 12.450548
-113.300000 12.487965
-113.200000 12.525439
-113.100000 12.562968
-113.000000 12.600554
-112.900000 12.638195
-112.800000 12.675893
-112.700000 12.713647
-112.600000 12.751457
-112.500000 12.789323
-112.400000 12.827246
-112.300000 12.865224
-112.200000 12.903259
-112.100000 12.941350
-112.000000 12.979497
-111.900000 13.017700
-111.800000 13.055959
-111.700000 13.094274
-111.600000 13.132646
-111.500000 13.171073
-111.400000 13.209557
-111.300000 13.248097
-111.200000 13.286693
-111.100000 13.325345
-111.000000 13.364053
-110.900000 13.402818
-110.800000 13.441638
-110.700000 13.480515
-110.600000 13.519448
-110.500000 13.558437
-110.400000 13.597482
-110.300000 13.636584
-110.200000 13.675741
-110.100000 13.714955
-110.000000 13.754224
-109.900000 13.793550
-109.800000 13.832932
-109.700000 13.872370
-109.600000 13.911865
-109.500000 13.951415
-109.400000 13.991021
-109.300000 14.030684
-109.200000 14.070403
-109.100000 14.110178
-109.000000 14.150009
-108.900000 14.189896
-108.800000 14.229840
-108.700000 14.269839
-108.600000 14.309895
-108.500000 14.350007
-108.400000 14.390175
-108.300000 14.430399
-108.200000 14.470679
-108.100000 14.511015
-108.000000 14.551408
-107.900000 14.591857
-107.800000 14.632361
-107.700000 14.672922
-107.600000 14.713539
-107.500000 14.754213
-107.400000 14.794942
-107.300000 14.835727
-107.200000 14.876569
-107.100000 14.917467
-107.000000 14.958421
-106.900000 14.999431
-106.800000 15.040497
-106.700000 15.081619
-106.600000 15.122798
-106.500000 15.164032
-106.400000 15.205323
-106.300000 15.246670
-106.200000 15.288073
-106.100000 15.329532
-106.000000 15.371047
-105.900000 15.412619
-105.800000 15.454246
-105.700000 15.495930
-105.600000 15.537670
-105.500000 15.579466
-105.400000 15.621318
-105.300000 15.663226
-105.200000 15.705191
-105.100000 15.747211
-105.000000 15.789288
-104.900000 15.831421
-104.800000 15.873610
-104.700000 15.915855
-104.600000 15.958156
-104.500000 16.000514
-104.400000 16.042927
-104.300000 16.085397
-104.200000 16.127923
-104.100000 16.170505
-104.000000 16.213143
-103.900000 16.255837
-103.800000 16.298587
-103.700000 16.341394
-103.600000 16.384257
-103.500000 16.427175
-103.400000 16.470150
-103.300000 16.513181
-103.200000 16.556269
-103.100000 16.599412
-103.000000 16.642611
-102.900000 16.685867
-102.800000 16.729179
-102.700000 16.772547
-102.600000 16.815971
-102.500000 16.859451
-102.400000 16.902987
-102.300000 16.946580
-102.200000 16.990228
-102.100000 17.033933
-102.000000 17.077694
-101.900000 17.121511
-101.800000 17.165384
-101.700000 17.209313
-101.600000 17.253299
-101.500000 17.297341
-101.400000 17.341438
-101.300000 17.385592
-101.200000 17.429802
-101.100000 17.474068
-101.000000 17.518391
-100.900000 17.562769
-100.800000 17.607204
-100.700000 17.651694
-100.600000 17.696241
-100.500000 17.740844
-100.400000 17.785503
-100.300000 17.830218
-100.200000 17.874990
-100.100000 17.919817
-100.000000 17.964701
-99.900000 18.009641
-99.800000 18.054637
-99.700000 18.099689
-99.600000 18.144797
-99.500000 18.189962
-99.400000 18.235182
-99.300000 18.280459
-99.200000 18.325792
-99.100000 18.371181
-99.000000 18.416626
-98.900000 18.462127
-98.800000 18.507684
-98.700000 18.553298
-98.600000 18.598967
-98.500000 18.644693
-98.400000 18.690475
-98.300000 18.736313
-98.200000 18.782207
-98.100000 18.828158
-98.000000 18.874164
-97.900000 18.920227
-97.800000 18.966345
-97.700000 19.012520
-97.600000 19.058751
-97.500000 19.105039
-97.400000 19.151382
-97.300000 19.197781
-97.200000 19.244237
-97.100000 19.290749
-97.000000 19.337317
-96.900000 19.383941
-96.800000 19.430621
-96.700000 19.477357
-96.600000 19.524149
-96.500000 19.570998
-96.400000 19.617903
-96.300000 19.664864
-96.200000 19.711881
-96.100000 19.758954
-96.000000 19.806083
-95.900000 19.853268
-95.800000 19.900510
-95.700000 19.947808
-95.600000 19.995161
-95.500000 20.042571
-95.400000 20.090038
-95.300000 20.137560
-95.200000 20.185138
-95.100000 20.232773
-95.000000 20.280463
-94.900000 20.328210
-94.800000 20.376013
-94.700000 20.423872
-94.600000 20.471787
-94.500000 20.519759
-94.400000 20.567786
-94.300000 20.615870
-94.200000 20.664010
-94.100000 20.712206
-94.000000 20.760458
-93.900000 20.808766
-93.800000 20.857130
-93.700000 20.905551
-93.600000 20.954027
-93.500000 21.002560
-93.400000 21.051149
-93.300000 21.099794
-93.200000 21.148495
-93.100000 21.197253
-93.000000 21.246066
-92.900000 21.294936
-92.800000 21.343861
-92.700000 21.392843
-92.600000 21.441881
-92.500000 21.490975
-92.400000 21.540126
-92.300000 21.589332
-92.200000 21.638595
-92.100000 21.687913
-92.000000 21.737288
-91.900000 21.786719
-91.800000 21.836206
-91.700000 21.885750
-91.600000 21.935349
-91.500000 21.985005
-91.400000 22.034716
-91.300000 22.084484
-91.200000 22.134308
-91.100000 22.184188
-91.000000 22.234125
-90.900000 22.284117
-90.800000 22.334166
-90.700000 22.384270
-90.600000 22.434431
-90.500000 22.484648
-90.400000 22.534921
-90.300000 22.585250
-90.200000 22.635636
-90.100000 22.686077
-90.000000 22.736575
-89.900000 22.787129
-89.800000 22.837739
-89.700000 22.888405
-89.600000 22.939127
-89.500000 22.989905
-89.400000 23.040740
-89.300000 23.091630
-89.200000 23.142577
-89.100000 23.193580
-89.000000 23.244639
-88.900000 23.295754
-88.800000 23.346926
-88.700000 23.398153
-88.600000 23.449437
-88.500000 23.500776
-88.400000 23.552172
-88.300000 23.603624
-88.200000 23.655132
-88.100000 23.706697
-88.000000 23.758317
-87.900000 23.809994
-87.800000 23.861726
-87.700000 23.913515
-87.600000 23.965360
-87.500000 24.017262
-87.400000 24.069219
-87.300000 24.121232
-87.200000 24.173302
-87.100000 24.225427
-87.000000 24.277609
-86.900000 24.329847
-86.800000 24.382141
-86.700000 24.434492
-86.600000 24.486898
-86.500000 24.539361
-86.400000 24.591879
-86.300000 24.644454
-86.200000 24.697085
-86.100000 24.749772
-86.000000 24.802515
-85.900000 24.855315
-85.800000 24.908170
-85.700000 24.961082
-85.600000 25.014050
-85.500000 25.067074
-85.400000 25.120154
-85.300000 25.173290
-85.200000 25.226482
-85.100000 25.279731
-85.000000 25.333036
-84.900000 25.386396
-84.800000 25.439813
-84.700000 25.493286
-84.600000 25.546815
-84.500000 25.600401
-84.400000 25.654042
-84.300000 25.707740
-84.200000 25.761494
-84.100000 25.815304
-84.000000 25.869170
-83.900000 25.923092
-83.800000 25.977070
-83.700000 26.031105
-83.600000 26.085195
-83.500000 26.139342
-83.400000 26.193545
-83.300000 26.247804
-83.200000 26.302119
-83.100000 26.356490
-83.000000 26.410918
-82.900000 26.465401
-82.800000 26.519941
-82.700000 26.574537
-82.600000 26.629189
-82.500000 26.683897
-82.400000 26.738661
-82.300000 26.793482
-82.200000 26.848358
-82.100000 26.903291
-82.000000 26.958280
-81.900000 27.013325
-81.800000 27.068426
-81.700000 27.123583
-81.600000 27.178796
-81.500000 27.234066
-81.400000 27.289391
-81.300000 27.344773
-81.200000 27.400211
-81.100000 27.455705
-81.000000 27.511256
-80.900000 27.566862
-80.800000 27.622524
-80.700000 27.678243
-80.600000 27.734018
-80.500000 27.789849
-80.400000 27.845736
-80.300000 27.901679
-80.200000 27.957678
-80.100000 28.013734
-80.000000 28.069845
-79.900000 28.126013
-79.800000 28.182237
-79.700000 28.238517
-79.600000 28.294853
-79.500000 28.351246
-79.400000 28.407694
-79.300000 28.464199
-79.200000 28.520759
-79.100000 28.577376
-79.000000 28.634049
-78.900000 28.690778
-78.800000 28.747564
-78.700000 28.804405
-78.600000 28.861303
-78.500000 28.918257
-78.400000 28.975266
-78.300000 29.032332
-78.200000 29.089455
-78.100000 29.146633
-78.000000 29.203867
-77.900000 29.261158
-77.800000 29.318504
-77.700000 29.375907
-77.600000 29.433366
-77.500000 29.490881
-77.400000 29.548453
-77.300000 29.606080
-77.200000 29.663764
-77.100000 29.721503
-77.000000 29.779299
-76.900000 29.837151
-76.800000 29.895059
-76.700000 29.953023
-76.600000 30.011044
-76.500000 30.069120
-76.400000 30.127253
-76.300000 30.185442
-76.200000 30.243687
-76.100000 30.301988
-76.000000 30.360345
-75.900000 30.418758
-75.800000 30.477228
-75.700000 30.535753
-75.600000 30.594335
-75.500000 30.652973
-75.400000 30.711667
-75.300000 30.770417
-75.200000 30.829224
-75.100000 30.888086
-75.000000 30.947005
-74.900000 31.005979
-74.800000 31.065010
-74.700000 31.124097
-74.600000 31.183240
-74.500000 31.242440
-74.400000 31.301695
-74.300000 31.361007
-74.200000 31.420374
-74.100000 31.479798
-74.000000 31.539278
-73.900000 31.598814
-73.800000 31.658407
-73.700000 31.718055
-73.600000 31.777760
-73.500000 31.837520
-73.400000 31.897337
-73.300000 31.957210
-73.200000 32.017139
-73.100000 32.077125
-73.000000 32.137166
-72.900000 32.197264
-72.800000 32.257417
-72.700000 32.317627
-72.600000 32.377893
-72.500000 32.438215
-72.400000 32.498593
-72.300000 32.559028
-72.200000 32.619518
-72.100000 32.680065
-72.000000 32.740668
-71.900000 32.801327
-71.800000 32.862042
-71.700000 32.922813
-71.600000 32.983640
-71.500000 33.044524
-71.400000 33.105463
-71.300000 33.166459
-71.200000 33.227511
-71.100000 33.288619
-71.000000 33.349783
-70.900000 33.411004
-70.800000 33.472280
-70.700000 33.533613
-70.600000 33.595002
-70.500000 33.656446
-70.400000 33.717947
-70.300000 33.779505
-70.200000 33.841118
-70.100000 33.902787
-70.000000 33.964513
-69.900000 34.026295
-69.800000 34.088133
-69.700000 34.150027
-69.600000 34.211977
-69.500000 34.273983
-69.400000 34.336045
-69.300000 34.398164
-69.200000 34.460339
-69.100000 34.522570
-69.000000 34.584857
-68.900000 34.647200
-68.800000 34.709599
-68.700000 34.772054
-68.600000 34.834566
-68.500000 34.897134
-68.400000 34.959757
-68.300000 35.022437
-68.200000 35.085173
-68.100000 35.147966
-68.000000 35.210814
-67.900000 35.273719
-67.800000 35.336679
-67.700000 35.399696
-67.600000 35.462769
-67.500000 35.525898
-67.400000 35.589083
-67.300000 35.652325
-67.200000 35.715622
-67.100000 35.778976
-67.000000 35.842386
-66.900000 35.905852
-66.800000 35.969374
-66.700000 36.032952
-66.600000 36.096586
-66.500000 36.160277
-66.400000 36.224023
-66.300000 36.287826
-66.200000 36.351685
-66.100000 36.415600
-66.000000 36.479571
-65.900000 36.543598
-65.800000 36.607682
-65.700000 36.671822
-65.600000 36.736017
-65.500000 36.800269
-65.400000 36.864577
-65.300000 36.928941
-65.200000 36.993362
-65.100000 37.057838
-65.000000 37.122371
-64.900000 37.186959
-64.800000 37.251604
-64.700000 37.316305
-64.600000 37.381062
-64.500000 37.445876
-64.400000 37.510745
-64.300000 37.575671
-64.200000 37.640652
-64.100000 37.705690
-64.000000 37.770784
-63.900000 37.835934
-63.800000 37.901140
-63.700000 37.966403
-63.600000 38.031721
-63.500000 38.097096
-63.400000 38.162527
-63.300000 38.228014
-63.200000 38.293557
-63.100000 38.359156
-63.000000 38.424811
-62.900000 38.490523
-62.800000 38.556291
-62.700000 38.622114
-62.600000 38.687994
-62.500000 38.753930
-62.400000 38.819923
-62.300000 38.885971
-62.200000 38.952075
-62.100000 39.018236
-62.000000 39.084453
-61.900000 39.150726
-61.800000 39.217055
-61.700000 39.283440
-61.600000 39.349881
-61.500000 39.416379
-61.400000 39.482932
-61.300000 39.549542
-61.200000 39.616208
-61.100000 39.682930
-61.000000 39.749708
-60.900000 39.816542
-60.800000 39.883433
-60.700000 39.950379
-60.600000 40.017382
-60.500000 40.084441
-60.400000 40.151556
-60.300000 40.218727
-60.200000 40.285954
-60.100000 40.353238
-60.000000 40.420577
-59.900000 40.487973
-59.800000 40.555425
-59.700000 40.622933
-59.600000 40.690497
-59.500000 40.758117
-59.400000 40.825794
-59.300000 40.893526
-59.200000 40.961315
-59.100000 41.029160
-59.000000 41.097061
-58.900000 41.165018
-58.800000 41.233031
-58.700000 41.301100
-58.600000 41.369226
-58.500000 41.437408
-58.400000 41.505645
-58.300000 41.573939
-58.200000 41.642289
-58.100000 41.710696
-58.000000 41.779158
-57.900000 41.847676
-57.800000 41.916251
-57.700000 41.984882
-57.600000 42.053569
-57.500000 42.122312
-57.400000 42.191111
-57.300000 42.259966
-57.200000 42.328878
-57.100000 42.397845
-57.000000 42.466869
-56.900000 42.535949
-56.800000 42.605085
-56.700000 42.674277
-56.600000 42.743526
-56.500000 42.812830
-56.400000 42.882191
-56.300000 42.951607
-56.200000 43.021080
-56.100000 43.090609
-56.000000 43.160194
-55.900000 43.229836
-55.800000 43.299533
-55.700000 43.369287
-55.600000 43.439096
-55.500000 43.508962
-55.400000 43.578884
-55.300000 43.648862
-55.200000 43.718897
-55.100000 43.788987
-55.000000 43.859134
-54.900000 43.929336
-54.800000 43.999595
-54.700000 44.069910
-54.600000 44.140281
-54.500000 44.210708
-54.400000 44.281192
-54.300000 44.351731
-54.200000 44.422327
-54.100000 44.492979
-54.000000 44.563687
-53.900000 44.634451
-53.800000 44.705271
-53.700000 44.776147
-53.600000 44.847080
-53.500000 44.918068
-53.400000 44.989113
-53.300000 45.060214
-53.200000 45.131371
-53.100000 45.202584
-53.000000 45.273854
-52.900000 45.345179
-52.800000 45.416561
-52.700000 45.487999
-52.600000 45.559492
-52.500000 45.631043
-52.400000 45.702649
-52.300000 45.774311
-52.200000 45.846029
-52.100000 45.917804
-52.000000 45.989635
-51.900000 46.061522
-51.800000 46.133465
-51.700000 46.205464
-51.600000 46.277519
-51.500000 46.349631
-51.400000 46.421798
-51.300000 46.494022
-51.200000 46.566302
-51.100000 46.638638
-51.000000 46.711030
-50.900000 46.783478
-50.800000 46.855982
-50.700000 46.928543
-50.600000 47.001160
-50.500000 47.073833
-50.400000 47.146562
-50.300000 47.219347
-50.200000 47.292188
-50.100000 47.365085
-50.000000 47.438039
-49.900000 47.511048
-49.800000 47.584114
-49.700000 47.657236
-49.600000 47.730414
-49.500000 47.803649
-49.400000 47.876939
-49.300000 47.950285
-49.200000 48.023688
-49.100000 48.097147
-49.000000 48.170662
-48.900000 48.244233
-48.800000 48.317860
-48.700000 48.391543
-48.600000 48.465283
-48.500000 48.539078
-48.400000 48.612930
-48.300000 48.686838
-48.200000 48.760802
-48.100000 48.834822
-48.000000 48.908899
-47.900000 48.983031
-47.800000 49.057220
-47.700000 49.131465
-47.600000 49.205765
-47.500000 49.280122
-47.400000 49.354536
-47.300000 49.429005
-47.200000 49.503530
-47.100000 49.578112
-47.000000 49.652750
-46.900000 49.727443
-46.800000 49.802193
-46.700000 49.877000
-46.600000 49.951862
-46.500000 50.026780
-46.400000 50.101755
-46.300000 50.176786
-46.200000 50.251872
-46.100000 50.327015
-46.000000 50.402214
-45.900000 50.477470
-45.800000 50.552781
-45.700000 50.628149
-45.600000 50.703572
-45.500000 50.779052
-45.400000 50.854588
-45.300000 50.930180
-45.200000 51.005828
-45.100000 51.081533
-45.000000 51.157293
-44.900000 51.233110
-44.800000 51.308983
-44.700000 51.384912
-44.600000 51.460897
-44.500000 51.536938
-44.400000 51.613035
-44.300000 51.689189
-44.200000 51.765398
-44.100000 51.841664
-44.000000 51.917986
-43.900000 51.994364
-43.800000 52.070798
-43.700000 52.147289
-43.600000 52.223835
-43.500000 52.300438
-43.400000 52.377097
-43.300000 52.453811
-43.200000 52.530582
-43.100000 52.607410
-43.000000 52.684293
-42.900000 52.761232
-42.800000 52.838228
-42.700000 52.915280
-42.600000 52.992388
-42.500000 53.069552
-42.400000 53.146772
-42.300000 53.224048
-42.200000 53.301380
-42.100000 53.378769
-42.000000 53.456214
-41.900000 53.533715
-41.800000 53.611271
-41.700000 53.688885
-41.600000 53.766554
-41.500000 53.844279
-41.400000 53.922061
-41.300000 53.999899
-41.200000 54.077792
-41.100000 54.155742
-41.000000 54.233748
-40.900000 54.311811
-40.800000 54.389929
-40.700000 54.468104
-40.600000 54.546334
-40.500000 54.624621
-40.400000 54.702964
-40.300000 54.781363
-40.200000 54.859818
-40.100000 54.938330
-40.000000 55.016897
-39.900000 55.095521
-39.800000 55.174200
-39.700000 55.252936
-39.600000 55.331728
-39.500000 55.410577
-39.400000 55.489481
-39.300000 55.568441
-39.200000 55.647458
-39.100000 55.726531
-39.000000 55.805660
-38.900000 55.884845
-38.800000 55.964086
-38.700000 56.043383
-38.600000 56.122737
-38.500000 56.202146
-38.400000 56.281612
-38.300000 56.361134
-38.200000 56.440712
-38.100000 56.520346
-38.000000 56.600036
-37.900000 56.679783
-37.800000 56.759585
-37.700000 56.839444
-37.600000 56.919359
-37.500000 56.999330
-37.400000 57.079357
-37.300000 57.159440
-37.200000 57.239580
-37.100000 57.319775
-37.000000 57.400027
-36.900000 57.480335
-36.800000 57.560699
-36.700000 57.641119
-36.600000 57.721595
-36.500000 57.802127
-36.400000 57.882716
-36.300000 57.963361
-36.200000 58.044061
-36.100000 58.124818
-36.000000 58.205632
-35.900000 58.286501
-35.800000 58.367426
-35.700000 58.448408
-35.600000 58.529445
-35.500000 58.610539
-35.400000 58.691689
-35.300000 58.772895
-35.200000 58.854157
-35.100000 58.935476
-35.000000 59.016850
-34.900000 59.098281
-34.800000 59.179767
-34.700000 59.261310
-34.600000 59.342909
-34.500000 59.424565
-34.400000 59.506276
-34.300000 59.588043
-34.200000 59.669867
-34.100000 59.751747
-34.000000 59.833683
-33.900000 59.915675
-33.800000 59.997723
-33.700000 60.079827
-33.600000 60.161987
-33.500000 60.244204
-33.400000 60.326477
-33.300000 60.408806
-33.200000 60.491191
-33.100000 60.573632
-33.000000 60.656129
-32.900000 60.738682
-32.800000 60.821292
-32.700000 60.903958
-32.600000 60.986680
-32.500000 61.069457
-32.400000 61.152292
-32.300000 61.235182
-32.200000 61.318128
-32.100000 61.401131
-32.000000 61.484189
-31.900000 61.567304
-31.800000 61.650475
-31.700000 61.733702
-31.600000 61.816986
-31.500000 61.900325
-31.400000 61.983720
-31.300000 62.067172
-31.200000 62.150680
-31.100000 62.234244
-31.000000 62.317864
-30.900000 62.401540
-30.800000 62.485272
-30.700000 62.569061
-30.600000 62.652906
-30.500000 62.736806
-30.400000 62.820763
-30.300000 62.904776
-30.200000 62.988845
-30.100000 63.072971
-30.000000 63.157152
-29.900000 63.241390
-29.800000 63.325684
-29.700000 63.410033
-29.600000 63.494440
-29.500000 63.578902
-29.400000 63.663420
-29.300000 63.747994
-29.200000 63.832625
-29.100000 63.917312
-29.000000 64.002055
-28.900000 64.086854
-28.800000 64.171709
-28.700000 64.256620
-28.600000 64.341587
-28.500000 64.426611
-28.400000 64.511691
-28.300000 64.596827
-28.200000 64.682019
-28.100000 64.767267
-28.000000 64.852571
-27.900000 64.937931
-27.800000 65.023348
-27.700000 65.108821
-27.600000 65.194349
-27.500000 65.279934
-27.400000 65.365575
-27.300000 65.451273
-27.200000 65.537026
-27.100000 65.622836
-27.000000 65.708701
-26.900000 65.794623
-26.800000 65.880601
-26.700000 65.966635
-26.600000 66.052725
-26.500000 66.138872
-26.400000 66.225074
-26.300000 66.311333
-26.200000 66.397647
-26.100000 66.484018
-26.000000 66.570445
-25.900000 66.656929
-25.800000 66.743468
-25.700000 66.830063
-25.600000 66.916715
-25.500000 67.003423
-25.400000 67.090187
-25.300000 67.177007
-25.200000 67.263883
-25.100000 67.350815
-25.000000 67.437804
-24.900000 67.524848
-24.800000 67.611949
-24.700000 67.699106
-24.600000 67.786319
-24.500000 67.873588
-24.400000 67.960913
-24.300000 68.048295
-24.200000 68.135732
-24.100000 68.223226
-24.000000 68.310776
-23.900000 68.398382
-23.800000 68.486044
-23.700000 68.573762
-23.600000 68.661537
-23.500000 68.749367
-23.400000 68.837254
-23.300000 68.925197
-23.200000 69.013196
-23.100000 69.101251
-23.000000 69.189362
-22.900000 69.277529
-22.800000 69.365753
-22.700000 69.454033
-22.600000 69.542368
-22.500000 69.630760
-22.400000 69.719208
-22.300000 69.807713
-22.200000 69.896273
-22.100000 69.984890
-22.000000 70.073562
-21.900000 70.162291
-21.800000 70.251076
-21.700000 70.339917
-21.600000 70.428814
-21.500000 70.517767
-21.400000 70.606777
-21.300000 70.695843
-21.200000 70.784964
-21.100000 70.874142
-21.000000 70.963376
-20.900000 71.052666
-20.800000 71.142013
-20.700000 71.231415
-20.600000 71.320874
-20.500000 71.410389
-20.400000 71.499959
-20.300000 71.589586
-20.200000 71.679270
-20.100000 71.769009
-20.000000 71.858804
-19.900000 71.948656
-19.800000 72.038564
-19.700000 72.128527
-19.600000 72.218547
-19.500000 72.308624
-19.400000 72.398756
-19.300000 72.488944
-19.200000 72.579189
-19.100000 72.669490
-19.000000 72.759846
-18.900000 72.850259
-18.800000 72.940728
-18.700000 73.031254
-18.600000 73.121835
-18.500000 73.212473
-18.400000 73.303166
-18.300000 73.393916
-18.200000 73.484722
-18.100000 73.575584
-18.000000 73.666502
-17.900000 73.757477
-17.800000 73.848507
-17.700000 73.939594
-17.600000 74.030737
-17.500000 74.121936
-17.400000 74.213191
-17.300000 74.304502
-17.200000 74.395869
-17.100000 74.487293
-17.000000 74.578772
-16.900000 74.670308
-16.800000 74.761900
-16.700000 74.853548
-16.600000 74.945252
-16.500000 75.037013
-16.400000 75.128829
-16.300000 75.220702
-16.200000 75.312630
-16.100000 75.404615
-16.000000 75.496656
-15.900000 75.588753
-15.800000 75.680907
-15.700000 75.773116
-15.600000 75.865382
-15.500000 75.957704
-15.400000 76.050081
-15.300000 76.142515
-15.200000 76.235006
-15.100000 76.327552
-15.000000 76.420154
-14.900000 76.512813
-14.800000 76.605527
-14.700000 76.698298
-14.600000 76.791125
-14.500000 76.884008
-14.400000 76.976948
-14.300000 77.069943
-14.200000 77.162995
-14.100000 77.256102
-14.000000 77.349266
-13.900000 77.442486
-13.800000 77.535762
-13.700000 77.629094
-13.600000 77.722483
-13.500000 77.815927
-13.400000 77.909428
-13.300000 78.002985
-13.200000 78.096598
-13.100000 78.190267
-13.000000 78.283992
-12.900000 78.377773
-12.800000 78.471611
-12.700000 78.565504
-12.600000 78.659454
-12.500000 78.753460
-12.400000 78.847522
-12.300000 78.941640
-12.200000 79.035815
-12.100000 79.130045
-12.000000 79.224332
-11.900000 79.318675
-11.800000 79.413073
-11.700000 79.507528
-11.600000 79.602040
-11.500000 79.696607
-11.400000 79.791230
-11.300000 79.885910
-11.200000 79.980646
-11.100000 80.075438
-11.000000 80.170286
-10.900000 80.265190
-10.800000 80.360150
-10.700000 80.455166
-10.600000 80.550239
-10.500000 80.645368
-10.400000 80.740553
-10.300000 80.835794
-10.200000 80.931091
-10.100000 81.026444
-10.000000 81.121853
-9.900000 81.217319
-9.800000 81.312841
-9.700000 81.408418
-9.600000 81.504052
-9.500000 81.599742
-9.400000 81.695489
-9.300000 81.791291
-9.200000 81.887150
-9.100000 81.983064
-9.000000 82.079035
-8.900000 82.175062
-8.800000 82.271145
-8.700000 82.367284
-8.600000 82.463480
-8.500000 82.559731
-8.400000 82.656039
-8.300000 82.752403
-8.200000 82.848823
-8.100000 82.945299
-8.000000 83.041831
-7.900000 83.138419
-7.800000 83.235064
-7.700000 83.331764
-7.600000 83.428521
-7.500000 83.525334
-7.400000 83.622203
-7.300000 83.719128
-7.200000 83.816109
-7.100000 83.913147
-7.000000 84.010240
-6.900000 84.107390
-6.800000 84.204596
-6.700000 84.301858
-6.600000 84.399176
-6.500000 84.496551
-6.400000 84.593981
-6.300000 84.691468
-6.200000 84.789010
-6.100000 84.886609
-6.000000 84.984264
-5.900000 85.081975
-5.800000 85.179742
-5.700000 85.277566
-5.600000 85.375445
-5.500000 85.473381
-5.400000 85.571373
-5.300000 85.669421
-5.200000 85.767525
-5.100000 85.865685
-5.000000 85.963902
-4.900000 86.062174
-4.800000 86.160503
-4.700000 86.258888
-4.600000 86.357329
-4.500000 86.455826
-4.400000 86.554379
-4.300000 86.652988
-4.200000 86.751654
-4.100000 86.850375
-4.000000 86.949153
-3.900000 87.047987
-3.800000 87.146877
-3.700000 87.245823
-3.600000 87.344826
-3.500000 87.443884
-3.400000 87.542999
-3.300000 87.642170
-3.200000 87.741397
-3.100000 87.840680
-3.000000 87.940019
-2.900000 88.039414
-2.800000 88.138866
-2.700000 88.238373
-2.600000 88.337937
-2.500000 88.437557
-2.400000 88.537233
-2.300000 88.636965
-2.200000 88.736753
-2.100000 88.836598
-2.000000 88.936498
-1.900000 89.036455
-1.800000 89.136468
-1.700000 89.236537
-1.600000 89.336662
-1.500000 89.436843
-1.400000 89.537081
-1.300000 89.637374
-1.200000 89.737724
-1.100000 89.838130
-1.000000 89.938592
-0.900000 90.039110
-0.800000 90.139684
-0.700000 90.240315
-0.600000 90.341001
-0.500000 90.441744
-0.400000 90.542543
-0.300000 90.643398
-0.200000 90.744309
-0.100000 90.845276
-0.000000 90.946299
0.100000 90.845276
0.200000 90.744309
0.300000 90.643398
0.400000 90.542543
0.500000 90.441744
0.600000 90.341001
0.700000 90.240315
0.800000 90.139684
0.900000 90.039110
1.000000 89.938592
1.100000 89.838130
1.200000 89.737724
1.300000 89.637374
1.400000 89.537081
1.500000 89.436843
1.600000 89.336662
1.700000 89.236537
1.800000 89.136468
1.900000 89.036455
2.000000 88.936498
2.100000 88.836598
2.200000 88.736753
2.300000 88.636965
2.400000 88.537233
2.500000 88.437557
2.600000 88.337937
2.700000 88.238373
2.800000 88.138866
2.900000 88.039414
3.000000 87.940019
3.100000 87.840680
3.200000 87.741397
3.300000 87.642170
3.400000 87.542999
3.500000 87.443884
3.600000 87.344826
3.700000 87.245823
3.800000 87.146877
3.900000 87.047987
4.000000 86.949153
4.100000 86.850375
4.200000 86.751654
4.300000 86.652988
4.400000 86.554379
4.500000 86.455826
4.600000 86.357329
4.700000 86.258888
4.800000 86.160503
4.900000 86.062174
5.000000 85.963902
5.100000 85.865685
5.200000 85.767525
5.300000 85.669421
5.400000 85.571373
5.500000 85.473381
5.600000 85.375445
5.700000 85.277566
5.800000 85.179742
5.900000 85.081975
6.000000 84.984264
6.100000 84.886609
6.200000 84.789010
6.300000 84.691468
6.400000 84.593981
6.500000 84.496551
6.600000 84.399176
6.700000 84.301858
6.800000 84.204596
6.900000 84.107390
7.000000 84.010240
7.100000 83.913147
7.200000 83.816109
7.300000 83.719128
7.400000 83.622203
7.500000 83.525334
7.600000 83.428521
7.700000 83.331764
7.800000 83.235064
7.900000 83.138419
8.000000 83.041831
8.100000 82.945299
8.200000 82.848823
8.300000 82.752403
8.400000 82.656039
8.500000 82.559731
8.600000 82.463480
8.700000 82.367284
8.800000 82.271145
8.900000 82.175062
9.000000 82.079035
9.100000 81.983064
9.200000 81.887150
9.300000 81.791291
9.400000 81.695489
9.500000 81.599742
9.600000 81.504052
9.700000 81.408418
9.800000 81.312841
9.900000 81.217319
10.000000 81.121853
10.100000 81.026444
10.200000 80.931091
10.300000 80.835794
10.400000 80.740553
10.500000 80.645368
10.600000 80.550239
10.700000 80.455166
10.800000 80.360150
10.900000 80.265190
11.000000 80.170286
11.100000 80.075438
11.200000 79.980646
11.300000 79.885910
11.400000 79.791230
11.500000 79.696607
11.600000 79.602040
11.700000 79.507528
11.800000 79.413073
11.900000 79.318675
12.000000 79.224332
12.100000 79.130045
12.200000 79.035815
12.300000 78.941640
12.400000 78.847522
12.500000 78.753460
12.600000 78.659454
12.700000 78.565504
12.800000 78.471611
12.900000 78.377773
13.000000 78.283992
13.100000 78.190267
13.200000 78.096598
13.300000 78.002985
13.400000 77.909428
13.500000 77.815927
13.600000 77.722483
13.700000 77.629094
13.800000 77.535762
13.900000 77.442486
14.000000 77.349266
14.100000 77.256102
14.200000 77.162995
14.300000 77.069943
14.400000 76.976948
14.500000 76.884008
14.600000 76.791125
14.700000 76.698298
14.800000 76.605527
14.900000 76.512813
15.000000 76.420154
15.100000 76.327552
15.200000 76.235006
15.300000 76.142515
15.400000 76.050081
15.500000 75.957704
15.600000 75.865382
15.700000 75.773116
15.800000 75.680907
15.900000 75.588753
16.000000 75.496656
16.100000 75.404615
16.200000 75.312630
16.300000 75.220702
16.400000 75.128829
16.500000 75.037013
16.600000 74.945252
16.700000 74.853548
16.800000 74.761900
16.900000 74.670308
17.000000 74.578772
17.100000 74.487293
17.200000 74.395869
17.300000 74.304502
17.400000 74.213191
17.500000 74.121936
17.600000 74.030737
17.700000 73.939594
17.800000 73.848507
17.900000 73.757477
18.000000 73.666502
18.100000 73.575584
18.200000 73.484722
18.300000 73.393916
18.400000 73.303166
18.500000 73.212473
18.600000 73.121835
18.700000 73.031254
18.800000 72.940728
18.900000 72.850259
19.000000 72.759846
19.100000 72.669490
19.200000 72.579189
19.300000 72.488944
19.400000 72.398756
19.500000 72.308624
19.600000 72.218547
19.700000 72.128527
19.800000 72.038564
19.900000 71.948656
20.000000 71.858804
20.100000 71.769009
20.200000 71.679270
20.300000 71.589586
20.400000 71.499959
20.500000 71.410389
20.600000 71.320874
20.700000 71.231415
20.800000 71.142013
20.900000 71.052666
21.000000 70.963376
21.100000 70.874142
21.200000 70.784964
21.300000 70.695843
21.400000 70.606777
21.500000 70.517767
21.600000 70.428814
21.700000 70.339917
21.800000 70.251076
21.900000 70.162291
22.000000 70.073562
22.100000 69.984890
22.200000 69.896273
22.300000 69.807713
22.400000 69.719208
22.500000 69.630760
22.600000 69.542368
22.700000 69.454033
22.800000 69.365753
22.900000 69.277529
23.000000 69.189362
23.100000 69.101251
23.200000 69.013196
23.300000 68.925197
23.400000 68.837254
23.500000 68.749367
23.600000 68.661537
23.700000 68.573762
23.800000 68.486044
23.900000 68.398382
24.000000 68.310776
24.100000 68.223226
24.200000 68.135732
24.300000 68.048295
24.400000 67.960913
24.500000 67.873588
24.600000 67.786319
24.700000 67.699106
24.800000 67.611949
24.900000 67.524848
25.000000 67.437804
25.100000 67.350815
25.200000 67.263883
25.300000 67.177007
25.400000 67.090187
25.500000 67.003423
25.600000 66.916715
25.700000 66.830063
25.800000 66.743468
25.900000 66.656929
26.000000 66.570445
26.100000 66.484018
26.200000 66.397647
26.300000 66.311333
26.400000 66.225074
26.500000 66.138872
26.600000 66.052725
26.700000 65.966635
26.800000 65.880601
26.900000 65.794623
27.000000 65.708701
27.100000 65.622836
27.200000 65.537026
27.300000 65.451273
27.400000 65.365575
27.500000 65.279934
27.600000 65.194349
27.700000 65.108821
27.800000 65.023348
27.900000 64.937931
28.000000 64.852571
28.100000 64.767267
28.200000 64.682019
28.300000 64.596827
28.400000 64.511691
28.500000 64.426611
28.600000 64.341587
28.700000 64.256620
28.800000 64.171709
28.900000 64.086854
29.000000 64.002055
29.100000 63.917312
29.200000 63.832625
29.300000 63.747994
29.400000 63.663420
29.500000 63.578902
29.600000 63.494440
29.700000 63.410033
29.800000 63.325684
29.900000 63.241390
30.000000 63.157152
30.100000 63.072971
30.200000 62.988845
30.300000 62.904776
30.400000 62.820763
30.500000 62.736806
30.600000 62.652906
30.700000 62.569061
30.800000 62.485272
30.900000 62.401540
31.000000 62.317864
31.100000 62.234244
31.200000 62.150680
31.300000 62.067172
31.400000 61.983720
31.500000 61.900325
31.600000 61.816986
31.700000 61.733702
31.800000 61.650475
31.900000 61.567304
32.000000 61.484189
32.100000 61.401131
32.200000 61.318128
32.300000 61.235182
32.400000 61.152292
32.500000 61.069457
32.600000 60.986680
32.700000 60.903958
32.800000 60.821292
32.900000 60.738682
33.000000 60.656129
33.100000 60.573632
33.200000 60.491191
33.300000 60.408806
33.400000 60.326477
33.500000 60.244204
33.600000 60.161987
33.700000 60.079827
33.800000 59.997723
33.900000 59.915675
34.000000 59.833683
34.100000 59.751747
34.200000 59.669867
34.300000 59.588043
34.400000 59.506276
34.500000 59.424565
34.600000 59.342909
34.700000 59.261310
34.800000 59.179767
34.900000 59.098281
35.000000 59.016850
35.100000 58.935476
35.200000 58.854157
35.300000 58.772895
35.400000 58.691689
35.500000 58.610539
35.600000 58.529445
35.700000 58.448408
35.800000 58.367426
35.900000 58.286501
36.000000 58.205632
36.100000 58.124818
36.200000 58.044061
36.300000 57.963361
36.400000 57.882716
36.500000 57.802127
36.600000 57.721595
36.700000 57.641119
36.800000 57.560699
36.900000 57.480335
37.000000 57.400027
37.100000 57.319775
37.200000 57.239580
37.300000 57.159440
37.400000 57.079357
37.500000 56.999330
37.600000 56.919359
37.700000 56.839444
37.800000 56.759585
37.900000 56.679783
38.000000 56.600036
38.100000 56.520346
38.200000 56.440712
38.300000 56.361134
38.400000 56.281612
38.500000 56.202146
38.600000 56.122737
38.700000 56.043383
38.800000 55.964086
38.900000 55.884845
39.000000 55.805660
39.100000 55.726531
39.200000 55.647458
39.300000 55.568441
39.400000 55.489481
39.500000 55.410577
39.600000 55.331728
39.700000 55.252936
39.800000 55.174200
39.900000 55.095521
40.000000 55.016897
40.100000 54.938330
40.200000 54.859818
40.300000 54.781363
40.400000 54.702964
40.500000 54.624621
40.600000 54.546334
40.700000 54.468104
40.800000 54.389929
40.900000 54.311811
41.000000 54.233748
41.100000 54.155742
41.200000 54.077792
41.300000 53.999899
41.400000 53.922061
41.500000 53.844279
41.600000 53.766554
41.700000 53.688885
41.800000 53.611271
41.900000 53.533715
42.000000 53.456214
42.100000 53.378769
42.200000 53.301380
42.300000 53.224048
42.400000 53.146772
42.500000 53.069552
42.600000 52.992388
42.700000 52.915280
42.800000 52.838228
42.900000 52.761232
43.000000 52.684293
43.100000 52.607410
43.200000 52.530582
43.300000 52.453811
43.400000 52.377097
43.500000 52.300438
43.600000 52.223835
43.700000 52.147289
43.800000 52.070798
43.900000 51.994364
44.000000 51.917986
44.100000 51.841664
44.200000 51.765398
44.300000 51.689189
44.400000 51.613035
44.500000 51.536938
44.600000 51.460897
44.700000 51.384912
44.800000 51.308983
44.900000 51.233110
45.000000 51.157293
45.100000 51.081533
45.200000 51.005828
45.300000 50.930180
45.400000 50.854588
45.500000 50.779052
45.600000 50.703572
45.700000 50.628149
45.800000 50.552781
45.900000 50.477470
46.000000 50.402214
46.100000 50.327015
46.200000 50.251872
46.300000 50.176786
46.400000 50.101755
46.500000 50.026780
46.600000 49.951862
46.700000 49.877000
46.800000 49.802193
46.900000 49.727443
47.000000 49.652750
47.100000 49.578112
47.200000 49.503530
47.300000 49.429005
47.400000 49.354536
47.500000 49.280122
47.600000 49.205765
47.700000 49.131465
47.800000 49.057220
47.900000 48.983031
48.000000 48.908899
48.100000 48.834822
48.200000 48.760802
48.300000 48.686838
48.400000 48.612930
48.500000 48.539078
48.600000 48.465283
48.700000 48.391543
48.800000 48.317860
48.900000 48.244233
49.000000 48.170662
49.100000 48.097147
49.200000 48.023688
49.300000 47.950285
49.400000 47.876939
49.500000 47.803649
49.600000 47.730414
49.700000 47.657236
49.800000 47.584114
49.900000 47.511048
50.000000 47.438039
50.100000 47.365085
50.200000 47.292188
50.300000 47.219347
50.400000 47.146562
50.500000 47.073833
50.600000 47.001160
50.700000 46.928543
50.800000 46.855982
50.900000 46.783478
51.000000 46.711030
51.100000 46.638638
51.200000 46.566302
51.300000 46.494022
51.400000 46.421798
51.500000 46.349631
51.600000 46.277519
51.700000 46.205464
51.800000 46.133465
51.900000 46.061522
52.000000 45.989635
52.100000 45.917804
52.200000 45.846029
52.300000 45.774311
52.400000 45.702649
52.500000 45.631043
52.600000 45.559492
52.700000 45.487999
52.800000 45.416561
52.900000 45.345179
53.000000 45.273854
53.100000 45.202584
53.200000 45.131371
53.300000 45.060214
53.400000 44.989113
53.500000 44.918068
53.600000 44.847080
53.700000 44.776147
53.800000 44.705271
53.900000 44.634451
54.000000 44.563687
54.100000 44.492979
54.200000 44.422327
54.300000 44.351731
54.400000 44.281192
54.500000 44.210708
54.600000 44.140281
54.700000 44.069910
54.800000 43.999595
54.900000 43.929336
55.000000 43.859134
55.100000 43.788987
55.200000 43.718897
55.300000 43.648862
55.400000 43.578884
55.500000 43.508962
55.600000 43.439096
55.700000 43.369287
55.800000 43.299533
55.900000 43.229836
56.000000 43.160194
56.100000 43.090609
56.200000 43.021080
56.300000 42.951607
56.400000 42.882191
56.500000 42.812830
56.600000 42.743526
56.700000 42.674277
56.800000 42.605085
56.900000 42.535949
57.000000 42.466869
57.100000 42.397845
57.200000 42.328878
57.300000 42.259966
57.400000 42.191111
57.500000 42.122312
57.600000 42.053569
57.700000 41.984882
57.800000 41.916251
57.900000 41.847676
58.000000 41.779158
58.100000 41.710696
58.200000 41.642289
58.300000 41.573939
58.400000 41.505645
58.500000 41.437408
58.600000 41.369226
58.700000 41.301100
58.800000 41.233031
58.900000 41.165018
59.000000 41.097061
59.100000 41.029160
59.200000 40.961315
59.300000 40.893526
59.400000 40.825794
59.500000 40.758117
59.600000 40.690497
59.700000 40.622933
59.800000 40.555425
59.900000 40.487973
60.000000 40.420577
60.100000 40.353238
60.200000 40.285954
60.300000 40.218727
60.400000 40.151556
60.500000 40.084441
60.600000 40.017382
60.700000 39.950379
60.800000 39.883433
60.900000 39.816542
61.000000 39.749708
61.100000 39.682930
61.200000 39.616208
61.300000 39.549542
61.400000 39.482932
61.500000 39.416379
61.600000 39.349881
61.700000 39.283440
61.800000 39.217055
61.900000 39.150726
62.000000 39.084453
62.100000 39.018236
62.200000 38.952075
62.300000 38.885971
62.400000 38.819923
62.500000 38.753930
62.600000 38.687994
62.700000 38.622114
62.800000 38.556291
62.900000 38.490523
63.000000 38.424811
63.100000 38.359156
63.200000 38.293557
63.300000 38.228014
63.400000 38.162527
63.500000 38.097096
63.600000 38.031721
63.700000 37.966403
63.800000 37.901140
63.900000 37.835934
64.000000 37.770784
64.100000 37.705690
64.200000 37.640652
64.300000 37.575671
64.400000 37.510745
64.500000 37.445876
64.600000 37.381062
64.700000 37.316305
64.800000 37.251604
64.900000 37.186959
65.000000 37.122371
65.100000 37.057838
65.200000 36.993362
65.300000 36.928941
65.400000 36.864577
65.500000 36.800269
65.600000 36.736017
65.700000 36.671822
65.800000 36.607682
65.900000 36.543598
66.000000 36.479571
66.100000 36.415600
66.200000 36.351685
66.300000 36.287826
66.400000 36.224023
66.500000 36.160277
66.600000 36.096586
66.700000 36.032952
66.800000 35.969374
66.900000 35.905852
67.000000 35.842386
67.100000 35.778976
67.200000 35.715622
67.300000 35.652325
67.400000 35.589083
67.500000 35.525898
67.600000 35.462769
67.700000 35.399696
67.800000 35.336679
67.900000 35.273719
68.000000 35.210814
68.100000 35.147966
68.200000 35.085173
68.300000 35.022437
68.400000 34.959757
68.500000 34.897134
68.600000 34.834566
68.700000 34.772054
68.800000 34.709599
68.900000 34.647200
69.000000 34.584857
69.100000 34.522570
69.200000 34.460339
69.300000 34.398164
69.400000 34.336045
69.500000 34.273983
69.600000 34.211977
69.700000 34.150027
69.800000 34.088133
69.900000 34.026295
70.000000 33.964513
70.100000 33.902787
70.200000 33.841118
70.300000 33.779505
70.400000 33.717947
70.500000 33.656446
70.600000 33.595002
70.700000 33.533613
70.800000 33.472280
70.900000 33.411004
71.000000 33.349783
71.100000 33.288619
71.200000 33.227511
71.300000 33.166459
71.400000 33.105463
71.500000 33.044524
71.600000 32.983640
71.700000 32.922813
71.800000 32.862042
71.900000 32.801327
72.000000 32.740668
72.100000 32.680065
72.200000 32.619518
72.300000 32.559028
72.400000 32.498593
72.500000 32.438215
72.600000 32.377893
72.700000 32.317627
72.800000 32.257417
72.900000 32.197264
73.000000 32.137166
73.100000 32.077125
73.200000 32.017139
73.300000 31.957210
73.400000 31.897337
73.500000 31.837520
73.600000 31.777760
73.700000 31.718055
73.800000 31.658407
73.900000 31.598814
74.000000 31.539278
74.100000 31.479798
74.200000 31.420374
74.300000 31.361007
74.400000 31.301695
74.500000 31.242440
74.600000 31.183240
74.700000 31.124097
74.800000 31.065010
74.900000 31.005979
75.000000 30.947005
75.100000 30.888086
75.200000 30.829224
75.300000 30.770417
75.400000 30.711667
75.500000 30.652973
75.600000 30.594335
75.700000 30.535753
75.800000 30.477228
75.900000 30.418758
76.000000 30.360345
76.100000 30.301988
76.200000 30.243687
76.300000 30.185442
76.400000 30.127253
76.500000 30.069120
76.600000 30.011044
76.700000 29.953023
76.800000 29.895059
76.900000 29.837151
77.000000 29.779299
77.100000 29.721503
77.200000 29.663764
77.300000 29.606080
77.400000 29.548453
77.500000 29.490881
77.600000 29.433366
77.700000 29.375907
77.800000 29.318504
77.900000 29.261158
78.000000 29.203867
78.100000 29.146633
78.200000 29.089455
78.300000 29.032332
78.400000 28.975266
78.500000 28.918257
78.600000 28.861303
78.700000 28.804405
78.800000 28.747564
78.900000 28.690778
79.000000 28.634049
79.100000 28.577376
79.200000 28.520759
79.300000 28.464199
79.400000 28.407694
79.500000 28.351246
79.600000 28.294853
79.700000 28.238517
79.800000 28.182237
79.900000 28.126013
80.000000 28.069845
80.100000 28.013734
80.200000 27.957678
80.300000 27.901679
80.400000 27.845736
80.500000 27.789849
80.600000 27.734018
80.700000 27.678243
80.800000 27.622524
80.900000 27.566862
81.000000 27.511256
81.100000 27.455705
81.200000 27.400211
81.300000 27.344773
81.400000 27.289391
81.500000 27.234066
81.600000 27.178796
81.700000 27.123583
81.800000 27.068426
81.900000 27.013325
82.000000 26.958280
82.100000 26.903291
82.200000 26.848358
82.300000 26.793482
82.400000 26.738661
82.500000 26.683897
82.600000 26.629189
82.700000 26.574537
82.800000 26.519941
82.900000 26.465401
83.000000 26.410918
83.100000 26.356490
83.200000 26.302119
83.300000 26.247804
83.400000 26.193545
83.500000 26.139342
83.600000 26.085195
83.700000 26.031105
83.800000 25.977070
83.900000 25.923092
84.000000 25.869170
84.100000 25.815304
84.200000 25.761494
84.300000 25.707740
84.400000 25.654042
84.500000 25.600401
84.600000 25.546815
84.700000 25.493286
84.800000 25.439813
84.900000 25.386396
85.000000 25.333036
85.100000 25.279731
85.200000 25.226482
85.300000 25.173290
85.400000 25.120154
85.500000 25.067074
85.600000 25.014050
85.700000 24.961082
85.800000 24.908170
85.900000 24.855315
86.000000 24.802515
86.100000 24.749772
86.200000 24.697085
86.300000 24.644454
86.400000 24.591879
86.500000 24.539361
86.600000 24.486898
86.700000 24.434492
86.800000 24.382141
86.900000 24.329847
87.000000 24.277609
87.100000 24.225427
87.200000 24.173302
87.300000 24.121232
87.400000 24.069219
87.500000 24.017262
87.600000 23.965360
87.700000 23.913515
87.800000 23.861726
87.900000 23.809994
88.000000 23.758317
88.100000 23.706697
88.200000 23.655132
88.300000 23.603624
88.400000 23.552172
88.500000 23.500776
88.600000 23.449437
88.700000 23.398153
88.800000 23.346926
88.900000 23.295754
89.000000 23.244639
89.100000 23.193580
89.200000 23.142577
89.300000 23.091630
89.400000 23.040740
89.500000 22.989905
89.600000 22.939127
89.700000 22.888405
89.800000 22.837739
89.900000 22.787129
90.000000 22.736575
90.100000 22.686077
90.200000 22.635636
90.300000 22.585250
90.400000 22.534921
90.500000 22.484648
90.600000 22.434431
90.700000 22.384270
90.800000 22.334166
90.900000 22.284117
91.000000 22.234125
91.100000 22.184188
91.200000 22.134308
91.300000 22.084484
91.400000 22.034716
91.500000 21.985005
91.600000 21.935349
91.700000 21.885750
91.800000 21.836206
91.900000 21.786719
92.000000 21.737288
92.100000 21.687913
92.200000 21.638595
92.300000 21.589332
92.400000 21.540126
92.500000 21.490975
92.600000 21.441881
92.700000 21.392843
92.800000 21.343861
92.900000 21.294936
93.000000 21.246066
93.100000 21.197253
93.200000 21.148495
93.300000 21.099794
93.400000 21.051149
93.500000 21.002560
93.600000 20.954027
93.700000 20.905551
93.800000 20.857130
93.900000 20.808766
94.000000 20.760458
94.100000 20.712206
94.200000 20.664010
94.300000 20.615870
94.400000 20.567786
94.500000 20.519759
94.600000 20.471787
94.700000 20.423872
94.800000 20.376013
94.900000 20.328210
95.000000 20.280463
95.100000 20.232773
95.200000 20.185138
95.300000 20.137560
95.400000 20.090038
95.500000 20.042571
95.600000 19.995161
95.700000 19.947808
95.800000 19.900510
95.900000 19.853268
96.000000 19.806083
96.100000 19.758954
96.200000 19.711881
96.300000 19.664864
96.400000 19.617903
96.500000 19.570998
96.600000 19.524149
96.700000 19.477357
96.800000 19.430621
96.900000 19.383941
97.000000 19.337317
97.100000 19.290749
97.200000 19.244237
97.300000 19.197781
97.400000 19.151382
97.500000 19.105039
97.600000 19.058751
97.700000 19.012520
97.800000 18.966345
97.900000 18.920227
98.000000 18.874164
98.100000 18.828158
98.200000 18.782207
98.300000 18.736313
98.400000 18.690475
98.500000 18.644693
98.600000 18.598967
98.700000 18.553298
98.800000 18.507684
98.900000 18.462127
99.000000 18.416626
99.100000 18.371181
99.200000 18.325792
99.300000 18.280459
99.400000 18.235182
99.500000 18.189962
99.600000 18.144797
99.700000 18.099689
99.800000 18.054637
99.900000 18.009641
100.000000 17.964701
100.100000 17.919817
100.200000 17.874990
100.300000 17.830218
100.400000 17.785503
100.500000 17.740844
100.600000 17.696241
100.700000 17.651694
100.800000 17.607204
100.900000 17.562769
101.000000 17.518391
101.100000 17.474068
101.200000 17.429802
101.300000 17.385592
101.400000 17.341438
101.500000 17.297341
101.600000 17.253299
101.700000 17.209313
101.800000 17.165384
101.900000 17.121511
102.000000 17.077694
102.100000 17.033933
102.200000 16.990228
102.300000 16.946580
102.400000 16.902987
102.500000 16.859451
102.600000 16.815971
102.700000 16.772547
102.800000 16.729179
102.900000 16.685867
103.000000 16.642611
103.100000 16.599412
103.200000 16.556269
103.300000 16.513181
103.400000 16.470150
103.500000 16.427175
103.600000 16.384257
103.700000 16.341394
103.800000 16.298587
103.900000 16.255837
104.000000 16.213143
104.100000 16.170505
104.200000 16.127923
104.300000 16.085397
104.400000 16.042927
104.500000 16.000514
104.600000 15.958156
104.700000 15.915855
104.800000 15.873610
104.900000 15.831421
105.000000 15.789288
105.100000 15.747211
105.200000 15.705191
105.300000 15.663226
105.400000 15.621318
105.500000 15.579466
105.600000 15.537670
105.700000 15.495930
105.800000 15.454246
105.900000 15.412619
106.000000 15.371047
106.100000 15.329532
106.200000 15.288073
106.300000 15.246670
106.400000 15.205323
106.500000 15.164032
106.600000 15.122798
106.700000 15.081619
106.800000 15.040497
106.900000 14.999431
107.000000 14.958421
107.100000 14.917467
107.200000 14.876569
107.300000 14.835727
107.400000 14.794942
107.500000 14.754213
107.600000 14.713539
107.700000 14.672922
107.800000 14.632361
107.900000 14.591857
108.000000 14.551408
108.100000 14.511015
108.200000 14.470679
108.300000 14.430399
108.400000 14.390175
108.500000 14.350007
108.600000 14.309895
108.700000 14.269839
108.800000 14.229840
108.900000 14.189896
109.000000 14.150009
109.100000 14.110178
109.200000 14.070403
109.300000 14.030684
109.400000 13.991021
109.500000 13.951415
109.600000 13.911865
109.700000 13.872370
109.800000 13.832932
109.900000 13.793550
110.000000 13.754224
110.100000 13.714955
110.200000 13.675741
110.300000 13.636584
110.400000 13.597482
110.500000 13.558437
110.600000 13.519448
110.700000 13.480515
110.800000 13.441638
110.900000 13.402818
111.000000 13.364053
111.100000 13.325345
111.200000 13.286693
111.300000 13.248097
111.400000 13.209557
111.500000 13.171073
111.600000 13.132646
111.700000 13.094274
111.800000 13.055959
111.900000 13.017700
112.000000 12.979497
112.100000 12.941350
112.200000 12.903259
112.300000 12.865224
112.400000 12.827246
112.500000 12.789323
112.600000 12.751457
112.700000 12.713647
112.800000 12.675893
112.900000 12.638195
113.000000 12.600554
113.100000 12.562968
113.200000 12.525439
113.300000 12.487965
113.400000 12.450548
113.500000 12.413187
113.600000 12.375883
113.700000 12.338634
113.800000 12.301441
113.900000 12.264305
114.000000 12.227225
114.100000 12.190201
114.200000 12.153233
114.300000 12.116321
114.400000 12.079465
114.500000 12.042665
114.600000 12.005922
114.700000 11.969235
114.800000 11.932604
114.900000 11.896029
115.000000 11.859510
115.100000 11.823047
115.200000 11.786640
115.300000 11.750290
115.400000 11.713996
115.500000 11.677757
115.600000 11.641575
115.700000 11.605450
115.800000 11.569380
115.900000 11.533366
116.000000 11.497409
116.100000 11.461507
116.200000 11.425662
116.300000 11.389873
116.400000 11.354140
116.500000 11.318463
116.600000 11.282843
116.700000 11.247278
116.800000 11.211770
116.900000 11.176318
117.000000 11.140922
117.100000 11.105582
117.200000 11.070298
117.300000 11.035070
117.400000 10.999899
117.500000 10.964783
117.600000 10.929724
117.700000 10.894721
117.800000 10.859774
117.900000 10.824883
118.000000 10.790049
118.100000 10.755270
118.200000 10.720548
118.300000 10.685881
118.400000 10.651271
118.500000 10.616717
118.600000 10.582219
118.700000 10.547778
118.800000 10.513392
118.900000 10.479063
119.000000 10.444789
119.100000 10.410572
119.200000 10.376411
119.300000 10.342306
119.400000 10.308258
119.500000 10.274265
119.600000 10.240329
119.700000 10.206448
119.800000 10.172624
119.900000 10.138856
120.000000 10.105144
120.100000 10.071489
120.200000 10.037889
120.300000 10.004346
120.400000 9.970858
120.500000 9.937427
120.600000 9.904052
120.700000 9.870733
120.800000 9.837470
120.900000 9.804264
121.000000 9.771113
121.100000 9.738019
121.200000 9.704981
121.300000 9.671999
121.400000 9.639073
121.500000 9.606203
121.600000 9.573389
121.700000 9.540632
121.800000 9.507930
121.900000 9.475285
122.000000 9.442696
122.100000 9.410163
122.200000 9.377686
122.300000 9.345266
122.400000 9.312901
122.500000 9.280593
122.600000 9.248340
122.700000 9.216144
122.800000 9.184004
122.900000 9.151920
123.000000 9.119893
123.100000 9.087921
123.200000 9.056006
123.300000 9.024147
123.400000 8.992343
123.500000 8.960596
123.600000 8.928906
123.700000 8.897271
123.800000 8.865692
123.900000 8.834170
124.000000 8.802704
124.100000 8.771293
124.200000 8.739939
124.300000 8.708641
124.400000 8.677400
124.500000 8.646214
124.600000 8.615085
124.700000 8.584011
124.800000 8.552994
124.900000 8.522033
125.000000 8.491128
125.100000 8.460279
125.200000 8.429487
125.300000 8.398750
125.400000 8.368070
125.500000 8.337446
125.600000 8.306878
125.700000 8.276366
125.800000 8.245910
125.900000 8.215510
126.000000 8.185167
126.100000 8.154880
126.200000 8.124648
126.300000 8.094473
126.400000 8.064354
126.500000 8.034292
126.600000 8.004285
126.700000 7.974334
126.800000 7.944440
126.900000 7.914602
127.000000 7.884820
127.100000 7.855094
127.200000 7.825424
127.300000 7.795810
127.400000 7.766253
127.500000 7.736751
127.600000 7.707306
127.700000 7.677917
127.800000 7.648584
127.900000 7.619307
128.000000 7.590086
128.100000 7.560922
128.200000 7.531813
128.300000 7.502761
128.400000 7.473765
128.500000 7.444825
128.600000 7.415941
128.700000 7.387113
128.800000 7.358342
128.900000 7.329626
129.000000 7.300967
129.100000 7.272364
129.200000 7.243817
129.300000 7.215326
129.400000 7.186891
129.500000 7.158512
129.600000 7.130190
129.700000 7.101924
129.800000 7.073713
129.900000 7.045559
130.000000 7.017461
130.100000 6.989420
130.200000 6.961434
130.300000 6.933504
130.400000 6.905631
130.500000 6.877814
130.600000 6.850053
130.700000 6.822348
130.800000 6.794699
130.900000 6.767106
131.000000 6.739570
131.100000 6.712090
131.200000 6.684665
131.300000 6.657297
131.400000 6.629985
131.500000 6.602729
131.600000 6.575530
131.700000 6.548386
131.800000 6.521299
131.900000 6.494268
132.000000 6.467292
132.100000 6.440373
132.200000 6.413511
132.300000 6.386704
132.400000 6.359953
132.500000 6.333259
132.600000 6.306621
132.700000 6.280038
132.800000 6.253512
132.900000 6.227043
133.000000 6.200629
133.100000 6.174271
133.200000 6.147970
133.300000 6.121725
133.400000 6.095535
133.500000 6.069402
133.600000 6.043325
133.700000 6.017305
133.800000 5.991340
133.900000 5.965432
134.000000 5.939579
134.100000 5.913783
134.200000 5.888043
134.300000 5.862359
134.400000 5.836731
134.500000 5.811160
134.600000 5.785644
134.700000 5.760185
134.800000 5.734782
134.900000 5.709435
135.000000 5.684144
135.100000 5.658909
135.200000 5.633730
135.300000 5.608608
135.400000 5.583541
135.500000 5.558531
135.600000 5.533577
135.700000 5.508679
135.800000 5.483837
135.900000 5.459052
136.000000 5.434322
136.100000 5.409649
136.200000 5.385031
136.300000 5.360470
136.400000 5.335965
136.500000 5.311517
136.600000 5.287124
136.700000 5.262787
136.800000 5.238507
136.900000 5.214283
137.000000 5.190114
137.100000 5.166002
137.200000 5.141947
137.300000 5.117947
137.400000 5.094003
137.500000 5.070116
137.600000 5.046285
137.700000 5.022509
137.800000 4.998790
137.900000 4.975127
138.000000 4.951521
138.100000 4.927970
138.200000 4.904476
138.300000 4.881037
138.400000 4.857655
138.500000 4.834329
138.600000 4.811059
138.700000 4.787845
138.800000 4.764688
138.900000 4.741586
139.000000 4.718541
139.100000 4.695552
139.200000 4.672619
139.300000 4.649742
139.400000 4.626921
139.500000 4.604156
139.600000 4.581448
139.700000 4.558796
139.800000 4.536199
139.900000 4.513659
140.000000 4.491175
140.100000 4.468747
140.200000 4.446376
140.300000 4.424060
140.400000 4.401801
140.500000 4.379598
140.600000 4.357451
140.700000 4.335360
140.800000 4.313325
140.900000 4.291346
141.000000 4.269423
141.100000 4.247557
141.200000 4.225747
141.300000 4.203993
141.400000 4.182295
141.500000 4.160653
141.600000 4.139067
141.700000 4.117538
141.800000 4.096064
141.900000 4.074647
142.000000 4.053286
142.100000 4.031981
142.200000 4.010732
142.300000 3.989539
142.400000 3.968402
142.500000 3.947322
142.600000 3.926298
142.700000 3.905330
142.800000 3.884417
142.900000 3.863562
143.000000 3.842762
143.100000 3.822018
143.200000 3.801331
143.300000 3.780699
143.400000 3.760124
143.500000 3.739605
143.600000 3.719142
143.700000 3.698735
143.800000 3.678385
143.900000 3.658090
144.000000 3.637852
144.100000 3.617670
144.200000 3.597544
144.300000 3.577474
144.400000 3.557460
144.500000 3.537502
144.600000 3.517601
144.700000 3.497755
144.800000 3.477966
144.900000 3.458233
145.000000 3.438556
145.100000 3.418935
145.200000 3.399371
145.300000 3.379862
145.400000 3.360410
145.500000 3.341013
145.600000 3.321673
145.700000 3.302389
145.800000 3.283161
145.900000 3.263990
146.000000 3.244874
146.100000 3.225815
146.200000 3.206811
146.300000 3.187864
146.400000 3.168973
146.500000 3.150138
146.600000 3.131360
146.700000 3.112637
146.800000 3.093971
146.900000 3.075360
147.000000 3.056806
147.100000 3.038308
147.200000 3.019866
147.300000 3.001481
147.400000 2.983151
147.500000 2.964877
147.600000 2.946660
147.700000 2.928499
147.800000 2.910394
147.900000 2.892345
148.000000 2.874352
148.100000 2.856416
148.200000 2.838535
148.300000 2.820711
148.400000 2.802942
148.500000 2.785230
148.600000 2.767574
148.700000 2.749975
148.800000 2.732431
148.900000 2.714944
149.000000 2.697512
149.100000 2.680137
149.200000 2.662818
149.300000 2.645555
149.400000 2.628348
149.500000 2.611197
149.600000 2.594103
149.700000 2.577064
149.800000 2.560082
149.900000 2.543156
150.000000 2.526286
150.100000 2.509472
150.200000 2.492715
150.300000 2.476013
150.400000 2.459368
150.500000 2.442778
150.600000 2.426245
150.700000 2.409768
150.800000 2.393347
150.900000 2.376983
151.000000 2.360674
151.100000 2.344422
151.200000 2.328225
151.300000 2.312085
151.400000 2.296001
151.500000 2.279973
151.600000 2.264001
151.700000 2.248086
151.800000 2.232226
151.900000 2.216423
152.000000 2.200676
152.100000 2.184985
152.200000 2.169350
152.300000 2.153771
152.400000 2.138249
152.500000 2.122782
152.600000 2.107372
152.700000 2.092018
152.800000 2.076719
152.900000 2.061478
153.000000 2.046292
153.100000 2.031162
153.200000 2.016089
153.300000 2.001071
153.400000 1.986110
153.500000 1.971205
153.600000 1.956356
153.700000 1.941563
153.800000 1.926826
153.900000 1.912146
154.000000 1.897522
154.100000 1.882953
154.200000 1.868441
154.300000 1.853985
154.400000 1.839585
154.500000 1.825242
154.600000 1.810954
154.700000 1.796723
154.800000 1.782547
154.900000 1.768428
155.000000 1.754365
155.100000 1.740358
155.200000 1.726408
155.300000 1.712513
155.400000 1.698675
155.500000 1.684892
155.600000 1.671166
155.700000 1.657496
155.800000 1.643882
155.900000 1.630325
156.000000 1.616823
156.100000 1.603378
156.200000 1.589988
156.300000 1.576655
156.400000 1.563378
156.500000 1.550157
156.600000 1.536992
156.700000 1.523884
156.800000 1.510831
156.900000 1.497835
157.000000 1.484895
157.100000 1.472011
157.200000 1.459183
157.300000 1.446411
157.400000 1.433695
157.500000 1.421036
157.600000 1.408433
157.700000 1.395885
157.800000 1.383394
157.900000 1.370959
158.000000 1.358581
158.100000 1.346258
158.200000 1.333991
158.300000 1.321781
158.400000 1.309627
158.500000 1.297529
158.600000 1.285487
158.700000 1.273501
158.800000 1.261571
158.900000 1.249698
159.000000 1.237880
159.100000 1.226119
159.200000 1.214414
159.300000 1.202765
159.400000 1.191172
159.500000 1.179635
159.600000 1.168155
159.700000 1.156730
159.800000 1.145362
159.900000 1.134050
160.000000 1.122794
160.100000 1.111594
160.200000 1.100450
160.300000 1.089363
160.400000 1.078331
160.500000 1.067356
160.600000 1.056437
160.700000 1.045574
160.800000 1.034767
160.900000 1.024016
161.000000 1.013321
161.100000 1.002683
161.200000 0.992101
161.300000 0.981574
161.400000 0.971104
161.500000 0.960690
161.600000 0.950333
161.700000 0.940031
161.800000 0.929786
161.900000 0.919596
162.000000 0.909463
162.100000 0.899386
162.200000 0.889365
162.300000 0.879400
162.400000 0.869492
162.500000 0.859639
162.600000 0.849843
162.700000 0.840102
162.800000 0.830418
162.900000 0.820790
163.000000 0.811219
163.100000 0.801703
163.200000 0.792243
163.300000 0.782840
163.400000 0.773493
163.500000 0.764202
163.600000 0.754967
163.700000 0.745788
163.800000 0.736665
163.900000 0.727598
164.000000 0.718588
164.100000 0.709634
164.200000 0.700736
164.300000 0.691894
164.400000 0.683108
164.500000 0.674378
164.600000 0.665704
164.700000 0.657087
164.800000 0.648526
164.900000 0.640021
165.000000 0.631572
165.100000 0.623179
165.200000 0.614842
165.300000 0.606561
165.400000 0.598337
165.500000 0.590169
165.600000 0.582056
165.700000 0.574000
165.800000 0.566000
165.900000 0.558057
166.000000 0.550169
166.100000 0.542337
166.200000 0.534562
166.300000 0.526843
166.400000 0.519180
166.500000 0.511573
166.600000 0.504022
166.700000 0.496527
166.800000 0.489089
166.900000 0.481707
167.000000 0.474380
167.100000 0.467110
167.200000 0.459896
167.300000 0.452739
167.400000 0.445637
167.500000 0.438591
167.600000 0.431602
167.700000 0.424669
167.800000 0.417792
167.900000 0.410971
168.000000 0.404206
168.100000 0.397497
168.200000 0.390845
168.300000 0.384248
168.400000 0.377708
168.500000 0.371224
168.600000 0.364796
168.700000 0.358424
168.800000 0.352108
168.900000 0.345849
169.000000 0.339645
169.100000 0.333498
169.200000 0.327407
169.300000 0.321372
169.400000 0.315393
169.500000 0.309470
169.600000 0.303603
169.700000 0.297793
169.800000 0.292039
169.900000 0.286340
170.000000 0.280698
170.100000 0.275113
170.200000 0.269583
170.300000 0.264109
170.400000 0.258692
170.500000 0.253330
170.600000 0.248025
170.700000 0.242776
170.800000 0.237583
170.900000 0.232446
171.000000 0.227366
171.100000 0.222341
171.200000 0.217373
171.300000 0.212461
171.400000 0.207605
171.500000 0.202805
171.600000 0.198061
171.700000 0.193373
171.800000 0.188742
171.900000 0.184166
172.000000 0.179647
172.100000 0.175184
172.200000 0.170777
172.300000 0.166426
172.400000 0.162131
172.500000 0.157893
172.600000 0.153710
172.700000 0.149584
172.800000 0.145514
172.900000 0.141500
173.000000 0.137542
173.100000 0.133641
173.200000 0.129795
173.300000 0.126006
173.400000 0.122272
173.500000 0.118595
173.600000 0.114974
173.700000 0.111409
173.800000 0.107900
173.900000 0.104448
174.000000 0.101051
174.100000 0.097711
174.200000 0.094427
174.300000 0.091199
174.400000 0.088027
174.500000 0.084911
174.600000 0.081852
174.700000 0.078848
174.800000 0.075901
174.900000 0.073010
175.000000 0.070175
175.100000 0.067396
175.200000 0.064673
175.300000 0.062006
175.400000 0.059396
175.500000 0.056841
175.600000 0.054343
175.700000 0.051901
175.800000 0.049515
175.900000 0.047185
176.000000 0.044912
176.100000 0.042694
176.200000 0.040533
176.300000 0.038428
176.400000 0.036379
176.500000 0.034386
176.600000 0.032449
176.700000 0.030568
176.800000 0.028744
176.900000 0.026975
177.000000 0.025263
177.100000 0.023607
177.200000 0.022007
177.300000 0.020463
177.400000 0.018975
177.500000 0.017544
177.600000 0.016168
177.700000 0.014849
177.800000 0.013586
177.900000 0.012379
178.000000 0.011228
178.100000 0.010133
178.200000 0.009095
178.300000 0.008112
178.400000 0.007186
178.500000 0.006316
178.600000 0.005502
178.700000 0.004744
178.800000 0.004042
178.900000 0.003396
179.000000 0.002807
179.100000 0.002274
179.200000 0.001796
179.300000 0.001375
179.400000 0.001011
179.500000 0.000702
179.600000 0.000449
179.700000 0.000253
179.800000 0.000112
179.900000 0.000028
180.000000 0.000000
