-180.000000 0.000000
-179.900000 0.000028
-179.800000 0.000113
-179.700000 0.000253
-179.600000 0.000450
-179.500000 0.000703
-179.400000 0.001013
-179.300000 0.001379
-179.200000 0.001801
-179.100000 0.002279
-179.000000 0.002813
-178.900000 0.003404
-178.800000 0.004051
-178.700000 0.004754
-178.600000 0.005514
-178.500000 0.006330
-178.400000 0.007202
-178.300000 0.008130
-178.200000 0.009115
-178.100000 0.010156
-178.000000 0.011253
-177.900000 0.012407
-177.800000 0.013616
-177.700000 0.014882
-177.600000 0.016205
-177.500000 0.017583
-177.400000 0.019018
-177.300000 0.020509
-177.200000 0.022056
-177.100000 0.023660
-177.000000 0.025320
-176.900000 0.027036
-176.800000 0.028808
-176.700000 0.030637
-176.600000 0.032522
-176.500000 0.034463
-176.400000 0.036460
-176.300000 0.038514
-176.200000 0.040624
-176.100000 0.042790
-176.000000 0.045013
-175.900000 0.047292
-175.800000 0.049627
-175.700000 0.052018
-175.600000 0.054465
-175.500000 0.056969
-175.400000 0.059529
-175.300000 0.062146
-175.200000 0.064818
-175.100000 0.067547
-175.000000 0.070332
-174.900000 0.073174
-174.800000 0.076072
-174.700000 0.079026
-174.600000 0.082036
-174.500000 0.085102
-174.400000 0.088225
-174.300000 0.091404
-174.200000 0.094639
-174.100000 0.097931
-174.000000 0.101279
-173.900000 0.104683
-173.800000 0.108143
-173.700000 0.111660
-173.600000 0.115233
-173.500000 0.118862
-173.400000 0.122547
-173.300000 0.126289
-173.200000 0.130087
-173.100000 0.133941
-173.000000 0.137852
-172.900000 0.141818
-172.800000 0.145841
-172.700000 0.149921
-172.600000 0.154056
-172.500000 0.158248
-172.400000 0.162496
-172.300000 0.166800
-172.200000 0.171161
-172.100000 0.175578
-172.000000 0.180051
-171.900000 0.184581
-171.800000 0.189166
-171.700000 0.193808
-171.600000 0.198506
-171.500000 0.203261
-171.400000 0.208072
-171.300000 0.212939
-171.200000 0.217862
-171.100000 0.222841
-171.000000 0.227877
-170.900000 0.232969
-170.800000 0.238118
-170.700000 0.243322
-170.600000 0.248583
-170.500000 0.253900
-170.400000 0.259274
-170.300000 0.264703
-170.200000 0.270189
-170.100000 0.275731
-170.000000 0.281330
-169.900000 0.286985
-169.800000 0.292696
-169.700000 0.298463
-169.600000 0.304286
-169.500000 0.310166
-169.400000 0.316102
-169.300000 0.322095
-169.200000 0.328143
-169.100000 0.334248
-169.000000 0.340409
-168.900000 0.346627
-168.800000 0.352900
-168.700000 0.359230
-168.600000 0.365616
-168.500000 0.372059
-168.400000 0.378557
-168.300000 0.385112
-168.200000 0.391724
-168.100000 0.398391
-168.000000 0.405115
-167.900000 0.411895
-167.800000 0.418731
-167.700000 0.425624
-167.600000 0.432573
-167.500000 0.439578
-167.400000 0.446639
-167.300000 0.453757
-167.200000 0.460931
-167.100000 0.468161
-167.000000 0.475447
-166.900000 0.482790
-166.800000 0.490189
-166.700000 0.497644
-166.600000 0.505156
-166.500000 0.512724
-166.400000 0.520348
-166.300000 0.528028
-166.200000 0.535765
-166.100000 0.543557
-166.000000 0.551407
-165.900000 0.559312
-165.800000 0.567274
-165.700000 0.575291
-165.600000 0.583366
-165.500000 0.591496
-165.400000 0.599683
-165.300000 0.607926
-165.200000 0.616225
-165.100000 0.624580
-165.000000 0.632992
-164.900000 0.641460
-164.800000 0.649985
-164.700000 0.658565
-164.600000 0.667202
-164.500000 0.675895
-164.400000 0.684644
-164.300000 0.693450
-164.200000 0.702312
-164.100000 0.711230
-164.000000 0.720204
-163.900000 0.729235
-163.800000 0.738322
-163.700000 0.747465
-163.600000 0.756665
-163.500000 0.765921
-163.400000 0.775233
-163.300000 0.784601
-163.200000 0.794025
-163.100000 0.803506
-163.000000 0.813043
-162.900000 0.822637
-162.800000 0.832286
-162.700000 0.841992
-162.600000 0.851754
-162.500000 0.861573
-162.400000 0.871447
-162.300000 0.881378
-162.200000 0.891366
-162.100000 0.901409
-162.000000 0.911509
-161.900000 0.921665
-161.800000 0.931877
-161.700000 0.942146
-161.600000 0.952470
-161.500000 0.962851
-161.400000 0.973289
-161.300000 0.983782
-161.200000 0.994332
-161.100000 1.004938
-161.000000 1.015601
-160.900000 1.026319
-160.800000 1.037094
-160.700000 1.047926
-160.600000 1.058813
-160.500000 1.069757
-160.400000 1.080757
-160.300000 1.091813
-160.200000 1.102926
-160.100000 1.114094
-160.000000 1.125319
-159.900000 1.136601
-159.800000 1.147938
-159.700000 1.159332
-159.600000 1.170782
-159.500000 1.182289
-159.400000 1.193851
-159.300000 1.205470
-159.200000 1.217146
-159.100000 1.228877
-159.000000 1.240665
-158.900000 1.252509
-158.800000 1.264409
-158.700000 1.276365
-158.600000 1.288378
-158.500000 1.300447
-158.400000 1.312573
-158.300000 1.324754
-158.200000 1.336992
-158.100000 1.349286
-158.000000 1.361637
-157.900000 1.374043
-157.800000 1.386506
-157.700000 1.399025
-157.600000 1.411601
-157.500000 1.424232
-157.400000 1.436920
-157.300000 1.449665
-157.200000 1.462465
-157.100000 1.475322
-157.000000 1.488235
-156.900000 1.501204
-156.800000 1.514230
-156.700000 1.527312
-156.600000 1.540450
-156.500000 1.553644
-156.400000 1.566895
-156.300000 1.580202
-156.200000 1.593565
-156.100000 1.606984
-156.000000 1.620460
-155.900000 1.633992
-155.800000 1.647580
-155.700000 1.661225
-155.600000 1.674925
-155.500000 1.688683
-155.400000 1.702496
-155.300000 1.716365
-155.200000 1.730291
-155.100000 1.744273
-155.000000 1.758312
-154.900000 1.772406
-154.800000 1.786557
-154.700000 1.800764
-154.600000 1.815028
-154.500000 1.829347
-154.400000 1.843723
-154.300000 1.858156
-154.200000 1.872644
-154.100000 1.887189
-154.000000 1.901790
-153.900000 1.916447
-153.800000 1.931161
-153.700000 1.945931
-153.600000 1.960757
-153.500000 1.975639
-153.400000 1.990578
-153.300000 2.005572
-153.200000 2.020624
-153.100000 2.035731
-153.000000 2.050895
-152.900000 2.066115
-152.800000 2.081391
-152.700000 2.096723
-152.600000 2.112112
-152.500000 2.127557
-152.400000 2.143058
-152.300000 2.158616
-152.200000 2.174230
-152.100000 2.189900
-152.000000 2.205626
-151.900000 2.221409
-151.800000 2.237248
-151.700000 2.253143
-151.600000 2.269094
-151.500000 2.285102
-151.400000 2.301166
-151.300000 2.317286
-151.200000 2.333462
-151.100000 2.349695
-151.000000 2.365984
-150.900000 2.382329
-150.800000 2.398731
-150.700000 2.415189
-150.600000 2.431703
-150.500000 2.448273
-150.400000 2.464900
-150.300000 2.481583
-150.200000 2.498322
-150.100000 2.515117
-150.000000 2.531969
-149.900000 2.548877
-149.800000 2.565841
-149.700000 2.582861
-149.600000 2.599938
-149.500000 2.617071
-149.400000 2.634260
-149.300000 2.651506
-149.200000 2.668808
-149.100000 2.686166
-149.000000 2.703580
-148.900000 2.721051
-148.800000 2.738577
-148.700000 2.756161
-148.600000 2.773800
-148.500000 2.791496
-148.400000 2.809248
-148.300000 2.827056
-148.200000 2.844920
-148.100000 2.862841
-148.000000 2.880818
-147.900000 2.898851
-147.800000 2.916941
-147.700000 2.935086
-147.600000 2.953288
-147.500000 2.971547
-147.400000 2.989861
-147.300000 3.008232
-147.200000 3.026659
-147.100000 3.045143
-147.000000 3.063682
-146.900000 3.082278
-146.800000 3.100930
-146.700000 3.119639
-146.600000 3.138403
-146.500000 3.157224
-146.400000 3.176102
-146.300000 3.195035
-146.200000 3.214025
-146.100000 3.233071
-146.000000 3.252173
-145.900000 3.271332
-145.800000 3.290547
-145.700000 3.309818
-145.600000 3.329145
-145.500000 3.348529
-145.400000 3.367969
-145.300000 3.387465
-145.200000 3.407017
-145.100000 3.426626
-145.000000 3.446291
-144.900000 3.466012
-144.800000 3.485790
-144.700000 3.505623
-144.600000 3.525513
-144.500000 3.545460
-144.400000 3.565462
-144.300000 3.585521
-144.200000 3.605636
-144.100000 3.625807
-144.000000 3.646035
-143.900000 3.666319
-143.800000 3.686659
-143.700000 3.707055
-143.600000 3.727508
-143.500000 3.748017
-143.400000 3.768582
-143.300000 3.789204
-143.200000 3.809882
-143.100000 3.830616
-143.000000 3.851406
-142.900000 3.872252
-142.800000 3.893155
-142.700000 3.914114
-142.600000 3.935130
-142.500000 3.956201
-142.400000 3.977329
-142.300000 3.998513
-142.200000 4.019754
-142.100000 4.041050
-142.000000 4.062403
-141.900000 4.083812
-141.800000 4.105278
-141.700000 4.126800
-141.600000 4.148378
-141.500000 4.170012
-141.400000 4.191702
-141.300000 4.213449
-141.200000 4.235252
-141.100000 4.257112
-141.000000 4.279027
-140.900000 4.300999
-140.800000 4.323027
-140.700000 4.345112
-140.600000 4.367252
-140.500000 4.389449
-140.400000 4.411702
-140.300000 4.434012
-140.200000 4.456378
-140.100000 4.478800
-140.000000 4.501278
-139.900000 4.523812
-139.800000 4.546403
-139.700000 4.569050
-139.600000 4.591754
-139.500000 4.614513
-139.400000 4.637329
-139.300000 4.660201
-139.200000 4.683129
-139.100000 4.706114
-139.000000 4.729155
-138.900000 4.752252
-138.800000 4.775406
-138.700000 4.798615
-138.600000 4.821881
-138.500000 4.845204
-138.400000 4.868582
-138.300000 4.892017
-138.200000 4.915508
-138.100000 4.939055
-138.000000 4.962659
-137.900000 4.986319
-137.800000 5.010035
-137.700000 5.033807
-137.600000 5.057636
-137.500000 5.081521
-137.400000 5.105462
-137.300000 5.129459
-137.200000 5.153513
-137.100000 5.177623
-137.000000 5.201789
-136.900000 5.226012
-136.800000 5.250290
-136.700000 5.274626
-136.600000 5.299017
-136.500000 5.323464
-136.400000 5.347968
-136.300000 5.372528
-136.200000 5.397145
-136.100000 5.421817
-136.000000 5.446546
-135.900000 5.471331
-135.800000 5.496173
-135.700000 5.521070
-135.600000 5.546024
-135.500000 5.571035
-135.400000 5.596101
-135.300000 5.621224
-135.200000 5.646403
-135.100000 5.671638
-135.000000 5.696930
-134.900000 5.722278
-134.800000 5.747682
-134.700000 5.773142
-134.600000 5.798659
-134.500000 5.824232
-134.400000 5.849861
-134.300000 5.875546
-134.200000 5.901288
-134.100000 5.927086
-134.000000 5.952940
-133.900000 5.978850
-133.800000 6.004817
-133.700000 6.030840
-133.600000 6.056919
-133.500000 6.083055
-133.400000 6.109247
-133.300000 6.135495
-133.200000 6.161799
-133.100000 6.188160
-133.000000 6.214577
-132.900000 6.241050
-132.800000 6.267579
-132.700000 6.294165
-132.600000 6.320807
-132.500000 6.347505
-132.400000 6.374260
-132.300000 6.401070
-132.200000 6.427937
-132.100000 6.454861
-132.000000 6.481840
-131.900000 6.508876
-131.800000 6.535968
-131.700000 6.563116
-131.600000 6.590321
-131.500000 6.617582
-131.400000 6.644899
-131.300000 6.672272
-131.200000 6.699702
-131.100000 6.727188
-131.000000 6.754730
-130.900000 6.782329
-130.800000 6.809983
-130.700000 6.837694
-130.600000 6.865461
-130.500000 6.893285
-130.400000 6.921165
-130.300000 6.949101
-130.200000 6.977093
-130.100000 7.005142
-130.000000 7.033247
-129.900000 7.061408
-129.800000 7.089625
-129.700000 7.117899
-129.600000 7.146229
-129.500000 7.174615
-129.400000 7.203057
-129.300000 7.231556
-129.200000 7.260111
-129.100000 7.288722
-129.000000 7.317390
-128.900000 7.346114
-128.800000 7.374894
-128.700000 7.403730
-128.600000 7.432623
-128.500000 7.461571
-128.400000 7.490576
-128.300000 7.519638
-128.200000 7.548755
-128.100000 7.577929
-128.000000 7.607160
-127.900000 7.636446
-127.800000 7.665789
-127.700000 7.695188
-127.600000 7.724643
-127.500000 7.754154
-127.400000 7.783722
-127.300000 7.813346
-127.200000 7.843027
-127.100000 7.872763
-127.000000 7.902556
-126.900000 7.932405
-126.800000 7.962310
-126.700000 7.992272
-126.600000 8.022290
-126.500000 8.052364
-126.400000 8.082494
-126.300000 8.112681
-126.200000 8.142924
-126.100000 8.173223
-126.000000 8.203579
-125.900000 8.233991
-125.800000 8.264459
-125.700000 8.294983
-125.600000 8.325563
-125.500000 8.356200
-125.400000 8.386893
-125.300000 8.417643
-125.200000 8.448448
-125.100000 8.479310
-125.000000 8.510228
-124.900000 8.541203
-124.800000 8.572234
-124.700000 8.603320
-124.600000 8.634464
-124.500000 8.665663
-124.400000 8.696919
-124.300000 8.728231
-124.200000 8.759599
-124.100000 8.791024
-124.000000 8.822505
-123.900000 8.854042
-123.800000 8.885635
-123.700000 8.917285
-123.600000 8.948990
-123.500000 8.980753
-123.400000 9.012571
-123.300000 9.044446
-123.200000 9.076377
-123.100000 9.108364
-123.000000 9.140407
-122.900000 9.172507
-122.800000 9.204663
-122.700000 9.236875
-122.600000 9.269144
-122.500000 9.301469
-122.400000 9.333850
-122.300000 9.366287
-122.200000 9.398781
-122.100000 9.431331
-122.000000 9.463937
-121.900000 9.496599
-121.800000 9.529318
-121.700000 9.562093
-121.600000 9.594924
-121.500000 9.627811
-121.400000 9.660755
-121.300000 9.693755
-121.200000 9.726811
-121.100000 9.759924
-121.000000 9.793093
-120.900000 9.826318
-120.800000 9.859599
-120.700000 9.892937
-120.600000 9.926330
-120.500000 9.959781
-120.400000 9.993287
-120.300000 10.026850
-120.200000 10.060469
-120.100000 10.094144
-120.000000 10.127875
-119.900000 10.161663
-119.800000 10.195507
-119.700000 10.229407
-119.600000 10.263364
-119.500000 10.297376
-119.400000 10.331445
-119.300000 10.365571
-119.200000 10.399752
-119.100000 10.433990
-119.000000 10.468284
-118.900000 10.502635
-118.800000 10.537041
-118.700000 10.571504
-118.600000 10.606023
-118.500000 10.640599
-118.400000 10.675231
-118.300000 10.709919
-118.200000 10.744663
-118.100000 10.779463
-118.000000 10.814320
-117.900000 10.849233
-117.800000 10.884202
-117.700000 10.919228
-117.600000 10.954310
-117.500000 10.989448
-117.400000 11.024642
-117.300000 11.059893
-117.200000 11.095200
-117.100000 11.130563
-117.000000 11.165982
-116.900000 11.201458
-116.800000 11.236990
-116.700000 11.272578
-116.600000 11.308223
-116.500000 11.343923
-116.400000 11.379681
-116.300000 11.415494
-116.200000 11.451363
-116.100000 11.487289
-116.000000 11.523271
-115.900000 11.559310
-115.800000 11.595404
-115.700000 11.631555
-115.600000 11.667762
-115.500000 11.704026
-115.400000 11.740345
-115.300000 11.776721
-115.200000 11.813154
-115.100000 11.849642
-115.000000 11.886187
-114.900000 11.922788
-114.800000 11.959445
-114.700000 11.996159
-114.600000 12.032928
-114.500000 12.069755
-114.400000 12.106637
-114.300000 12.143575
-114.200000 12.180570
-114.100000 12.217622
-114.000000 12.254729
-113.900000 12.291893
-113.800000 12.329113
-113.700000 12.366389
-113.600000 12.403721
-113.500000 12.441110
-113.400000 12.478555
-113.300000 12.516056
-113.200000 12.553614
-113.100000 12.591228
-113.000000 12.628898
-112.900000 12.666624
-112.800000 12.704407
-112.700000 12.742245
-112.600000 12.780141
-112.500000 12.818092
-112.400000 12.856100
-112.300000 12.894164
-112.200000 12.932284
-112.100000 12.970460
-112.000000 13.008693
-111.900000 13.046982
-111.800000 13.085327
-111.700000 13.123729
-111.600000 13.162187
-111.500000 13.200701
-111.400000 13.239271
-111.300000 13.277898
-111.200000 13.316580
-111.100000 13.355319
-111.000000 13.394115
-110.900000 13.432967
-110.800000 13.471874
-110.700000 13.510839
-110.600000 13.549859
-110.500000 13.588936
-110.400000 13.628069
-110.300000 13.667258
-110.200000 13.706504
-110.100000 13.745805
-110.000000 13.785163
-109.900000 13.824578
-109.800000 13.864048
-109.700000 13.903575
-109.600000 13.943158
-109.500000 13.982798
-109.400000 14.022493
-109.300000 14.062245
-109.200000 14.102053
-109.100000 14.141918
-109.000000 14.181839
-108.900000 14.221815
-108.800000 14.261849
-108.700000 14.301938
-108.600000 14.342084
-108.500000 14.382286
-108.400000 14.422544
-108.300000 14.462859
-108.200000 14.503230
-108.100000 14.543657
-108.000000 14.584140
-107.900000 14.624680
-107.800000 14.665276
-107.700000 14.705928
-107.600000 14.746636
-107.500000 14.787401
-107.400000 14.828222
-107.300000 14.869099
-107.200000 14.910033
-107.100000 14.951022
-107.000000 14.992069
-106.900000 15.033171
-106.800000 15.074329
-106.700000 15.115544
-106.600000 15.156815
-106.500000 15.198143
-106.400000 15.239526
-106.300000 15.280966
-106.200000 15.322462
-106.100000 15.364015
-106.000000 15.405623
-105.900000 15.447288
-105.800000 15.489010
-105.700000 15.530787
-105.600000 15.572621
-105.500000 15.614511
-105.400000 15.656457
-105.300000 15.698460
-105.200000 15.740518
-105.100000 15.782634
-105.000000 15.824805
-104.900000 15.867033
-104.800000 15.909316
-104.700000 15.951657
-104.600000 15.994053
-104.500000 16.036506
-104.400000 16.079015
-104.300000 16.121580
-104.200000 16.164201
-104.100000 16.206879
-104.000000 16.249613
-103.900000 16.292403
-103.800000 16.335250
-103.700000 16.378153
-103.600000 16.421112
-103.500000 16.464127
-103.400000 16.507199
-103.300000 16.550327
-103.200000 16.593511
-103.100000 16.636751
-103.000000 16.680048
-102.900000 16.723401
-102.800000 16.766810
-102.700000 16.810275
-102.600000 16.853797
-102.500000 16.897375
-102.400000 16.941009
-102.300000 16.984700
-102.200000 17.028447
-102.100000 17.072250
-102.000000 17.116109
-101.900000 17.160025
-101.800000 17.203996
-101.700000 17.248025
-101.600000 17.292109
-101.500000 17.336250
-101.400000 17.380447
-101.300000 17.424700
-101.200000 17.469009
-101.100000 17.513375
-101.000000 17.557797
-100.900000 17.602275
-100.800000 17.646810
-100.700000 17.691400
-100.600000 17.736047
-100.500000 17.780751
-100.400000 17.825510
-100.300000 17.870326
-100.200000 17.915198
-100.100000 17.960127
-100.000000 18.005111
-99.900000 18.050152
-99.800000 18.095249
-99.700000 18.140403
-99.600000 18.185613
-99.500000 18.230879
-99.400000 18.276201
-99.300000 18.321579
-99.200000 18.367014
-99.100000 18.412505
-99.000000 18.458052
-98.900000 18.503656
-98.800000 18.549316
-98.700000 18.595032
-98.600000 18.640804
-98.500000 18.686633
-98.400000 18.732518
-98.300000 18.778459
-98.200000 18.824456
-98.100000 18.870510
-98.000000 18.916620
-97.900000 18.962786
-97.800000 19.009009
-97.700000 19.055288
-97.600000 19.101623
-97.500000 19.148014
-97.400000 19.194462
-97.300000 19.240965
-97.200000 19.287525
-97.100000 19.334142
-97.000000 19.380814
-96.900000 19.427543
-96.800000 19.474328
-96.700000 19.521170
-96.600000 19.568068
-96.500000 19.615022
-96.400000 19.662032
-96.300000 19.709098
-96.200000 19.756221
-96.100000 19.803400
-96.000000 19.850635
-95.900000 19.897927
-95.800000 19.945275
-95.700000 19.992679
-95.600000 20.040139
-95.500000 20.087656
-95.400000 20.135229
-95.300000 20.182858
-95.200000 20.230543
-95.100000 20.278285
-95.000000 20.326083
-94.900000 20.373937
-94.800000 20.421847
-94.700000 20.469814
-94.600000 20.517837
-94.500000 20.565916
-94.400000 20.614052
-94.300000 20.662244
-94.200000 20.710492
-94.100000 20.758796
-94.000000 20.807157
-93.900000 20.855574
-93.800000 20.904047
-93.700000 20.952576
-93.600000 21.001162
-93.500000 21.049804
-93.400000 21.098502
-93.300000 21.147256
-93.200000 21.196067
-93.100000 21.244934
-93.000000 21.293857
-92.900000 21.342837
-92.800000 21.391873
-92.700000 21.440965
-92.600000 21.490113
-92.500000 21.539318
-92.400000 21.588579
-92.300000 21.637896
-92.200000 21.687269
-92.100000 21.736699
-92.000000 21.786185
-91.900000 21.835727
-91.800000 21.885325
-91.700000 21.934980
-91.600000 21.984691
-91.500000 22.034458
-91.400000 22.084282
-91.300000 22.134162
-91.200000 22.184098
-91.100000 22.234090
-91.000000 22.284139
-90.900000 22.334243
-90.800000 22.384405
-90.700000 22.434622
-90.600000 22.484896
-90.500000 22.535226
-90.400000 22.585612
-90.300000 22.636054
-90.200000 22.686553
-90.100000 22.737108
-90.000000 22.787719
-89.900000 22.838387
-89.800000 22.889110
-89.700000 22.939890
-89.600000 22.990727
-89.500000 23.041619
-89.400000 23.092568
-89.300000 23.143573
-89.200000 23.194635
-89.100000 23.245752
-89.000000 23.296926
-88.900000 23.348156
-88.800000 23.399443
-88.700000 23.450785
-88.600000 23.502184
-88.500000 23.553640
-88.400000 23.605151
-88.300000 23.656719
-88.200000 23.708343
-88.100000 23.760023
-88.000000 23.811760
-87.900000 23.863553
-87.800000 23.915402
-87.700000 23.967307
-87.600000 24.019269
-87.500000 24.071287
-87.400000 24.123361
-87.300000 24.175491
-87.200000 24.227678
-87.100000 24.279921
-87.000000 24.332220
-86.900000 24.384576
-86.800000 24.436987
-86.700000 24.489455
-86.600000 24.541980
-86.500000 24.594560
-86.400000 24.647197
-86.300000 24.699890
-86.200000 24.752639
-86.100000 24.805445
-86.000000 24.858307
-85.900000 24.911225
-85.800000 24.964199
-85.700000 25.017230
-85.600000 25.070317
-85.500000 25.123460
-85.400000 25.176660
-85.300000 25.229916
-85.200000 25.283228
-85.100000 25.336596
-85.000000 25.390020
-84.900000 25.443501
-84.800000 25.497038
-84.700000 25.550632
-84.600000 25.604281
-84.500000 25.657987
-84.400000 25.711749
-84.300000 25.765568
-84.200000 25.819442
-84.100000 25.873373
-84.000000 25.927360
-83.900000 25.981404
-83.800000 26.035504
-83.700000 26.089660
-83.600000 26.143872
-83.500000 26.198140
-83.400000 26.252465
-83.300000 26.306846
-83.200000 26.361284
-83.100000 26.415777
-83.000000 26.470327
-82.900000 26.524933
-82.800000 26.579596
-82.700000 26.634314
-82.600000 26.689089
-82.500000 26.743920
-82.400000 26.798808
-82.300000 26.853751
-82.200000 26.908751
-82.100000 26.963808
-82.000000 27.018920
-81.900000 27.074089
-81.800000 27.129314
-81.700000 27.184595
-81.600000 27.239933
-81.500000 27.295327
-81.400000 27.350777
-81.300000 27.406283
-81.200000 27.461846
-81.100000 27.517465
-81.000000 27.573140
-80.900000 27.628872
-80.800000 27.684659
-80.700000 27.740503
-80.600000 27.796403
-80.500000 27.852360
-80.400000 27.908373
-80.300000 27.964442
-80.200000 28.020567
-80.100000 28.076749
-80.000000 28.132987
-79.900000 28.189281
-79.800000 28.245631
-79.700000 28.302038
-79.600000 28.358501
-79.500000 28.415020
-79.400000 28.471595
-79.300000 28.528227
-79.200000 28.584915
-79.100000 28.641659
-79.000000 28.698460
-78.900000 28.755316
-78.800000 28.812229
-78.700000 28.869199
-78.600000 28.926224
-78.500000 28.983306
-78.400000 29.040444
-78.300000 29.097638
-78.200000 29.154889
-78.100000 29.212196
-78.000000 29.269559
-77.900000 29.326979
-77.800000 29.384454
-77.700000 29.441986
-77.600000 29.499574
-77.500000 29.557219
-77.400000 29.614920
-77.300000 29.672677
-77.200000 29.730490
-77.100000 29.788360
-77.000000 29.846285
-76.900000 29.904267
-76.800000 29.962306
-76.700000 30.020400
-76.600000 30.078551
-76.500000 30.136758
-76.400000 30.195022
-76.300000 30.253342
-76.200000 30.311718
-76.100000 30.370150
-76.000000 30.428638
-75.900000 30.487183
-75.800000 30.545784
-75.700000 30.604441
-75.600000 30.663155
-75.500000 30.721925
-75.400000 30.780751
-75.300000 30.839633
-75.200000 30.898572
-75.100000 30.957566
-75.000000 31.016618
-74.900000 31.075725
-74.800000 31.134889
-74.700000 31.194109
-74.600000 31.253385
-74.500000 31.312717
-74.400000 31.372106
-74.300000 31.431551
-74.200000 31.491052
-74.100000 31.550610
-74.000000 31.610224
-73.900000 31.669894
-73.800000 31.729620
-73.700000 31.789403
-73.600000 31.849241
-73.500000 31.909137
-73.400000 31.969088
-73.300000 32.029096
-73.200000 32.089160
-73.100000 32.149280
-73.000000 32.209456
-72.900000 32.269689
-72.800000 32.329978
-72.700000 32.390323
-72.600000 32.450725
-72.500000 32.511183
-72.400000 32.571697
-72.300000 32.632267
-72.200000 32.692893
-72.100000 32.753576
-72.000000 32.814315
-71.900000 32.875111
-71.800000 32.935963
-71.700000 32.996870
-71.600000 33.057835
-71.500000 33.118855
-71.400000 33.179932
-71.300000 33.241065
-71.200000 33.302254
-71.100000 33.363499
-71.000000 33.424801
-70.900000 33.486159
-70.800000 33.547574
-70.700000 33.609044
-70.600000 33.670571
-70.500000 33.732154
-70.400000 33.793794
-70.300000 33.855489
-70.200000 33.917241
-70.100000 33.979049
-70.000000 34.040914
-69.900000 34.102834
-69.800000 34.164811
-69.700000 34.226845
-69.600000 34.288934
-69.500000 34.351080
-69.400000 34.413282
-69.300000 34.475540
-69.200000 34.537855
-69.100000 34.600226
-69.000000 34.662653
-68.900000 34.725136
-68.800000 34.787676
-68.700000 34.850272
-68.600000 34.912924
-68.500000 34.975632
-68.400000 35.038397
-68.300000 35.101218
-68.200000 35.164095
-68.100000 35.227029
-68.000000 35.290018
-67.900000 35.353064
-67.800000 35.416167
-67.700000 35.479325
-67.600000 35.542540
-67.500000 35.605811
-67.400000 35.669138
-67.300000 35.732522
-67.200000 35.795962
-67.100000 35.859458
-67.000000 35.923010
-66.900000 35.986619
-66.800000 36.050284
-66.700000 36.114005
-66.600000 36.177783
-66.500000 36.241617
-66.400000 36.305507
-66.300000 36.369453
-66.200000 36.433455
-66.100000 36.497514
-66.000000 36.561629
-65.900000 36.625801
-65.800000 36.690028
-65.700000 36.754312
-65.600000 36.818652
-65.500000 36.883049
-65.400000 36.947501
-65.300000 37.012010
-65.200000 37.076575
-65.100000 37.141197
-65.000000 37.205875
-64.900000 37.270609
-64.800000 37.335399
-64.700000 37.400245
-64.600000 37.465148
-64.500000 37.530107
-64.400000 37.595123
-64.300000 37.660194
-64.200000 37.725322
-64.100000 37.790506
-64.000000 37.855747
-63.900000 37.921043
-63.800000 37.986396
-63.700000 38.051805
-63.600000 38.117271
-63.500000 38.182793
-63.400000 38.248371
-63.300000 38.314005
-63.200000 38.379695
-63.100000 38.445442
-63.000000 38.511245
-62.900000 38.577105
-62.800000 38.643020
-62.700000 38.708992
-62.600000 38.775020
-62.500000 38.841105
-62.400000 38.907245
-62.300000 38.973442
-62.200000 39.039695
-62.100000 39.106005
-62.000000 39.172370
-61.900000 39.238792
-61.800000 39.305271
-61.700000 39.371805
-61.600000 39.438396
-61.500000 39.505043
-61.400000 39.571746
-61.300000 39.638506
-61.200000 39.705322
-61.100000 39.772194
-61.000000 39.839122
-60.900000 39.906107
-60.800000 39.973148
-60.700000 40.040245
-60.600000 40.107398
-60.500000 40.174608
-60.400000 40.241874
-60.300000 40.309196
-60.200000 40.376575
-60.100000 40.444010
-60.000000 40.511501
-59.900000 40.579048
-59.800000 40.646651
-59.700000 40.714311
-59.600000 40.782027
-59.500000 40.849800
-59.400000 40.917628
-59.300000 40.985513
-59.200000 41.053454
-59.100000 41.121452
-59.000000 41.189506
-58.900000 41.257616
-58.800000 41.325782
-58.700000 41.394004
-58.600000 41.462283
-58.500000 41.530618
-58.400000 41.599009
-58.300000 41.667457
-58.200000 41.735961
-58.100000 41.804521
-58.000000 41.873137
-57.900000 41.941810
-57.800000 42.010539
-57.700000 42.079324
-57.600000 42.148165
-57.500000 42.217063
-57.400000 42.286017
-57.300000 42.355027
-57.200000 42.424094
-57.100000 42.493216
-57.000000 42.562395
-56.900000 42.631631
-56.800000 42.700922
-56.700000 42.770270
-56.600000 42.839674
-56.500000 42.909134
-56.400000 42.978651
-56.300000 43.048224
-56.200000 43.117853
-56.100000 43.187538
-56.000000 43.257280
-55.900000 43.327078
-55.800000 43.396932
-55.700000 43.466843
-55.600000 43.536809
-55.500000 43.606832
-55.400000 43.676912
-55.300000 43.747047
-55.200000 43.817239
-55.100000 43.887487
-55.000000 43.957791
-54.900000 44.028152
-54.800000 44.098569
-54.700000 44.169042
-54.600000 44.239571
-54.500000 44.310157
-54.400000 44.380799
-54.300000 44.451497
-54.200000 44.522252
-54.100000 44.593062
-54.000000 44.663929
-53.900000 44.734853
-53.800000 44.805832
-53.700000 44.876868
-53.600000 44.947960
-53.500000 45.019108
-53.400000 45.090313
-53.300000 45.161574
-53.200000 45.232891
-53.100000 45.304264
-53.000000 45.375694
-52.900000 45.447180
-52.800000 45.518722
-52.700000 45.590320
-52.600000 45.661975
-52.500000 45.733686
-52.400000 45.805453
-52.300000 45.877277
-52.200000 45.949157
-52.100000 46.021093
-52.000000 46.093085
-51.900000 46.165134
-51.800000 46.237239
-51.700000 46.309400
-51.600000 46.381617
-51.500000 46.453891
-51.400000 46.526221
-51.300000 46.598607
-51.200000 46.671049
-51.100000 46.743548
-51.000000 46.816103
-50.900000 46.888714
-50.800000 46.961382
-50.700000 47.034105
-50.600000 47.106885
-50.500000 47.179722
-50.400000 47.252614
-50.300000 47.325563
-50.200000 47.398568
-50.100000 47.471630
-50.000000 47.544747
-49.900000 47.617921
-49.800000 47.691151
-49.700000 47.764438
-49.600000 47.837780
-49.500000 47.911179
-49.400000 47.984635
-49.300000 48.058146
-49.200000 48.131714
-49.100000 48.205338
-49.000000 48.279018
-48.900000 48.352755
-48.800000 48.426548
-48.700000 48.500397
-48.600000 48.574302
-48.500000 48.648264
-48.400000 48.722281
-48.300000 48.796356
-48.200000 48.870486
-48.100000 48.944673
-48.000000 49.018916
-47.900000 49.093215
-47.800000 49.167570
-47.700000 49.241982
-47.600000 49.316450
-47.500000 49.390974
-47.400000 49.465555
-47.300000 49.540192
-47.200000 49.614885
-47.100000 49.689634
-47.000000 49.764440
-46.900000 49.839302
-46.800000 49.914220
-46.700000 49.989194
-46.600000 50.064225
-46.500000 50.139312
-46.400000 50.214455
-46.300000 50.289655
-46.200000 50.364910
-46.100000 50.440222
-46.000000 50.515591
-45.900000 50.591015
-45.800000 50.666496
-45.700000 50.742033
-45.600000 50.817626
-45.500000 50.893276
-45.400000 50.968982
-45.300000 51.044744
-45.200000 51.120562
-45.100000 51.196437
-45.000000 51.272368
-44.900000 51.348355
-44.800000 51.424399
-44.700000 51.500498
-44.600000 51.576654
-44.500000 51.652867
-44.400000 51.729135
-44.300000 51.805460
-44.200000 51.881841
-44.100000 51.958278
-44.000000 52.034772
-43.900000 52.111322
-43.800000 52.187928
-43.700000 52.264590
-43.600000 52.341309
-43.500000 52.418084
-43.400000 52.494915
-43.300000 52.571802
-43.200000 52.648746
-43.100000 52.725746
-43.000000 52.802802
-42.900000 52.879915
-42.800000 52.957084
-42.700000 53.034309
-42.600000 53.111590
-42.500000 53.188928
-42.400000 53.266321
-42.300000 53.343772
-42.200000 53.421278
-42.100000 53.498841
-42.000000 53.576460
-41.900000 53.654135
-41.800000 53.731866
-41.700000 53.809654
-41.600000 53.887498
-41.500000 53.965398
-41.400000 54.043355
-41.300000 54.121367
-41.200000 54.199436
-41.100000 54.277562
-41.000000 54.355743
-40.900000 54.433981
-40.800000 54.512275
-40.700000 54.590626
-40.600000 54.669032
-40.500000 54.747495
-40.400000 54.826014
-40.300000 54.904590
-40.200000 54.983221
-40.100000 55.061909
-40.000000 55.140654
-39.900000 55.219454
-39.800000 55.298311
-39.700000 55.377224
-39.600000 55.456193
-39.500000 55.535219
-39.400000 55.614301
-39.300000 55.693439
-39.200000 55.772633
-39.100000 55.851884
-39.000000 55.931190
-38.900000 56.010554
-38.800000 56.089973
-38.700000 56.169449
-38.600000 56.248981
-38.500000 56.328569
-38.400000 56.408213
-38.300000 56.487914
-38.200000 56.567671
-38.100000 56.647484
-38.000000 56.727354
-37.900000 56.807280
-37.800000 56.887262
-37.700000 56.967300
-37.600000 57.047395
-37.500000 57.127546
-37.400000 57.207753
-37.300000 57.288016
-37.200000 57.368336
-37.100000 57.448712
-37.000000 57.529144
-36.900000 57.609633
-36.800000 57.690177
-36.700000 57.770778
-36.600000 57.851436
-36.500000 57.932149
-36.400000 58.012919
-36.300000 58.093745
-36.200000 58.174627
-36.100000 58.255566
-36.000000 58.336561
-35.900000 58.417612
-35.800000 58.498719
-35.700000 58.579883
-35.600000 58.661103
-35.500000 58.742379
-35.400000 58.823712
-35.300000 58.905100
-35.200000 58.986545
-35.100000 59.068047
-35.000000 59.149604
-34.900000 59.231218
-34.800000 59.312888
-34.700000 59.394614
-34.600000 59.476397
-34.500000 59.558236
-34.400000 59.640131
-34.300000 59.722082
-34.200000 59.804090
-34.100000 59.886154
-34.000000 59.968274
-33.900000 60.050451
-33.800000 60.132683
-33.700000 60.214972
-33.600000 60.297317
-33.500000 60.379719
-33.400000 60.462177
-33.300000 60.544691
-33.200000 60.627261
-33.100000 60.709888
-33.000000 60.792571
-32.900000 60.875310
-32.800000 60.958105
-32.700000 61.040957
-32.600000 61.123865
-32.500000 61.206829
-32.400000 61.289849
-32.300000 61.372926
-32.200000 61.456059
-32.100000 61.539248
-32.000000 61.622494
-31.900000 61.705795
-31.800000 61.789153
-31.700000 61.872568
-31.600000 61.956038
-31.500000 62.039565
-31.400000 62.123148
-31.300000 62.206788
-31.200000 62.290483
-31.100000 62.374235
-31.000000 62.458043
-30.900000 62.541908
-30.800000 62.625828
-30.700000 62.709805
-30.600000 62.793839
-30.500000 62.877928
-30.400000 62.962074
-30.300000 63.046276
-30.200000 63.130534
-30.100000 63.214849
-30.000000 63.299220
-29.900000 63.383647
-29.800000 63.468130
-29.700000 63.552670
-29.600000 63.637266
-29.500000 63.721918
-29.400000 63.806626
-29.300000 63.891391
-29.200000 63.976212
-29.100000 64.061089
-29.000000 64.146023
-28.900000 64.231012
-28.800000 64.316058
-28.700000 64.401161
-28.600000 64.486319
-28.500000 64.571534
-28.400000 64.656805
-28.300000 64.742132
-28.200000 64.827516
-28.100000 64.912956
-28.000000 64.998452
-27.900000 65.084004
-27.800000 65.169613
-27.700000 65.255278
-27.600000 65.340999
-27.500000 65.426777
-27.400000 65.512610
-27.300000 65.598501
-27.200000 65.684447
-27.100000 65.770449
-27.000000 65.856508
-26.900000 65.942623
-26.800000 66.028795
-26.700000 66.115022
-26.600000 66.201306
-26.500000 66.287646
-26.400000 66.374043
-26.300000 66.460495
-26.200000 66.547004
-26.100000 66.633569
-26.000000 66.720191
-25.900000 66.806869
-25.800000 66.893603
-25.700000 66.980393
-25.600000 67.067239
-25.500000 67.154142
-25.400000 67.241101
-25.300000 67.328117
-25.200000 67.415188
-25.100000 67.502316
-25.000000 67.589500
-24.900000 67.676740
-24.800000 67.764037
-24.700000 67.851390
-24.600000 67.938799
-24.500000 68.026265
-24.400000 68.113786
-24.300000 68.201364
-24.200000 68.288999
-24.100000 68.376689
-24.000000 68.464436
-23.900000 68.552239
-23.800000 68.640098
-23.700000 68.728014
-23.600000 68.815986
-23.500000 68.904014
-23.400000 68.992098
-23.300000 69.080239
-23.200000 69.168436
-23.100000 69.256689
-23.000000 69.344998
-22.900000 69.433364
-22.800000 69.521786
-22.700000 69.610264
-22.600000 69.698799
-22.500000 69.787390
-22.400000 69.876037
-22.300000 69.964740
-22.200000 70.053500
-22.100000 70.142315
-22.000000 70.231188
-21.900000 70.320116
-21.800000 70.409101
-21.700000 70.498141
-21.600000 70.587239
-21.500000 70.676392
-21.400000 70.765602
-21.300000 70.854868
-21.200000 70.944190
-21.100000 71.033568
-21.000000 71.123003
-20.900000 71.212494
-20.800000 71.302042
-20.700000 71.391645
-20.600000 71.481305
-20.500000 71.571021
-20.400000 71.660793
-20.300000 71.750622
-20.200000 71.840507
-20.100000 71.930448
-20.000000 72.020445
-19.900000 72.110499
-19.800000 72.200609
-19.700000 72.290775
-19.600000 72.380998
-19.500000 72.471277
-19.400000 72.561612
-19.300000 72.652003
-19.200000 72.742450
-19.100000 72.832954
-19.000000 72.923514
-18.900000 73.014131
-18.800000 73.104803
-18.700000 73.195532
-18.600000 73.286317
-18.500000 73.377159
-18.400000 73.468056
-18.300000 73.559010
-18.200000 73.650021
-18.100000 73.741087
-18.000000 73.832210
-17.900000 73.923389
-17.800000 74.014624
-17.700000 74.105916
-17.600000 74.197263
-17.500000 74.288668
-17.400000 74.380128
-17.300000 74.471644
-17.200000 74.563217
-17.100000 74.654846
-17.000000 74.746532
-16.900000 74.838274
-16.800000 74.930071
-16.700000 75.021926
-16.600000 75.113836
-16.500000 75.205803
-16.400000 75.297826
-16.300000 75.389905
-16.200000 75.482041
-16.100000 75.574232
-16.000000 75.666481
-15.900000 75.758785
-15.800000 75.851145
-15.700000 75.943562
-15.600000 76.036035
-15.500000 76.128565
-15.400000 76.221150
-15.300000 76.313792
-15.200000 76.406491
-15.100000 76.499245
-15.000000 76.592056
-14.900000 76.684923
-14.800000 76.777846
-14.700000 76.870826
-14.600000 76.963861
-14.500000 77.056953
-14.400000 77.150102
-14.300000 77.243306
-14.200000 77.336567
-14.100000 77.429884
-14.000000 77.523258
-13.900000 77.616687
-13.800000 77.710173
-13.700000 77.803715
-13.600000 77.897314
-13.500000 77.990969
-13.400000 78.084680
-13.300000 78.178447
-13.200000 78.272270
-13.100000 78.366150
-13.000000 78.460086
-12.900000 78.554078
-12.800000 78.648127
-12.700000 78.742232
-12.600000 78.836393
-12.500000 78.930610
-12.400000 79.024884
-12.300000 79.119214
-12.200000 79.213600
-12.100000 79.308042
-12.000000 79.402541
-11.900000 79.497096
-11.800000 79.591707
-11.700000 79.686375
-11.600000 79.781099
-11.500000 79.875879
-11.400000 79.970715
-11.300000 80.065607
-11.200000 80.160556
-11.100000 80.255561
-11.000000 80.350623
-10.900000 80.445740
-10.800000 80.540914
-10.700000 80.636144
-10.600000 80.731431
-10.500000 80.826774
-10.400000 80.922173
-10.300000 81.017628
-10.200000 81.113139
-10.100000 81.208707
-10.000000 81.304331
-9.900000 81.400011
-9.800000 81.495748
-9.700000 81.591541
-9.600000 81.687390
-9.500000 81.783295
-9.400000 81.879257
-9.300000 81.975275
-9.200000 82.071349
-9.100000 82.167479
-9.000000 82.263666
-8.900000 82.359909
-8.800000 82.456208
-8.700000 82.552563
-8.600000 82.648975
-8.500000 82.745443
-8.400000 82.841968
-8.300000 82.938548
-8.200000 83.035185
-8.100000 83.131878
-8.000000 83.228627
-7.900000 83.325433
-7.800000 83.422295
-7.700000 83.519213
-7.600000 83.616187
-7.500000 83.713218
-7.400000 83.810305
-7.300000 83.907448
-7.200000 84.004648
-7.100000 84.101903
-7.000000 84.199215
-6.900000 84.296584
-6.800000 84.394008
-6.700000 84.491489
-6.600000 84.589026
-6.500000 84.686619
-6.400000 84.784269
-6.300000 84.881975
-6.200000 84.979737
-6.100000 85.077555
-6.000000 85.175430
-5.900000 85.273361
-5.800000 85.371348
-5.700000 85.469392
-5.600000 85.567491
-5.500000 85.665647
-5.400000 85.763860
-5.300000 85.862128
-5.200000 85.960453
-5.100000 86.058834
-5.000000 86.157271
-4.900000 86.255765
-4.800000 86.354315
-4.700000 86.452921
-4.600000 86.551583
-4.500000 86.650302
-4.400000 86.749077
-4.300000 86.847908
-4.200000 86.946795
-4.100000 87.045739
-4.000000 87.144739
-3.900000 87.243795
-3.800000 87.342908
-3.700000 87.442077
-3.600000 87.541302
-3.500000 87.640583
-3.400000 87.739920
-3.300000 87.839314
-3.200000 87.938764
-3.100000 88.038271
-3.000000 88.137833
-2.900000 88.237452
-2.800000 88.337128
-2.700000 88.436859
-2.600000 88.536647
-2.500000 88.636491
-2.400000 88.736391
-2.300000 88.836347
-2.200000 88.936360
-2.100000 89.036429
-2.000000 89.136554
-1.900000 89.236736
-1.800000 89.336974
-1.700000 89.437268
-1.600000 89.537618
-1.500000 89.638025
-1.400000 89.738488
-1.300000 89.839007
-1.200000 89.939582
-1.100000 90.040214
-1.000000 90.140902
-0.900000 90.241646
-0.800000 90.342447
-0.700000 90.443304
-0.600000 90.544217
-0.500000 90.645186
-0.400000 90.746211
-0.300000 90.847293
-0.200000 90.948431
-0.100000 91.049626
-0.000000 91.150876
0.100000 91.049626
0.200000 90.948431
0.300000 90.847293
0.400000 90.746211
0.500000 90.645186
0.600000 90.544217
0.700000 90.443304
0.800000 90.342447
0.900000 90.241646
1.000000 90.140902
1.100000 90.040214
1.200000 89.939582
1.300000 89.839007
1.400000 89.738488
1.500000 89.638025
1.600000 89.537618
1.700000 89.437268
1.800000 89.336974
1.900000 89.236736
2.000000 89.136554
2.100000 89.036429
2.200000 88.936360
2.300000 88.836347
2.400000 88.736391
2.500000 88.636491
2.600000 88.536647
2.700000 88.436859
2.800000 88.337128
2.900000 88.237452
3.000000 88.137833
3.100000 88.038271
3.200000 87.938764
3.300000 87.839314
3.400000 87.739920
3.500000 87.640583
3.600000 87.541302
3.700000 87.442077
3.800000 87.342908
3.900000 87.243795
4.000000 87.144739
4.100000 87.045739
4.200000 86.946795
4.300000 86.847908
4.400000 86.749077
4.500000 86.650302
4.600000 86.551583
4.700000 86.452921
4.800000 86.354315
4.900000 86.255765
5.000000 86.157271
5.100000 86.058834
5.200000 85.960453
5.300000 85.862128
5.400000 85.763860
5.500000 85.665647
5.600000 85.567491
5.700000 85.469392
5.800000 85.371348
5.900000 85.273361
6.000000 85.175430
6.100000 85.077555
6.200000 84.979737
6.300000 84.881975
6.400000 84.784269
6.500000 84.686619
6.600000 84.589026
6.700000 84.491489
6.800000 84.394008
6.900000 84.296584
7.000000 84.199215
7.100000 84.101903
7.200000 84.004648
7.300000 83.907448
7.400000 83.810305
7.500000 83.713218
7.600000 83.616187
7.700000 83.519213
7.800000 83.422295
7.900000 83.325433
8.000000 83.228627
8.100000 83.131878
8.200000 83.035185
8.300000 82.938548
8.400000 82.841968
8.500000 82.745443
8.600000 82.648975
8.700000 82.552563
8.800000 82.456208
8.900000 82.359909
9.000000 82.263666
9.100000 82.167479
9.200000 82.071349
9.300000 81.975275
9.400000 81.879257
9.500000 81.783295
9.600000 81.687390
9.700000 81.591541
9.800000 81.495748
9.900000 81.400011
10.000000 81.304331
10.100000 81.208707
10.200000 81.113139
10.300000 81.017628
10.400000 80.922173
10.500000 80.826774
10.600000 80.731431
10.700000 80.636144
10.800000 80.540914
10.900000 80.445740
11.000000 80.350623
11.100000 80.255561
11.200000 80.160556
11.300000 80.065607
11.400000 79.970715
11.500000 79.875879
11.600000 79.781099
11.700000 79.686375
11.800000 79.591707
11.900000 79.497096
12.000000 79.402541
12.100000 79.308042
12.200000 79.213600
12.300000 79.119214
12.400000 79.024884
12.500000 78.930610
12.600000 78.836393
12.700000 78.742232
12.800000 78.648127
12.900000 78.554078
13.000000 78.460086
13.100000 78.366150
13.200000 78.272270
13.300000 78.178447
13.400000 78.084680
13.500000 77.990969
13.600000 77.897314
13.700000 77.803715
13.800000 77.710173
13.900000 77.616687
14.000000 77.523258
14.100000 77.429884
14.200000 77.336567
14.300000 77.243306
14.400000 77.150102
14.500000 77.056953
14.600000 76.963861
14.700000 76.870826
14.800000 76.777846
14.900000 76.684923
15.000000 76.592056
15.100000 76.499245
15.200000 76.406491
15.300000 76.313792
15.400000 76.221150
15.500000 76.128565
15.600000 76.036035
15.700000 75.943562
15.800000 75.851145
15.900000 75.758785
16.000000 75.666481
16.100000 75.574232
16.200000 75.482041
16.300000 75.389905
16.400000 75.297826
16.500000 75.205803
16.600000 75.113836
16.700000 75.021926
16.800000 74.930071
16.900000 74.838274
17.000000 74.746532
17.100000 74.654846
17.200000 74.563217
17.300000 74.471644
17.400000 74.380128
17.500000 74.288668
17.600000 74.197263
17.700000 74.105916
17.800000 74.014624
17.900000 73.923389
18.000000 73.832210
18.100000 73.741087
18.200000 73.650021
18.300000 73.559010
18.400000 73.468056
18.500000 73.377159
18.600000 73.286317
18.700000 73.195532
18.800000 73.104803
18.900000 73.014131
19.000000 72.923514
19.100000 72.832954
19.200000 72.742450
19.300000 72.652003
19.400000 72.561612
19.500000 72.471277
19.600000 72.380998
19.700000 72.290775
19.800000 72.200609
19.900000 72.110499
20.000000 72.020445
20.100000 71.930448
20.200000 71.840507
20.300000 71.750622
20.400000 71.660793
20.500000 71.571021
20.600000 71.481305
20.700000 71.391645
20.800000 71.302042
20.900000 71.212494
21.000000 71.123003
21.100000 71.033568
21.200000 70.944190
21.300000 70.854868
21.400000 70.765602
21.500000 70.676392
21.600000 70.587239
21.700000 70.498141
21.800000 70.409101
21.900000 70.320116
22.000000 70.231188
22.100000 70.142315
22.200000 70.053500
22.300000 69.964740
22.400000 69.876037
22.500000 69.787390
22.600000 69.698799
22.700000 69.610264
22.800000 69.521786
22.900000 69.433364
23.000000 69.344998
23.100000 69.256689
23.200000 69.168436
23.300000 69.080239
23.400000 68.992098
23.500000 68.904014
23.600000 68.815986
23.700000 68.728014
23.800000 68.640098
23.900000 68.552239
24.000000 68.464436
24.100000 68.376689
24.200000 68.288999
24.300000 68.201364
24.400000 68.113786
24.500000 68.026265
24.600000 67.938799
24.700000 67.851390
24.800000 67.764037
24.900000 67.676740
25.000000 67.589500
25.100000 67.502316
25.200000 67.415188
25.300000 67.328117
25.400000 67.241101
25.500000 67.154142
25.600000 67.067239
25.700000 66.980393
25.800000 66.893603
25.900000 66.806869
26.000000 66.720191
26.100000 66.633569
26.200000 66.547004
26.300000 66.460495
26.400000 66.374043
26.500000 66.287646
26.600000 66.201306
26.700000 66.115022
26.800000 66.028795
26.900000 65.942623
27.000000 65.856508
27.100000 65.770449
27.200000 65.684447
27.300000 65.598501
27.400000 65.512610
27.500000 65.426777
27.600000 65.340999
27.700000 65.255278
27.800000 65.169613
27.900000 65.084004
28.000000 64.998452
28.100000 64.912956
28.200000 64.827516
28.300000 64.742132
28.400000 64.656805
28.500000 64.571534
28.600000 64.486319
28.700000 64.401161
28.800000 64.316058
28.900000 64.231012
29.000000 64.146023
29.100000 64.061089
29.200000 63.976212
29.300000 63.891391
29.400000 63.806626
29.500000 63.721918
29.600000 63.637266
29.700000 63.552670
29.800000 63.468130
29.900000 63.383647
30.000000 63.299220
30.100000 63.214849
30.200000 63.130534
30.300000 63.046276
30.400000 62.962074
30.500000 62.877928
30.600000 62.793839
30.700000 62.709805
30.800000 62.625828
30.900000 62.541908
31.000000 62.458043
31.100000 62.374235
31.200000 62.290483
31.300000 62.206788
31.400000 62.123148
31.500000 62.039565
31.600000 61.956038
31.700000 61.872568
31.800000 61.789153
31.900000 61.705795
32.000000 61.622494
32.100000 61.539248
32.200000 61.456059
32.300000 61.372926
32.400000 61.289849
32.500000 61.206829
32.600000 61.123865
32.700000 61.040957
32.800000 60.958105
32.900000 60.875310
33.000000 60.792571
33.100000 60.709888
33.200000 60.627261
33.300000 60.544691
33.400000 60.462177
33.500000 60.379719
33.600000 60.297317
33.700000 60.214972
33.800000 60.132683
33.900000 60.050451
34.000000 59.968274
34.100000 59.886154
34.200000 59.804090
34.300000 59.722082
34.400000 59.640131
34.500000 59.558236
34.600000 59.476397
34.700000 59.394614
34.800000 59.312888
34.900000 59.231218
35.000000 59.149604
35.100000 59.068047
35.200000 58.986545
35.300000 58.905100
35.400000 58.823712
35.500000 58.742379
35.600000 58.661103
35.700000 58.579883
35.800000 58.498719
35.900000 58.417612
36.000000 58.336561
36.100000 58.255566
36.200000 58.174627
36.300000 58.093745
36.400000 58.012919
36.500000 57.932149
36.600000 57.851436
36.700000 57.770778
36.800000 57.690177
36.900000 57.609633
37.000000 57.529144
37.100000 57.448712
37.200000 57.368336
37.300000 57.288016
37.400000 57.207753
37.500000 57.127546
37.600000 57.047395
37.700000 56.967300
37.800000 56.887262
37.900000 56.807280
38.000000 56.727354
38.100000 56.647484
38.200000 56.567671
38.300000 56.487914
38.400000 56.408213
38.500000 56.328569
38.600000 56.248981
38.700000 56.169449
38.800000 56.089973
38.900000 56.010554
39.000000 55.931190
39.100000 55.851884
39.200000 55.772633
39.300000 55.693439
39.400000 55.614301
39.500000 55.535219
39.600000 55.456193
39.700000 55.377224
39.800000 55.298311
39.900000 55.219454
40.000000 55.140654
40.100000 55.061909
40.200000 54.983221
40.300000 54.904590
40.400000 54.826014
40.500000 54.747495
40.600000 54.669032
40.700000 54.590626
40.800000 54.512275
40.900000 54.433981
41.000000 54.355743
41.100000 54.277562
41.200000 54.199436
41.300000 54.121367
41.400000 54.043355
41.500000 53.965398
41.600000 53.887498
41.700000 53.809654
41.800000 53.731866
41.900000 53.654135
42.000000 53.576460
42.100000 53.498841
42.200000 53.421278
42.300000 53.343772
42.400000 53.266321
42.500000 53.188928
42.600000 53.111590
42.700000 53.034309
42.800000 52.957084
42.900000 52.879915
43.000000 52.802802
43.100000 52.725746
43.200000 52.648746
43.300000 52.571802
43.400000 52.494915
43.500000 52.418084
43.600000 52.341309
43.700000 52.264590
43.800000 52.187928
43.900000 52.111322
44.000000 52.034772
44.100000 51.958278
44.200000 51.881841
44.300000 51.805460
44.400000 51.729135
44.500000 51.652867
44.600000 51.576654
44.700000 51.500498
44.800000 51.424399
44.900000 51.348355
45.000000 51.272368
45.100000 51.196437
45.200000 51.120562
45.300000 51.044744
45.400000 50.968982
45.500000 50.893276
45.600000 50.817626
45.700000 50.742033
45.800000 50.666496
45.900000 50.591015
46.000000 50.515591
46.100000 50.440222
46.200000 50.364910
46.300000 50.289655
46.400000 50.214455
46.500000 50.139312
46.600000 50.064225
46.700000 49.989194
46.800000 49.914220
46.900000 49.839302
47.000000 49.764440
47.100000 49.689634
47.200000 49.614885
47.300000 49.540192
47.400000 49.465555
47.500000 49.390974
47.600000 49.316450
47.700000 49.241982
47.800000 49.167570
47.900000 49.093215
48.000000 49.018916
48.100000 48.944673
48.200000 48.870486
48.300000 48.796356
48.400000 48.722281
48.500000 48.648264
48.600000 48.574302
48.700000 48.500397
48.800000 48.426548
48.900000 48.352755
49.000000 48.279018
49.100000 48.205338
49.200000 48.131714
49.300000 48.058146
49.400000 47.984635
49.500000 47.911179
49.600000 47.837780
49.700000 47.764438
49.800000 47.691151
49.900000 47.617921
50.000000 47.544747
50.100000 47.471630
50.200000 47.398568
50.300000 47.325563
50.400000 47.252614
50.500000 47.179722
50.600000 47.106885
50.700000 47.034105
50.800000 46.961382
50.900000 46.888714
51.000000 46.816103
51.100000 46.743548
51.200000 46.671049
51.300000 46.598607
51.400000 46.526221
51.500000 46.453891
51.600000 46.381617
51.700000 46.309400
51.800000 46.237239
51.900000 46.165134
52.000000 46.093085
52.100000 46.021093
52.200000 45.949157
52.300000 45.877277
52.400000 45.805453
52.500000 45.733686
52.600000 45.661975
52.700000 45.590320
52.800000 45.518722
52.900000 45.447180
53.000000 45.375694
53.100000 45.304264
53.200000 45.232891
53.300000 45.161574
53.400000 45.090313
53.500000 45.019108
53.600000 44.947960
53.700000 44.876868
53.800000 44.805832
53.900000 44.734853
54.000000 44.663929
54.100000 44.593062
54.200000 44.522252
54.300000 44.451497
54.400000 44.380799
54.500000 44.310157
54.600000 44.239571
54.700000 44.169042
54.800000 44.098569
54.900000 44.028152
55.000000 43.957791
55.100000 43.887487
55.200000 43.817239
55.300000 43.747047
55.400000 43.676912
55.500000 43.606832
55.600000 43.536809
55.700000 43.466843
55.800000 43.396932
55.900000 43.327078
56.000000 43.257280
56.100000 43.187538
56.200000 43.117853
56.300000 43.048224
56.400000 42.978651
56.500000 42.909134
56.600000 42.839674
56.700000 42.770270
56.800000 42.700922
56.900000 42.631631
57.000000 42.562395
57.100000 42.493216
57.200000 42.424094
57.300000 42.355027
57.400000 42.286017
57.500000 42.217063
57.600000 42.148165
57.700000 42.079324
57.800000 42.010539
57.900000 41.941810
58.000000 41.873137
58.100000 41.804521
58.200000 41.735961
58.300000 41.667457
58.400000 41.599009
58.500000 41.530618
58.600000 41.462283
58.700000 41.394004
58.800000 41.325782
58.900000 41.257616
59.000000 41.189506
59.100000 41.121452
59.200000 41.053454
59.300000 40.985513
59.400000 40.917628
59.500000 40.849800
59.600000 40.782027
59.700000 40.714311
59.800000 40.646651
59.900000 40.579048
60.000000 40.511501
60.100000 40.444010
60.200000 40.376575
60.300000 40.309196
60.400000 40.241874
60.500000 40.174608
60.600000 40.107398
60.700000 40.040245
60.800000 39.973148
60.900000 39.906107
61.000000 39.839122
61.100000 39.772194
61.200000 39.705322
61.300000 39.638506
61.400000 39.571746
61.500000 39.505043
61.600000 39.438396
61.700000 39.371805
61.800000 39.305271
61.900000 39.238792
62.000000 39.172370
62.100000 39.106005
62.200000 39.039695
62.300000 38.973442
62.400000 38.907245
62.500000 38.841105
62.600000 38.775020
62.700000 38.708992
62.800000 38.643020
62.900000 38.577105
63.000000 38.511245
63.100000 38.445442
63.200000 38.379695
63.300000 38.314005
63.400000 38.248371
63.500000 38.182793
63.600000 38.117271
63.700000 38.051805
63.800000 37.986396
63.900000 37.921043
64.000000 37.855747
64.100000 37.790506
64.200000 37.725322
64.300000 37.660194
64.400000 37.595123
64.500000 37.530107
64.600000 37.465148
64.700000 37.400245
64.800000 37.335399
64.900000 37.270609
65.000000 37.205875
65.100000 37.141197
65.200000 37.076575
65.300000 37.012010
65.400000 36.947501
65.500000 36.883049
65.600000 36.818652
65.700000 36.754312
65.800000 36.690028
65.900000 36.625801
66.000000 36.561629
66.100000 36.497514
66.200000 36.433455
66.300000 36.369453
66.400000 36.305507
66.500000 36.241617
66.600000 36.177783
66.700000 36.114005
66.800000 36.050284
66.900000 35.986619
67.000000 35.923010
67.100000 35.859458
67.200000 35.795962
67.300000 35.732522
67.400000 35.669138
67.500000 35.605811
67.600000 35.542540
67.700000 35.479325
67.800000 35.416167
67.900000 35.353064
68.000000 35.290018
68.100000 35.227029
68.200000 35.164095
68.300000 35.101218
68.400000 35.038397
68.500000 34.975632
68.600000 34.912924
68.700000 34.850272
68.800000 34.787676
68.900000 34.725136
69.000000 34.662653
69.100000 34.600226
69.200000 34.537855
69.300000 34.475540
69.400000 34.413282
69.500000 34.351080
69.600000 34.288934
69.700000 34.226845
69.800000 34.164811
69.900000 34.102834
70.000000 34.040914
70.100000 33.979049
70.200000 33.917241
70.300000 33.855489
70.400000 33.793794
70.500000 33.732154
70.600000 33.670571
70.700000 33.609044
70.800000 33.547574
70.900000 33.486159
71.000000 33.424801
71.100000 33.363499
71.200000 33.302254
71.300000 33.241065
71.400000 33.179932
71.500000 33.118855
71.600000 33.057835
71.700000 32.996870
71.800000 32.935963
71.900000 32.875111
72.000000 32.814315
72.100000 32.753576
72.200000 32.692893
72.300000 32.632267
72.400000 32.571697
72.500000 32.511183
72.600000 32.450725
72.700000 32.390323
72.800000 32.329978
72.900000 32.269689
73.000000 32.209456
73.100000 32.149280
73.200000 32.089160
73.300000 32.029096
73.400000 31.969088
73.500000 31.909137
73.600000 31.849241
73.700000 31.789403
73.800000 31.729620
73.900000 31.669894
74.000000 31.610224
74.100000 31.550610
74.200000 31.491052
74.300000 31.431551
74.400000 31.372106
74.500000 31.312717
74.600000 31.253385
74.700000 31.194109
74.800000 31.134889
74.900000 31.075725
75.000000 31.016618
75.100000 30.957566
75.200000 30.898572
75.300000 30.839633
75.400000 30.780751
75.500000 30.721925
75.600000 30.663155
75.700000 30.604441
75.800000 30.545784
75.900000 30.487183
76.000000 30.428638
76.100000 30.370150
76.200000 30.311718
76.300000 30.253342
76.400000 30.195022
76.500000 30.136758
76.600000 30.078551
76.700000 30.020400
76.800000 29.962306
76.900000 29.904267
77.000000 29.846285
77.100000 29.788360
77.200000 29.730490
77.300000 29.672677
77.400000 29.614920
77.500000 29.557219
77.600000 29.499574
77.700000 29.441986
77.800000 29.384454
77.900000 29.326979
78.000000 29.269559
78.100000 29.212196
78.200000 29.154889
78.300000 29.097638
78.400000 29.040444
78.500000 28.983306
78.600000 28.926224
78.700000 28.869199
78.800000 28.812229
78.900000 28.755316
79.000000 28.698460
79.100000 28.641659
79.200000 28.584915
79.300000 28.528227
79.400000 28.471595
79.500000 28.415020
79.600000 28.358501
79.700000 28.302038
79.800000 28.245631
79.900000 28.189281
80.000000 28.132987
80.100000 28.076749
80.200000 28.020567
80.300000 27.964442
80.400000 27.908373
80.500000 27.852360
80.600000 27.796403
80.700000 27.740503
80.800000 27.684659
80.900000 27.628872
81.000000 27.573140
81.100000 27.517465
81.200000 27.461846
81.300000 27.406283
81.400000 27.350777
81.500000 27.295327
81.600000 27.239933
81.700000 27.184595
81.800000 27.129314
81.900000 27.074089
82.000000 27.018920
82.100000 26.963808
82.200000 26.908751
82.300000 26.853751
82.400000 26.798808
82.500000 26.743920
82.600000 26.689089
82.700000 26.634314
82.800000 26.579596
82.900000 26.524933
83.000000 26.470327
83.100000 26.415777
83.200000 26.361284
83.300000 26.306846
83.400000 26.252465
83.500000 26.198140
83.600000 26.143872
83.700000 26.089660
83.800000 26.035504
83.900000 25.981404
84.000000 25.927360
84.100000 25.873373
84.200000 25.819442
84.300000 25.765568
84.400000 25.711749
84.500000 25.657987
84.600000 25.604281
84.700000 25.550632
84.800000 25.497038
84.900000 25.443501
85.000000 25.390020
85.100000 25.336596
85.200000 25.283228
85.300000 25.229916
85.400000 25.176660
85.500000 25.123460
85.600000 25.070317
85.700000 25.017230
85.800000 24.964199
85.900000 24.911225
86.000000 24.858307
86.100000 24.805445
86.200000 24.752639
86.300000 24.699890
86.400000 24.647197
86.500000 24.594560
86.600000 24.541980
86.700000 24.489455
86.800000 24.436987
86.900000 24.384576
87.000000 24.332220
87.100000 24.279921
87.200000 24.227678
87.300000 24.175491
87.400000 24.123361
87.500000 24.071287
87.600000 24.019269
87.700000 23.967307
87.800000 23.915402
87.900000 23.863553
88.000000 23.811760
88.100000 23.760023
88.200000 23.708343
88.300000 23.656719
88.400000 23.605151
88.500000 23.553640
88.600000 23.502184
88.700000 23.450785
88.800000 23.399443
88.900000 23.348156
89.000000 23.296926
89.100000 23.245752
89.200000 23.194635
89.300000 23.143573
89.400000 23.092568
89.500000 23.041619
89.600000 22.990727
89.700000 22.939890
89.800000 22.889110
89.900000 22.838387
90.000000 22.787719
90.100000 22.737108
90.200000 22.686553
90.300000 22.636054
90.400000 22.585612
90.500000 22.535226
90.600000 22.484896
90.700000 22.434622
90.800000 22.384405
90.900000 22.334243
91.000000 22.284139
91.100000 22.234090
91.200000 22.184098
91.300000 22.134162
91.400000 22.084282
91.500000 22.034458
91.600000 21.984691
91.700000 21.934980
91.800000 21.885325
91.900000 21.835727
92.000000 21.786185
92.100000 21.736699
92.200000 21.687269
92.300000 21.637896
92.400000 21.588579
92.500000 21.539318
92.600000 21.490113
92.700000 21.440965
92.800000 21.391873
92.900000 21.342837
93.000000 21.293857
93.100000 21.244934
93.200000 21.196067
93.300000 21.147256
93.400000 21.098502
93.500000 21.049804
93.600000 21.001162
93.700000 20.952576
93.800000 20.904047
93.900000 20.855574
94.000000 20.807157
94.100000 20.758796
94.200000 20.710492
94.300000 20.662244
94.400000 20.614052
94.500000 20.565916
94.600000 20.517837
94.700000 20.469814
94.800000 20.421847
94.900000 20.373937
95.000000 20.326083
95.100000 20.278285
95.200000 20.230543
95.300000 20.182858
95.400000 20.135229
95.500000 20.087656
95.600000 20.040139
95.700000 19.992679
95.800000 19.945275
95.900000 19.897927
96.000000 19.850635
96.100000 19.803400
96.200000 19.756221
96.300000 19.709098
96.400000 19.662032
96.500000 19.615022
96.600000 19.568068
96.700000 19.521170
96.800000 19.474328
96.900000 19.427543
97.000000 19.380814
97.100000 19.334142
97.200000 19.287525
97.300000 19.240965
97.400000 19.194462
97.500000 19.148014
97.600000 19.101623
97.700000 19.055288
97.800000 19.009009
97.900000 18.962786
98.000000 18.916620
98.100000 18.870510
98.200000 18.824456
98.300000 18.778459
98.400000 18.732518
98.500000 18.686633
98.600000 18.640804
98.700000 18.595032
98.800000 18.549316
98.900000 18.503656
99.000000 18.458052
99.100000 18.412505
99.200000 18.367014
99.300000 18.321579
99.400000 18.276201
99.500000 18.230879
99.600000 18.185613
99.700000 18.140403
99.800000 18.095249
99.900000 18.050152
100.000000 18.005111
100.100000 17.960127
100.200000 17.915198
100.300000 17.870326
100.400000 17.825510
100.500000 17.780751
100.600000 17.736047
100.700000 17.691400
100.800000 17.646810
100.900000 17.602275
101.000000 17.557797
101.100000 17.513375
101.200000 17.469009
101.300000 17.424700
101.400000 17.380447
101.500000 17.336250
101.600000 17.292109
101.700000 17.248025
101.800000 17.203996
101.900000 17.160025
102.000000 17.116109
102.100000 17.072250
102.200000 17.028447
102.300000 16.984700
102.400000 16.941009
102.500000 16.897375
102.600000 16.853797
102.700000 16.810275
102.800000 16.766810
102.900000 16.723401
103.000000 16.680048
103.100000 16.636751
103.200000 16.593511
103.300000 16.550327
103.400000 16.507199
103.500000 16.464127
103.600000 16.421112
103.700000 16.378153
103.800000 16.335250
103.900000 16.292403
104.000000 16.249613
104.100000 16.206879
104.200000 16.164201
104.300000 16.121580
104.400000 16.079015
104.500000 16.036506
104.600000 15.994053
104.700000 15.951657
104.800000 15.909316
104.900000 15.867033
105.000000 15.824805
105.100000 15.782634
105.200000 15.740518
105.300000 15.698460
105.400000 15.656457
105.500000 15.614511
105.600000 15.572621
105.700000 15.530787
105.800000 15.489010
105.900000 15.447288
106.000000 15.405623
106.100000 15.364015
106.200000 15.322462
106.300000 15.280966
106.400000 15.239526
106.500000 15.198143
106.600000 15.156815
106.700000 15.115544
106.800000 15.074329
106.900000 15.033171
107.000000 14.992069
107.100000 14.951022
107.200000 14.910033
107.300000 14.869099
107.400000 14.828222
107.500000 14.787401
107.600000 14.746636
107.700000 14.705928
107.800000 14.665276
107.900000 14.624680
108.000000 14.584140
108.100000 14.543657
108.200000 14.503230
108.300000 14.462859
108.400000 14.422544
108.500000 14.382286
108.600000 14.342084
108.700000 14.301938
108.800000 14.261849
108.900000 14.221815
109.000000 14.181839
109.100000 14.141918
109.200000 14.102053
109.300000 14.062245
109.400000 14.022493
109.500000 13.982798
109.600000 13.943158
109.700000 13.903575
109.800000 13.864048
109.900000 13.824578
110.000000 13.785163
110.100000 13.745805
110.200000 13.706504
110.300000 13.667258
110.400000 13.628069
110.500000 13.588936
110.600000 13.549859
110.700000 13.510839
110.800000 13.471874
110.900000 13.432967
111.000000 13.394115
111.100000 13.355319
111.200000 13.316580
111.300000 13.277898
111.400000 13.239271
111.500000 13.200701
111.600000 13.162187
111.700000 13.123729
111.800000 13.085327
111.900000 13.046982
112.000000 13.008693
112.100000 12.970460
112.200000 12.932284
112.300000 12.894164
112.400000 12.856100
112.500000 12.818092
112.600000 12.780141
112.700000 12.742245
112.800000 12.704407
112.900000 12.666624
113.000000 12.628898
113.100000 12.591228
113.200000 12.553614
113.300000 12.516056
113.400000 12.478555
113.500000 12.441110
113.600000 12.403721
113.700000 12.366389
113.800000 12.329113
113.900000 12.291893
114.000000 12.254729
114.100000 12.217622
114.200000 12.180570
114.300000 12.143575
114.400000 12.106637
114.500000 12.069755
114.600000 12.032928
114.700000 11.996159
114.800000 11.959445
114.900000 11.922788
115.000000 11.886187
115.100000 11.849642
115.200000 11.813154
115.300000 11.776721
115.400000 11.740345
115.500000 11.704026
115.600000 11.667762
115.700000 11.631555
115.800000 11.595404
115.900000 11.559310
116.000000 11.523271
116.100000 11.487289
116.200000 11.451363
116.300000 11.415494
116.400000 11.379681
116.500000 11.343923
116.600000 11.308223
116.700000 11.272578
116.800000 11.236990
116.900000 11.201458
117.000000 11.165982
117.100000 11.130563
117.200000 11.095200
117.300000 11.059893
117.400000 11.024642
117.500000 10.989448
117.600000 10.954310
117.700000 10.919228
117.800000 10.884202
117.900000 10.849233
118.000000 10.814320
118.100000 10.779463
118.200000 10.744663
118.300000 10.709919
118.400000 10.675231
118.500000 10.640599
118.600000 10.606023
118.700000 10.571504
118.800000 10.537041
118.900000 10.502635
119.000000 10.468284
119.100000 10.433990
119.200000 10.399752
119.300000 10.365571
119.400000 10.331445
119.500000 10.297376
119.600000 10.263364
119.700000 10.229407
119.800000 10.195507
119.900000 10.161663
120.000000 10.127875
120.100000 10.094144
120.200000 10.060469
120.300000 10.026850
120.400000 9.993287
120.500000 9.959781
120.600000 9.926330
120.700000 9.892937
120.800000 9.859599
120.900000 9.826318
121.000000 9.793093
121.100000 9.759924
121.200000 9.726811
121.300000 9.693755
121.400000 9.660755
121.500000 9.627811
121.600000 9.594924
121.700000 9.562093
121.800000 9.529318
121.900000 9.496599
122.000000 9.463937
122.100000 9.431331
122.200000 9.398781
122.300000 9.366287
122.400000 9.333850
122.500000 9.301469
122.600000 9.269144
122.700000 9.236875
122.800000 9.204663
122.900000 9.172507
123.000000 9.140407
123.100000 9.108364
123.200000 9.076377
123.300000 9.044446
123.400000 9.012571
123.500000 8.980753
123.600000 8.948990
123.700000 8.917285
123.800000 8.885635
123.900000 8.854042
124.000000 8.822505
124.100000 8.791024
124.200000 8.759599
124.300000 8.728231
124.400000 8.696919
124.500000 8.665663
124.600000 8.634464
124.700000 8.603320
124.800000 8.572234
124.900000 8.541203
125.000000 8.510228
125.100000 8.479310
125.200000 8.448448
125.300000 8.417643
125.400000 8.386893
125.500000 8.356200
125.600000 8.325563
125.700000 8.294983
125.800000 8.264459
125.900000 8.233991
126.000000 8.203579
126.100000 8.173223
126.200000 8.142924
126.300000 8.112681
126.400000 8.082494
126.500000 8.052364
126.600000 8.022290
126.700000 7.992272
126.800000 7.962310
126.900000 7.932405
127.000000 7.902556
127.100000 7.872763
127.200000 7.843027
127.300000 7.813346
127.400000 7.783722
127.500000 7.754154
127.600000 7.724643
127.700000 7.695188
127.800000 7.665789
127.900000 7.636446
128.000000 7.607160
128.100000 7.577929
128.200000 7.548755
128.300000 7.519638
128.400000 7.490576
128.500000 7.461571
128.600000 7.432623
128.700000 7.403730
128.800000 7.374894
128.900000 7.346114
129.000000 7.317390
129.100000 7.288722
129.200000 7.260111
129.300000 7.231556
129.400000 7.203057
129.500000 7.174615
129.600000 7.146229
129.700000 7.117899
129.800000 7.089625
129.900000 7.061408
130.000000 7.033247
130.100000 7.005142
130.200000 6.977093
130.300000 6.949101
130.400000 6.921165
130.500000 6.893285
130.600000 6.865461
130.700000 6.837694
130.800000 6.809983
130.900000 6.782329
131.000000 6.754730
131.100000 6.727188
131.200000 6.699702
131.300000 6.672272
131.400000 6.644899
131.500000 6.617582
131.600000 6.590321
131.700000 6.563116
131.800000 6.535968
131.900000 6.508876
132.000000 6.481840
132.100000 6.454861
132.200000 6.427937
132.300000 6.401070
132.400000 6.374260
132.500000 6.347505
132.600000 6.320807
132.700000 6.294165
132.800000 6.267579
132.900000 6.241050
133.000000 6.214577
133.100000 6.188160
133.200000 6.161799
133.300000 6.135495
133.400000 6.109247
133.500000 6.083055
133.600000 6.056919
133.700000 6.030840
133.800000 6.004817
133.900000 5.978850
134.000000 5.952940
134.100000 5.927086
134.200000 5.901288
134.300000 5.875546
134.400000 5.849861
134.500000 5.824232
134.600000 5.798659
134.700000 5.773142
134.800000 5.747682
134.900000 5.722278
135.000000 5.696930
135.100000 5.671638
135.200000 5.646403
135.300000 5.621224
135.400000 5.596101
135.500000 5.571035
135.600000 5.546024
135.700000 5.521070
135.800000 5.496173
135.900000 5.471331
136.000000 5.446546
136.100000 5.421817
136.200000 5.397145
136.300000 5.372528
136.400000 5.347968
136.500000 5.323464
136.600000 5.299017
136.700000 5.274626
136.800000 5.250290
136.900000 5.226012
137.000000 5.201789
137.100000 5.177623
137.200000 5.153513
137.300000 5.129459
137.400000 5.105462
137.500000 5.081521
137.600000 5.057636
137.700000 5.033807
137.800000 5.010035
137.900000 4.986319
138.000000 4.962659
138.100000 4.939055
138.200000 4.915508
138.300000 4.892017
138.400000 4.868582
138.500000 4.845204
138.600000 4.821881
138.700000 4.798615
138.800000 4.775406
138.900000 4.752252
139.000000 4.729155
139.100000 4.706114
139.200000 4.683129
139.300000 4.660201
139.400000 4.637329
139.500000 4.614513
139.600000 4.591754
139.700000 4.569050
139.800000 4.546403
139.900000 4.523812
140.000000 4.501278
140.100000 4.478800
140.200000 4.456378
140.300000 4.434012
140.400000 4.411702
140.500000 4.389449
140.600000 4.367252
140.700000 4.345112
140.800000 4.323027
140.900000 4.300999
141.000000 4.279027
141.100000 4.257112
141.200000 4.235252
141.300000 4.213449
141.400000 4.191702
141.500000 4.170012
141.600000 4.148378
141.700000 4.126800
141.800000 4.105278
141.900000 4.083812
142.000000 4.062403
142.100000 4.041050
142.200000 4.019754
142.300000 3.998513
142.400000 3.977329
142.500000 3.956201
142.600000 3.935130
142.700000 3.914114
142.800000 3.893155
142.900000 3.872252
143.000000 3.851406
143.100000 3.830616
143.200000 3.809882
143.300000 3.789204
143.400000 3.768582
143.500000 3.748017
143.600000 3.727508
143.700000 3.707055
143.800000 3.686659
143.900000 3.666319
144.000000 3.646035
144.100000 3.625807
144.200000 3.605636
144.300000 3.585521
144.400000 3.565462
144.500000 3.545460
144.600000 3.525513
144.700000 3.505623
144.800000 3.485790
144.900000 3.466012
145.000000 3.446291
145.100000 3.426626
145.200000 3.407017
145.300000 3.387465
145.400000 3.367969
145.500000 3.348529
145.600000 3.329145
145.700000 3.309818
145.800000 3.290547
145.900000 3.271332
146.000000 3.252173
146.100000 3.233071
146.200000 3.214025
146.300000 3.195035
146.400000 3.176102
146.500000 3.157224
146.600000 3.138403
146.700000 3.119639
146.800000 3.100930
146.900000 3.082278
147.000000 3.063682
147.100000 3.045143
147.200000 3.026659
147.300000 3.008232
147.400000 2.989861
147.500000 2.971547
147.600000 2.953288
147.700000 2.935086
147.800000 2.916941
147.900000 2.898851
148.000000 2.880818
148.100000 2.862841
148.200000 2.844920
148.300000 2.827056
148.400000 2.809248
148.500000 2.791496
148.600000 2.773800
148.700000 2.756161
148.800000 2.738577
148.900000 2.721051
149.000000 2.703580
149.100000 2.686166
149.200000 2.668808
149.300000 2.651506
149.400000 2.634260
149.500000 2.617071
149.600000 2.599938
149.700000 2.582861
149.800000 2.565841
149.900000 2.548877
150.000000 2.531969
150.100000 2.515117
150.200000 2.498322
150.300000 2.481583
150.400000 2.464900
150.500000 2.448273
150.600000 2.431703
150.700000 2.415189
150.800000 2.398731
150.900000 2.382329
151.000000 2.365984
151.100000 2.349695
151.200000 2.333462
151.300000 2.317286
151.400000 2.301166
151.500000 2.285102
151.600000 2.269094
151.700000 2.253143
151.800000 2.237248
151.900000 2.221409
152.000000 2.205626
152.100000 2.189900
152.200000 2.174230
152.300000 2.158616
152.400000 2.143058
152.500000 2.127557
152.600000 2.112112
152.700000 2.096723
152.800000 2.081391
152.900000 2.066115
153.000000 2.050895
153.100000 2.035731
153.200000 2.020624
153.300000 2.005572
153.400000 1.990578
153.500000 1.975639
153.600000 1.960757
153.700000 1.945931
153.800000 1.931161
153.900000 1.916447
154.000000 1.901790
154.100000 1.887189
154.200000 1.872644
154.300000 1.858156
154.400000 1.843723
154.500000 1.829347
154.600000 1.815028
154.700000 1.800764
154.800000 1.786557
154.900000 1.772406
155.000000 1.758312
155.100000 1.744273
155.200000 1.730291
155.300000 1.716365
155.400000 1.702496
155.500000 1.688683
155.600000 1.674925
155.700000 1.661225
155.800000 1.647580
155.900000 1.633992
156.000000 1.620460
156.100000 1.606984
156.200000 1.593565
156.300000 1.580202
156.400000 1.566895
156.500000 1.553644
156.600000 1.540450
156.700000 1.527312
156.800000 1.514230
156.900000 1.501204
157.000000 1.488235
157.100000 1.475322
157.200000 1.462465
157.300000 1.449665
157.400000 1.436920
157.500000 1.424232
157.600000 1.411601
157.700000 1.399025
157.800000 1.386506
157.900000 1.374043
158.000000 1.361637
158.100000 1.349286
158.200000 1.336992
158.300000 1.324754
158.400000 1.312573
158.500000 1.300447
158.600000 1.288378
158.700000 1.276365
158.800000 1.264409
158.900000 1.252509
159.000000 1.240665
159.100000 1.228877
159.200000 1.217146
159.300000 1.205470
159.400000 1.193851
159.500000 1.182289
159.600000 1.170782
159.700000 1.159332
159.800000 1.147938
159.900000 1.136601
160.000000 1.125319
160.100000 1.114094
160.200000 1.102926
160.300000 1.091813
160.400000 1.080757
160.500000 1.069757
160.600000 1.058813
160.700000 1.047926
160.800000 1.037094
160.900000 1.026319
161.000000 1.015601
161.100000 1.004938
161.200000 0.994332
161.300000 0.983782
161.400000 0.973289
161.500000 0.962851
161.600000 0.952470
161.700000 0.942146
161.800000 0.931877
161.900000 0.921665
162.000000 0.911509
162.100000 0.901409
162.200000 0.891366
162.300000 0.881378
162.400000 0.871447
162.500000 0.861573
162.600000 0.851754
162.700000 0.841992
162.800000 0.832286
162.900000 0.822637
163.000000 0.813043
163.100000 0.803506
163.200000 0.794025
163.300000 0.784601
163.400000 0.775233
163.500000 0.765921
163.600000 0.756665
163.700000 0.747465
163.800000 0.738322
163.900000 0.729235
164.000000 0.720204
164.100000 0.711230
164.200000 0.702312
164.300000 0.693450
164.400000 0.684644
164.500000 0.675895
164.600000 0.667202
164.700000 0.658565
164.800000 0.649985
164.900000 0.641460
165.000000 0.632992
165.100000 0.624580
165.200000 0.616225
165.300000 0.607926
165.400000 0.599683
165.500000 0.591496
165.600000 0.583366
165.700000 0.575291
165.800000 0.567274
165.900000 0.559312
166.000000 0.551407
166.100000 0.543557
166.200000 0.535765
166.300000 0.528028
166.400000 0.520348
166.500000 0.512724
166.600000 0.505156
166.700000 0.497644
166.800000 0.490189
166.900000 0.482790
167.000000 0.475447
167.100000 0.468161
167.200000 0.460931
167.300000 0.453757
167.400000 0.446639
167.500000 0.439578
167.600000 0.432573
167.700000 0.425624
167.800000 0.418731
167.900000 0.411895
168.000000 0.405115
168.100000 0.398391
168.200000 0.391724
168.300000 0.385112
168.400000 0.378557
168.500000 0.372059
168.600000 0.365616
168.700000 0.359230
168.800000 0.352900
168.900000 0.346627
169.000000 0.340409
169.100000 0.334248
169.200000 0.328143
169.300000 0.322095
169.400000 0.316102
169.500000 0.310166
169.600000 0.304286
169.700000 0.298463
169.800000 0.292696
169.900000 0.286985
170.000000 0.281330
170.100000 0.275731
170.200000 0.270189
170.300000 0.264703
170.400000 0.259274
170.500000 0.253900
170.600000 0.248583
170.700000 0.243322
170.800000 0.238118
170.900000 0.232969
171.000000 0.227877
171.100000 0.222841
171.200000 0.217862
171.300000 0.212939
171.400000 0.208072
171.500000 0.203261
171.600000 0.198506
171.700000 0.193808
171.800000 0.189166
171.900000 0.184581
172.000000 0.180051
172.100000 0.175578
172.200000 0.171161
172.300000 0.166800
172.400000 0.162496
172.500000 0.158248
172.600000 0.154056
172.700000 0.149921
172.800000 0.145841
172.900000 0.141818
173.000000 0.137852
173.100000 0.133941
173.200000 0.130087
173.300000 0.126289
173.400000 0.122547
173.500000 0.118862
173.600000 0.115233
173.700000 0.111660
173.800000 0.108143
173.900000 0.104683
174.000000 0.101279
174.100000 0.097931
174.200000 0.094639
174.300000 0.091404
174.400000 0.088225
174.500000 0.085102
174.600000 0.082036
174.700000 0.079026
174.800000 0.076072
174.900000 0.073174
175.000000 0.070332
175.100000 0.067547
175.200000 0.064818
175.300000 0.062146
175.400000 0.059529
175.500000 0.056969
175.600000 0.054465
175.700000 0.052018
175.800000 0.049627
175.900000 0.047292
176.000000 0.045013
176.100000 0.042790
176.200000 0.040624
176.300000 0.038514
176.400000 0.036460
176.500000 0.034463
176.600000 0.032522
176.700000 0.030637
176.800000 0.028808
176.900000 0.027036
177.000000 0.025320
177.100000 0.023660
177.200000 0.022056
177.300000 0.020509
177.400000 0.019018
177.500000 0.017583
177.600000 0.016205
177.700000 0.014882
177.800000 0.013616
177.900000 0.012407
178.000000 0.011253
178.100000 0.010156
178.200000 0.009115
178.300000 0.008130
178.400000 0.007202
178.500000 0.006330
178.600000 0.005514
178.700000 0.004754
178.800000 0.004051
178.900000 0.003404
179.000000 0.002813
179.100000 0.002279
179.200000 0.001801
179.300000 0.001379
179.400000 0.001013
179.500000 0.000703
179.600000 0.000450
179.700000 0.000253
179.800000 0.000113
179.900000 0.000028
180.000000 0.000000
