-180.000000 0.000000
-179.900000 0.000032
-179.800000 0.000127
-179.700000 0.000285
-179.600000 0.000506
-179.500000 0.000791
-179.400000 0.001139
-179.300000 0.001550
-179.200000 0.002025
-179.100000 0.002562
-179.000000 0.003164
-178.900000 0.003828
-178.800000 0.004555
-178.700000 0.005346
-178.600000 0.006201
-178.500000 0.007118
-178.400000 0.008099
-178.300000 0.009143
-178.200000 0.010250
-178.100000 0.011420
-178.000000 0.012654
-177.900000 0.013951
-177.800000 0.015312
-177.700000 0.016735
-177.600000 0.018222
-177.500000 0.019772
-177.400000 0.021385
-177.300000 0.023062
-177.200000 0.024802
-177.100000 0.026605
-177.000000 0.028472
-176.900000 0.030402
-176.800000 0.032395
-176.700000 0.034451
-176.600000 0.036570
-176.500000 0.038753
-176.400000 0.040999
-176.300000 0.043309
-176.200000 0.045681
-176.100000 0.048117
-176.000000 0.050617
-175.900000 0.053179
-175.800000 0.055805
-175.700000 0.058494
-175.600000 0.061246
-175.500000 0.064062
-175.400000 0.066940
-175.300000 0.069882
-175.200000 0.072888
-175.100000 0.075956
-175.000000 0.079088
-174.900000 0.082284
-174.800000 0.085542
-174.700000 0.088864
-174.600000 0.092249
-174.500000 0.095697
-174.400000 0.099208
-174.300000 0.102783
-174.200000 0.106421
-174.100000 0.110123
-174.000000 0.113887
-173.900000 0.117715
-173.800000 0.121606
-173.700000 0.125561
-173.600000 0.129578
-173.500000 0.133659
-173.400000 0.137804
-173.300000 0.142011
-173.200000 0.146282
-173.100000 0.150616
-173.000000 0.155013
-172.900000 0.159474
-172.800000 0.163998
-172.700000 0.168585
-172.600000 0.173235
-172.500000 0.177949
-172.400000 0.182726
-172.300000 0.187566
-172.200000 0.192469
-172.100000 0.197436
-172.000000 0.202466
-171.900000 0.207560
-171.800000 0.212716
-171.700000 0.217936
-171.600000 0.223219
-171.500000 0.228565
-171.400000 0.233975
-171.300000 0.239448
-171.200000 0.244984
-171.100000 0.250584
-171.000000 0.256246
-170.900000 0.261972
-170.800000 0.267762
-170.700000 0.273614
-170.600000 0.279530
-170.500000 0.285509
-170.400000 0.291551
-170.300000 0.297657
-170.200000 0.303826
-170.100000 0.310058
-170.000000 0.316353
-169.900000 0.322712
-169.800000 0.329134
-169.700000 0.335619
-169.600000 0.342168
-169.500000 0.348780
-169.400000 0.355455
-169.300000 0.362193
-169.200000 0.368995
-169.100000 0.375860
-169.000000 0.382788
-168.900000 0.389779
-168.800000 0.396834
-168.700000 0.403952
-168.600000 0.411133
-168.500000 0.418377
-168.400000 0.425685
-168.300000 0.433056
-168.200000 0.440491
-168.100000 0.447988
-168.000000 0.455549
-167.900000 0.463173
-167.800000 0.470860
-167.700000 0.478611
-167.600000 0.486425
-167.500000 0.494302
-167.400000 0.502243
-167.300000 0.510247
-167.200000 0.518314
-167.100000 0.526444
-167.000000 0.534637
-166.900000 0.542894
-166.800000 0.551214
-166.700000 0.559598
-166.600000 0.568044
-166.500000 0.576554
-166.400000 0.585127
-166.300000 0.593764
-166.200000 0.602464
-166.100000 0.611227
-166.000000 0.620053
-165.900000 0.628942
-165.800000 0.637895
-165.700000 0.646911
-165.600000 0.655991
-165.500000 0.665133
-165.400000 0.674339
-165.300000 0.683608
-165.200000 0.692941
-165.100000 0.702336
-165.000000 0.711795
-164.900000 0.721318
-164.800000 0.730903
-164.700000 0.740552
-164.600000 0.750264
-164.500000 0.760039
-164.400000 0.769878
-164.300000 0.779780
-164.200000 0.789745
-164.100000 0.799773
-164.000000 0.809865
-163.900000 0.820020
-163.800000 0.830238
-163.700000 0.840520
-163.600000 0.850864
-163.500000 0.861272
-163.400000 0.871744
-163.300000 0.882278
-163.200000 0.892876
-163.100000 0.903537
-163.000000 0.914262
-162.900000 0.925049
-162.800000 0.935900
-162.700000 0.946814
-162.600000 0.957792
-162.500000 0.968832
-162.400000 0.979936
-162.300000 0.991104
-162.200000 1.002334
-162.100000 1.013628
-162.000000 1.024985
-161.900000 1.036406
-161.800000 1.047889
-161.700000 1.059436
-161.600000 1.071046
-161.500000 1.082720
-161.400000 1.094456
-161.300000 1.106256
-161.200000 1.118120
-161.100000 1.130046
-161.000000 1.142036
-160.900000 1.154089
-160.800000 1.166205
-160.700000 1.178385
-160.600000 1.190628
-160.500000 1.202934
-160.400000 1.215303
-160.300000 1.227736
-160.200000 1.240232
-160.100000 1.252791
-160.000000 1.265414
-159.900000 1.278100
-159.800000 1.290849
-159.700000 1.303661
-159.600000 1.316537
-159.500000 1.329475
-159.400000 1.342478
-159.300000 1.355543
-159.200000 1.368672
-159.100000 1.381864
-159.000000 1.395119
-158.900000 1.408437
-158.800000 1.421819
-158.700000 1.435264
-158.600000 1.448772
-158.500000 1.462344
-158.400000 1.475979
-158.300000 1.489677
-158.200000 1.503438
-158.100000 1.517263
-158.000000 1.531151
-157.900000 1.545102
-157.800000 1.559116
-157.700000 1.573194
-157.600000 1.587335
-157.500000 1.601539
-157.400000 1.615807
-157.300000 1.630138
-157.200000 1.644532
-157.100000 1.658989
-157.000000 1.673510
-156.900000 1.688094
-156.800000 1.702741
-156.700000 1.717451
-156.600000 1.732225
-156.500000 1.747062
-156.400000 1.761962
-156.300000 1.776926
-156.200000 1.791953
-156.100000 1.807043
-156.000000 1.822196
-155.900000 1.837413
-155.800000 1.852692
-155.700000 1.868036
-155.600000 1.883442
-155.500000 1.898912
-155.400000 1.914445
-155.300000 1.930041
-155.200000 1.945700
-155.100000 1.961423
-155.000000 1.977209
-154.900000 1.993058
-154.800000 2.008971
-154.700000 2.024947
-154.600000 2.040986
-154.500000 2.057088
-154.400000 2.073254
-154.300000 2.089483
-154.200000 2.105775
-154.100000 2.122131
-154.000000 2.138549
-153.900000 2.155031
-153.800000 2.171577
-153.700000 2.188185
-153.600000 2.204857
-153.500000 2.221592
-153.400000 2.238391
-153.300000 2.255252
-153.200000 2.272177
-153.100000 2.289165
-153.000000 2.306217
-152.900000 2.323331
-152.800000 2.340509
-152.700000 2.357751
-152.600000 2.375055
-152.500000 2.392423
-152.400000 2.409854
-152.300000 2.427348
-152.200000 2.444906
-152.100000 2.462527
-152.000000 2.480211
-151.900000 2.497959
-151.800000 2.515769
-151.700000 2.533643
-151.600000 2.551580
-151.500000 2.569581
-151.400000 2.587645
-151.300000 2.605772
-151.200000 2.623962
-151.100000 2.642216
-151.000000 2.660533
-150.900000 2.678913
-150.800000 2.697356
-150.700000 2.715863
-150.600000 2.734433
-150.500000 2.753066
-150.400000 2.771762
-150.300000 2.790522
-150.200000 2.809345
-150.100000 2.828232
-150.000000 2.847181
-149.900000 2.866194
-149.800000 2.885270
-149.700000 2.904410
-149.600000 2.923612
-149.500000 2.942878
-149.400000 2.962207
-149.300000 2.981600
-149.200000 3.001055
-149.100000 3.020574
-149.000000 3.040157
-148.900000 3.059802
-148.800000 3.079511
-148.700000 3.099283
-148.600000 3.119119
-148.500000 3.139017
-148.400000 3.158979
-148.300000 3.179004
-148.200000 3.199093
-148.100000 3.219244
-148.000000 3.239459
-147.900000 3.259738
-147.800000 3.280079
-147.700000 3.300484
-147.600000 3.320952
-147.500000 3.341483
-147.400000 3.362078
-147.300000 3.382736
-147.200000 3.403457
-147.100000 3.424242
-147.000000 3.445089
-146.900000 3.466000
-146.800000 3.486974
-146.700000 3.508012
-146.600000 3.529113
-146.500000 3.550277
-146.400000 3.571504
-146.300000 3.592795
-146.200000 3.614149
-146.100000 3.635566
-146.000000 3.657046
-145.900000 3.678590
-145.800000 3.700197
-145.700000 3.721867
-145.600000 3.743600
-145.500000 3.765397
-145.400000 3.787257
-145.300000 3.809180
-145.200000 3.831167
-145.100000 3.853217
-145.000000 3.875330
-144.900000 3.897506
-144.800000 3.919746
-144.700000 3.942049
-144.600000 3.964415
-144.500000 3.986845
-144.400000 4.009337
-144.300000 4.031893
-144.200000 4.054513
-144.100000 4.077195
-144.000000 4.099941
-143.900000 4.122750
-143.800000 4.145622
-143.700000 4.168558
-143.600000 4.191557
-143.500000 4.214619
-143.400000 4.237744
-143.300000 4.260933
-143.200000 4.284185
-143.100000 4.307500
-143.000000 4.330879
-142.900000 4.354321
-142.800000 4.377826
-142.700000 4.401394
-142.600000 4.425026
-142.500000 4.448721
-142.400000 4.472479
-142.300000 4.496300
-142.200000 4.520185
-142.100000 4.544133
-142.000000 4.568144
-141.900000 4.592219
-141.800000 4.616356
-141.700000 4.640557
-141.600000 4.664822
-141.500000 4.689149
-141.400000 4.713540
-141.300000 4.737994
-141.200000 4.762512
-141.100000 4.787092
-141.000000 4.811736
-140.900000 4.836443
-140.800000 4.861214
-140.700000 4.886048
-140.600000 4.910945
-140.500000 4.935905
-140.400000 4.960928
-140.300000 4.986015
-140.200000 5.011165
-140.100000 5.036379
-140.000000 5.061655
-139.900000 5.086995
-139.800000 5.112399
-139.700000 5.137865
-139.600000 5.163395
-139.500000 5.188988
-139.400000 5.214644
-139.300000 5.240363
-139.200000 5.266146
-139.100000 5.291992
-139.000000 5.317902
-138.900000 5.343874
-138.800000 5.369910
-138.700000 5.396009
-138.600000 5.422172
-138.500000 5.448398
-138.400000 5.474686
-138.300000 5.501039
-138.200000 5.527454
-138.100000 5.553933
-138.000000 5.580475
-137.900000 5.607080
-137.800000 5.633749
-137.700000 5.660481
-137.600000 5.687276
-137.500000 5.714134
-137.400000 5.741056
-137.300000 5.768041
-137.200000 5.795089
-137.100000 5.822201
-137.000000 5.849376
-136.900000 5.876614
-136.800000 5.903915
-136.700000 5.931279
-136.600000 5.958707
-136.500000 5.986198
-136.400000 6.013753
-136.300000 6.041370
-136.200000 6.069051
-136.100000 6.096796
-136.000000 6.124603
-135.900000 6.152474
-135.800000 6.180408
-135.700000 6.208405
-135.600000 6.236466
-135.500000 6.264589
-135.400000 6.292777
-135.300000 6.321027
-135.200000 6.349341
-135.100000 6.377717
-135.000000 6.406158
-134.900000 6.434661
-134.800000 6.463228
-134.700000 6.491858
-134.600000 6.520551
-134.500000 6.549308
-134.400000 6.578127
-134.300000 6.607010
-134.200000 6.635957
-134.100000 6.664966
-134.000000 6.694039
-133.900000 6.723175
-133.800000 6.752375
-133.700000 6.781638
-133.600000 6.810964
-133.500000 6.840353
-133.400000 6.869805
-133.300000 6.899321
-133.200000 6.928900
-133.100000 6.958542
-133.000000 6.988248
-132.900000 7.018017
-132.800000 7.047849
-132.700000 7.077744
-132.600000 7.107703
-132.500000 7.137725
-132.400000 7.167810
-132.300000 7.197959
-132.200000 7.228170
-132.100000 7.258445
-132.000000 7.288784
-131.900000 7.319185
-131.800000 7.349650
-131.700000 7.380178
-131.600000 7.410770
-131.500000 7.441424
-131.400000 7.472142
-131.300000 7.502923
-131.200000 7.533768
-131.100000 7.564676
-131.000000 7.595647
-130.900000 7.626681
-130.800000 7.657778
-130.700000 7.688939
-130.600000 7.720163
-130.500000 7.751451
-130.400000 7.782801
-130.300000 7.814215
-130.200000 7.845692
-130.100000 7.877233
-130.000000 7.908837
-129.900000 7.940504
-129.800000 7.972234
-129.700000 8.004027
-129.600000 8.035884
-129.500000 8.067804
-129.400000 8.099788
-129.300000 8.131834
-129.200000 8.163944
-129.100000 8.196117
-129.000000 8.228354
-128.900000 8.260653
-128.800000 8.293016
-128.700000 8.325442
-128.600000 8.357932
-128.500000 8.390485
-128.400000 8.423101
-128.300000 8.455780
-128.200000 8.488523
-128.100000 8.521329
-128.000000 8.554198
-127.900000 8.587130
-127.800000 8.620126
-127.700000 8.653185
-127.600000 8.686307
-127.500000 8.719492
-127.400000 8.752741
-127.300000 8.786053
-127.200000 8.819428
-127.100000 8.852867
-127.000000 8.886369
-126.900000 8.919934
-126.800000 8.953562
-126.700000 8.987254
-126.600000 9.021009
-126.500000 9.054827
-126.400000 9.088708
-126.300000 9.122653
-126.200000 9.156661
-126.100000 9.190732
-126.000000 9.224867
-125.900000 9.259065
-125.800000 9.293326
-125.700000 9.327650
-125.600000 9.362038
-125.500000 9.396489
-125.400000 9.431003
-125.300000 9.465580
-125.200000 9.500221
-125.100000 9.534925
-125.000000 9.569692
-124.900000 9.604523
-124.800000 9.639417
-124.700000 9.674374
-124.600000 9.709394
-124.500000 9.744478
-124.400000 9.779624
-124.300000 9.814835
-124.200000 9.850108
-124.100000 9.885445
-124.000000 9.920845
-123.900000 9.956308
-123.800000 9.991834
-123.700000 10.027424
-123.600000 10.063077
-123.500000 10.098793
-123.400000 10.134573
-123.300000 10.170416
-123.200000 10.206322
-123.100000 10.242291
-123.000000 10.278324
-122.900000 10.314420
-122.800000 10.350579
-122.700000 10.386802
-122.600000 10.423087
-122.500000 10.459436
-122.400000 10.495849
-122.300000 10.532324
-122.200000 10.568863
-122.100000 10.605465
-122.000000 10.642130
-121.900000 10.678859
-121.800000 10.715651
-121.700000 10.752506
-121.600000 10.789425
-121.500000 10.826406
-121.400000 10.863451
-121.300000 10.900560
-121.200000 10.937731
-121.100000 10.974966
-121.000000 11.012264
-120.900000 11.049625
-120.800000 11.087050
-120.700000 11.124538
-120.600000 11.162089
-120.500000 11.199703
-120.400000 11.237381
-120.300000 11.275122
-120.200000 11.312926
-120.100000 11.350794
-120.000000 11.388725
-119.900000 11.426719
-119.800000 11.464776
-119.700000 11.502897
-119.600000 11.541080
-119.500000 11.579328
-119.400000 11.617638
-119.300000 11.656012
-119.200000 11.694449
-119.100000 11.732949
-119.000000 11.771512
-118.900000 11.810139
-118.800000 11.848829
-118.700000 11.887582
-118.600000 11.926399
-118.500000 11.965279
-118.400000 12.004222
-118.300000 12.043228
-118.200000 12.082298
-118.100000 12.121431
-118.000000 12.160627
-117.900000 12.199887
-117.800000 12.239209
-117.700000 12.278595
-117.600000 12.318045
-117.500000 12.357557
-117.400000 12.397133
-117.300000 12.436772
-117.200000 12.476474
-117.100000 12.516240
-117.000000 12.556069
-116.900000 12.595961
-116.800000 12.635917
-116.700000 12.675935
-116.600000 12.716017
-116.500000 12.756163
-116.400000 12.796371
-116.300000 12.836643
-116.200000 12.876978
-116.100000 12.917376
-116.000000 12.957838
-115.900000 12.998363
-115.800000 13.038951
-115.700000 13.079602
-115.600000 13.120317
-115.500000 13.161095
-115.400000 13.201936
-115.300000 13.242841
-115.200000 13.283808
-115.100000 13.324839
-115.000000 13.365934
-114.900000 13.407091
-114.800000 13.448312
-114.700000 13.489596
-114.600000 13.530944
-114.500000 13.572354
-114.400000 13.613828
-114.300000 13.655366
-114.200000 13.696966
-114.100000 13.738630
-114.000000 13.780357
-113.900000 13.822147
-113.800000 13.864001
-113.700000 13.905918
-113.600000 13.947898
-113.500000 13.989941
-113.400000 14.032048
-113.300000 14.074218
-113.200000 14.116451
-113.100000 14.158747
-113.000000 14.201107
-112.900000 14.243530
-112.800000 14.286016
-112.700000 14.328566
-112.600000 14.371179
-112.500000 14.413855
-112.400000 14.456594
-112.300000 14.499397
-112.200000 14.542263
-112.100000 14.585192
-112.000000 14.628184
-111.900000 14.671240
-111.800000 14.714359
-111.700000 14.757541
-111.600000 14.800787
-111.500000 14.844095
-111.400000 14.887467
-111.300000 14.930903
-111.200000 14.974401
-111.100000 15.017963
-111.000000 15.061588
-110.900000 15.105277
-110.800000 15.149028
-110.700000 15.192843
-110.600000 15.236722
-110.500000 15.280663
-110.400000 15.324668
-110.300000 15.368736
-110.200000 15.412867
-110.100000 15.457062
-110.000000 15.501320
-109.900000 15.545641
-109.800000 15.590025
-109.700000 15.634473
-109.600000 15.678984
-109.500000 15.723558
-109.400000 15.768195
-109.300000 15.812896
-109.200000 15.857660
-109.100000 15.902488
-109.000000 15.947378
-108.900000 15.992332
-108.800000 16.037349
-108.700000 16.082429
-108.600000 16.127573
-108.500000 16.172780
-108.400000 16.218050
-108.300000 16.263384
-108.200000 16.308780
-108.100000 16.354240
-108.000000 16.399764
-107.900000 16.445350
-107.800000 16.491000
-107.700000 16.536713
-107.600000 16.582489
-107.500000 16.628329
-107.400000 16.674232
-107.300000 16.720198
-107.200000 16.766227
-107.100000 16.812320
-107.000000 16.858476
-106.900000 16.904695
-106.800000 16.950978
-106.700000 16.997324
-106.600000 17.043733
-106.500000 17.090205
-106.400000 17.136741
-106.300000 17.183339
-106.200000 17.230002
-106.100000 17.276727
-106.000000 17.323516
-105.900000 17.370368
-105.800000 17.417283
-105.700000 17.464261
-105.600000 17.511303
-105.500000 17.558408
-105.400000 17.605576
-105.300000 17.652808
-105.200000 17.700103
-105.100000 17.747461
-105.000000 17.794882
-104.900000 17.842367
-104.800000 17.889915
-104.700000 17.937526
-104.600000 17.985201
-104.500000 18.032938
-104.400000 18.080739
-104.300000 18.128604
-104.200000 18.176531
-104.100000 18.224522
-104.000000 18.272576
-103.900000 18.320693
-103.800000 18.368874
-103.700000 18.417118
-103.600000 18.465425
-103.500000 18.513796
-103.400000 18.562229
-103.300000 18.610726
-103.200000 18.659286
-103.100000 18.707910
-103.000000 18.756597
-102.900000 18.805347
-102.800000 18.854160
-102.700000 18.903037
-102.600000 18.951977
-102.500000 19.000980
-102.400000 19.050046
-102.300000 19.099176
-102.200000 19.148369
-102.100000 19.197625
-102.000000 19.246945
-101.900000 19.296327
-101.800000 19.345774
-101.700000 19.395283
-101.600000 19.444855
-101.500000 19.494491
-101.400000 19.544190
-101.300000 19.593953
-101.200000 19.643778
-101.100000 19.693667
-101.000000 19.743620
-100.900000 19.793635
-100.800000 19.843714
-100.700000 19.893856
-100.600000 19.944061
-100.500000 19.994330
-100.400000 20.044662
-100.300000 20.095057
-100.200000 20.145515
-100.100000 20.196037
-100.000000 20.246622
-99.900000 20.297270
-99.800000 20.347981
-99.700000 20.398756
-99.600000 20.449594
-99.500000 20.500495
-99.400000 20.551460
-99.300000 20.602488
-99.200000 20.653579
-99.100000 20.704733
-99.000000 20.755951
-98.900000 20.807232
-98.800000 20.858576
-98.700000 20.909983
-98.600000 20.961454
-98.500000 21.012988
-98.400000 21.064585
-98.300000 21.116246
-98.200000 21.167969
-98.100000 21.219757
-98.000000 21.271607
-97.900000 21.323520
-97.800000 21.375497
-97.700000 21.427537
-97.600000 21.479641
-97.500000 21.531808
-97.400000 21.584038
-97.300000 21.636331
-97.200000 21.688687
-97.100000 21.741107
-97.000000 21.793590
-96.900000 21.846136
-96.800000 21.898746
-96.700000 21.951419
-96.600000 22.004155
-96.500000 22.056954
-96.400000 22.109817
-96.300000 22.162743
-96.200000 22.215732
-96.100000 22.268785
-96.000000 22.321900
-95.900000 22.375079
-95.800000 22.428322
-95.700000 22.481627
-95.600000 22.534996
-95.500000 22.588428
-95.400000 22.641924
-95.300000 22.695482
-95.200000 22.749104
-95.100000 22.802789
-95.000000 22.856538
-94.900000 22.910349
-94.800000 22.964224
-94.700000 23.018163
-94.600000 23.072164
-94.500000 23.126229
-94.400000 23.180357
-94.300000 23.234548
-94.200000 23.288803
-94.100000 23.343121
-94.000000 23.397502
-93.900000 23.451947
-93.800000 23.506454
-93.700000 23.561025
-93.600000 23.615659
-93.500000 23.670357
-93.400000 23.725118
-93.300000 23.779942
-93.200000 23.834829
-93.100000 23.889780
-93.000000 23.944794
-92.900000 23.999871
-92.800000 24.055011
-92.700000 24.110215
-92.600000 24.165482
-92.500000 24.220812
-92.400000 24.276205
-92.300000 24.331662
-92.200000 24.387182
-92.100000 24.442766
-92.000000 24.498412
-91.900000 24.554122
-91.800000 24.609895
-91.700000 24.665732
-91.600000 24.721631
-91.500000 24.777594
-91.400000 24.833620
-91.300000 24.889710
-91.200000 24.945862
-91.100000 25.002079
-91.000000 25.058358
-90.900000 25.114700
-90.800000 25.171106
-90.700000 25.227575
-90.600000 25.284108
-90.500000 25.340703
-90.400000 25.397362
-90.300000 25.454084
-90.200000 25.510870
-90.100000 25.567719
-90.000000 25.624630
-89.900000 25.681606
-89.800000 25.738644
-89.700000 25.795746
-89.600000 25.852911
-89.500000 25.910139
-89.400000 25.967431
-89.300000 26.024786
-89.200000 26.082204
-89.100000 26.139686
-89.000000 26.197230
-88.900000 26.254838
-88.800000 26.312509
-88.700000 26.370244
-88.600000 26.428042
-88.500000 26.485903
-88.400000 26.543827
-88.300000 26.601815
-88.200000 26.659866
-88.100000 26.717980
-88.000000 26.776157
-87.900000 26.834398
-87.800000 26.892702
-87.700000 26.951069
-87.600000 27.009499
-87.500000 27.067993
-87.400000 27.126550
-87.300000 27.185170
-87.200000 27.243854
-87.100000 27.302601
-87.000000 27.361411
-86.900000 27.420284
-86.800000 27.479221
-86.700000 27.538221
-86.600000 27.597284
-86.500000 27.656411
-86.400000 27.715600
-86.300000 27.774853
-86.200000 27.834170
-86.100000 27.893549
-86.000000 27.952992
-85.900000 28.012498
-85.800000 28.072067
-85.700000 28.131700
-85.600000 28.191396
-85.500000 28.251155
-85.400000 28.310978
-85.300000 28.370863
-85.200000 28.430812
-85.100000 28.490824
-85.000000 28.550900
-84.900000 28.611039
-84.800000 28.671241
-84.700000 28.731506
-84.600000 28.791835
-84.500000 28.852227
-84.400000 28.912682
-84.300000 28.973200
-84.200000 29.033782
-84.100000 29.094427
-84.000000 29.155135
-83.900000 29.215907
-83.800000 29.276741
-83.700000 29.337639
-83.600000 29.398601
-83.500000 29.459625
-83.400000 29.520713
-83.300000 29.581864
-83.200000 29.643079
-83.100000 29.704356
-83.000000 29.765697
-82.900000 29.827102
-82.800000 29.888569
-82.700000 29.950100
-82.600000 30.011694
-82.500000 30.073351
-82.400000 30.135072
-82.300000 30.196855
-82.200000 30.258703
-82.100000 30.320613
-82.000000 30.382587
-81.900000 30.444623
-81.800000 30.506724
-81.700000 30.568887
-81.600000 30.631114
-81.500000 30.693404
-81.400000 30.755757
-81.300000 30.818174
-81.200000 30.880653
-81.100000 30.943197
-81.000000 31.005803
-80.900000 31.068473
-80.800000 31.131205
-80.700000 31.194002
-80.600000 31.256861
-80.500000 31.319784
-80.400000 31.382770
-80.300000 31.445819
-80.200000 31.508931
-80.100000 31.572107
-80.000000 31.635346
-79.900000 31.698649
-79.800000 31.762014
-79.700000 31.825443
-79.600000 31.888935
-79.500000 31.952491
-79.400000 32.016109
-79.300000 32.079791
-79.200000 32.143536
-79.100000 32.207345
-79.000000 32.271217
-78.900000 32.335152
-78.800000 32.399150
-78.700000 32.463212
-78.600000 32.527337
-78.500000 32.591525
-78.400000 32.655776
-78.300000 32.720091
-78.200000 32.784469
-78.100000 32.848910
-78.000000 32.913414
-77.900000 32.977982
-77.800000 33.042613
-77.700000 33.107307
-77.600000 33.172065
-77.500000 33.236886
-77.400000 33.301770
-77.300000 33.366717
-77.200000 33.431728
-77.100000 33.496802
-77.000000 33.561939
-76.900000 33.627139
-76.800000 33.692403
-76.700000 33.757730
-76.600000 33.823120
-76.500000 33.888574
-76.400000 33.954091
-76.300000 34.019671
-76.200000 34.085314
-76.100000 34.151021
-76.000000 34.216791
-75.900000 34.282624
-75.800000 34.348520
-75.700000 34.414480
-75.600000 34.480503
-75.500000 34.546589
-75.400000 34.612739
-75.300000 34.678951
-75.200000 34.745227
-75.100000 34.811567
-75.000000 34.877969
-74.900000 34.944435
-74.800000 35.010964
-74.700000 35.077557
-74.600000 35.144212
-74.500000 35.210931
-74.400000 35.277714
-74.300000 35.344559
-74.200000 35.411468
-74.100000 35.478440
-74.000000 35.545475
-73.900000 35.612574
-73.800000 35.679735
-73.700000 35.746961
-73.600000 35.814249
-73.500000 35.881601
-73.400000 35.949016
-73.300000 36.016494
-73.200000 36.084035
-73.100000 36.151640
-73.000000 36.219308
-72.900000 36.287039
-72.800000 36.354834
-72.700000 36.422692
-72.600000 36.490613
-72.500000 36.558597
-72.400000 36.626645
-72.300000 36.694756
-72.200000 36.762930
-72.100000 36.831167
-72.000000 36.899468
-71.900000 36.967832
-71.800000 37.036259
-71.700000 37.104750
-71.600000 37.173303
-71.500000 37.241921
-71.400000 37.310601
-71.300000 37.379344
-71.200000 37.448151
-71.100000 37.517021
-71.000000 37.585955
-70.900000 37.654952
-70.800000 37.724012
-70.700000 37.793135
-70.600000 37.862321
-70.500000 37.931571
-70.400000 38.000884
-70.300000 38.070260
-70.200000 38.139700
-70.100000 38.209203
-70.000000 38.278769
-69.900000 38.348398
-69.800000 38.418091
-69.700000 38.487847
-69.600000 38.557666
-69.500000 38.627549
-69.400000 38.697494
-69.300000 38.767503
-69.200000 38.837576
-69.100000 38.907711
-69.000000 38.977910
-68.900000 39.048172
-68.800000 39.118498
-68.700000 39.188886
-68.600000 39.259338
-68.500000 39.329853
-68.400000 39.400432
-68.300000 39.471074
-68.200000 39.541779
-68.100000 39.612547
-68.000000 39.683378
-67.900000 39.754273
-67.800000 39.825231
-67.700000 39.896253
-67.600000 39.967337
-67.500000 40.038485
-67.400000 40.109696
-67.300000 40.180971
-67.200000 40.252308
-67.100000 40.323709
-67.000000 40.395174
-66.900000 40.466701
-66.800000 40.538292
-66.700000 40.609946
-66.600000 40.681663
-66.500000 40.753444
-66.400000 40.825288
-66.300000 40.897195
-66.200000 40.969165
-66.100000 41.041199
-66.000000 41.113296
-65.900000 41.185456
-65.800000 41.257680
-65.700000 41.329967
-65.600000 41.402317
-65.500000 41.474730
-65.400000 41.547206
-65.300000 41.619746
-65.200000 41.692349
-65.100000 41.765016
-65.000000 41.837745
-64.900000 41.910538
-64.800000 41.983395
-64.700000 42.056314
-64.600000 42.129297
-64.500000 42.202343
-64.400000 42.275452
-64.300000 42.348625
-64.200000 42.421860
-64.100000 42.495160
-64.000000 42.568522
-63.900000 42.641948
-63.800000 42.715437
-63.700000 42.788989
-63.600000 42.862604
-63.500000 42.936283
-63.400000 43.010025
-63.300000 43.083830
-63.200000 43.157699
-63.100000 43.231630
-63.000000 43.305626
-62.900000 43.379684
-62.800000 43.453805
-62.700000 43.527990
-62.600000 43.602239
-62.500000 43.676550
-62.400000 43.750925
-62.300000 43.825363
-62.200000 43.899864
-62.100000 43.974428
-62.000000 44.049056
-61.900000 44.123747
-61.800000 44.198502
-61.700000 44.273319
-61.600000 44.348200
-61.500000 44.423144
-61.400000 44.498152
-61.300000 44.573222
-61.200000 44.648356
-61.100000 44.723553
-61.000000 44.798814
-60.900000 44.874138
-60.800000 44.949525
-60.700000 45.024975
-60.600000 45.100489
-60.500000 45.176065
-60.400000 45.251705
-60.300000 45.327409
-60.200000 45.403176
-60.100000 45.479005
-60.000000 45.554899
-59.900000 45.630855
-59.800000 45.706875
-59.700000 45.782958
-59.600000 45.859104
-59.500000 45.935314
-59.400000 46.011587
-59.300000 46.087923
-59.200000 46.164322
-59.100000 46.240785
-59.000000 46.317310
-58.900000 46.393900
-58.800000 46.470552
-58.700000 46.547268
-58.600000 46.624047
-58.500000 46.700889
-58.400000 46.777795
-58.300000 46.854763
-58.200000 46.931795
-58.100000 47.008891
-58.000000 47.086049
-57.900000 47.163271
-57.800000 47.240556
-57.700000 47.317905
-57.600000 47.395317
-57.500000 47.472792
-57.400000 47.550330
-57.300000 47.627931
-57.200000 47.705596
-57.100000 47.783324
-57.000000 47.861115
-56.900000 47.938970
-56.800000 48.016888
-56.700000 48.094869
-56.600000 48.172913
-56.500000 48.251021
-56.400000 48.329192
-56.300000 48.407426
-56.200000 48.485724
-56.100000 48.564084
-56.000000 48.642508
-55.900000 48.720996
-55.800000 48.799546
-55.700000 48.878160
-55.600000 48.956837
-55.500000 49.035578
-55.400000 49.114381
-55.300000 49.193248
-55.200000 49.272178
-55.100000 49.351172
-55.000000 49.430229
-54.900000 49.509349
-54.800000 49.588532
-54.700000 49.667778
-54.600000 49.747088
-54.500000 49.826461
-54.400000 49.905898
-54.300000 49.985397
-54.200000 50.064960
-54.100000 50.144586
-54.000000 50.224276
-53.900000 50.304028
-53.800000 50.383844
-53.700000 50.463724
-53.600000 50.543666
-53.500000 50.623672
-53.400000 50.703741
-53.300000 50.783873
-53.200000 50.864069
-53.100000 50.944328
-53.000000 51.024650
-52.900000 51.105035
-52.800000 51.185484
-52.700000 51.265996
-52.600000 51.346571
-52.500000 51.427210
-52.400000 51.507912
-52.300000 51.588677
-52.200000 51.669505
-52.100000 51.750396
-52.000000 51.831351
-51.900000 51.912369
-51.800000 51.993451
-51.700000 52.074596
-51.600000 52.155803
-51.500000 52.237075
-51.400000 52.318409
-51.300000 52.399807
-51.200000 52.481268
-51.100000 52.562792
-51.000000 52.644380
-50.900000 52.726031
-50.800000 52.807745
-50.700000 52.889522
-50.600000 52.971363
-50.500000 53.053267
-50.400000 53.135234
-50.300000 53.217264
-50.200000 53.299358
-50.100000 53.381515
-50.000000 53.463735
-49.900000 53.546019
-49.800000 53.628366
-49.700000 53.710776
-49.600000 53.793249
-49.500000 53.875786
-49.400000 53.958385
-49.300000 54.041049
-49.200000 54.123775
-49.100000 54.206565
-49.000000 54.289418
-48.900000 54.372334
-48.800000 54.455314
-48.700000 54.538356
-48.600000 54.621462
-48.500000 54.704632
-48.400000 54.787864
-48.300000 54.871160
-48.200000 54.954519
-48.100000 55.037942
-48.000000 55.121427
-47.900000 55.204976
-47.800000 55.288589
-47.700000 55.372264
-47.600000 55.456003
-47.500000 55.539805
-47.400000 55.623670
-47.300000 55.707599
-47.200000 55.791591
-47.100000 55.875646
-47.000000 55.959764
-46.900000 56.043946
-46.800000 56.128191
-46.700000 56.212499
-46.600000 56.296870
-46.500000 56.381305
-46.400000 56.465803
-46.300000 56.550364
-46.200000 56.634989
-46.100000 56.719677
-46.000000 56.804428
-45.900000 56.889242
-45.800000 56.974120
-45.700000 57.059061
-45.600000 57.144065
-45.500000 57.229132
-45.400000 57.314263
-45.300000 57.399457
-45.200000 57.484714
-45.100000 57.570035
-45.000000 57.655419
-44.900000 57.740866
-44.800000 57.826376
-44.700000 57.911950
-44.600000 57.997587
-44.500000 58.083287
-44.400000 58.169050
-44.300000 58.254877
-44.200000 58.340767
-44.100000 58.426720
-44.000000 58.512736
-43.900000 58.598816
-43.800000 58.684959
-43.700000 58.771166
-43.600000 58.857435
-43.500000 58.943768
-43.400000 59.030164
-43.300000 59.116624
-43.200000 59.203146
-43.100000 59.289732
-43.000000 59.376381
-42.900000 59.463094
-42.800000 59.549870
-42.700000 59.636709
-42.600000 59.723611
-42.500000 59.810577
-42.400000 59.897605
-42.300000 59.984698
-42.200000 60.071853
-42.100000 60.159072
-42.000000 60.246353
-41.900000 60.333699
-41.800000 60.421107
-41.700000 60.508579
-41.600000 60.596114
-41.500000 60.683712
-41.400000 60.771374
-41.300000 60.859098
-41.200000 60.946887
-41.100000 61.034738
-41.000000 61.122653
-40.900000 61.210630
-40.800000 61.298672
-40.700000 61.386776
-40.600000 61.474944
-40.500000 61.563175
-40.400000 61.651469
-40.300000 61.739827
-40.200000 61.828247
-40.100000 61.916731
-40.000000 62.005279
-39.900000 62.093889
-39.800000 62.182563
-39.700000 62.271300
-39.600000 62.360101
-39.500000 62.448964
-39.400000 62.537891
-39.300000 62.626882
-39.200000 62.715935
-39.100000 62.805052
-39.000000 62.894232
-38.900000 62.983475
-38.800000 63.072782
-38.700000 63.162152
-38.600000 63.251585
-38.500000 63.341081
-38.400000 63.430641
-38.300000 63.520264
-38.200000 63.609950
-38.100000 63.699699
-38.000000 63.789512
-37.900000 63.879388
-37.800000 63.969328
-37.700000 64.059330
-37.600000 64.149396
-37.500000 64.239525
-37.400000 64.329717
-37.300000 64.419973
-37.200000 64.510292
-37.100000 64.600674
-37.000000 64.691120
-36.900000 64.781628
-36.800000 64.872200
-36.700000 64.962836
-36.600000 65.053534
-36.500000 65.144296
-36.400000 65.235121
-36.300000 65.326009
-36.200000 65.416961
-36.100000 65.507976
-36.000000 65.599054
-35.900000 65.690195
-35.800000 65.781400
-35.700000 65.872668
-35.600000 65.963999
-35.500000 66.055394
-35.400000 66.146852
-35.300000 66.238373
-35.200000 66.329957
-35.100000 66.421605
-35.000000 66.513316
-34.900000 66.605090
-34.800000 66.696927
-34.700000 66.788828
-34.600000 66.880792
-34.500000 66.972819
-34.400000 67.064909
-34.300000 67.157063
-34.200000 67.249280
-34.100000 67.341561
-34.000000 67.433904
-33.900000 67.526311
-33.800000 67.618781
-33.700000 67.711314
-33.600000 67.803911
-33.500000 67.896571
-33.400000 67.989294
-33.300000 68.082081
-33.200000 68.174930
-33.100000 68.267844
-33.000000 68.360820
-32.900000 68.453859
-32.800000 68.546962
-32.700000 68.640128
-32.600000 68.733358
-32.500000 68.826650
-32.400000 68.920006
-32.300000 69.013425
-32.200000 69.106908
-32.100000 69.200454
-32.000000 69.294062
-31.900000 69.387735
-31.800000 69.481470
-31.700000 69.575269
-31.600000 69.669131
-31.500000 69.763057
-31.400000 69.857045
-31.300000 69.951097
-31.200000 70.045212
-31.100000 70.139391
-31.000000 70.233632
-30.900000 70.327937
-30.800000 70.422305
-30.700000 70.516737
-30.600000 70.611232
-30.500000 70.705790
-30.400000 70.800411
-30.300000 70.895096
-30.200000 70.989844
-30.100000 71.084655
-30.000000 71.179529
-29.900000 71.274467
-29.800000 71.369468
-29.700000 71.464532
-29.600000 71.559659
-29.500000 71.654850
-29.400000 71.750104
-29.300000 71.845422
-29.200000 71.940802
-29.100000 72.036246
-29.000000 72.131753
-28.900000 72.227323
-28.800000 72.322957
-28.700000 72.418654
-28.600000 72.514414
-28.500000 72.610238
-28.400000 72.706124
-28.300000 72.802074
-28.200000 72.898088
-28.100000 72.994164
-28.000000 73.090304
-27.900000 73.186507
-27.800000 73.282773
-27.700000 73.379103
-27.600000 73.475496
-27.500000 73.571952
-27.400000 73.668472
-27.300000 73.765054
-27.200000 73.861700
-27.100000 73.958410
-27.000000 74.055182
-26.900000 74.152018
-26.800000 74.248917
-26.700000 74.345879
-26.600000 74.442905
-26.500000 74.539994
-26.400000 74.637146
-26.300000 74.734361
-26.200000 74.831640
-26.100000 74.928982
-26.000000 75.026387
-25.900000 75.123856
-25.800000 75.221388
-25.700000 75.318983
-25.600000 75.416641
-25.500000 75.514362
-25.400000 75.612147
-25.300000 75.709995
-25.200000 75.807907
-25.100000 75.905882
-25.000000 76.003919
-24.900000 76.102021
-24.800000 76.200185
-24.700000 76.298413
-24.600000 76.396704
-24.500000 76.495058
-24.400000 76.593476
-24.300000 76.691957
-24.200000 76.790501
-24.100000 76.889108
-24.000000 76.987779
-23.900000 77.086513
-23.800000 77.185310
-23.700000 77.284170
-23.600000 77.383094
-23.500000 77.482081
-23.400000 77.581131
-23.300000 77.680245
-23.200000 77.779422
-23.100000 77.878662
-23.000000 77.977965
-22.900000 78.077332
-22.800000 78.176762
-22.700000 78.276255
-22.600000 78.375811
-22.500000 78.475431
-22.400000 78.575114
-22.300000 78.674860
-22.200000 78.774670
-22.100000 78.874542
-22.000000 78.974478
-21.900000 79.074478
-21.800000 79.174540
-21.700000 79.274666
-21.600000 79.374855
-21.500000 79.475108
-21.400000 79.575423
-21.300000 79.675802
-21.200000 79.776245
-21.100000 79.876750
-21.000000 79.977319
-20.900000 80.077951
-20.800000 80.178646
-20.700000 80.279405
-20.600000 80.380227
-20.500000 80.481112
-20.400000 80.582060
-20.300000 80.683072
-20.200000 80.784147
-20.100000 80.885285
-20.000000 80.986486
-19.900000 81.087751
-19.800000 81.189079
-19.700000 81.290471
-19.600000 81.391925
-19.500000 81.493443
-19.400000 81.595024
-19.300000 81.696668
-19.200000 81.798376
-19.100000 81.900147
-19.000000 82.001981
-18.900000 82.103879
-18.800000 82.205839
-18.700000 82.307863
-18.600000 82.409951
-18.500000 82.512101
-18.400000 82.614315
-18.300000 82.716592
-18.200000 82.818932
-18.100000 82.921336
-18.000000 83.023803
-17.900000 83.126333
-17.800000 83.228926
-17.700000 83.331583
-17.600000 83.434303
-17.500000 83.537086
-17.400000 83.639933
-17.300000 83.742843
-17.200000 83.845816
-17.100000 83.948852
-17.000000 84.051952
-16.900000 84.155114
-16.800000 84.258341
-16.700000 84.361630
-16.600000 84.464983
-16.500000 84.568399
-16.400000 84.671878
-16.300000 84.775420
-16.200000 84.879026
-16.100000 84.982695
-16.000000 85.086427
-15.900000 85.190223
-15.800000 85.294082
-15.700000 85.398004
-15.600000 85.501989
-15.500000 85.606038
-15.400000 85.710150
-15.300000 85.814325
-15.200000 85.918564
-15.100000 86.022865
-15.000000 86.127230
-14.900000 86.231659
-14.800000 86.336150
-14.700000 86.440705
-14.600000 86.545323
-14.500000 86.650004
-14.400000 86.754749
-14.300000 86.859557
-14.200000 86.964428
-14.100000 87.069363
-14.000000 87.174360
-13.900000 87.279421
-13.800000 87.384545
-13.700000 87.489733
-13.600000 87.594984
-13.500000 87.700298
-13.400000 87.805675
-13.300000 87.911116
-13.200000 88.016620
-13.100000 88.122187
-13.000000 88.227817
-12.900000 88.333511
-12.800000 88.439268
-12.700000 88.545088
-12.600000 88.650972
-12.500000 88.756918
-12.400000 88.862928
-12.300000 88.969002
-12.200000 89.075138
-12.100000 89.181338
-12.000000 89.287601
-11.900000 89.393928
-11.800000 89.500317
-11.700000 89.606770
-11.600000 89.713287
-11.500000 89.819866
-11.400000 89.926509
-11.300000 90.033215
-11.200000 90.139984
-11.100000 90.246817
-11.000000 90.353713
-10.900000 90.460672
-10.800000 90.567694
-10.700000 90.674780
-10.600000 90.781929
-10.500000 90.889141
-10.400000 90.996416
-10.300000 91.103755
-10.200000 91.211157
-10.100000 91.318622
-10.000000 91.426151
-9.900000 91.533743
-9.800000 91.641398
-9.700000 91.749116
-9.600000 91.856898
-9.500000 91.964743
-9.400000 92.072651
-9.300000 92.180622
-9.200000 92.288657
-9.100000 92.396755
-9.000000 92.504916
-8.900000 92.613141
-8.800000 92.721428
-8.700000 92.829779
-8.600000 92.938194
-8.500000 93.046671
-8.400000 93.155212
-8.300000 93.263816
-8.200000 93.372484
-8.100000 93.481214
-8.000000 93.590008
-7.900000 93.698866
-7.800000 93.807786
-7.700000 93.916770
-7.600000 94.025817
-7.500000 94.134927
-7.400000 94.244101
-7.300000 94.353338
-7.200000 94.462638
-7.100000 94.572001
-7.000000 94.681428
-6.900000 94.790918
-6.800000 94.900471
-6.700000 95.010088
-6.600000 95.119767
-6.500000 95.229510
-6.400000 95.339317
-6.300000 95.449186
-6.200000 95.559119
-6.100000 95.669115
-6.000000 95.779174
-5.900000 95.889297
-5.800000 95.999483
-5.700000 96.109732
-5.600000 96.220045
-5.500000 96.330420
-5.400000 96.440859
-5.300000 96.551362
-5.200000 96.661927
-5.100000 96.772556
-5.000000 96.883248
-4.900000 96.994003
-4.800000 97.104822
-4.700000 97.215704
-4.600000 97.326649
-4.500000 97.437657
-4.400000 97.548729
-4.300000 97.659864
-4.200000 97.771062
-4.100000 97.882324
-4.000000 97.993649
-3.900000 98.105037
-3.800000 98.216488
-3.700000 98.328003
-3.600000 98.439580
-3.500000 98.551222
-3.400000 98.662926
-3.300000 98.774694
-3.200000 98.886525
-3.100000 98.998419
-3.000000 99.110376
-2.900000 99.222397
-2.800000 99.334481
-2.700000 99.446628
-2.600000 99.558839
-2.500000 99.671113
-2.400000 99.783450
-2.300000 99.895850
-2.200000 100.008314
-2.100000 100.120841
-2.000000 100.233431
-1.900000 100.346085
-1.800000 100.458801
-1.700000 100.571581
-1.600000 100.684425
-1.500000 100.797331
-1.400000 100.910301
-1.300000 101.023334
-1.200000 101.136430
-1.100000 101.249590
-1.000000 101.362813
-0.900000 101.476099
-0.800000 101.589449
-0.700000 101.702861
-0.600000 101.816337
-0.500000 101.929877
-0.400000 102.043479
-0.300000 102.157145
-0.200000 102.270874
-0.100000 102.384666
-0.000000 102.498522
0.100000 102.384666
0.200000 102.270874
0.300000 102.157145
0.400000 102.043479
0.500000 101.929877
0.600000 101.816337
0.700000 101.702861
0.800000 101.589449
0.900000 101.476099
1.000000 101.362813
1.100000 101.249590
1.200000 101.136430
1.300000 101.023334
1.400000 100.910301
1.500000 100.797331
1.600000 100.684425
1.700000 100.571581
1.800000 100.458801
1.900000 100.346085
2.000000 100.233431
2.100000 100.120841
2.200000 100.008314
2.300000 99.895850
2.400000 99.783450
2.500000 99.671113
2.600000 99.558839
2.700000 99.446628
2.800000 99.334481
2.900000 99.222397
3.000000 99.110376
3.100000 98.998419
3.200000 98.886525
3.300000 98.774694
3.400000 98.662926
3.500000 98.551222
3.600000 98.439580
3.700000 98.328003
3.800000 98.216488
3.900000 98.105037
4.000000 97.993649
4.100000 97.882324
4.200000 97.771062
4.300000 97.659864
4.400000 97.548729
4.500000 97.437657
4.600000 97.326649
4.700000 97.215704
4.800000 97.104822
4.900000 96.994003
5.000000 96.883248
5.100000 96.772556
5.200000 96.661927
5.300000 96.551362
5.400000 96.440859
5.500000 96.330420
5.600000 96.220045
5.700000 96.109732
5.800000 95.999483
5.900000 95.889297
6.000000 95.779174
6.100000 95.669115
6.200000 95.559119
6.300000 95.449186
6.400000 95.339317
6.500000 95.229510
6.600000 95.119767
6.700000 95.010088
6.800000 94.900471
6.900000 94.790918
7.000000 94.681428
7.100000 94.572001
7.200000 94.462638
7.300000 94.353338
7.400000 94.244101
7.500000 94.134927
7.600000 94.025817
7.700000 93.916770
7.800000 93.807786
7.900000 93.698866
8.000000 93.590008
8.100000 93.481214
8.200000 93.372484
8.300000 93.263816
8.400000 93.155212
8.500000 93.046671
8.600000 92.938194
8.700000 92.829779
8.800000 92.721428
8.900000 92.613141
9.000000 92.504916
9.100000 92.396755
9.200000 92.288657
9.300000 92.180622
9.400000 92.072651
9.500000 91.964743
9.600000 91.856898
9.700000 91.749116
9.800000 91.641398
9.900000 91.533743
10.000000 91.426151
10.100000 91.318622
10.200000 91.211157
10.300000 91.103755
10.400000 90.996416
10.500000 90.889141
10.600000 90.781929
10.700000 90.674780
10.800000 90.567694
10.900000 90.460672
11.000000 90.353713
11.100000 90.246817
11.200000 90.139984
11.300000 90.033215
11.400000 89.926509
11.500000 89.819866
11.600000 89.713287
11.700000 89.606770
11.800000 89.500317
11.900000 89.393928
12.000000 89.287601
12.100000 89.181338
12.200000 89.075138
12.300000 88.969002
12.400000 88.862928
12.500000 88.756918
12.600000 88.650972
12.700000 88.545088
12.800000 88.439268
12.900000 88.333511
13.000000 88.227817
13.100000 88.122187
13.200000 88.016620
13.300000 87.911116
13.400000 87.805675
13.500000 87.700298
13.600000 87.594984
13.700000 87.489733
13.800000 87.384545
13.900000 87.279421
14.000000 87.174360
14.100000 87.069363
14.200000 86.964428
14.300000 86.859557
14.400000 86.754749
14.500000 86.650004
14.600000 86.545323
14.700000 86.440705
14.800000 86.336150
14.900000 86.231659
15.000000 86.127230
15.100000 86.022865
15.200000 85.918564
15.300000 85.814325
15.400000 85.710150
15.500000 85.606038
15.600000 85.501989
15.700000 85.398004
15.800000 85.294082
15.900000 85.190223
16.000000 85.086427
16.100000 84.982695
16.200000 84.879026
16.300000 84.775420
16.400000 84.671878
16.500000 84.568399
16.600000 84.464983
16.700000 84.361630
16.800000 84.258341
16.900000 84.155114
17.000000 84.051952
17.100000 83.948852
17.200000 83.845816
17.300000 83.742843
17.400000 83.639933
17.500000 83.537086
17.600000 83.434303
17.700000 83.331583
17.800000 83.228926
17.900000 83.126333
18.000000 83.023803
18.100000 82.921336
18.200000 82.818932
18.300000 82.716592
18.400000 82.614315
18.500000 82.512101
18.600000 82.409951
18.700000 82.307863
18.800000 82.205839
18.900000 82.103879
19.000000 82.001981
19.100000 81.900147
19.200000 81.798376
19.300000 81.696668
19.400000 81.595024
19.500000 81.493443
19.600000 81.391925
19.700000 81.290471
19.800000 81.189079
19.900000 81.087751
20.000000 80.986486
20.100000 80.885285
20.200000 80.784147
20.300000 80.683072
20.400000 80.582060
20.500000 80.481112
20.600000 80.380227
20.700000 80.279405
20.800000 80.178646
20.900000 80.077951
21.000000 79.977319
21.100000 79.876750
21.200000 79.776245
21.300000 79.675802
21.400000 79.575423
21.500000 79.475108
21.600000 79.374855
21.700000 79.274666
21.800000 79.174540
21.900000 79.074478
22.000000 78.974478
22.100000 78.874542
22.200000 78.774670
22.300000 78.674860
22.400000 78.575114
22.500000 78.475431
22.600000 78.375811
22.700000 78.276255
22.800000 78.176762
22.900000 78.077332
23.000000 77.977965
23.100000 77.878662
23.200000 77.779422
23.300000 77.680245
23.400000 77.581131
23.500000 77.482081
23.600000 77.383094
23.700000 77.284170
23.800000 77.185310
23.900000 77.086513
24.000000 76.987779
24.100000 76.889108
24.200000 76.790501
24.300000 76.691957
24.400000 76.593476
24.500000 76.495058
24.600000 76.396704
24.700000 76.298413
24.800000 76.200185
24.900000 76.102021
25.000000 76.003919
25.100000 75.905882
25.200000 75.807907
25.300000 75.709995
25.400000 75.612147
25.500000 75.514362
25.600000 75.416641
25.700000 75.318983
25.800000 75.221388
25.900000 75.123856
26.000000 75.026387
26.100000 74.928982
26.200000 74.831640
26.300000 74.734361
26.400000 74.637146
26.500000 74.539994
26.600000 74.442905
26.700000 74.345879
26.800000 74.248917
26.900000 74.152018
27.000000 74.055182
27.100000 73.958410
27.200000 73.861700
27.300000 73.765054
27.400000 73.668472
27.500000 73.571952
27.600000 73.475496
27.700000 73.379103
27.800000 73.282773
27.900000 73.186507
28.000000 73.090304
28.100000 72.994164
28.200000 72.898088
28.300000 72.802074
28.400000 72.706124
28.500000 72.610238
28.600000 72.514414
28.700000 72.418654
28.800000 72.322957
28.900000 72.227323
29.000000 72.131753
29.100000 72.036246
29.200000 71.940802
29.300000 71.845422
29.400000 71.750104
29.500000 71.654850
29.600000 71.559659
29.700000 71.464532
29.800000 71.369468
29.900000 71.274467
30.000000 71.179529
30.100000 71.084655
30.200000 70.989844
30.300000 70.895096
30.400000 70.800411
30.500000 70.705790
30.600000 70.611232
30.700000 70.516737
30.800000 70.422305
30.900000 70.327937
31.000000 70.233632
31.100000 70.139391
31.200000 70.045212
31.300000 69.951097
31.400000 69.857045
31.500000 69.763057
31.600000 69.669131
31.700000 69.575269
31.800000 69.481470
31.900000 69.387735
32.000000 69.294062
32.100000 69.200454
32.200000 69.106908
32.300000 69.013425
32.400000 68.920006
32.500000 68.826650
32.600000 68.733358
32.700000 68.640128
32.800000 68.546962
32.900000 68.453859
33.000000 68.360820
33.100000 68.267844
33.200000 68.174930
33.300000 68.082081
33.400000 67.989294
33.500000 67.896571
33.600000 67.803911
33.700000 67.711314
33.800000 67.618781
33.900000 67.526311
34.000000 67.433904
34.100000 67.341561
34.200000 67.249280
34.300000 67.157063
34.400000 67.064909
34.500000 66.972819
34.600000 66.880792
34.700000 66.788828
34.800000 66.696927
34.900000 66.605090
35.000000 66.513316
35.100000 66.421605
35.200000 66.329957
35.300000 66.238373
35.400000 66.146852
35.500000 66.055394
35.600000 65.963999
35.700000 65.872668
35.800000 65.781400
35.900000 65.690195
36.000000 65.599054
36.100000 65.507976
36.200000 65.416961
36.300000 65.326009
36.400000 65.235121
36.500000 65.144296
36.600000 65.053534
36.700000 64.962836
36.800000 64.872200
36.900000 64.781628
37.000000 64.691120
37.100000 64.600674
37.200000 64.510292
37.300000 64.419973
37.400000 64.329717
37.500000 64.239525
37.600000 64.149396
37.700000 64.059330
37.800000 63.969328
37.900000 63.879388
38.000000 63.789512
38.100000 63.699699
38.200000 63.609950
38.300000 63.520264
38.400000 63.430641
38.500000 63.341081
38.600000 63.251585
38.700000 63.162152
38.800000 63.072782
38.900000 62.983475
39.000000 62.894232
39.100000 62.805052
39.200000 62.715935
39.300000 62.626882
39.400000 62.537891
39.500000 62.448964
39.600000 62.360101
39.700000 62.271300
39.800000 62.182563
39.900000 62.093889
40.000000 62.005279
40.100000 61.916731
40.200000 61.828247
40.300000 61.739827
40.400000 61.651469
40.500000 61.563175
40.600000 61.474944
40.700000 61.386776
40.800000 61.298672
40.900000 61.210630
41.000000 61.122653
41.100000 61.034738
41.200000 60.946887
41.300000 60.859098
41.400000 60.771374
41.500000 60.683712
41.600000 60.596114
41.700000 60.508579
41.800000 60.421107
41.900000 60.333699
42.000000 60.246353
42.100000 60.159072
42.200000 60.071853
42.300000 59.984698
42.400000 59.897605
42.500000 59.810577
42.600000 59.723611
42.700000 59.636709
42.800000 59.549870
42.900000 59.463094
43.000000 59.376381
43.100000 59.289732
43.200000 59.203146
43.300000 59.116624
43.400000 59.030164
43.500000 58.943768
43.600000 58.857435
43.700000 58.771166
43.800000 58.684959
43.900000 58.598816
44.000000 58.512736
44.100000 58.426720
44.200000 58.340767
44.300000 58.254877
44.400000 58.169050
44.500000 58.083287
44.600000 57.997587
44.700000 57.911950
44.800000 57.826376
44.900000 57.740866
45.000000 57.655419
45.100000 57.570035
45.200000 57.484714
45.300000 57.399457
45.400000 57.314263
45.500000 57.229132
45.600000 57.144065
45.700000 57.059061
45.800000 56.974120
45.900000 56.889242
46.000000 56.804428
46.100000 56.719677
46.200000 56.634989
46.300000 56.550364
46.400000 56.465803
46.500000 56.381305
46.600000 56.296870
46.700000 56.212499
46.800000 56.128191
46.900000 56.043946
47.000000 55.959764
47.100000 55.875646
47.200000 55.791591
47.300000 55.707599
47.400000 55.623670
47.500000 55.539805
47.600000 55.456003
47.700000 55.372264
47.800000 55.288589
47.900000 55.204976
48.000000 55.121427
48.100000 55.037942
48.200000 54.954519
48.300000 54.871160
48.400000 54.787864
48.500000 54.704632
48.600000 54.621462
48.700000 54.538356
48.800000 54.455314
48.900000 54.372334
49.000000 54.289418
49.100000 54.206565
49.200000 54.123775
49.300000 54.041049
49.400000 53.958385
49.500000 53.875786
49.600000 53.793249
49.700000 53.710776
49.800000 53.628366
49.900000 53.546019
50.000000 53.463735
50.100000 53.381515
50.200000 53.299358
50.300000 53.217264
50.400000 53.135234
50.500000 53.053267
50.600000 52.971363
50.700000 52.889522
50.800000 52.807745
50.900000 52.726031
51.000000 52.644380
51.100000 52.562792
51.200000 52.481268
51.300000 52.399807
51.400000 52.318409
51.500000 52.237075
51.600000 52.155803
51.700000 52.074596
51.800000 51.993451
51.900000 51.912369
52.000000 51.831351
52.100000 51.750396
52.200000 51.669505
52.300000 51.588677
52.400000 51.507912
52.500000 51.427210
52.600000 51.346571
52.700000 51.265996
52.800000 51.185484
52.900000 51.105035
53.000000 51.024650
53.100000 50.944328
53.200000 50.864069
53.300000 50.783873
53.400000 50.703741
53.500000 50.623672
53.600000 50.543666
53.700000 50.463724
53.800000 50.383844
53.900000 50.304028
54.000000 50.224276
54.100000 50.144586
54.200000 50.064960
54.300000 49.985397
54.400000 49.905898
54.500000 49.826461
54.600000 49.747088
54.700000 49.667778
54.800000 49.588532
54.900000 49.509349
55.000000 49.430229
55.100000 49.351172
55.200000 49.272178
55.300000 49.193248
55.400000 49.114381
55.500000 49.035578
55.600000 48.956837
55.700000 48.878160
55.800000 48.799546
55.900000 48.720996
56.000000 48.642508
56.100000 48.564084
56.200000 48.485724
56.300000 48.407426
56.400000 48.329192
56.500000 48.251021
56.600000 48.172913
56.700000 48.094869
56.800000 48.016888
56.900000 47.938970
57.000000 47.861115
57.100000 47.783324
57.200000 47.705596
57.300000 47.627931
57.400000 47.550330
57.500000 47.472792
57.600000 47.395317
57.700000 47.317905
57.800000 47.240556
57.900000 47.163271
58.000000 47.086049
58.100000 47.008891
58.200000 46.931795
58.300000 46.854763
58.400000 46.777795
58.500000 46.700889
58.600000 46.624047
58.700000 46.547268
58.800000 46.470552
58.900000 46.393900
59.000000 46.317310
59.100000 46.240785
59.200000 46.164322
59.300000 46.087923
59.400000 46.011587
59.500000 45.935314
59.600000 45.859104
59.700000 45.782958
59.800000 45.706875
59.900000 45.630855
60.000000 45.554899
60.100000 45.479005
60.200000 45.403176
60.300000 45.327409
60.400000 45.251705
60.500000 45.176065
60.600000 45.100489
60.700000 45.024975
60.800000 44.949525
60.900000 44.874138
61.000000 44.798814
61.100000 44.723553
61.200000 44.648356
61.300000 44.573222
61.400000 44.498152
61.500000 44.423144
61.600000 44.348200
61.700000 44.273319
61.800000 44.198502
61.900000 44.123747
62.000000 44.049056
62.100000 43.974428
62.200000 43.899864
62.300000 43.825363
62.400000 43.750925
62.500000 43.676550
62.600000 43.602239
62.700000 43.527990
62.800000 43.453805
62.900000 43.379684
63.000000 43.305626
63.100000 43.231630
63.200000 43.157699
63.300000 43.083830
63.400000 43.010025
63.500000 42.936283
63.600000 42.862604
63.700000 42.788989
63.800000 42.715437
63.900000 42.641948
64.000000 42.568522
64.100000 42.495160
64.200000 42.421860
64.300000 42.348625
64.400000 42.275452
64.500000 42.202343
64.600000 42.129297
64.700000 42.056314
64.800000 41.983395
64.900000 41.910538
65.000000 41.837745
65.100000 41.765016
65.200000 41.692349
65.300000 41.619746
65.400000 41.547206
65.500000 41.474730
65.600000 41.402317
65.700000 41.329967
65.800000 41.257680
65.900000 41.185456
66.000000 41.113296
66.100000 41.041199
66.200000 40.969165
66.300000 40.897195
66.400000 40.825288
66.500000 40.753444
66.600000 40.681663
66.700000 40.609946
66.800000 40.538292
66.900000 40.466701
67.000000 40.395174
67.100000 40.323709
67.200000 40.252308
67.300000 40.180971
67.400000 40.109696
67.500000 40.038485
67.600000 39.967337
67.700000 39.896253
67.800000 39.825231
67.900000 39.754273
68.000000 39.683378
68.100000 39.612547
68.200000 39.541779
68.300000 39.471074
68.400000 39.400432
68.500000 39.329853
68.600000 39.259338
68.700000 39.188886
68.800000 39.118498
68.900000 39.048172
69.000000 38.977910
69.100000 38.907711
69.200000 38.837576
69.300000 38.767503
69.400000 38.697494
69.500000 38.627549
69.600000 38.557666
69.700000 38.487847
69.800000 38.418091
69.900000 38.348398
70.000000 38.278769
70.100000 38.209203
70.200000 38.139700
70.300000 38.070260
70.400000 38.000884
70.500000 37.931571
70.600000 37.862321
70.700000 37.793135
70.800000 37.724012
70.900000 37.654952
71.000000 37.585955
71.100000 37.517021
71.200000 37.448151
71.300000 37.379344
71.400000 37.310601
71.500000 37.241921
71.600000 37.173303
71.700000 37.104750
71.800000 37.036259
71.900000 36.967832
72.000000 36.899468
72.100000 36.831167
72.200000 36.762930
72.300000 36.694756
72.400000 36.626645
72.500000 36.558597
72.600000 36.490613
72.700000 36.422692
72.800000 36.354834
72.900000 36.287039
73.000000 36.219308
73.100000 36.151640
73.200000 36.084035
73.300000 36.016494
73.400000 35.949016
73.500000 35.881601
73.600000 35.814249
73.700000 35.746961
73.800000 35.679735
73.900000 35.612574
74.000000 35.545475
74.100000 35.478440
74.200000 35.411468
74.300000 35.344559
74.400000 35.277714
74.500000 35.210931
74.600000 35.144212
74.700000 35.077557
74.800000 35.010964
74.900000 34.944435
75.000000 34.877969
75.100000 34.811567
75.200000 34.745227
75.300000 34.678951
75.400000 34.612739
75.500000 34.546589
75.600000 34.480503
75.700000 34.414480
75.800000 34.348520
75.900000 34.282624
76.000000 34.216791
76.100000 34.151021
76.200000 34.085314
76.300000 34.019671
76.400000 33.954091
76.500000 33.888574
76.600000 33.823120
76.700000 33.757730
76.800000 33.692403
76.900000 33.627139
77.000000 33.561939
77.100000 33.496802
77.200000 33.431728
77.300000 33.366717
77.400000 33.301770
77.500000 33.236886
77.600000 33.172065
77.700000 33.107307
77.800000 33.042613
77.900000 32.977982
78.000000 32.913414
78.100000 32.848910
78.200000 32.784469
78.300000 32.720091
78.400000 32.655776
78.500000 32.591525
78.600000 32.527337
78.700000 32.463212
78.800000 32.399150
78.900000 32.335152
79.000000 32.271217
79.100000 32.207345
79.200000 32.143536
79.300000 32.079791
79.400000 32.016109
79.500000 31.952491
79.600000 31.888935
79.700000 31.825443
79.800000 31.762014
79.900000 31.698649
80.000000 31.635346
80.100000 31.572107
80.200000 31.508931
80.300000 31.445819
80.400000 31.382770
80.500000 31.319784
80.600000 31.256861
80.700000 31.194002
80.800000 31.131205
80.900000 31.068473
81.000000 31.005803
81.100000 30.943197
81.200000 30.880653
81.300000 30.818174
81.400000 30.755757
81.500000 30.693404
81.600000 30.631114
81.700000 30.568887
81.800000 30.506724
81.900000 30.444623
82.000000 30.382587
82.100000 30.320613
82.200000 30.258703
82.300000 30.196855
82.400000 30.135072
82.500000 30.073351
82.600000 30.011694
82.700000 29.950100
82.800000 29.888569
82.900000 29.827102
83.000000 29.765697
83.100000 29.704356
83.200000 29.643079
83.300000 29.581864
83.400000 29.520713
83.500000 29.459625
83.600000 29.398601
83.700000 29.337639
83.800000 29.276741
83.900000 29.215907
84.000000 29.155135
84.100000 29.094427
84.200000 29.033782
84.300000 28.973200
84.400000 28.912682
84.500000 28.852227
84.600000 28.791835
84.700000 28.731506
84.800000 28.671241
84.900000 28.611039
85.000000 28.550900
85.100000 28.490824
85.200000 28.430812
85.300000 28.370863
85.400000 28.310978
85.500000 28.251155
85.600000 28.191396
85.700000 28.131700
85.800000 28.072067
85.900000 28.012498
86.000000 27.952992
86.100000 27.893549
86.200000 27.834170
86.300000 27.774853
86.400000 27.715600
86.500000 27.656411
86.600000 27.597284
86.700000 27.538221
86.800000 27.479221
86.900000 27.420284
87.000000 27.361411
87.100000 27.302601
87.200000 27.243854
87.300000 27.185170
87.400000 27.126550
87.500000 27.067993
87.600000 27.009499
87.700000 26.951069
87.800000 26.892702
87.900000 26.834398
88.000000 26.776157
88.100000 26.717980
88.200000 26.659866
88.300000 26.601815
88.400000 26.543827
88.500000 26.485903
88.600000 26.428042
88.700000 26.370244
88.800000 26.312509
88.900000 26.254838
89.000000 26.197230
89.100000 26.139686
89.200000 26.082204
89.300000 26.024786
89.400000 25.967431
89.500000 25.910139
89.600000 25.852911
89.700000 25.795746
89.800000 25.738644
89.900000 25.681606
90.000000 25.624630
90.100000 25.567719
90.200000 25.510870
90.300000 25.454084
90.400000 25.397362
90.500000 25.340703
90.600000 25.284108
90.700000 25.227575
90.800000 25.171106
90.900000 25.114700
91.000000 25.058358
91.100000 25.002079
91.200000 24.945862
91.300000 24.889710
91.400000 24.833620
91.500000 24.777594
91.600000 24.721631
91.700000 24.665732
91.800000 24.609895
91.900000 24.554122
92.000000 24.498412
92.100000 24.442766
92.200000 24.387182
92.300000 24.331662
92.400000 24.276205
92.500000 24.220812
92.600000 24.165482
92.700000 24.110215
92.800000 24.055011
92.900000 23.999871
93.000000 23.944794
93.100000 23.889780
93.200000 23.834829
93.300000 23.779942
93.400000 23.725118
93.500000 23.670357
93.600000 23.615659
93.700000 23.561025
93.800000 23.506454
93.900000 23.451947
94.000000 23.397502
94.100000 23.343121
94.200000 23.288803
94.300000 23.234548
94.400000 23.180357
94.500000 23.126229
94.600000 23.072164
94.700000 23.018163
94.800000 22.964224
94.900000 22.910349
95.000000 22.856538
95.100000 22.802789
95.200000 22.749104
95.300000 22.695482
95.400000 22.641924
95.500000 22.588428
95.600000 22.534996
95.700000 22.481627
95.800000 22.428322
95.900000 22.375079
96.000000 22.321900
96.100000 22.268785
96.200000 22.215732
96.300000 22.162743
96.400000 22.109817
96.500000 22.056954
96.600000 22.004155
96.700000 21.951419
96.800000 21.898746
96.900000 21.846136
97.000000 21.793590
97.100000 21.741107
97.200000 21.688687
97.300000 21.636331
97.400000 21.584038
97.500000 21.531808
97.600000 21.479641
97.700000 21.427537
97.800000 21.375497
97.900000 21.323520
98.000000 21.271607
98.100000 21.219757
98.200000 21.167969
98.300000 21.116246
98.400000 21.064585
98.500000 21.012988
98.600000 20.961454
98.700000 20.909983
98.800000 20.858576
98.900000 20.807232
99.000000 20.755951
99.100000 20.704733
99.200000 20.653579
99.300000 20.602488
99.400000 20.551460
99.500000 20.500495
99.600000 20.449594
99.700000 20.398756
99.800000 20.347981
99.900000 20.297270
100.000000 20.246622
100.100000 20.196037
100.200000 20.145515
100.300000 20.095057
100.400000 20.044662
100.500000 19.994330
100.600000 19.944061
100.700000 19.893856
100.800000 19.843714
100.900000 19.793635
101.000000 19.743620
101.100000 19.693667
101.200000 19.643778
101.300000 19.593953
101.400000 19.544190
101.500000 19.494491
101.600000 19.444855
101.700000 19.395283
101.800000 19.345774
101.900000 19.296327
102.000000 19.246945
102.100000 19.197625
102.200000 19.148369
102.300000 19.099176
102.400000 19.050046
102.500000 19.000980
102.600000 18.951977
102.700000 18.903037
102.800000 18.854160
102.900000 18.805347
103.000000 18.756597
103.100000 18.707910
103.200000 18.659286
103.300000 18.610726
103.400000 18.562229
103.500000 18.513796
103.600000 18.465425
103.700000 18.417118
103.800000 18.368874
103.900000 18.320693
104.000000 18.272576
104.100000 18.224522
104.200000 18.176531
104.300000 18.128604
104.400000 18.080739
104.500000 18.032938
104.600000 17.985201
104.700000 17.937526
104.800000 17.889915
104.900000 17.842367
105.000000 17.794882
105.100000 17.747461
105.200000 17.700103
105.300000 17.652808
105.400000 17.605576
105.500000 17.558408
105.600000 17.511303
105.700000 17.464261
105.800000 17.417283
105.900000 17.370368
106.000000 17.323516
106.100000 17.276727
106.200000 17.230002
106.300000 17.183339
106.400000 17.136741
106.500000 17.090205
106.600000 17.043733
106.700000 16.997324
106.800000 16.950978
106.900000 16.904695
107.000000 16.858476
107.100000 16.812320
107.200000 16.766227
107.300000 16.720198
107.400000 16.674232
107.500000 16.628329
107.600000 16.582489
107.700000 16.536713
107.800000 16.491000
107.900000 16.445350
108.000000 16.399764
108.100000 16.354240
108.200000 16.308780
108.300000 16.263384
108.400000 16.218050
108.500000 16.172780
108.600000 16.127573
108.700000 16.082429
108.800000 16.037349
108.900000 15.992332
109.000000 15.947378
109.100000 15.902488
109.200000 15.857660
109.300000 15.812896
109.400000 15.768195
109.500000 15.723558
109.600000 15.678984
109.700000 15.634473
109.800000 15.590025
109.900000 15.545641
110.000000 15.501320
110.100000 15.457062
110.200000 15.412867
110.300000 15.368736
110.400000 15.324668
110.500000 15.280663
110.600000 15.236722
110.700000 15.192843
110.800000 15.149028
110.900000 15.105277
111.000000 15.061588
111.100000 15.017963
111.200000 14.974401
111.300000 14.930903
111.400000 14.887467
111.500000 14.844095
111.600000 14.800787
111.700000 14.757541
111.800000 14.714359
111.900000 14.671240
112.000000 14.628184
112.100000 14.585192
112.200000 14.542263
112.300000 14.499397
112.400000 14.456594
112.500000 14.413855
112.600000 14.371179
112.700000 14.328566
112.800000 14.286016
112.900000 14.243530
113.000000 14.201107
113.100000 14.158747
113.200000 14.116451
113.300000 14.074218
113.400000 14.032048
113.500000 13.989941
113.600000 13.947898
113.700000 13.905918
113.800000 13.864001
113.900000 13.822147
114.000000 13.780357
114.100000 13.738630
114.200000 13.696966
114.300000 13.655366
114.400000 13.613828
114.500000 13.572354
114.600000 13.530944
114.700000 13.489596
114.800000 13.448312
114.900000 13.407091
115.000000 13.365934
115.100000 13.324839
115.200000 13.283808
115.300000 13.242841
115.400000 13.201936
115.500000 13.161095
115.600000 13.120317
115.700000 13.079602
115.800000 13.038951
115.900000 12.998363
116.000000 12.957838
116.100000 12.917376
116.200000 12.876978
116.300000 12.836643
116.400000 12.796371
116.500000 12.756163
116.600000 12.716017
116.700000 12.675935
116.800000 12.635917
116.900000 12.595961
117.000000 12.556069
117.100000 12.516240
117.200000 12.476474
117.300000 12.436772
117.400000 12.397133
117.500000 12.357557
117.600000 12.318045
117.700000 12.278595
117.800000 12.239209
117.900000 12.199887
118.000000 12.160627
118.100000 12.121431
118.200000 12.082298
118.300000 12.043228
118.400000 12.004222
118.500000 11.965279
118.600000 11.926399
118.700000 11.887582
118.800000 11.848829
118.900000 11.810139
119.000000 11.771512
119.100000 11.732949
119.200000 11.694449
119.300000 11.656012
119.400000 11.617638
119.500000 11.579328
119.600000 11.541080
119.700000 11.502897
119.800000 11.464776
119.900000 11.426719
120.000000 11.388725
120.100000 11.350794
120.200000 11.312926
120.300000 11.275122
120.400000 11.237381
120.500000 11.199703
120.600000 11.162089
120.700000 11.124538
120.800000 11.087050
120.900000 11.049625
121.000000 11.012264
121.100000 10.974966
121.200000 10.937731
121.300000 10.900560
121.400000 10.863451
121.500000 10.826406
121.600000 10.789425
121.700000 10.752506
121.800000 10.715651
121.900000 10.678859
122.000000 10.642130
122.100000 10.605465
122.200000 10.568863
122.300000 10.532324
122.400000 10.495849
122.500000 10.459436
122.600000 10.423087
122.700000 10.386802
122.800000 10.350579
122.900000 10.314420
123.000000 10.278324
123.100000 10.242291
123.200000 10.206322
123.300000 10.170416
123.400000 10.134573
123.500000 10.098793
123.600000 10.063077
123.700000 10.027424
123.800000 9.991834
123.900000 9.956308
124.000000 9.920845
124.100000 9.885445
124.200000 9.850108
124.300000 9.814835
124.400000 9.779624
124.500000 9.744478
124.600000 9.709394
124.700000 9.674374
124.800000 9.639417
124.900000 9.604523
125.000000 9.569692
125.100000 9.534925
125.200000 9.500221
125.300000 9.465580
125.400000 9.431003
125.500000 9.396489
125.600000 9.362038
125.700000 9.327650
125.800000 9.293326
125.900000 9.259065
126.000000 9.224867
126.100000 9.190732
126.200000 9.156661
126.300000 9.122653
126.400000 9.088708
126.500000 9.054827
126.600000 9.021009
126.700000 8.987254
126.800000 8.953562
126.900000 8.919934
127.000000 8.886369
127.100000 8.852867
127.200000 8.819428
127.300000 8.786053
127.400000 8.752741
127.500000 8.719492
127.600000 8.686307
127.700000 8.653185
127.800000 8.620126
127.900000 8.587130
128.000000 8.554198
128.100000 8.521329
128.200000 8.488523
128.300000 8.455780
128.400000 8.423101
128.500000 8.390485
128.600000 8.357932
128.700000 8.325442
128.800000 8.293016
128.900000 8.260653
129.000000 8.228354
129.100000 8.196117
129.200000 8.163944
129.300000 8.131834
129.400000 8.099788
129.500000 8.067804
129.600000 8.035884
129.700000 8.004027
129.800000 7.972234
129.900000 7.940504
130.000000 7.908837
130.100000 7.877233
130.200000 7.845692
130.300000 7.814215
130.400000 7.782801
130.500000 7.751451
130.600000 7.720163
130.700000 7.688939
130.800000 7.657778
130.900000 7.626681
131.000000 7.595647
131.100000 7.564676
131.200000 7.533768
131.300000 7.502923
131.400000 7.472142
131.500000 7.441424
131.600000 7.410770
131.700000 7.380178
131.800000 7.349650
131.900000 7.319185
132.000000 7.288784
132.100000 7.258445
132.200000 7.228170
132.300000 7.197959
132.400000 7.167810
132.500000 7.137725
132.600000 7.107703
132.700000 7.077744
132.800000 7.047849
132.900000 7.018017
133.000000 6.988248
133.100000 6.958542
133.200000 6.928900
133.300000 6.899321
133.400000 6.869805
133.500000 6.840353
133.600000 6.810964
133.700000 6.781638
133.800000 6.752375
133.900000 6.723175
134.000000 6.694039
134.100000 6.664966
134.200000 6.635957
134.300000 6.607010
134.400000 6.578127
134.500000 6.549308
134.600000 6.520551
134.700000 6.491858
134.800000 6.463228
134.900000 6.434661
135.000000 6.406158
135.100000 6.377717
135.200000 6.349341
135.300000 6.321027
135.400000 6.292777
135.500000 6.264589
135.600000 6.236466
135.700000 6.208405
135.800000 6.180408
135.900000 6.152474
136.000000 6.124603
136.100000 6.096796
136.200000 6.069051
136.300000 6.041370
136.400000 6.013753
136.500000 5.986198
136.600000 5.958707
136.700000 5.931279
136.800000 5.903915
136.900000 5.876614
137.000000 5.849376
137.100000 5.822201
137.200000 5.795089
137.300000 5.768041
137.400000 5.741056
137.500000 5.714134
137.600000 5.687276
137.700000 5.660481
137.800000 5.633749
137.900000 5.607080
138.000000 5.580475
138.100000 5.553933
138.200000 5.527454
138.300000 5.501039
138.400000 5.474686
138.500000 5.448398
138.600000 5.422172
138.700000 5.396009
138.800000 5.369910
138.900000 5.343874
139.000000 5.317902
139.100000 5.291992
139.200000 5.266146
139.300000 5.240363
139.400000 5.214644
139.500000 5.188988
139.600000 5.163395
139.700000 5.137865
139.800000 5.112399
139.900000 5.086995
140.000000 5.061655
140.100000 5.036379
140.200000 5.011165
140.300000 4.986015
140.400000 4.960928
140.500000 4.935905
140.600000 4.910945
140.700000 4.886048
140.800000 4.861214
140.900000 4.836443
141.000000 4.811736
141.100000 4.787092
141.200000 4.762512
141.300000 4.737994
141.400000 4.713540
141.500000 4.689149
141.600000 4.664822
141.700000 4.640557
141.800000 4.616356
141.900000 4.592219
142.000000 4.568144
142.100000 4.544133
142.200000 4.520185
142.300000 4.496300
142.400000 4.472479
142.500000 4.448721
142.600000 4.425026
142.700000 4.401394
142.800000 4.377826
142.900000 4.354321
143.000000 4.330879
143.100000 4.307500
143.200000 4.284185
143.300000 4.260933
143.400000 4.237744
143.500000 4.214619
143.600000 4.191557
143.700000 4.168558
143.800000 4.145622
143.900000 4.122750
144.000000 4.099941
144.100000 4.077195
144.200000 4.054513
144.300000 4.031893
144.400000 4.009337
144.500000 3.986845
144.600000 3.964415
144.700000 3.942049
144.800000 3.919746
144.900000 3.897506
145.000000 3.875330
145.100000 3.853217
145.200000 3.831167
145.300000 3.809180
145.400000 3.787257
145.500000 3.765397
145.600000 3.743600
145.700000 3.721867
145.800000 3.700197
145.900000 3.678590
146.000000 3.657046
146.100000 3.635566
146.200000 3.614149
146.300000 3.592795
146.400000 3.571504
146.500000 3.550277
146.600000 3.529113
146.700000 3.508012
146.800000 3.486974
146.900000 3.466000
147.000000 3.445089
147.100000 3.424242
147.200000 3.403457
147.300000 3.382736
147.400000 3.362078
147.500000 3.341483
147.600000 3.320952
147.700000 3.300484
147.800000 3.280079
147.900000 3.259738
148.000000 3.239459
148.100000 3.219244
148.200000 3.199093
148.300000 3.179004
148.400000 3.158979
148.500000 3.139017
148.600000 3.119119
148.700000 3.099283
148.800000 3.079511
148.900000 3.059802
149.000000 3.040157
149.100000 3.020574
149.200000 3.001055
149.300000 2.981600
149.400000 2.962207
149.500000 2.942878
149.600000 2.923612
149.700000 2.904410
149.800000 2.885270
149.900000 2.866194
150.000000 2.847181
150.100000 2.828232
150.200000 2.809345
150.300000 2.790522
150.400000 2.771762
150.500000 2.753066
150.600000 2.734433
150.700000 2.715863
150.800000 2.697356
150.900000 2.678913
151.000000 2.660533
151.100000 2.642216
151.200000 2.623962
151.300000 2.605772
151.400000 2.587645
151.500000 2.569581
151.600000 2.551580
151.700000 2.533643
151.800000 2.515769
151.900000 2.497959
152.000000 2.480211
152.100000 2.462527
152.200000 2.444906
152.300000 2.427348
152.400000 2.409854
152.500000 2.392423
152.600000 2.375055
152.700000 2.357751
152.800000 2.340509
152.900000 2.323331
153.000000 2.306217
153.100000 2.289165
153.200000 2.272177
153.300000 2.255252
153.400000 2.238391
153.500000 2.221592
153.600000 2.204857
153.700000 2.188185
153.800000 2.171577
153.900000 2.155031
154.000000 2.138549
154.100000 2.122131
154.200000 2.105775
154.300000 2.089483
154.400000 2.073254
154.500000 2.057088
154.600000 2.040986
154.700000 2.024947
154.800000 2.008971
154.900000 1.993058
155.000000 1.977209
155.100000 1.961423
155.200000 1.945700
155.300000 1.930041
155.400000 1.914445
155.500000 1.898912
155.600000 1.883442
155.700000 1.868036
155.800000 1.852692
155.900000 1.837413
156.000000 1.822196
156.100000 1.807043
156.200000 1.791953
156.300000 1.776926
156.400000 1.761962
156.500000 1.747062
156.600000 1.732225
156.700000 1.717451
156.800000 1.702741
156.900000 1.688094
157.000000 1.673510
157.100000 1.658989
157.200000 1.644532
157.300000 1.630138
157.400000 1.615807
157.500000 1.601539
157.600000 1.587335
157.700000 1.573194
157.800000 1.559116
157.900000 1.545102
158.000000 1.531151
158.100000 1.517263
158.200000 1.503438
158.300000 1.489677
158.400000 1.475979
158.500000 1.462344
158.600000 1.448772
158.700000 1.435264
158.800000 1.421819
158.900000 1.408437
159.000000 1.395119
159.100000 1.381864
159.200000 1.368672
159.300000 1.355543
159.400000 1.342478
159.500000 1.329475
159.600000 1.316537
159.700000 1.303661
159.800000 1.290849
159.900000 1.278100
160.000000 1.265414
160.100000 1.252791
160.200000 1.240232
160.300000 1.227736
160.400000 1.215303
160.500000 1.202934
160.600000 1.190628
160.700000 1.178385
160.800000 1.166205
160.900000 1.154089
161.000000 1.142036
161.100000 1.130046
161.200000 1.118120
161.300000 1.106256
161.400000 1.094456
161.500000 1.082720
161.600000 1.071046
161.700000 1.059436
161.800000 1.047889
161.900000 1.036406
162.000000 1.024985
162.100000 1.013628
162.200000 1.002334
162.300000 0.991104
162.400000 0.979936
162.500000 0.968832
162.600000 0.957792
162.700000 0.946814
162.800000 0.935900
162.900000 0.925049
163.000000 0.914262
163.100000 0.903537
163.200000 0.892876
163.300000 0.882278
163.400000 0.871744
163.500000 0.861272
163.600000 0.850864
163.700000 0.840520
163.800000 0.830238
163.900000 0.820020
164.000000 0.809865
164.100000 0.799773
164.200000 0.789745
164.300000 0.779780
164.400000 0.769878
164.500000 0.760039
164.600000 0.750264
164.700000 0.740552
164.800000 0.730903
164.900000 0.721318
165.000000 0.711795
165.100000 0.702336
165.200000 0.692941
165.300000 0.683608
165.400000 0.674339
165.500000 0.665133
165.600000 0.655991
165.700000 0.646911
165.800000 0.637895
165.900000 0.628942
166.000000 0.620053
166.100000 0.611227
166.200000 0.602464
166.300000 0.593764
166.400000 0.585127
166.500000 0.576554
166.600000 0.568044
166.700000 0.559598
166.800000 0.551214
166.900000 0.542894
167.000000 0.534637
167.100000 0.526444
167.200000 0.518314
167.300000 0.510247
167.400000 0.502243
167.500000 0.494302
167.600000 0.486425
167.700000 0.478611
167.800000 0.470860
167.900000 0.463173
168.000000 0.455549
168.100000 0.447988
168.200000 0.440491
168.300000 0.433056
168.400000 0.425685
168.500000 0.418377
168.600000 0.411133
168.700000 0.403952
168.800000 0.396834
168.900000 0.389779
169.000000 0.382788
169.100000 0.375860
169.200000 0.368995
169.300000 0.362193
169.400000 0.355455
169.500000 0.348780
169.600000 0.342168
169.700000 0.335619
169.800000 0.329134
169.900000 0.322712
170.000000 0.316353
170.100000 0.310058
170.200000 0.303826
170.300000 0.297657
170.400000 0.291551
170.500000 0.285509
170.600000 0.279530
170.700000 0.273614
170.800000 0.267762
170.900000 0.261972
171.000000 0.256246
171.100000 0.250584
171.200000 0.244984
171.300000 0.239448
171.400000 0.233975
171.500000 0.228565
171.600000 0.223219
171.700000 0.217936
171.800000 0.212716
171.900000 0.207560
172.000000 0.202466
172.100000 0.197436
172.200000 0.192469
172.300000 0.187566
172.400000 0.182726
172.500000 0.177949
172.600000 0.173235
172.700000 0.168585
172.800000 0.163998
172.900000 0.159474
173.000000 0.155013
173.100000 0.150616
173.200000 0.146282
173.300000 0.142011
173.400000 0.137804
173.500000 0.133659
173.600000 0.129578
173.700000 0.125561
173.800000 0.121606
173.900000 0.117715
174.000000 0.113887
174.100000 0.110123
174.200000 0.106421
174.300000 0.102783
174.400000 0.099208
174.500000 0.095697
174.600000 0.092249
174.700000 0.088864
174.800000 0.085542
174.900000 0.082284
175.000000 0.079088
175.100000 0.075956
175.200000 0.072888
175.300000 0.069882
175.400000 0.066940
175.500000 0.064062
175.600000 0.061246
175.700000 0.058494
175.800000 0.055805
175.900000 0.053179
176.000000 0.050617
176.100000 0.048117
176.200000 0.045681
176.300000 0.043309
176.400000 0.040999
176.500000 0.038753
176.600000 0.036570
176.700000 0.034451
176.800000 0.032395
176.900000 0.030402
177.000000 0.028472
177.100000 0.026605
177.200000 0.024802
177.300000 0.023062
177.400000 0.021385
177.500000 0.019772
177.600000 0.018222
177.700000 0.016735
177.800000 0.015312
177.900000 0.013951
178.000000 0.012654
178.100000 0.011420
178.200000 0.010250
178.300000 0.009143
178.400000 0.008099
178.500000 0.007118
178.600000 0.006201
178.700000 0.005346
178.800000 0.004555
178.900000 0.003828
179.000000 0.003164
179.100000 0.002562
179.200000 0.002025
179.300000 0.001550
179.400000 0.001139
179.500000 0.000791
179.600000 0.000506
179.700000 0.000285
179.800000 0.000127
179.900000 0.000032
180.000000 0.000000
