0.000000000000000000e+00 1.137849998282765910e+03
1.000000000000000056e-01 1.120434207414567709e+03
2.000000000000000111e-01 1.103152836543422836e+03
3.000000000000000444e-01 1.086005885669330610e+03
4.000000000000000222e-01 1.068993354792291711e+03
5.000000000000000000e-01 1.052115243912306141e+03
6.000000000000000888e-01 1.035371553029373672e+03
7.000000000000000666e-01 1.018762282143494303e+03
8.000000000000000444e-01 1.002287431254667695e+03
9.000000000000000222e-01 9.859470003628947552e+02
1.000000000000000000e+00 9.697409894681749165e+02
1.100000000000000089e+00 9.536693985705081786e+02
1.200000000000000178e+00 9.377322276698944279e+02
1.300000000000000044e+00 9.219294767663337780e+02
1.400000000000000133e+00 9.062611458598265699e+02
1.500000000000000000e+00 8.907272349503723490e+02
1.600000000000000089e+00 8.753277440379713426e+02
1.700000000000000178e+00 8.600626731226233233e+02
1.800000000000000044e+00 8.449320222043284048e+02
1.900000000000000133e+00 8.299357912830868145e+02
2.000000000000000000e+00 8.150739803588984387e+02
2.100000000000000089e+00 8.003465894317630500e+02
2.200000000000000178e+00 7.857536185016811032e+02
2.300000000000000266e+00 7.712950675686518025e+02
2.400000000000000355e+00 7.569709366326759437e+02
2.500000000000000000e+00 7.427812256937531856e+02
2.600000000000000089e+00 7.287259347518836421e+02
2.700000000000000178e+00 7.148050638070670857e+02
2.800000000000000266e+00 7.010186128593037438e+02
2.900000000000000355e+00 6.873665819085935027e+02
3.000000000000000000e+00 6.738489709549365898e+02
3.100000000000000089e+00 6.604657799983327777e+02
3.200000000000000178e+00 6.472170090387820665e+02
3.300000000000000266e+00 6.341026580762843423e+02
3.400000000000000355e+00 6.211227271108399464e+02
3.500000000000000000e+00 6.082772161424486512e+02
3.600000000000000089e+00 5.955661251711106843e+02
3.700000000000000178e+00 5.829894541968255908e+02
3.800000000000000266e+00 5.705472032195935981e+02
3.900000000000000355e+00 5.582393722394148199e+02
4.000000000000000000e+00 5.460659612562893699e+02
4.100000000000000533e+00 5.340269702702167933e+02
4.200000000000000178e+00 5.221223992811977723e+02
4.299999999999999822e+00 5.103522482892314542e+02
4.400000000000000355e+00 4.987165172943185212e+02
4.500000000000000000e+00 4.872152062964588026e+02
4.600000000000000533e+00 4.758483152956519575e+02
4.700000000000000178e+00 4.646158442918986680e+02
4.800000000000000711e+00 4.535177932851981950e+02
4.900000000000000355e+00 4.425541622755509366e+02
5.000000000000000000e+00 4.317249512629568926e+02
5.100000000000000533e+00 4.210301602474157789e+02
5.200000000000000178e+00 4.104697892289280503e+02
5.300000000000000711e+00 4.000438382074934225e+02
5.400000000000000355e+00 3.897523071831118955e+02
5.500000000000000000e+00 3.795951961557835261e+02
5.600000000000000533e+00 3.695725051255082576e+02
5.700000000000000178e+00 3.596842340922862036e+02
5.800000000000000711e+00 3.499303830561172504e+02
5.900000000000000355e+00 3.403109520170015116e+02
6.000000000000000000e+00 3.308259409749389306e+02
6.100000000000000533e+00 3.214753499299293367e+02
6.200000000000000178e+00 3.122591788819730141e+02
6.300000000000000711e+00 3.031774278310698492e+02
6.400000000000000355e+00 2.942300967772197851e+02
6.500000000000000000e+00 2.854171857204229354e+02
6.600000000000000533e+00 2.767386946606791298e+02
6.700000000000000178e+00 2.681946235979885387e+02
6.800000000000000711e+00 2.597849725323509915e+02
6.900000000000000355e+00 2.515097414637667441e+02
7.000000000000000000e+00 2.433689303922355975e+02
7.100000000000000533e+00 2.353625393177575518e+02
7.200000000000000178e+00 2.274905682403327205e+02
7.300000000000000711e+00 2.197530171599609616e+02
7.400000000000000355e+00 2.121498860766423604e+02
7.500000000000000000e+00 2.046811749903769453e+02
7.600000000000000533e+00 1.973468839011645741e+02
7.700000000000000178e+00 1.901470128090055027e+02
7.800000000000000711e+00 1.830815617138994185e+02
7.900000000000000355e+00 1.761505306158466340e+02
8.000000000000000000e+00 1.693539195148469219e+02
8.099999999999999645e+00 1.626917284109004243e+02
8.200000000000001066e+00 1.561639573040068854e+02
8.300000000000000711e+00 1.497706061941666462e+02
8.400000000000000355e+00 1.435116750813795363e+02
8.500000000000000000e+00 1.373871639656455841e+02
8.599999999999999645e+00 1.313970728469647611e+02
8.700000000000001066e+00 1.255414017253370105e+02
8.800000000000000711e+00 1.198201506007624744e+02
8.900000000000000355e+00 1.142333194732411243e+02
9.000000000000000000e+00 1.087809083427729036e+02
9.099999999999999645e+00 1.034629172093577978e+02
9.200000000000001066e+00 9.827934607299577863e+01
9.300000000000000711e+00 9.323019493368697397e+01
9.400000000000000355e+00 8.831546379143135539e+01
9.500000000000000000e+00 8.353515264622883763e+01
9.600000000000001421e+00 7.888926149807940646e+01
9.700000000000001066e+00 7.437779034698321823e+01
9.800000000000000711e+00 7.000073919294014502e+01
9.900000000000000355e+00 6.575810803595024367e+01
1.000000000000000000e+01 6.164989687601346446e+01
1.010000000000000142e+01 5.767610571312976475e+01
1.020000000000000107e+01 5.383673454729928665e+01
1.030000000000000071e+01 5.013178337852196620e+01
1.040000000000000036e+01 4.656125220679778209e+01
1.050000000000000000e+01 4.312514103212674144e+01
1.060000000000000142e+01 3.982344985450879449e+01
1.070000000000000107e+01 3.665617867394404072e+01
1.080000000000000071e+01 3.362332749043243751e+01
1.090000000000000036e+01 3.072489630397398130e+01
1.100000000000000000e+01 2.796088511456867565e+01
1.110000000000000142e+01 2.533129392221646015e+01
1.120000000000000107e+01 2.283612272691744494e+01
1.130000000000000071e+01 2.047537152867156962e+01
1.140000000000000036e+01 1.824904032747884486e+01
1.150000000000000000e+01 1.615712912333926354e+01
1.160000000000000142e+01 1.419963791625279548e+01
1.170000000000000107e+01 1.237656670621950816e+01
1.180000000000000071e+01 1.068791549323936430e+01
1.190000000000000036e+01 9.133684277312367428e+00
1.200000000000000000e+01 7.713873058438511343e+00
1.210000000000000142e+01 6.428481836617784495e+00
1.220000000000000107e+01 5.277510611850225075e+00
1.230000000000000071e+01 4.260959384135809991e+00
1.240000000000000036e+01 3.378828153474542351e+00
1.250000000000000000e+01 2.631116919866419490e+00
1.260000000000000142e+01 2.017825683311431639e+00
1.270000000000000107e+01 1.538954443809601003e+00
1.280000000000000071e+01 1.194503201360916034e+00
1.290000000000000036e+01 9.844719559653763996e-01
1.300000000000000000e+01 9.088607076229822113e-01
1.310000000000000142e+01 9.004594578071605238e-01
1.320000000000000107e+01 8.920582079913388363e-01
1.330000000000000071e+01 8.836569581755171487e-01
1.340000000000000036e+01 8.752557083596957943e-01
1.350000000000000000e+01 8.668544585438742178e-01
1.360000000000000142e+01 8.584532087280525303e-01
1.370000000000000107e+01 8.500519589122308428e-01
1.380000000000000071e+01 8.416507090964092663e-01
1.390000000000000036e+01 8.332494592805875788e-01
1.400000000000000000e+01 8.248482094647660023e-01
1.410000000000000142e+01 8.164469596489442038e-01
1.420000000000000107e+01 8.080457098331225163e-01
1.430000000000000071e+01 7.996444600173010508e-01
1.440000000000000036e+01 7.912432102014794744e-01
1.450000000000000000e+01 7.828419603856577869e-01
1.460000000000000142e+01 7.744407105698360994e-01
1.470000000000000107e+01 7.660394607540144118e-01
1.480000000000000071e+01 7.576382109381928354e-01
1.490000000000000036e+01 7.492369611223711479e-01
1.500000000000000000e+01 7.408357113065494604e-01
1.510000000000000142e+01 7.324344614907277728e-01
1.520000000000000107e+01 7.240332116749060853e-01
1.530000000000000071e+01 7.156319618590846199e-01
1.540000000000000036e+01 7.072307120432630434e-01
1.550000000000000000e+01 6.988294622274413559e-01
1.560000000000000142e+01 6.904282124116195574e-01
1.570000000000000107e+01 6.820269625957979809e-01
1.580000000000000071e+01 6.736257127799764044e-01
1.590000000000000036e+01 6.652244629641547169e-01
1.600000000000000000e+01 6.568232131483330294e-01
1.610000000000000142e+01 6.484219633325112309e-01
1.619999999999999929e+01 6.400207135166898764e-01
1.630000000000000071e+01 6.316194637008681889e-01
1.640000000000000213e+01 6.232182138850463904e-01
1.650000000000000000e+01 6.148169640692250359e-01
1.660000000000000142e+01 6.064157142534032374e-01
1.669999999999999929e+01 5.980144644375816609e-01
1.680000000000000071e+01 5.896132146217599734e-01
1.690000000000000213e+01 5.812119648059381749e-01
1.700000000000000000e+01 5.728107149901167094e-01
1.710000000000000142e+01 5.644094651742947999e-01
1.719999999999999929e+01 5.560082153584734455e-01
1.730000000000000071e+01 5.476069655426517579e-01
1.740000000000000213e+01 5.392057157268299594e-01
1.750000000000000000e+01 5.308044659110086050e-01
1.760000000000000142e+01 5.224032160951868065e-01
1.769999999999999929e+01 5.140019662793651190e-01
1.780000000000000071e+01 5.056007164635434314e-01
1.790000000000000213e+01 4.971994666477216884e-01
1.800000000000000000e+01 4.888013040769606521e-01
1.810000000000000142e+01 4.804031415061992272e-01
1.819999999999999929e+01 4.720740347260079517e-01
1.830000000000000071e+01 4.637449279458163987e-01
1.840000000000000213e+01 4.554498249865861492e-01
1.850000000000000000e+01 4.471547220273562329e-01
1.860000000000000142e+01 4.388631235384942708e-01
1.869999999999999929e+01 4.305715250496326418e-01
1.880000000000000071e+01 4.222571323267422239e-01
1.890000000000000213e+01 4.139427396038520279e-01
1.900000000000000000e+01 4.055831718807759168e-01
1.910000000000000142e+01 3.972236041576995280e-01
1.920000000000000284e+01 3.888001773852232112e-01
1.930000000000000071e+01 3.803767506127470610e-01
1.940000000000000213e+01 3.718742552477424801e-01
1.950000000000000000e+01 3.633717598827380657e-01
1.960000000000000142e+01 3.547783021021354011e-01
1.970000000000000284e+01 3.461848443215327920e-01
1.980000000000000071e+01 3.374916850012381064e-01
1.990000000000000213e+01 3.287985256809430323e-01
2.000000000000000000e+01 3.199999504917446225e-01
2.010000000000000142e+01 3.112013753025458795e-01
2.020000000000000284e+01 3.022959719249715960e-01
2.030000000000000071e+01 2.933905685473976455e-01
2.040000000000000213e+01 2.845521925546204978e-01
2.050000000000000000e+01 2.757138165618437387e-01
2.060000000000000142e+01 2.672097437482094939e-01
2.070000000000000284e+01 2.587056709345751937e-01
2.080000000000000071e+01 2.506137373005331570e-01
2.090000000000000213e+01 2.425218036664908428e-01
2.100000000000000000e+01 2.348154616145819717e-01
2.110000000000000142e+01 2.271091195626727677e-01
2.120000000000000284e+01 2.197665273083357906e-01
2.130000000000000071e+01 2.124239350539990634e-01
2.140000000000000213e+01 2.054277249686797258e-01
2.150000000000000000e+01 1.984315148833607489e-01
2.160000000000000142e+01 1.917685744350572374e-01
2.170000000000000284e+01 1.851056339867537537e-01
2.180000000000000071e+01 1.787668983297519276e-01
2.190000000000000213e+01 1.724281626727499073e-01
2.200000000000000000e+01 1.664084234615087199e-01
2.210000000000000142e+01 1.603886842502673937e-01
2.220000000000000284e+01 1.546864102212866521e-01
2.230000000000000071e+01 1.489841361923060770e-01
2.240000000000000213e+01 1.436013037590891939e-01
2.250000000000000000e+01 1.382184713258725328e-01
2.260000000000000142e+01 1.331604055274998311e-01
2.270000000000000284e+01 1.281023397291271293e-01
2.280000000000000071e+01 1.233775638286321030e-01
2.290000000000000213e+01 1.186527879281369380e-01
2.300000000000000000e+01 1.142682696169746298e-01
2.310000000000000142e+01 1.098837513058121274e-01
2.320000000000000284e+01 1.057516882410712289e-01
2.330000000000000071e+01 1.016196251763304692e-01
2.340000000000000213e+01 9.772430241973641130e-02
2.350000000000000000e+01 9.382897966314249216e-02
2.360000000000000142e+01 9.015575090416773352e-02
2.370000000000000284e+01 8.648252214519294712e-02
2.380000000000000071e+01 8.301775069934391738e-02
2.390000000000000213e+01 7.955297925349477661e-02
2.400000000000000000e+01 7.628397980291812264e-02
2.410000000000000142e+01 7.301498035234134376e-02
2.420000000000000284e+01 6.992994303858959815e-02
2.430000000000000071e+01 6.684490572483793580e-02
2.440000000000000213e+01 6.393286119682704827e-02
2.450000000000000000e+01 6.102081666881625094e-02
2.460000000000000142e+01 5.827157019823397954e-02
2.470000000000000284e+01 5.552232372765170815e-02
2.480000000000000071e+01 5.292641392519922133e-02
2.490000000000000213e+01 5.033050412274661656e-02
2.500000000000000000e+01 4.787914632792696773e-02
2.510000000000000142e+01 4.542778853310722870e-02
2.520000000000000284e+01 4.311072652655833365e-02
2.530000000000000071e+01 4.079366452000950799e-02
2.540000000000000213e+01 3.860273068497865195e-02
2.550000000000000000e+01 3.641179684994787918e-02
2.560000000000000142e+01 3.433934478881624230e-02
2.570000000000000284e+01 3.226689272768460542e-02
2.580000000000000071e+01 3.030577373986269654e-02
2.590000000000000213e+01 2.834465475204072174e-02
2.600000000000000000e+01 2.648818265044265707e-02
2.610000000000000142e+01 2.463171054884451608e-02
2.620000000000000284e+01 2.287362834490862598e-02
2.630000000000000071e+01 2.111554614097279833e-02
2.640000000000000213e+01 1.944999602500872837e-02
2.650000000000000000e+01 1.778444590904472086e-02
2.660000000000000142e+01 1.620594651715226431e-02
2.670000000000000284e+01 1.462744712525981643e-02
2.680000000000000071e+01 1.313086779086202957e-02
2.690000000000000213e+01 1.163428845646419414e-02
2.700000000000000000e+01 1.021482391000587756e-02
2.710000000000000142e+01 8.795359363547512396e-03
2.720000000000000284e+01 7.448509437323288553e-03
2.730000000000000071e+01 6.101659511099115016e-03
2.740000000000000213e+01 4.821736156622785131e-03
2.750000000000000000e+01 3.541812802146502952e-03
2.760000000000000142e+01 2.325583862936121855e-03
2.770000000000000284e+01 1.109354923725740542e-03
2.780000000000000071e+01 -4.624091903968019187e-05
2.790000000000000213e+01 -1.201836761805139550e-03
2.800000000000000000e+01 -2.299698470374065846e-03
2.810000000000000142e+01 -3.397560178943031823e-03
2.820000000000000284e+01 -4.448339291284381970e-03
2.830000000000000071e+01 -5.499118403625694387e-03
2.840000000000000213e+01 -6.505819726722424784e-03
2.850000000000000000e+01 -7.512521049819117884e-03
2.860000000000000142e+01 -8.476187950514879957e-03
2.870000000000000284e+01 -9.439854851210641162e-03
2.880000000000000071e+01 -1.036243462805925934e-02
2.890000000000000213e+01 -1.128501440490790875e-02
2.900000000000000000e+01 -1.216591661927550472e-02
2.910000000000000142e+01 -1.304681883364313191e-02
2.920000000000000284e+01 -1.388175426233428933e-02
2.930000000000000071e+01 -1.471668969102541899e-02
2.940000000000000213e+01 -1.549621079443132786e-02
2.950000000000000000e+01 -1.627573189783720897e-02
2.960000000000000142e+01 -1.699774441636138847e-02
2.970000000000000284e+01 -1.771975693488556797e-02
2.980000000000000071e+01 -1.837896324945066315e-02
2.990000000000000213e+01 -1.903816956401578261e-02
3.000000000000000000e+01 -1.965328634987341394e-02
3.010000000000000142e+01 -2.026840313573106608e-02
3.020000000000000284e+01 -2.084484099965322121e-02
3.030000000000000071e+01 -2.142127886357535205e-02
3.040000000000000213e+01 -2.195944232711740177e-02
3.050000000000000000e+01 -2.249760579065943067e-02
3.060000000000000142e+01 -2.294720254586665731e-02
3.070000000000000284e+01 -2.339679930107387701e-02
3.080000000000000071e+01 -2.372192474293303641e-02
3.090000000000000213e+01 -2.404705018479220621e-02
3.100000000000000000e+01 -2.423024555068157421e-02
3.110000000000000142e+01 -2.441344091657095261e-02
3.120000000000000284e+01 -2.443580960818014444e-02
3.130000000000000071e+01 -2.445817829978933627e-02
3.140000000000000213e+01 -2.430979877547223209e-02
3.150000000000000000e+01 -2.416141925115513137e-02
3.160000000000000142e+01 -2.384019478929085001e-02
3.170000000000000284e+01 -2.351897032742656171e-02
3.180000000000000071e+01 -2.302966068665808150e-02
3.190000000000000213e+01 -2.254035104588957006e-02
3.200000000000000000e+01 -2.189376915258346712e-02
3.210000000000000142e+01 -2.124718725927733295e-02
3.220000000000000284e+01 -2.045951166804466440e-02
3.230000000000000426e+01 -1.967183607681199237e-02
3.239999999999999858e+01 -1.876183584520024067e-02
3.250000000000000000e+01 -1.785183561358842652e-02
3.260000000000000142e+01 -1.684429337172117097e-02
3.270000000000000284e+01 -1.583675112985391889e-02
3.280000000000000426e+01 -1.476007780548510562e-02
3.289999999999999858e+01 -1.368340448111636867e-02
3.300000000000000000e+01 -1.256885507886071340e-02
3.310000000000000142e+01 -1.145430567660505813e-02
3.320000000000000284e+01 -1.032381955869025869e-02
3.330000000000000426e+01 -9.193333440775457513e-03
3.339999999999999858e+01 -8.072667678371262326e-03
3.350000000000000000e+01 -6.952001915966988209e-03
3.360000000000000142e+01 -5.866884368041808129e-03
3.370000000000000284e+01 -4.781766820116628916e-03
3.380000000000000426e+01 -3.753904928345251548e-03
3.389999999999999858e+01 -2.726043036573946171e-03
3.400000000000000000e+01 -1.775499406666875999e-03
3.410000000000000142e+01 -8.249557767598116823e-04
3.420000000000000284e+01 2.767170653650754267e-05
3.430000000000000426e+01 8.802991898328183787e-04
3.439999999999999858e+01 1.609451271587967417e-03
3.450000000000000000e+01 2.338603353343167955e-03
3.460000000000000142e+01 2.926914282427956100e-03
3.470000000000000284e+01 3.515225211512742944e-03
3.480000000000000426e+01 3.944840642897232651e-03
3.489999999999999858e+01 4.374456074281691566e-03
3.500000000000000000e+01 4.665051804494555095e-03
3.510000000000000142e+01 4.955647534707408215e-03
3.520000000000000284e+01 5.137713636513768257e-03
3.530000000000000426e+01 5.319779738320124830e-03
3.539999999999999858e+01 5.443142690134337471e-03
3.550000000000000000e+01 5.566505641948559652e-03
3.560000000000000142e+01 5.635437771458967973e-03
3.570000000000000284e+01 5.704369900969376295e-03
3.580000000000000426e+01 5.723388175373704534e-03
3.589999999999999858e+01 5.742406449778031906e-03
3.600000000000000000e+01 5.726288826883220266e-03
3.610000000000000142e+01 5.710171203988406025e-03
3.620000000000000284e+01 5.665307428735630833e-03
3.630000000000000426e+01 5.620443653482853040e-03
3.639999999999999858e+01 5.552656265089680673e-03
3.650000000000000000e+01 5.484868876696503970e-03
3.660000000000000142e+01 5.399344327352615866e-03
3.670000000000000284e+01 5.313819778008727762e-03
3.680000000000000426e+01 5.215041316605320207e-03
3.689999999999999858e+01 5.116262855201917856e-03
3.700000000000000000e+01 5.007992721033024258e-03
3.710000000000000142e+01 4.899722586864128926e-03
3.720000000000000284e+01 4.785007024529120898e-03
3.730000000000000426e+01 4.670291462194112869e-03
3.739999999999999858e+01 4.551552544472874280e-03
3.750000000000000000e+01 4.432813626751627017e-03
3.760000000000000142e+01 4.312374876679233443e-03
3.770000000000000284e+01 4.191936126606839869e-03
3.780000000000000426e+01 4.071969523100022435e-03
3.789999999999999858e+01 3.952002919593211941e-03
3.800000000000000000e+01 3.834272459708696137e-03
3.810000000000000142e+01 3.716541999824180334e-03
3.820000000000000284e+01 3.602418287238980891e-03
3.830000000000000426e+01 3.488294574653781881e-03
3.840000000000000568e+01 3.378759384581955967e-03
3.850000000000000000e+01 3.269224194510138726e-03
3.860000000000000142e+01 3.164882862094298231e-03
3.870000000000000284e+01 3.060541529678457735e-03
3.880000000000000426e+01 2.961662485526679947e-03
3.890000000000000568e+01 2.862783441374902593e-03
3.900000000000000000e+01 2.769384459395872640e-03
3.910000000000000142e+01 2.675985477416836181e-03
3.920000000000000284e+01 2.587939182652659962e-03
3.930000000000000426e+01 2.499892887888483309e-03
3.940000000000000568e+01 2.416897758380066093e-03
3.950000000000000000e+01 2.333902628871654950e-03
3.960000000000000142e+01 2.255604923691490946e-03
3.970000000000000284e+01 2.177307218511326942e-03
3.980000000000000426e+01 2.103379878853015375e-03
3.990000000000000568e+01 2.029452539194703808e-03
4.000000000000000000e+01 1.959649563293188075e-03
4.010000000000000142e+01 1.889846587391667571e-03
4.020000000000000284e+01 1.823900186625060718e-03
4.030000000000000426e+01 1.757953785858453648e-03
4.040000000000000568e+01 1.695577626378691515e-03
4.050000000000000000e+01 1.633201466898934152e-03
4.060000000000000142e+01 1.574163152868796349e-03
4.070000000000000284e+01 1.515124838838658112e-03
4.080000000000000426e+01 1.459285474392324738e-03
4.090000000000000568e+01 1.403446109945990930e-03
4.100000000000000000e+01 1.350683752847997359e-03
4.110000000000000142e+01 1.297921395749999885e-03
4.120000000000000284e+01 1.248119026263279320e-03
4.130000000000000426e+01 1.198316656776558754e-03
4.140000000000000568e+01 1.151361361207352057e-03
4.150000000000000000e+01 1.104406065638148613e-03
4.160000000000000142e+01 1.060188503966612902e-03
4.170000000000000284e+01 1.015970942295077407e-03
4.180000000000000426e+01 9.743838513693566308e-04
4.190000000000000568e+01 9.327967604436356377e-04
4.200000000000000000e+01 8.937373908004148408e-04
4.210000000000000142e+01 8.546780211571912249e-04
4.220000000000000284e+01 8.180453429960767367e-04
4.230000000000000426e+01 7.814126648349624654e-04
4.240000000000000568e+01 7.471083765989463806e-04
4.250000000000000000e+01 7.128040883629328979e-04
4.260000000000000142e+01 6.807331562189013023e-04
4.270000000000000284e+01 6.486622240748698151e-04
4.280000000000000426e+01 6.187300167904503847e-04
4.290000000000000568e+01 5.887978095060310627e-04
4.300000000000000000e+01 5.609150562929921240e-04
4.310000000000000142e+01 5.330323030799511254e-04
4.320000000000000284e+01 5.071074976925639410e-04
4.330000000000000426e+01 4.811826923051768651e-04
4.340000000000000568e+01 4.571320971995114740e-04
4.350000000000000000e+01 4.330815020938478177e-04
4.360000000000000142e+01 4.108170476061524259e-04
4.370000000000000284e+01 3.885525931184571425e-04
4.380000000000000426e+01 3.679948335929978114e-04
4.390000000000000568e+01 3.474370740675384803e-04
4.400000000000000000e+01 3.285021668511773447e-04
4.410000000000000142e+01 3.095672596348149623e-04
4.420000000000000284e+01 2.921781495374567786e-04
4.430000000000000426e+01 2.747890394400986491e-04
4.440000000000000568e+01 2.588662304979993879e-04
4.450000000000000000e+01 2.429434215559011839e-04
4.460000000000000142e+01 2.284114669819577745e-04
4.470000000000000284e+01 2.138795124080143922e-04
4.480000000000000426e+01 2.006636041342830861e-04
4.490000000000000568e+01 1.874476958605516988e-04
4.500000000000000000e+01 1.754745364693441887e-04
4.510000000000000142e+01 1.635013770781358112e-04
4.520000000000000284e+01 1.526997891268331155e-04
4.530000000000000426e+01 1.418982011755304468e-04
4.540000000000000568e+01 1.321980870747420400e-04
4.550000000000000000e+01 1.224979729739543379e-04
4.560000000000000142e+01 1.138300799114060644e-04
4.570000000000000284e+01 1.051621868488577773e-04
4.580000000000000426e+01 9.745958537403895839e-05
4.590000000000000568e+01 8.975698389922016657e-05
4.600000000000000000e+01 8.295242557760966679e-05
4.610000000000000142e+01 7.614786725599867912e-05
4.620000000000000284e+01 7.017748813611514942e-05
4.630000000000000426e+01 6.420710901623161973e-05
4.640000000000000568e+01 5.900760777180800521e-05
4.650000000000000000e+01 5.380810652738475660e-05
4.660000000000000142e+01 4.931428539213465723e-05
4.670000000000000284e+01 4.482046425688455786e-05
4.680000000000000426e+01 4.097093188583785336e-05
4.690000000000000568e+01 3.712139951479116918e-05
4.700000000000000000e+01 3.385092951632508499e-05
4.710000000000000142e+01 3.058045951785875685e-05
4.720000000000000284e+01 2.782744251256324028e-05
4.730000000000000426e+01 2.507442550726772371e-05
4.740000000000000568e+01 2.277677785362633534e-05
4.750000000000000000e+01 2.047913019998510620e-05
4.760000000000000142e+01 1.861281810596540902e-05
4.770000000000000284e+01 1.674650601194570845e-05
4.780000000000000426e+01 1.524969151831692904e-05
4.790000000000000568e+01 1.375287702468814963e-05
4.800000000000000000e+01 1.257123117819987292e-05
4.810000000000000142e+01 1.138958533171150812e-05
4.820000000000000284e+01 1.046900390609789206e-05
4.830000000000000426e+01 9.548422480484277690e-06
4.840000000000000568e+01 8.835011169774677141e-06
4.850000000000000000e+01 8.121599859065125720e-06
4.860000000000000142e+01 7.561660446469250157e-06
4.870000000000000284e+01 7.001721033873372900e-06
4.880000000000000426e+01 6.541738471963648934e-06
4.890000000000000568e+01 6.081755910053926662e-06
4.900000000000000000e+01 5.668386252201827106e-06
4.910000000000000142e+01 5.255016594349697057e-06
4.920000000000000284e+01 4.835075721328885957e-06
4.930000000000000426e+01 4.415134848308074009e-06
4.940000000000000568e+01 3.935587937673311393e-06
4.950000000000000000e+01 3.456041027038582234e-06
4.960000000000000142e+01 2.863992716340213606e-06
4.970000000000000284e+01 2.271944405641845402e-06
4.980000000000000426e+01 1.514629603761212198e-06
4.990000000000000568e+01 7.573148018805793115e-07
5.000000000000000000e+01 0.000000000000000000e+00
