0.000000000000000000e+00 1.968593908146439162e+02
1.000000000000000056e-01 1.938462854087969731e+02
2.000000000000000111e-01 1.908564360022233473e+02
3.000000000000000444e-01 1.878898425949229534e+02
4.000000000000000222e-01 1.849465051868959051e+02
5.000000000000000000e-01 1.820264237781421741e+02
6.000000000000000888e-01 1.791295983686617319e+02
7.000000000000000666e-01 1.762560289584545785e+02
8.000000000000000444e-01 1.734057155475206855e+02
9.000000000000000222e-01 1.705786581358601666e+02
1.000000000000000000e+00 1.677748567234729080e+02
1.100000000000000089e+00 1.649943113103589667e+02
1.200000000000000178e+00 1.622370218965183142e+02
1.300000000000000044e+00 1.595029884819509505e+02
1.400000000000000133e+00 1.567922110666569040e+02
1.500000000000000000e+00 1.541046896506361463e+02
1.600000000000000089e+00 1.514404242338887059e+02
1.700000000000000178e+00 1.487994148164145543e+02
1.800000000000000044e+00 1.461816613982136630e+02
1.900000000000000133e+00 1.435871639792861174e+02
2.000000000000000000e+00 1.410159225596318890e+02
2.100000000000000089e+00 1.384679371392509211e+02
2.200000000000000178e+00 1.359432077181432987e+02
2.300000000000000266e+00 1.334417342963089084e+02
2.400000000000000355e+00 1.309635168737478921e+02
2.500000000000000000e+00 1.285085554504601362e+02
2.600000000000000089e+00 1.260768500264456975e+02
2.700000000000000178e+00 1.236684006017045476e+02
2.800000000000000266e+00 1.212832071762366581e+02
2.900000000000000355e+00 1.189212697500421143e+02
3.000000000000000000e+00 1.165825883231208877e+02
3.100000000000000089e+00 1.142671628954729357e+02
3.200000000000000178e+00 1.119749934670983009e+02
3.300000000000000266e+00 1.097060800379969407e+02
3.400000000000000355e+00 1.074604226081688978e+02
3.500000000000000000e+00 1.052380211776141437e+02
3.600000000000000089e+00 1.030388757463327210e+02
3.700000000000000178e+00 1.008629863143245728e+02
3.800000000000000266e+00 9.871035288158969934e+01
3.900000000000000355e+00 9.658097544812812885e+01
4.000000000000000000e+00 9.447485401393990401e+01
4.100000000000000533e+00 9.239198857902493955e+01
4.200000000000000178e+00 9.033237914338332075e+01
4.299999999999999822e+00 8.829602570701494813e+01
4.400000000000000355e+00 8.628292826991990694e+01
4.500000000000000000e+00 8.429308683209818298e+01
4.600000000000000533e+00 8.232650139354970520e+01
4.700000000000000178e+00 8.038317195427460149e+01
4.800000000000000711e+00 7.846309851427274396e+01
4.900000000000000355e+00 7.656628107354420365e+01
5.000000000000000000e+00 7.469271963208895215e+01
5.100000000000000533e+00 7.284241418990698946e+01
5.200000000000000178e+00 7.101536474699834400e+01
5.300000000000000711e+00 6.921157130336301577e+01
5.400000000000000355e+00 6.743103385900096214e+01
5.500000000000000000e+00 6.567375241391221152e+01
5.600000000000000533e+00 6.393972696809676393e+01
5.700000000000000178e+00 6.222895752155463356e+01
5.800000000000000711e+00 6.054144407428577068e+01
5.900000000000000355e+00 5.887718662629024635e+01
6.000000000000000000e+00 5.723618517756801083e+01
6.100000000000000533e+00 5.561843972811904280e+01
6.200000000000000178e+00 5.402395027794340621e+01
6.300000000000000711e+00 5.245271682704106553e+01
6.400000000000000355e+00 5.090473937541202787e+01
6.500000000000000000e+00 4.938001792305628612e+01
6.600000000000000533e+00 4.787855246997384029e+01
6.700000000000000178e+00 4.640034301616469747e+01
6.800000000000000711e+00 4.494538956162884347e+01
6.900000000000000355e+00 4.351369210636630669e+01
7.000000000000000000e+00 4.210525065037707293e+01
7.100000000000000533e+00 4.072006519366112798e+01
7.200000000000000178e+00 3.935813573621849315e+01
7.300000000000000711e+00 3.801946227804914713e+01
7.400000000000000355e+00 3.670404481915310413e+01
7.500000000000000000e+00 3.541188335953036415e+01
7.600000000000000533e+00 3.414297789918092008e+01
7.700000000000000178e+00 3.289732843810478613e+01
7.800000000000000711e+00 3.167493497630193389e+01
7.900000000000000355e+00 3.047579751377240598e+01
8.000000000000000000e+00 2.929991605051616332e+01
8.099999999999999645e+00 2.814729058653323079e+01
8.200000000000001066e+00 2.701792112182357286e+01
8.300000000000000711e+00 2.591180765638723926e+01
8.400000000000000355e+00 2.482895019022420513e+01
8.500000000000000000e+00 2.376934872333446691e+01
8.599999999999999645e+00 2.273300325571803171e+01
8.700000000000001066e+00 2.171991378737488176e+01
8.800000000000000711e+00 2.073008031830504194e+01
8.900000000000000355e+00 1.976350284850851224e+01
9.000000000000000000e+00 1.882018137798527491e+01
9.099999999999999645e+00 1.790011590673533703e+01
9.200000000000001066e+00 1.700330643475869152e+01
9.300000000000000711e+00 1.612975296205535258e+01
9.400000000000000355e+00 1.527945548862532021e+01
9.500000000000000000e+00 1.445241401446858553e+01
9.600000000000001421e+00 1.364862853958513433e+01
9.700000000000001066e+00 1.286809906397500392e+01
9.800000000000000711e+00 1.211082558763816763e+01
9.900000000000000355e+00 1.137680811057463437e+01
1.000000000000000000e+01 1.066604663278440057e+01
1.010000000000000142e+01 9.978541154267452029e+00
1.020000000000000107e+01 9.314291675023818939e+00
1.030000000000000071e+01 8.673298195053487092e+00
1.040000000000000036e+01 8.055560714356452934e+00
1.050000000000000000e+01 7.461079232932719130e+00
1.060000000000000142e+01 6.889853750782275910e+00
1.070000000000000107e+01 6.341884267905141925e+00
1.080000000000000071e+01 5.817170784301309183e+00
1.090000000000000036e+01 5.315713299970775907e+00
1.100000000000000000e+01 4.837511814913543873e+00
1.110000000000000142e+01 4.382566329129601534e+00
1.120000000000000107e+01 3.950876842618968876e+00
1.130000000000000071e+01 3.542443355381635683e+00
1.140000000000000036e+01 3.157265867417603289e+00
1.150000000000000000e+01 2.795344378726870804e+00
1.160000000000000142e+01 2.456678889309432456e+00
1.170000000000000107e+01 2.141269399165300236e+00
1.180000000000000071e+01 1.849115908294468147e+00
1.190000000000000036e+01 1.580218416696936190e+00
1.200000000000000000e+01 1.334576924372703477e+00
1.210000000000000142e+01 1.112191431321767787e+00
1.220000000000000107e+01 9.130619375441360042e-01
1.230000000000000071e+01 7.371884430398041310e-01
1.240000000000000036e+01 5.845709478087725008e-01
1.250000000000000000e+01 4.552094518510408361e-01
1.260000000000000142e+01 3.491039551666073604e-01
1.270000000000000107e+01 2.662544577554760705e-01
1.280000000000000071e+01 2.066609596176447738e-01
1.290000000000000036e+01 1.703234607531135258e-01
1.300000000000000000e+01 1.572419611618822710e-01
1.310000000000000142e+01 1.557884612073009989e-01
1.320000000000000107e+01 1.543349612527197545e-01
1.330000000000000071e+01 1.528814612981384546e-01
1.340000000000000036e+01 1.514279613435572380e-01
1.350000000000000000e+01 1.499744613889759937e-01
1.360000000000000142e+01 1.485209614343947493e-01
1.370000000000000107e+01 1.470674614798134772e-01
1.380000000000000071e+01 1.456139615252322328e-01
1.390000000000000036e+01 1.441604615706509329e-01
1.400000000000000000e+01 1.427069616160697163e-01
1.410000000000000142e+01 1.412534616614884164e-01
1.420000000000000107e+01 1.397999617069071443e-01
1.430000000000000071e+01 1.383464617523258999e-01
1.440000000000000036e+01 1.368929617977446833e-01
1.450000000000000000e+01 1.354394618431634112e-01
1.460000000000000142e+01 1.339859618885821391e-01
1.470000000000000107e+01 1.325324619340008669e-01
1.480000000000000071e+01 1.310789619794195948e-01
1.490000000000000036e+01 1.296254620248383227e-01
1.500000000000000000e+01 1.281719620702570783e-01
1.510000000000000142e+01 1.267184621156758062e-01
1.520000000000000107e+01 1.252649621610945341e-01
1.530000000000000071e+01 1.238114622065132897e-01
1.540000000000000036e+01 1.223579622519320315e-01
1.550000000000000000e+01 1.209044622973507732e-01
1.560000000000000142e+01 1.194509623427695011e-01
1.570000000000000107e+01 1.179974623881882567e-01
1.580000000000000071e+01 1.165439624336069985e-01
1.590000000000000036e+01 1.150904624790257402e-01
1.600000000000000000e+01 1.136369625244444542e-01
1.610000000000000142e+01 1.121834625698631821e-01
1.619999999999999929e+01 1.107299626152819655e-01
1.630000000000000071e+01 1.092764626607006795e-01
1.640000000000000213e+01 1.078229627061193935e-01
1.650000000000000000e+01 1.063694627515381769e-01
1.660000000000000142e+01 1.049159627969569047e-01
1.669999999999999929e+01 1.034624628423756604e-01
1.680000000000000071e+01 1.020089628877943883e-01
1.690000000000000213e+01 1.005554629332131023e-01
1.700000000000000000e+01 9.910196297863187176e-02
1.710000000000000142e+01 9.764846302405055800e-02
1.719999999999999929e+01 9.619496306946934139e-02
1.730000000000000071e+01 9.474146311488808314e-02
1.740000000000000213e+01 9.328796316030679714e-02
1.750000000000000000e+01 9.183446320572558053e-02
1.760000000000000142e+01 9.038096325114429452e-02
1.769999999999999929e+01 8.892746329656303628e-02
1.780000000000000071e+01 8.747396334198176415e-02
1.790000000000000213e+01 8.602046338740049203e-02
1.800000000000000000e+01 8.456749755698571291e-02
1.810000000000000142e+01 8.311453172657087829e-02
1.819999999999999929e+01 8.167351323621351022e-02
1.830000000000000071e+01 8.023249474585607277e-02
1.840000000000000213e+01 7.879735925544585629e-02
1.850000000000000000e+01 7.736222376503566756e-02
1.860000000000000142e+01 7.592769458292870921e-02
1.869999999999999929e+01 7.449316540082179250e-02
1.880000000000000071e+01 7.305469258903457552e-02
1.890000000000000213e+01 7.161621977724735855e-02
1.900000000000000000e+01 7.016993124016238093e-02
1.910000000000000142e+01 6.872364270307736167e-02
1.920000000000000284e+01 6.726630591395396652e-02
1.930000000000000071e+01 6.580896912483062688e-02
1.940000000000000213e+01 6.433795268111201782e-02
1.950000000000000000e+01 6.286693623739345038e-02
1.960000000000000142e+01 6.138018238914112745e-02
1.970000000000000284e+01 5.989342854088880452e-02
1.980000000000000071e+01 5.838942533253042855e-02
1.990000000000000213e+01 5.688542212417198318e-02
2.000000000000000000e+01 5.536318091979839512e-02
2.010000000000000142e+01 5.384093971542475848e-02
2.020000000000000284e+01 5.230021616969050130e-02
2.030000000000000071e+01 5.075949262395628575e-02
2.040000000000000213e+01 4.923036548386335032e-02
2.050000000000000000e+01 4.770123834377047733e-02
2.060000000000000142e+01 4.622994898571628625e-02
2.070000000000000284e+01 4.475865962766208822e-02
2.080000000000000071e+01 4.335867445552679666e-02
2.090000000000000213e+01 4.195868928339144266e-02
2.100000000000000000e+01 4.062541529821097480e-02
2.110000000000000142e+01 3.929214131303045837e-02
2.120000000000000284e+01 3.802179966837555131e-02
2.130000000000000071e+01 3.675145802372069975e-02
2.140000000000000213e+01 3.554104394674588441e-02
2.150000000000000000e+01 3.433062986977113151e-02
2.160000000000000142e+01 3.317787476174561406e-02
2.170000000000000284e+01 3.202511965372010355e-02
2.180000000000000071e+01 3.092845520598475062e-02
2.190000000000000213e+01 2.983179075824936299e-02
2.200000000000000000e+01 2.879031587511325999e-02
2.210000000000000142e+01 2.774884099197712575e-02
2.220000000000000284e+01 2.676229074959240659e-02
2.230000000000000071e+01 2.577574050720771864e-02
2.240000000000000213e+01 2.484445684480967101e-02
2.250000000000000000e+01 2.391317318241166154e-02
2.260000000000000142e+01 2.303807738483660411e-02
2.270000000000000284e+01 2.216298158726154668e-02
2.280000000000000071e+01 2.134554826396683688e-02
2.290000000000000213e+01 2.052811494067210626e-02
2.300000000000000000e+01 1.976954957172742666e-02
2.310000000000000142e+01 1.901098420278271930e-02
2.320000000000000284e+01 1.829609610772606892e-02
2.330000000000000071e+01 1.758120801266943936e-02
2.340000000000000213e+01 1.690727835054629119e-02
2.350000000000000000e+01 1.623334868842317077e-02
2.360000000000000142e+01 1.559784350153042148e-02
2.370000000000000284e+01 1.496233831463767219e-02
2.380000000000000071e+01 1.436289832063917388e-02
2.390000000000000213e+01 1.376345832664065474e-02
2.400000000000000000e+01 1.319788883911141887e-02
2.410000000000000142e+01 1.263231935158216392e-02
2.420000000000000284e+01 1.209857714730024937e-02
2.430000000000000071e+01 1.156483494301835217e-02
2.440000000000000213e+01 1.106102221491314826e-02
2.450000000000000000e+01 1.055720948680795995e-02
2.460000000000000142e+01 1.008156244526915192e-02
2.470000000000000284e+01 9.605915403730343888e-03
2.480000000000000071e+01 9.156797134106227365e-03
2.490000000000000213e+01 8.707678864482091760e-03
2.500000000000000000e+01 8.283569532948743472e-03
2.510000000000000142e+01 7.859460201415379571e-03
2.520000000000000284e+01 7.458585379797971066e-03
2.530000000000000071e+01 7.057710558180575570e-03
2.540000000000000213e+01 6.678657167373097323e-03
2.550000000000000000e+01 6.299603776565632085e-03
2.560000000000000142e+01 5.941048913567302525e-03
2.570000000000000284e+01 5.582494050568972965e-03
2.580000000000000071e+01 5.243200918925699366e-03
2.590000000000000213e+01 4.903907787282416227e-03
2.600000000000000000e+01 4.582719609986170804e-03
2.610000000000000142e+01 4.261531432689913239e-03
2.620000000000000284e+01 3.957365688355238276e-03
2.630000000000000071e+01 3.653199944020574588e-03
2.640000000000000213e+01 3.365043173185420719e-03
2.650000000000000000e+01 3.076886402350278125e-03
2.660000000000000142e+01 2.803790274426383108e-03
2.670000000000000284e+01 2.530694146502488525e-03
2.680000000000000071e+01 2.271771005033959914e-03
2.690000000000000213e+01 2.012847863565422630e-03
2.700000000000000000e+01 1.767266349024410911e-03
2.710000000000000142e+01 1.521684834483391169e-03
2.720000000000000284e+01 1.288666373003059156e-03
2.730000000000000071e+01 1.055647911522735165e-03
2.740000000000000213e+01 8.342084140213868555e-04
2.750000000000000000e+01 6.127689165200466770e-04
2.760000000000000142e+01 4.023491877109452910e-04
2.770000000000000284e+01 1.919294589018437152e-04
2.780000000000000071e+01 -8.000139883639166623e-06
2.790000000000000213e+01 -2.079297386691287468e-04
2.800000000000000000e+01 -3.978707567943439729e-04
2.810000000000000142e+01 -5.878117749195660565e-04
2.820000000000000284e+01 -7.696070346185206754e-04
2.830000000000000071e+01 -9.514022943174687890e-04
2.840000000000000213e+01 -1.125571657147550258e-03
2.850000000000000000e+01 -1.299741019977624897e-03
2.860000000000000142e+01 -1.466464998802169016e-03
2.870000000000000284e+01 -1.633188977626713351e-03
2.880000000000000071e+01 -1.792804474504532293e-03
2.890000000000000213e+01 -1.952419971382356656e-03
2.900000000000000000e+01 -2.104824834544803853e-03
2.910000000000000142e+01 -2.257229697707256472e-03
2.920000000000000284e+01 -2.401681848790231371e-03
2.930000000000000071e+01 -2.546133999873201499e-03
2.940000000000000213e+01 -2.680998920359417993e-03
2.950000000000000000e+01 -2.815863840845628848e-03
2.960000000000000142e+01 -2.940779202951113516e-03
2.970000000000000284e+01 -3.065694565056598618e-03
2.980000000000000071e+01 -3.179743827878851042e-03
2.990000000000000213e+01 -3.293793090701108237e-03
3.000000000000000000e+01 -3.400214425610407088e-03
3.010000000000000142e+01 -3.506635760519709842e-03
3.020000000000000284e+01 -3.606365256415889221e-03
3.030000000000000071e+01 -3.706094752312065563e-03
3.040000000000000213e+01 -3.799202395456131170e-03
3.050000000000000000e+01 -3.892310038600192874e-03
3.060000000000000142e+01 -3.970094758445435329e-03
3.070000000000000284e+01 -4.047879478290676916e-03
3.080000000000000071e+01 -4.104129420303534795e-03
3.090000000000000213e+01 -4.160379362316394408e-03
3.100000000000000000e+01 -4.192073986549355383e-03
3.110000000000000142e+01 -4.223768610782317225e-03
3.120000000000000284e+01 -4.227638617382616960e-03
3.130000000000000071e+01 -4.231508623982918431e-03
3.140000000000000213e+01 -4.205837487356372736e-03
3.150000000000000000e+01 -4.180166350729827042e-03
3.160000000000000142e+01 -4.124591317137701885e-03
3.170000000000000284e+01 -4.069016283545575860e-03
3.180000000000000071e+01 -3.984360838674292499e-03
3.190000000000000213e+01 -3.899705393803006102e-03
3.200000000000000000e+01 -3.787840281687948358e-03
3.210000000000000142e+01 -3.675975169572887145e-03
3.220000000000000284e+01 -3.539699441415709857e-03
3.230000000000000426e+01 -3.403423713258530402e-03
3.239999999999999858e+01 -3.245984603088794551e-03
3.250000000000000000e+01 -3.088545492919047425e-03
3.260000000000000142e+01 -2.914230642760109753e-03
3.270000000000000284e+01 -2.739915792601171646e-03
3.280000000000000426e+01 -2.553640576130195450e-03
3.289999999999999858e+01 -2.367365359659232265e-03
3.300000000000000000e+01 -2.174537204197612202e-03
3.310000000000000142e+01 -1.981709048735991706e-03
3.320000000000000284e+01 -1.786123682621842002e-03
3.330000000000000426e+01 -1.590538316507692299e-03
3.339999999999999858e+01 -1.396651969777748395e-03
3.350000000000000000e+01 -1.202765623047791048e-03
3.360000000000000142e+01 -1.015029471736793917e-03
3.370000000000000284e+01 -8.272933204257967854e-04
3.380000000000000426e+01 -6.494629683046233967e-04
3.389999999999999858e+01 -4.716326161834624221e-04
3.400000000000000000e+01 -3.071790940068562623e-04
3.410000000000000142e+01 -1.427255718302510240e-04
3.420000000000000284e+01 4.787481038625214863e-06
3.430000000000000426e+01 1.523005339074999867e-04
3.439999999999999858e+01 2.784511116129780093e-04
3.450000000000000000e+01 4.046016893184649224e-04
3.460000000000000142e+01 5.063853438282992035e-04
3.470000000000000284e+01 6.081689983381332676e-04
3.480000000000000426e+01 6.824967500053646637e-04
3.489999999999999858e+01 7.568245016725908556e-04
3.500000000000000000e+01 8.071004594081241127e-04
3.510000000000000142e+01 8.573764171436555268e-04
3.520000000000000284e+01 8.888756674347206808e-04
3.530000000000000426e+01 9.203749177257852928e-04
3.539999999999999858e+01 9.417179379656177287e-04
3.550000000000000000e+01 9.630609582054516825e-04
3.560000000000000142e+01 9.749869036670279860e-04
3.570000000000000284e+01 9.869128491286043980e-04
3.580000000000000426e+01 9.902032001583816693e-04
3.589999999999999858e+01 9.934935511881587238e-04
3.600000000000000000e+01 9.907050417807313630e-04
3.610000000000000142e+01 9.879165323733035686e-04
3.620000000000000284e+01 9.801546520909856005e-04
3.630000000000000426e+01 9.723927718086674155e-04
3.639999999999999858e+01 9.606648779701691850e-04
3.650000000000000000e+01 9.489369841316703039e-04
3.660000000000000142e+01 9.341403846599087134e-04
3.670000000000000284e+01 9.193437851881469062e-04
3.680000000000000426e+01 9.022541268264739223e-04
3.689999999999999858e+01 8.851644684648021311e-04
3.700000000000000000e+01 8.664326561098562116e-04
3.710000000000000142e+01 8.477008437549100753e-04
3.720000000000000284e+01 8.278539080847333075e-04
3.730000000000000426e+01 8.080069724145562144e-04
3.739999999999999858e+01 7.874639561612097440e-04
3.750000000000000000e+01 7.669209399078616473e-04
3.760000000000000142e+01 7.460838357152961521e-04
3.770000000000000284e+01 7.252467315227306569e-04
3.780000000000000426e+01 7.044913133919611598e-04
3.789999999999999858e+01 6.837358952611930722e-04
3.800000000000000000e+01 6.633673522650413486e-04
3.810000000000000142e+01 6.429988092688896251e-04
3.820000000000000284e+01 6.232542695044796660e-04
3.830000000000000426e+01 6.035097297400698153e-04
3.840000000000000568e+01 5.845590501049257540e-04
3.850000000000000000e+01 5.656083704697832107e-04
3.860000000000000142e+01 5.475562799770379054e-04
3.870000000000000284e+01 5.295041894842926001e-04
3.880000000000000426e+01 5.123971293046291177e-04
3.890000000000000568e+01 4.952900691249657438e-04
3.900000000000000000e+01 4.791311143217417338e-04
3.910000000000000142e+01 4.629721595185164770e-04
3.920000000000000284e+01 4.477392729544520675e-04
3.930000000000000426e+01 4.325063863903875496e-04
3.940000000000000568e+01 4.181474017612473240e-04
3.950000000000000000e+01 4.037884171321081284e-04
3.960000000000000142e+01 3.902421337316477803e-04
3.970000000000000284e+01 3.766958503311874321e-04
3.980000000000000426e+01 3.639056837260582801e-04
3.990000000000000568e+01 3.511155171209291281e-04
4.000000000000000000e+01 3.390389065538420882e-04
4.010000000000000142e+01 3.269622959867541810e-04
4.020000000000000284e+01 3.155529113570356586e-04
4.030000000000000426e+01 3.041435267273171362e-04
4.040000000000000568e+01 2.933518294253222242e-04
4.050000000000000000e+01 2.825601321233281254e-04
4.060000000000000142e+01 2.723459153528954863e-04
4.070000000000000284e+01 2.621316985824627931e-04
4.080000000000000426e+01 2.524709319744108667e-04
4.090000000000000568e+01 2.428101653663588860e-04
4.100000000000000000e+01 2.336817516985368183e-04
4.110000000000000142e+01 2.245533380307140729e-04
4.120000000000000284e+01 2.159370317222570397e-04
4.130000000000000426e+01 2.073207254138000337e-04
4.140000000000000568e+01 1.991969912702609518e-04
4.150000000000000000e+01 1.910732571267224390e-04
4.160000000000000142e+01 1.834231782348610560e-04
4.170000000000000284e+01 1.757730993429997544e-04
4.180000000000000426e+01 1.685781181084380258e-04
4.190000000000000568e+01 1.613831368738762430e-04
4.200000000000000000e+01 1.546254766153422225e-04
4.210000000000000142e+01 1.478678163568077411e-04
4.220000000000000284e+01 1.415299979118550306e-04
4.230000000000000426e+01 1.351921794669023471e-04
4.240000000000000568e+01 1.292571956863831396e-04
4.250000000000000000e+01 1.233222119058643117e-04
4.260000000000000142e+01 1.177736209894341356e-04
4.270000000000000284e+01 1.122250300730039596e-04
4.280000000000000426e+01 1.070464598742596087e-04
4.290000000000000568e+01 1.018678896755152578e-04
4.300000000000000000e+01 9.704389545831806300e-05
4.310000000000000142e+01 9.221990124112052942e-05
4.320000000000000284e+01 8.773465151290375016e-05
4.330000000000000426e+01 8.324940178468698444e-05
4.340000000000000568e+01 7.908840911572679580e-05
4.350000000000000000e+01 7.492741644676691886e-05
4.360000000000000142e+01 7.107544390743149028e-05
4.370000000000000284e+01 6.722347136809607524e-05
4.380000000000000426e+01 6.366677406809734990e-05
4.390000000000000568e+01 6.011007676809863133e-05
4.400000000000000000e+01 5.683414909277219079e-05
4.410000000000000142e+01 5.355822141744551309e-05
4.420000000000000284e+01 5.054973205088491721e-05
4.430000000000000426e+01 4.754124268432432810e-05
4.440000000000000568e+01 4.478643803245432414e-05
4.450000000000000000e+01 4.203163338058452347e-05
4.460000000000000142e+01 3.951746039724752851e-05
4.470000000000000284e+01 3.700328741391053356e-05
4.480000000000000426e+01 3.471680355772967176e-05
4.490000000000000568e+01 3.243031970154880997e-05
4.500000000000000000e+01 3.035884378869829544e-05
4.510000000000000142e+01 2.828736787584764200e-05
4.520000000000000284e+01 2.641858549931876371e-05
4.530000000000000426e+01 2.454980312278989219e-05
4.540000000000000568e+01 2.287158670094550152e-05
4.550000000000000000e+01 2.119337027910123960e-05
4.560000000000000142e+01 1.969373838516535081e-05
4.570000000000000284e+01 1.819410649122945862e-05
4.580000000000000426e+01 1.686147966316843067e-05
4.590000000000000568e+01 1.552885283510740272e-05
4.600000000000000000e+01 1.435159642347442760e-05
4.610000000000000142e+01 1.317434001184136438e-05
4.620000000000000284e+01 1.214140491648913692e-05
4.630000000000000426e+01 1.110846982113690777e-05
4.640000000000000568e+01 1.020890428168796478e-05
4.650000000000000000e+01 9.309338742239084468e-06
4.660000000000000142e+01 8.531862895290528252e-06
4.670000000000000284e+01 7.754387048341972036e-06
4.680000000000000426e+01 7.088379579317765585e-06
4.690000000000000568e+01 6.422372110293556593e-06
4.700000000000000000e+01 5.856548203322291175e-06
4.710000000000000142e+01 5.290724296350984252e-06
4.720000000000000284e+01 4.814424914725331649e-06
4.730000000000000426e+01 4.338125533099679893e-06
4.740000000000000568e+01 3.940609588040868136e-06
4.750000000000000000e+01 3.543093642982086025e-06
4.760000000000000142e+01 3.220203048920303986e-06
4.770000000000000284e+01 2.897312454858521099e-06
4.780000000000000426e+01 2.638348628499165420e-06
4.790000000000000568e+01 2.379384802139809740e-06
4.800000000000000000e+01 2.174948293066203968e-06
4.810000000000000142e+01 1.970511783992584220e-06
4.820000000000000284e+01 1.811242021796269400e-06
4.830000000000000426e+01 1.651972259599955214e-06
4.840000000000000568e+01 1.528544992175846585e-06
4.850000000000000000e+01 1.405117724751746427e-06
4.860000000000000142e+01 1.308242625377408196e-06
4.870000000000000284e+01 1.211367526003069541e-06
4.880000000000000426e+01 1.131785958081491558e-06
4.890000000000000568e+01 1.052204390159913787e-06
4.900000000000000000e+01 9.806873192377062884e-07
4.910000000000000142e+01 9.091702483154936015e-07
4.920000000000000284e+01 8.365162916728689654e-07
4.930000000000000426e+01 7.638623350302441174e-07
4.940000000000000568e+01 6.808959397786058157e-07
4.950000000000000000e+01 5.979295445269733374e-07
4.960000000000000142e+01 4.954992857469790964e-07
4.970000000000000284e+01 3.930690269669846966e-07
4.980000000000000426e+01 2.620460179779866743e-07
4.990000000000000568e+01 1.310230089889887050e-07
5.000000000000000000e+01 0.000000000000000000e+00
