0.000000000000000000e+00 6.475637937003412503e+01
1.000000000000000056e-01 6.376522626356819501e+01
2.000000000000000111e-01 6.278172315695922379e+01
3.000000000000000444e-01 6.180587005020716873e+01
4.000000000000000222e-01 6.083766694331207958e+01
5.000000000000000000e-01 5.987711383627394213e+01
6.000000000000000888e-01 5.892421072909276347e+01
7.000000000000000666e-01 5.797895762176851520e+01
8.000000000000000444e-01 5.704135451430120440e+01
9.000000000000000222e-01 5.611140140669087373e+01
1.000000000000000000e+00 5.518909829893748054e+01
1.100000000000000089e+00 5.427444519104103904e+01
1.200000000000000178e+00 5.336744208300153502e+01
1.300000000000000044e+00 5.246808897481897560e+01
1.400000000000000133e+00 5.157638586649338208e+01
1.500000000000000000e+00 5.069233275802473315e+01
1.600000000000000089e+00 4.981592964941303592e+01
1.700000000000000178e+00 4.894717654065827617e+01
1.800000000000000044e+00 4.808607343176046101e+01
1.900000000000000133e+00 4.723262032271960464e+01
2.000000000000000000e+00 4.638681721353569998e+01
2.100000000000000089e+00 4.554866410420874701e+01
2.200000000000000178e+00 4.471816099473873862e+01
2.300000000000000266e+00 4.389530788512566772e+01
2.400000000000000355e+00 4.308010477536956273e+01
2.500000000000000000e+00 4.227255166547040233e+01
2.600000000000000089e+00 4.147264855542819362e+01
2.700000000000000178e+00 4.068039544524292239e+01
2.800000000000000266e+00 3.989579233491459576e+01
2.900000000000000355e+00 3.911883922444322792e+01
3.000000000000000000e+00 3.834953611382881178e+01
3.100000000000000089e+00 3.758788300307134733e+01
3.200000000000000178e+00 3.683387989217082747e+01
3.300000000000000266e+00 3.608752678112724510e+01
3.400000000000000355e+00 3.534882366994062863e+01
3.500000000000000000e+00 3.461777055861095675e+01
3.600000000000000089e+00 3.389436744713823657e+01
3.700000000000000178e+00 3.317861433552245387e+01
3.800000000000000266e+00 3.247051122376361576e+01
3.900000000000000355e+00 3.177005811186173645e+01
4.000000000000000000e+00 3.107725499981680883e+01
4.100000000000000533e+00 3.039210188762881870e+01
4.200000000000000178e+00 2.971459877529780158e+01
4.299999999999999822e+00 2.904474566282370773e+01
4.400000000000000355e+00 2.838254255020657624e+01
4.500000000000000000e+00 2.772798943744639288e+01
4.600000000000000533e+00 2.708108632454314346e+01
4.700000000000000178e+00 2.644183321149687416e+01
4.800000000000000711e+00 2.581023009830752457e+01
4.900000000000000355e+00 2.518627698497513734e+01
5.000000000000000000e+00 2.456997387149969470e+01
5.100000000000000533e+00 2.396132075788119664e+01
5.200000000000000178e+00 2.336031764411965383e+01
5.300000000000000711e+00 2.276696453021505917e+01
5.400000000000000355e+00 2.218126141616741620e+01
5.500000000000000000e+00 2.160320830197671427e+01
5.600000000000000533e+00 2.103280518764296403e+01
5.700000000000000178e+00 2.047005207316616904e+01
5.800000000000000711e+00 1.991494895854631153e+01
5.900000000000000355e+00 1.936749584378341282e+01
6.000000000000000000e+00 1.882769272887746226e+01
6.100000000000000533e+00 1.829553961382845273e+01
6.200000000000000178e+00 1.777103649863639845e+01
6.300000000000000711e+00 1.725418338330129231e+01
6.400000000000000355e+00 1.674498026782313431e+01
6.500000000000000000e+00 1.624342715220192801e+01
6.600000000000000533e+00 1.574952403643766630e+01
6.700000000000000178e+00 1.526327092053035273e+01
6.800000000000000711e+00 1.478466780447998907e+01
6.900000000000000355e+00 1.431371468828657711e+01
7.000000000000000000e+00 1.385041157195011507e+01
7.100000000000000533e+00 1.339475845547059762e+01
7.200000000000000178e+00 1.294675533884803187e+01
7.300000000000000711e+00 1.250640222208241248e+01
7.400000000000000355e+00 1.207369910517374123e+01
7.500000000000000000e+00 1.164864598812202168e+01
7.600000000000000533e+00 1.123124287092724849e+01
7.700000000000000178e+00 1.082148975358942877e+01
7.800000000000000711e+00 1.041938663610855009e+01
7.900000000000000355e+00 1.002493351848462844e+01
8.000000000000000000e+00 9.638130400717653146e+00
8.099999999999999645e+00 9.258977282807627773e+00
8.200000000000001066e+00 8.887474164754541661e+00
8.300000000000000711e+00 8.523621046558414349e+00
8.400000000000000355e+00 8.167417928219235179e+00
8.500000000000000000e+00 7.818864809737003263e+00
8.599999999999999645e+00 7.477961691111721265e+00
8.700000000000001066e+00 7.144708572343382968e+00
8.800000000000000711e+00 6.819105453431997255e+00
8.900000000000000355e+00 6.501152334377563236e+00
9.000000000000000000e+00 6.190849215180076470e+00
9.099999999999999645e+00 5.888196095839537847e+00
9.200000000000001066e+00 5.593192976355943813e+00
9.300000000000000711e+00 5.305839856729303250e+00
9.400000000000000355e+00 5.026136736959611717e+00
9.500000000000000000e+00 4.754083617046869215e+00
9.600000000000001421e+00 4.489680496991070413e+00
9.700000000000001066e+00 4.232927376792225971e+00
9.800000000000000711e+00 3.983824256450329671e+00
9.900000000000000355e+00 3.742371135965382845e+00
1.000000000000000000e+01 3.508568015337384161e+00
1.010000000000000142e+01 3.282414894566330066e+00
1.020000000000000107e+01 3.063911773652229886e+00
1.030000000000000071e+01 2.853058652595078293e+00
1.040000000000000036e+01 2.649855531394874841e+00
1.050000000000000000e+01 2.454302410051620420e+00
1.060000000000000142e+01 2.266399288565311920e+00
1.070000000000000107e+01 2.086146166935955115e+00
1.080000000000000071e+01 1.913543045163547340e+00
1.090000000000000036e+01 1.748589923248088152e+00
1.100000000000000000e+01 1.591286801189577993e+00
1.110000000000000142e+01 1.441633678988013756e+00
1.120000000000000107e+01 1.299630556643401436e+00
1.130000000000000071e+01 1.165277434155737701e+00
1.140000000000000036e+01 1.038574311525022775e+00
1.150000000000000000e+01 9.195211887512567683e-01
1.160000000000000142e+01 8.081180658344376821e-01
1.170000000000000107e+01 7.043649427745692915e-01
1.180000000000000071e+01 6.082618195716497089e-01
1.190000000000000036e+01 5.198086962256790455e-01
1.200000000000000000e+01 4.390055727366569127e-01
1.210000000000000142e+01 3.658524491045825888e-01
1.220000000000000107e+01 3.003493253294583498e-01
1.230000000000000071e+01 2.424962014112829189e-01
1.240000000000000036e+01 1.922930773500563517e-01
1.250000000000000000e+01 1.497399531457785093e-01
1.260000000000000142e+01 1.148368287984489339e-01
1.270000000000000107e+01 8.758370430806883267e-02
1.280000000000000071e+01 6.798057967463753959e-02
1.290000000000000036e+01 5.602745489815503382e-02
1.300000000000000000e+01 5.172432997862133619e-02
1.310000000000000142e+01 5.124620498756202874e-02
1.320000000000000107e+01 5.076807999650272823e-02
1.330000000000000071e+01 5.028995500544342079e-02
1.340000000000000036e+01 4.981183001438413416e-02
1.350000000000000000e+01 4.933370502332484059e-02
1.360000000000000142e+01 4.885558003226553314e-02
1.370000000000000107e+01 4.837745504120623263e-02
1.380000000000000071e+01 4.789933005014692519e-02
1.390000000000000036e+01 4.742120505908761774e-02
1.400000000000000000e+01 4.694308006802831723e-02
1.410000000000000142e+01 4.646495507696900978e-02
1.420000000000000107e+01 4.598683008590970928e-02
1.430000000000000071e+01 4.550870509485040877e-02
1.440000000000000036e+01 4.503058010379110826e-02
1.450000000000000000e+01 4.455245511273180775e-02
1.460000000000000142e+01 4.407433012167250030e-02
1.470000000000000107e+01 4.359620513061319286e-02
1.480000000000000071e+01 4.311808013955389235e-02
1.490000000000000036e+01 4.263995514849458490e-02
1.500000000000000000e+01 4.216183015743528439e-02
1.510000000000000142e+01 4.168370516637597001e-02
1.520000000000000107e+01 4.120558017531666950e-02
1.530000000000000071e+01 4.072745518425736899e-02
1.540000000000000036e+01 4.024933019319807542e-02
1.550000000000000000e+01 3.977120520213876798e-02
1.560000000000000142e+01 3.929308021107946053e-02
1.570000000000000107e+01 3.881495522002016002e-02
1.580000000000000071e+01 3.833683022896085951e-02
1.590000000000000036e+01 3.785870523790155207e-02
1.600000000000000000e+01 3.738058024684225156e-02
1.610000000000000142e+01 3.690245525578293717e-02
1.619999999999999929e+01 3.642433026472365054e-02
1.630000000000000071e+01 3.594620527366433616e-02
1.640000000000000213e+01 3.546808028260502871e-02
1.650000000000000000e+01 3.498995529154574208e-02
1.660000000000000142e+01 3.451183030048642769e-02
1.669999999999999929e+01 3.403370530942713412e-02
1.680000000000000071e+01 3.355558031836782668e-02
1.690000000000000213e+01 3.307745532730851923e-02
1.700000000000000000e+01 3.259933033624921872e-02
1.710000000000000142e+01 3.212120534518990433e-02
1.719999999999999929e+01 3.164308035413061770e-02
1.730000000000000071e+01 3.116495536307130679e-02
1.740000000000000213e+01 3.068683037201199934e-02
1.750000000000000000e+01 3.020870538095270924e-02
1.760000000000000142e+01 2.973058038989339485e-02
1.769999999999999929e+01 2.925245539883409782e-02
1.780000000000000071e+01 2.877433040777479037e-02
1.790000000000000213e+01 2.829620541671547945e-02
1.800000000000000000e+01 2.781825612439735654e-02
1.810000000000000142e+01 2.734030683207921281e-02
1.819999999999999929e+01 2.686628758588192195e-02
1.830000000000000071e+01 2.639226833968461028e-02
1.840000000000000213e+01 2.592018429086263495e-02
1.850000000000000000e+01 2.544810024204067697e-02
1.860000000000000142e+01 2.497621563674201628e-02
1.869999999999999929e+01 2.450433103144336947e-02
1.880000000000000071e+01 2.403114917952307861e-02
1.890000000000000213e+01 2.355796732760279469e-02
1.900000000000000000e+01 2.308221451338124744e-02
1.910000000000000142e+01 2.260646169915968284e-02
1.920000000000000284e+01 2.212707459145884376e-02
1.930000000000000071e+01 2.164768748375801855e-02
1.940000000000000213e+01 2.116380048962070159e-02
1.950000000000000000e+01 2.067991349548340199e-02
1.960000000000000142e+01 2.019084972347398588e-02
1.970000000000000284e+01 1.970178595146456976e-02
1.980000000000000071e+01 1.920704804777011859e-02
1.990000000000000213e+01 1.871231014407564661e-02
2.000000000000000000e+01 1.821157289951143635e-02
2.010000000000000142e+01 1.771083565494720874e-02
2.020000000000000284e+01 1.720401869275385576e-02
2.030000000000000071e+01 1.669720173056052012e-02
2.040000000000000213e+01 1.619419937553389158e-02
2.050000000000000000e+01 1.569119702050728385e-02
2.060000000000000142e+01 1.520722025191634762e-02
2.070000000000000284e+01 1.472324348332541138e-02
2.080000000000000071e+01 1.426272203934423125e-02
2.090000000000000213e+01 1.380220059536303202e-02
2.100000000000000000e+01 1.336362362105024924e-02
2.110000000000000142e+01 1.292504664673745259e-02
2.120000000000000284e+01 1.250717110048890461e-02
2.130000000000000071e+01 1.208929555424037051e-02
2.140000000000000213e+01 1.169113302392342686e-02
2.150000000000000000e+01 1.129297049360650056e-02
2.160000000000000142e+01 1.091377472962930251e-02
2.170000000000000284e+01 1.053457896565210446e-02
2.180000000000000071e+01 1.017383407700188196e-02
2.190000000000000213e+01 9.813089188351647313e-03
2.200000000000000000e+01 9.470498761968459620e-03
2.210000000000000142e+01 9.127908335585261518e-03
2.220000000000000284e+01 8.803385225465427955e-03
2.230000000000000071e+01 8.478862115345604800e-03
2.240000000000000213e+01 8.172518801502146046e-03
2.250000000000000000e+01 7.866175487658697701e-03
2.260000000000000142e+01 7.578315024317888379e-03
2.270000000000000284e+01 7.290454560977078190e-03
2.280000000000000071e+01 7.021562017045451277e-03
2.290000000000000213e+01 6.752669473113816559e-03
2.300000000000000000e+01 6.503141388092955819e-03
2.310000000000000142e+01 6.253613303072084670e-03
2.320000000000000284e+01 6.018452742536782585e-03
2.330000000000000071e+01 5.783292182001489173e-03
2.340000000000000213e+01 5.561604790363381019e-03
2.350000000000000000e+01 5.339917398725281539e-03
2.360000000000000142e+01 5.130869637255778236e-03
2.370000000000000284e+01 4.921821875786274933e-03
2.380000000000000071e+01 4.724637664759802173e-03
2.390000000000000213e+01 4.527453453733321607e-03
2.400000000000000000e+01 4.341410856816808883e-03
2.410000000000000142e+01 4.155368259900290087e-03
2.420000000000000284e+01 3.979795164183350456e-03
2.430000000000000071e+01 3.804222068466416463e-03
2.440000000000000213e+01 3.638494195299567680e-03
2.450000000000000000e+01 3.472766322132724535e-03
2.460000000000000142e+01 3.316303477557924241e-03
2.470000000000000284e+01 3.159840632983124380e-03
2.480000000000000071e+01 3.012104358226608356e-03
2.490000000000000213e+01 2.864368083470085827e-03
2.500000000000000000e+01 2.724858433188764081e-03
2.510000000000000142e+01 2.585348782907437130e-03
2.520000000000000284e+01 2.453482063615422277e-03
2.530000000000000071e+01 2.321615344323412194e-03
2.540000000000000213e+01 2.196926727361579040e-03
2.550000000000000000e+01 2.072238110399751091e-03
2.560000000000000142e+01 1.954292430301856048e-03
2.570000000000000284e+01 1.836346750203961221e-03
2.580000000000000071e+01 1.724737166026052773e-03
2.590000000000000213e+01 1.613127581848141289e-03
2.600000000000000000e+01 1.507473574832803812e-03
2.610000000000000142e+01 1.401819567817462432e-03
2.620000000000000284e+01 1.301765045399221575e-03
2.630000000000000071e+01 1.201710522980984405e-03
2.640000000000000213e+01 1.106922110332614556e-03
2.650000000000000000e+01 1.012133697684248178e-03
2.660000000000000142e+01 9.222994439504324194e-04
2.670000000000000284e+01 8.324651902166168779e-04
2.680000000000000071e+01 7.472931031384635924e-04
2.690000000000000213e+01 6.621210160603074879e-04
2.700000000000000000e+01 5.813376221054873715e-04
2.710000000000000142e+01 5.005542281506643277e-04
2.720000000000000284e+01 4.239034174913457447e-04
2.730000000000000071e+01 3.472526068320299264e-04
2.740000000000000213e+01 2.744106659504352559e-04
2.750000000000000000e+01 2.015687250688432146e-04
2.760000000000000142e+01 1.323517081446586420e-04
2.770000000000000284e+01 6.313469122047402884e-05
2.780000000000000071e+01 -2.631624994745951595e-06
2.790000000000000213e+01 -6.839794120996813432e-05
2.800000000000000000e+01 -1.308785400615013412e-04
2.810000000000000142e+01 -1.933591389130368248e-04
2.820000000000000284e+01 -2.531602119328343415e-04
2.830000000000000071e+01 -3.129612849526297439e-04
2.840000000000000213e+01 -3.702538392340832900e-04
2.850000000000000000e+01 -4.275463935155347220e-04
2.860000000000000142e+01 -4.823898082907499842e-04
2.870000000000000284e+01 -5.372332230659652465e-04
2.880000000000000071e+01 -5.897383213819947173e-04
2.890000000000000213e+01 -6.422434196980259229e-04
2.900000000000000000e+01 -6.923765989989720320e-04
2.910000000000000142e+01 -7.425097782999199843e-04
2.920000000000000284e+01 -7.900269338576866975e-04
2.930000000000000071e+01 -8.375440894154515675e-04
2.940000000000000213e+01 -8.819075506583951007e-04
2.950000000000000000e+01 -9.262710119013367908e-04
2.960000000000000142e+01 -9.673615920569177302e-04
2.970000000000000284e+01 -1.008452172212498561e-03
2.980000000000000071e+01 -1.045968377559005963e-03
2.990000000000000213e+01 -1.083484582905514882e-03
3.000000000000000000e+01 -1.118491601407064443e-03
3.010000000000000142e+01 -1.153498619908615089e-03
3.020000000000000284e+01 -1.186304375549279613e-03
3.030000000000000071e+01 -1.219110131189943052e-03
3.040000000000000213e+01 -1.249737645766394248e-03
3.050000000000000000e+01 -1.280365160342844576e-03
3.060000000000000142e+01 -1.305952239560381279e-03
3.070000000000000284e+01 -1.331539318777918198e-03
3.080000000000000071e+01 -1.350042589409070027e-03
3.090000000000000213e+01 -1.368545860040222290e-03
3.100000000000000000e+01 -1.378971723405576213e-03
3.110000000000000142e+01 -1.389397586770930570e-03
3.120000000000000284e+01 -1.390670615273845862e-03
3.130000000000000071e+01 -1.391943643776761370e-03
3.140000000000000213e+01 -1.383499190833117811e-03
3.150000000000000000e+01 -1.375054737889474686e-03
3.160000000000000142e+01 -1.356773476610033695e-03
3.170000000000000284e+01 -1.338492215330592703e-03
3.180000000000000071e+01 -1.310645029168234490e-03
3.190000000000000213e+01 -1.282797843005874976e-03
3.200000000000000000e+01 -1.246000108295750117e-03
3.210000000000000142e+01 -1.209202373585623958e-03
3.220000000000000284e+01 -1.164374830866146205e-03
3.230000000000000426e+01 -1.119547288146667801e-03
3.239999999999999858e+01 -1.067758106519912497e-03
3.250000000000000000e+01 -1.015968924893153290e-03
3.260000000000000142e+01 -9.586285129371333036e-04
3.270000000000000284e+01 -9.012881009811132089e-04
3.280000000000000426e+01 -8.400133579520269829e-04
3.289999999999999858e+01 -7.787386149229449852e-04
3.300000000000000000e+01 -7.153082998304139718e-04
3.310000000000000142e+01 -6.518779847378827416e-04
3.320000000000000284e+01 -5.875406924456383741e-04
3.330000000000000426e+01 -5.232034001533940066e-04
3.339999999999999858e+01 -4.594249958234938131e-04
3.350000000000000000e+01 -3.956465914935890118e-04
3.360000000000000142e+01 -3.338912777874129237e-04
3.370000000000000284e+01 -2.721359640812368356e-04
3.380000000000000426e+01 -2.136391369915492406e-04
3.389999999999999858e+01 -1.551423099018657656e-04
3.400000000000000000e+01 -1.010457558754756336e-04
3.410000000000000142e+01 -4.694920184908584046e-05
3.420000000000000284e+01 1.574829308782955704e-06
3.430000000000000426e+01 5.009886046665126694e-05
3.439999999999999858e+01 9.159576154838126102e-05
3.450000000000000000e+01 1.330926626301141824e-04
3.460000000000000142e+01 1.665741283495387689e-04
3.470000000000000284e+01 2.000555940689633554e-04
3.480000000000000426e+01 2.245055126873586647e-04
3.489999999999999858e+01 2.489554313057522664e-04
3.500000000000000000e+01 2.654935755052303318e-04
3.510000000000000142e+01 2.820317197047078010e-04
3.520000000000000284e+01 2.923933153252107164e-04
3.530000000000000426e+01 3.027549109457133608e-04
3.539999999999999858e+01 3.097756413758620151e-04
3.550000000000000000e+01 3.167963718060112116e-04
3.560000000000000142e+01 3.207193802307570533e-04
3.570000000000000284e+01 3.246423886555028951e-04
3.580000000000000426e+01 3.257247409815113384e-04
3.589999999999999858e+01 3.268070933075197817e-04
3.600000000000000000e+01 3.258898204646189299e-04
3.610000000000000142e+01 3.249725476217179697e-04
3.620000000000000284e+01 3.224192974968110984e-04
3.630000000000000426e+01 3.198660473719041730e-04
3.639999999999999858e+01 3.160081875081989641e-04
3.650000000000000000e+01 3.121503276444934842e-04
3.660000000000000142e+01 3.072830251256005937e-04
3.670000000000000284e+01 3.024157226067076491e-04
3.680000000000000426e+01 2.967941243908787463e-04
3.689999999999999858e+01 2.911725261750501689e-04
3.700000000000000000e+01 2.850107457178135462e-04
3.710000000000000142e+01 2.788489652605769778e-04
3.720000000000000284e+01 2.723203679187272716e-04
3.730000000000000426e+01 2.657917705768775112e-04
3.739999999999999858e+01 2.590341993561119140e-04
3.750000000000000000e+01 2.522766281353458289e-04
3.760000000000000142e+01 2.454223174596758660e-04
3.770000000000000284e+01 2.385680067840059032e-04
3.780000000000000426e+01 2.317405665237375631e-04
3.789999999999999858e+01 2.249131262634697381e-04
3.800000000000000000e+01 2.182129475622384079e-04
3.810000000000000142e+01 2.115127688610070507e-04
3.820000000000000284e+01 2.050178543833191310e-04
3.830000000000000426e+01 1.985229399056312384e-04
3.840000000000000568e+01 1.922891636316365895e-04
3.850000000000000000e+01 1.860553873576424285e-04
3.860000000000000142e+01 1.801171996210407364e-04
3.870000000000000284e+01 1.741790118844390172e-04
3.880000000000000426e+01 1.685516893863045452e-04
3.890000000000000568e+01 1.629243668881700732e-04
3.900000000000000000e+01 1.576089211625147826e-04
3.910000000000000142e+01 1.522934754368590582e-04
3.920000000000000284e+01 1.472826574252761821e-04
3.930000000000000426e+01 1.422718394136932517e-04
3.940000000000000568e+01 1.375484891474690081e-04
3.950000000000000000e+01 1.328251388812450896e-04
3.960000000000000142e+01 1.283691245488622484e-04
3.970000000000000284e+01 1.239131102164794343e-04
3.980000000000000426e+01 1.197058185172608126e-04
3.990000000000000568e+01 1.154985268180422044e-04
4.000000000000000000e+01 1.115259575027038609e-04
4.010000000000000142e+01 1.075533881873652462e-04
4.020000000000000284e+01 1.038003010910206890e-04
4.030000000000000426e+01 1.000472139946761453e-04
4.040000000000000568e+01 9.649731352184296254e-05
4.050000000000000000e+01 9.294741304901005079e-05
4.060000000000000142e+01 8.958747327973236166e-05
4.070000000000000284e+01 8.622753351045465899e-05
4.080000000000000426e+01 8.304964971792881483e-05
4.090000000000000568e+01 7.987176592540295712e-05
4.100000000000000000e+01 7.686899823383433450e-05
4.110000000000000142e+01 7.386623054226552215e-05
4.120000000000000284e+01 7.103191922102293954e-05
4.130000000000000426e+01 6.819760789978035692e-05
4.140000000000000568e+01 6.552532689797821691e-05
4.150000000000000000e+01 6.285304589617626662e-05
4.160000000000000142e+01 6.033657254490745313e-05
4.170000000000000284e+01 5.782009919363864642e-05
4.180000000000000426e+01 5.545332902099165751e-05
4.190000000000000568e+01 5.308655884834465505e-05
4.200000000000000000e+01 5.086364426172245969e-05
4.210000000000000142e+01 4.864072967510010170e-05
4.220000000000000284e+01 4.655592094994160307e-05
4.230000000000000426e+01 4.447111222478311121e-05
4.240000000000000568e+01 4.251881490406157684e-05
4.250000000000000000e+01 4.056651758334017799e-05
4.260000000000000142e+01 3.874132318003234416e-05
4.270000000000000284e+01 3.691612877672451032e-05
4.280000000000000426e+01 3.521265171628804687e-05
4.290000000000000568e+01 3.350917465585159018e-05
4.300000000000000000e+01 3.192233443291397617e-05
4.310000000000000142e+01 3.033549420997624696e-05
4.320000000000000284e+01 2.886008309665413191e-05
4.330000000000000426e+01 2.738467198333201347e-05
4.340000000000000568e+01 2.601592437768274671e-05
4.350000000000000000e+01 2.464717677203358159e-05
4.360000000000000142e+01 2.338008052608907215e-05
4.370000000000000284e+01 2.211298428014456610e-05
4.380000000000000426e+01 2.094301804835857985e-05
4.390000000000000568e+01 1.977305181657259699e-05
4.400000000000000000e+01 1.869544401511407403e-05
4.410000000000000142e+01 1.761783621365547314e-05
4.420000000000000284e+01 1.662820154118436336e-05
4.430000000000000426e+01 1.563856686871325697e-05
4.440000000000000568e+01 1.473238111659541617e-05
4.450000000000000000e+01 1.382619536447763636e-05
4.460000000000000142e+01 1.299916476747575954e-05
4.470000000000000284e+01 1.217213417047388271e-05
4.480000000000000426e+01 1.142000131360794342e-05
4.490000000000000568e+01 1.066786845674200414e-05
4.500000000000000000e+01 9.986461897911705788e-06
4.510000000000000142e+01 9.305055339081360006e-06
4.520000000000000284e+01 8.690324286456686120e-06
4.530000000000000426e+01 8.075593233832013929e-06
4.540000000000000568e+01 7.523548351298057978e-06
4.550000000000000000e+01 6.971503468764141837e-06
4.560000000000000142e+01 6.478203497463553557e-06
4.570000000000000284e+01 5.984903526162963583e-06
4.580000000000000426e+01 5.546539432484249648e-06
4.590000000000000568e+01 5.108175338805536560e-06
4.600000000000000000e+01 4.720919935382642031e-06
4.610000000000000142e+01 4.333664531959719551e-06
4.620000000000000284e+01 3.993883246330162003e-06
4.630000000000000426e+01 3.654101960700604032e-06
4.640000000000000568e+01 3.358192240063431865e-06
4.650000000000000000e+01 3.062282519426280449e-06
4.660000000000000142e+01 2.806533882352401730e-06
4.670000000000000284e+01 2.550785245278522164e-06
4.680000000000000426e+01 2.331703838245134088e-06
4.690000000000000568e+01 2.112622431211745589e-06
4.700000000000000000e+01 1.926496143688252158e-06
4.710000000000000142e+01 1.740369856164745175e-06
4.720000000000000284e+01 1.583692426032369603e-06
4.730000000000000426e+01 1.427014995899994032e-06
4.740000000000000568e+01 1.296253170226645623e-06
4.750000000000000000e+01 1.165491344553306744e-06
4.760000000000000142e+01 1.059277332015962868e-06
4.770000000000000284e+01 9.530633194786188866e-07
4.780000000000000426e+01 8.678778492125256412e-07
4.790000000000000568e+01 7.826923789464323957e-07
4.800000000000000000e+01 7.154435264336213501e-07
4.810000000000000142e+01 6.481946739208054341e-07
4.820000000000000284e+01 5.958033041198558990e-07
4.830000000000000426e+01 5.434119343189064699e-07
4.840000000000000568e+01 5.028108589988680262e-07
4.850000000000000000e+01 4.622097836788323884e-07
4.860000000000000142e+01 4.303429742742401144e-07
4.870000000000000284e+01 3.984761648696476286e-07
4.880000000000000426e+01 3.722980171985308364e-07
4.890000000000000568e+01 3.461198695274140971e-07
4.900000000000000000e+01 3.225945169551679285e-07
4.910000000000000142e+01 2.990691643829200130e-07
4.920000000000000284e+01 2.751698362400543078e-07
4.930000000000000426e+01 2.512705080971886026e-07
4.940000000000000568e+01 2.239789303693170928e-07
4.950000000000000000e+01 1.966873526414475153e-07
4.960000000000000142e+01 1.629931881462749165e-07
4.970000000000000284e+01 1.292990236511023178e-07
4.980000000000000426e+01 8.619934910073384180e-08
4.990000000000000568e+01 4.309967455036539227e-08
5.000000000000000000e+01 0.000000000000000000e+00
