0.000000000000000000e+00 3.258981164195971019e+02
1.000000000000000056e-01 3.209099602931574964e+02
2.000000000000000111e-01 3.159603041657643416e+02
3.000000000000000444e-01 3.110491480374173534e+02
4.000000000000000222e-01 3.061764919081167591e+02
5.000000000000000000e-01 3.013423357778625018e+02
6.000000000000000888e-01 2.965466796466545816e+02
7.000000000000000666e-01 2.917895235144929984e+02
8.000000000000000444e-01 2.870708673813775818e+02
9.000000000000000222e-01 2.823907112473086727e+02
1.000000000000000000e+00 2.777490551122860438e+02
1.100000000000000089e+00 2.731458989763097520e+02
1.200000000000000178e+00 2.685812428393797973e+02
1.300000000000000044e+00 2.640550867014960659e+02
1.400000000000000133e+00 2.595674305626587852e+02
1.500000000000000000e+00 2.551182744228677564e+02
1.600000000000000089e+00 2.507076182821230930e+02
1.700000000000000178e+00 2.463354621404247098e+02
1.800000000000000044e+00 2.420018059977726068e+02
1.900000000000000133e+00 2.377066498541669262e+02
2.000000000000000000e+00 2.334499937096075541e+02
2.100000000000000089e+00 2.292318375640945192e+02
2.200000000000000178e+00 2.250521814176277928e+02
2.300000000000000266e+00 2.209110252702073467e+02
2.400000000000000355e+00 2.168083691218332945e+02
2.500000000000000000e+00 2.127442129725055509e+02
2.600000000000000089e+00 2.087185568222241443e+02
2.700000000000000178e+00 2.047314006709890180e+02
2.800000000000000266e+00 2.007827445188002002e+02
2.900000000000000355e+00 1.968725883656577480e+02
3.000000000000000000e+00 1.930009322115616328e+02
3.100000000000000089e+00 1.891677760565118547e+02
3.200000000000000178e+00 1.853731199005084136e+02
3.300000000000000266e+00 1.816169637435511959e+02
3.400000000000000355e+00 1.778993075856403721e+02
3.500000000000000000e+00 1.742201514267758853e+02
3.600000000000000089e+00 1.705794952669577640e+02
3.700000000000000178e+00 1.669773391061858945e+02
3.800000000000000266e+00 1.634136829444603336e+02
3.900000000000000355e+00 1.598885267817811098e+02
4.000000000000000000e+00 1.564018706181482798e+02
4.100000000000000533e+00 1.529537144535617017e+02
4.200000000000000178e+00 1.495440582880215459e+02
4.299999999999999822e+00 1.461729021215275850e+02
4.400000000000000355e+00 1.428402459540800464e+02
4.500000000000000000e+00 1.395460897856788165e+02
4.600000000000000533e+00 1.362904336163238668e+02
4.700000000000000178e+00 1.330732774460153394e+02
4.800000000000000711e+00 1.298946212747530353e+02
4.900000000000000355e+00 1.267544651025371252e+02
5.000000000000000000e+00 1.236528089293675094e+02
5.100000000000000533e+00 1.205896527552441881e+02
5.200000000000000178e+00 1.175649965801672465e+02
5.300000000000000711e+00 1.145788404041365993e+02
5.400000000000000355e+00 1.116311842271523034e+02
5.500000000000000000e+00 1.087220280492143161e+02
5.600000000000000533e+00 1.058513718703226374e+02
5.700000000000000178e+00 1.030192156904773242e+02
5.800000000000000711e+00 1.002255595096783054e+02
5.900000000000000355e+00 9.747040332792563788e+01
6.000000000000000000e+00 9.475374714521929320e+01
6.100000000000000533e+00 9.207559096155922873e+01
6.200000000000000178e+00 8.943593477694552973e+01
6.300000000000000711e+00 8.683477859137815358e+01
6.400000000000000355e+00 8.427212240485711447e+01
6.500000000000000000e+00 8.174796621738239821e+01
6.600000000000000533e+00 7.926231002895397637e+01
6.700000000000000178e+00 7.681515383957190579e+01
6.800000000000000711e+00 7.440649764923614384e+01
6.900000000000000355e+00 7.203634145794671895e+01
7.000000000000000000e+00 6.970468526570363110e+01
7.100000000000000533e+00 6.741152907250685189e+01
7.200000000000000178e+00 6.515687287835642394e+01
7.300000000000000711e+00 6.294071668325229041e+01
7.400000000000000355e+00 6.076306048719449393e+01
7.500000000000000000e+00 5.862390429018302029e+01
7.600000000000000533e+00 5.652324809221786950e+01
7.700000000000000178e+00 5.446109189329906286e+01
7.800000000000000711e+00 5.243743569342655064e+01
7.900000000000000355e+00 5.045227949260039679e+01
8.000000000000000000e+00 4.850562329082055868e+01
8.099999999999999645e+00 4.659746708808705051e+01
8.200000000000001066e+00 4.472781088439982966e+01
8.300000000000000711e+00 4.289665467975897428e+01
8.400000000000000355e+00 4.110399847416444175e+01
8.500000000000000000e+00 3.934984226761623205e+01
8.599999999999999645e+00 3.763418606011434520e+01
8.700000000000001066e+00 3.595702985165876697e+01
8.800000000000000711e+00 3.431837364224952580e+01
8.900000000000000355e+00 3.271821743188662879e+01
9.000000000000000000e+00 3.115656122057004751e+01
9.099999999999999645e+00 2.963340500829979263e+01
9.200000000000001066e+00 2.814874879507583927e+01
9.300000000000000711e+00 2.670259258089823007e+01
9.400000000000000355e+00 2.529493636576695792e+01
9.500000000000000000e+00 2.392578014968200506e+01
9.600000000000001421e+00 2.259512393264335017e+01
9.700000000000001066e+00 2.130296771465105365e+01
9.800000000000000711e+00 2.004931149570507642e+01
9.900000000000000355e+00 1.883415527580542914e+01
1.000000000000000000e+01 1.765749905495210470e+01
1.010000000000000142e+01 1.651934283314508178e+01
1.020000000000000107e+01 1.541968661038441013e+01
1.030000000000000071e+01 1.435853038667006487e+01
1.040000000000000036e+01 1.333587416200204245e+01
1.050000000000000000e+01 1.235171793638034465e+01
1.060000000000000142e+01 1.140606170980495726e+01
1.070000000000000107e+01 1.049890548227591225e+01
1.080000000000000071e+01 9.630249253793191855e+00
1.090000000000000036e+01 8.800093024356797855e+00
1.100000000000000000e+01 8.008436793966728473e+00
1.110000000000000142e+01 7.255280562622971274e+00
1.120000000000000107e+01 6.540624330325554681e+00
1.130000000000000071e+01 5.864468097074461816e+00
1.140000000000000036e+01 5.226811862869695346e+00
1.150000000000000000e+01 4.627655627711253494e+00
1.160000000000000142e+01 4.066999391599129154e+00
1.170000000000000107e+01 3.544843154533338758e+00
1.180000000000000071e+01 3.061186916513874756e+00
1.190000000000000036e+01 2.616030677540735816e+00
1.200000000000000000e+01 2.209374437613921494e+00
1.210000000000000142e+01 1.841218196733427570e+00
1.220000000000000107e+01 1.511561954899265592e+00
1.230000000000000071e+01 1.220405712111428898e+00
1.240000000000000036e+01 9.677494683699179312e-01
1.250000000000000000e+01 7.535932236747321378e-01
1.260000000000000142e+01 5.779369780258689637e-01
1.270000000000000107e+01 4.407807314233346818e-01
1.280000000000000071e+01 3.421244838671257948e-01
1.290000000000000036e+01 2.819682353572423028e-01
1.300000000000000000e+01 2.603119858936842612e-01
1.310000000000000142e+01 2.579057359532889171e-01
1.320000000000000107e+01 2.554994860128935730e-01
1.330000000000000071e+01 2.530932360724981733e-01
1.340000000000000036e+01 2.506869861321028847e-01
1.350000000000000000e+01 2.482807361917075961e-01
1.360000000000000142e+01 2.458744862513122242e-01
1.370000000000000107e+01 2.434682363109168801e-01
1.380000000000000071e+01 2.410619863705215082e-01
1.390000000000000036e+01 2.386557364301261364e-01
1.400000000000000000e+01 2.362494864897307922e-01
1.410000000000000142e+01 2.338432365493354204e-01
1.420000000000000107e+01 2.314369866089400485e-01
1.430000000000000071e+01 2.290307366685447321e-01
1.440000000000000036e+01 2.266244867281493880e-01
1.450000000000000000e+01 2.242182367877540439e-01
1.460000000000000142e+01 2.218119868473586442e-01
1.470000000000000107e+01 2.194057369069633001e-01
1.480000000000000071e+01 2.169994869665679282e-01
1.490000000000000036e+01 2.145932370261725841e-01
1.500000000000000000e+01 2.121869870857772400e-01
1.510000000000000142e+01 2.097807371453818404e-01
1.520000000000000107e+01 2.073744872049864962e-01
1.530000000000000071e+01 2.049682372645911521e-01
1.540000000000000036e+01 2.025619873241958357e-01
1.550000000000000000e+01 2.001557373838004639e-01
1.560000000000000142e+01 1.977494874434050920e-01
1.570000000000000107e+01 1.953432375030097479e-01
1.580000000000000071e+01 1.929369875626144037e-01
1.590000000000000036e+01 1.905307376222190319e-01
1.600000000000000000e+01 1.881244876818236877e-01
1.610000000000000142e+01 1.857182377414282604e-01
1.619999999999999929e+01 1.833119878010329995e-01
1.630000000000000071e+01 1.809057378606375999e-01
1.640000000000000213e+01 1.784994879202422280e-01
1.650000000000000000e+01 1.760932379798469394e-01
1.660000000000000142e+01 1.736869880394515397e-01
1.669999999999999929e+01 1.712807380990562234e-01
1.680000000000000071e+01 1.688744881586608515e-01
1.690000000000000213e+01 1.664682382182654519e-01
1.700000000000000000e+01 1.640619882778701355e-01
1.710000000000000142e+01 1.616557383374747359e-01
1.719999999999999929e+01 1.592494883970794473e-01
1.730000000000000071e+01 1.568432384566840476e-01
1.740000000000000213e+01 1.544369885162886757e-01
1.750000000000000000e+01 1.520307385758933871e-01
1.760000000000000142e+01 1.496244886354979875e-01
1.769999999999999929e+01 1.472182386951026711e-01
1.780000000000000071e+01 1.448119887547072715e-01
1.790000000000000213e+01 1.424057388143118996e-01
1.800000000000000000e+01 1.400003731094059956e-01
1.810000000000000142e+01 1.375950074045000082e-01
1.819999999999999929e+01 1.352094203629579383e-01
1.830000000000000071e+01 1.328238333214157851e-01
1.840000000000000213e+01 1.304479855084354767e-01
1.850000000000000000e+01 1.280721376954552515e-01
1.860000000000000142e+01 1.256972936178476219e-01
1.869999999999999929e+01 1.233224495402400755e-01
1.880000000000000071e+01 1.209410768358834681e-01
1.890000000000000213e+01 1.185597041315269162e-01
1.900000000000000000e+01 1.161653925973667317e-01
1.910000000000000142e+01 1.137710810632064778e-01
1.920000000000000284e+01 1.113584792940001261e-01
1.930000000000000071e+01 1.089458775247938438e-01
1.940000000000000213e+01 1.065106292684303013e-01
1.950000000000000000e+01 1.040753810120668421e-01
1.960000000000000142e+01 1.016140796907535060e-01
1.970000000000000284e+01 9.915277836944018375e-02
1.980000000000000071e+01 9.666292096073501872e-02
1.990000000000000213e+01 9.417306355202975654e-02
2.000000000000000000e+01 9.165301338226794492e-02
2.010000000000000142e+01 8.913296321250603615e-02
2.020000000000000284e+01 8.658231577120160949e-02
2.030000000000000071e+01 8.403166832989727997e-02
2.040000000000000213e+01 8.150021858467484948e-02
2.050000000000000000e+01 7.896876883945253001e-02
2.060000000000000142e+01 7.653306877701794575e-02
2.070000000000000284e+01 7.409736871458337537e-02
2.080000000000000071e+01 7.177971178835704236e-02
2.090000000000000213e+01 6.946205486213061220e-02
2.100000000000000000e+01 6.725483742310740809e-02
2.110000000000000142e+01 6.504761998408412071e-02
2.120000000000000284e+01 6.294458620200657495e-02
2.130000000000000071e+01 6.084155241992907776e-02
2.140000000000000213e+01 5.883772793311413396e-02
2.150000000000000000e+01 5.683390344629928037e-02
2.160000000000000142e+01 5.492553261956888144e-02
2.170000000000000284e+01 5.301716179283848945e-02
2.180000000000000071e+01 5.120164831196113986e-02
2.190000000000000213e+01 4.938613483108373475e-02
2.200000000000000000e+01 4.766198694406748038e-02
2.210000000000000142e+01 4.593783905705116355e-02
2.220000000000000284e+01 4.430461818597163787e-02
2.230000000000000071e+01 4.267139731489216770e-02
2.240000000000000213e+01 4.112966953562846584e-02
2.250000000000000000e+01 3.958794175636481949e-02
2.260000000000000142e+01 3.813923224377192833e-02
2.270000000000000284e+01 3.669052273117903024e-02
2.280000000000000071e+01 3.533727268169985919e-02
2.290000000000000213e+01 3.398402263222063957e-02
2.300000000000000000e+01 3.272822770215822602e-02
2.310000000000000142e+01 3.147243277209575002e-02
2.320000000000000284e+01 3.028894499096610252e-02
2.330000000000000071e+01 2.910545720983649318e-02
2.340000000000000213e+01 2.798977557241830519e-02
2.350000000000000000e+01 2.687409393500015883e-02
2.360000000000000142e+01 2.582202350784822825e-02
2.370000000000000284e+01 2.476995308069629767e-02
2.380000000000000071e+01 2.377758810312392487e-02
2.390000000000000213e+01 2.278522312555152085e-02
2.400000000000000000e+01 2.184893032322479320e-02
2.410000000000000142e+01 2.091263752089803779e-02
2.420000000000000284e+01 2.002903436481136279e-02
2.430000000000000071e+01 1.914543120872471207e-02
2.440000000000000213e+01 1.831137590438669527e-02
2.450000000000000000e+01 1.747732060004870622e-02
2.460000000000000142e+01 1.668989321710000195e-02
2.470000000000000284e+01 1.590246583415129769e-02
2.480000000000000071e+01 1.515895648204757841e-02
2.490000000000000213e+01 1.441544712994382964e-02
2.500000000000000000e+01 1.371333974390181835e-02
2.510000000000000142e+01 1.301123235785977932e-02
2.520000000000000284e+01 1.234758939551735407e-02
2.530000000000000071e+01 1.168394643317495138e-02
2.540000000000000213e+01 1.105642856077163408e-02
2.550000000000000000e+01 1.042891068836833759e-02
2.560000000000000142e+01 9.835327857492534923e-03
2.570000000000000284e+01 9.241745026616732250e-03
2.580000000000000071e+01 8.680049737105434426e-03
2.590000000000000213e+01 8.118354447594119255e-03
2.600000000000000000e+01 7.586631670418363983e-03
2.610000000000000142e+01 7.054908893242587895e-03
2.620000000000000284e+01 6.551366528573940133e-03
2.630000000000000071e+01 6.047824163905310586e-03
2.640000000000000213e+01 5.570784443015631623e-03
2.650000000000000000e+01 5.093744722125970008e-03
2.660000000000000142e+01 4.641637696275810986e-03
2.670000000000000284e+01 4.189530670425653698e-03
2.680000000000000071e+01 3.760886836098795843e-03
2.690000000000000213e+01 3.332243001771923677e-03
2.700000000000000000e+01 2.925686054271535875e-03
2.710000000000000142e+01 2.519129106771133761e-03
2.720000000000000284e+01 2.133370127363667240e-03
2.730000000000000071e+01 1.747611147956214380e-03
2.740000000000000213e+01 1.381020990189541203e-03
2.750000000000000000e+01 1.014430832422881252e-03
2.760000000000000142e+01 6.660837558997357482e-04
2.770000000000000284e+01 3.177366793765899733e-04
2.780000000000000071e+01 -1.324412571014292013e-05
2.790000000000000213e+01 -3.442249307968869030e-04
2.800000000000000000e+01 -6.586697727811458968e-04
2.810000000000000142e+01 -9.731146147654163832e-04
2.820000000000000284e+01 -1.274074261469217628e-03
2.830000000000000071e+01 -1.575033908173008356e-03
2.840000000000000213e+01 -1.863368983525189688e-03
2.850000000000000000e+01 -2.151704058877360395e-03
2.860000000000000142e+01 -2.427713399534417015e-03
2.870000000000000284e+01 -2.703722740191474069e-03
2.880000000000000071e+01 -2.967964083053486850e-03
2.890000000000000213e+01 -3.232205425915508305e-03
2.900000000000000000e+01 -3.484509660081274579e-03
2.910000000000000142e+01 -3.736813894247049527e-03
2.920000000000000284e+01 -3.975952518804851121e-03
2.930000000000000071e+01 -4.215091143362643608e-03
2.940000000000000213e+01 -4.438358234536976532e-03
2.950000000000000000e+01 -4.661625325711299915e-03
2.960000000000000142e+01 -4.868421054650541417e-03
2.970000000000000284e+01 -5.075216783589783787e-03
2.980000000000000071e+01 -5.264023828958588891e-03
2.990000000000000213e+01 -5.452830874327400934e-03
3.000000000000000000e+01 -5.629009985977987546e-03
3.010000000000000142e+01 -5.805189097628579362e-03
3.020000000000000284e+01 -5.970289958347199492e-03
3.030000000000000071e+01 -6.135390819065814419e-03
3.040000000000000213e+01 -6.289529290181420859e-03
3.050000000000000000e+01 -6.443667761297021228e-03
3.060000000000000142e+01 -6.572439335662295934e-03
3.070000000000000284e+01 -6.701210910027569773e-03
3.080000000000000071e+01 -6.794331944664736000e-03
3.090000000000000213e+01 -6.887452979301905698e-03
3.100000000000000000e+01 -6.939923010299178796e-03
3.110000000000000142e+01 -6.992393041296454496e-03
3.120000000000000284e+01 -6.998799786010792036e-03
3.130000000000000071e+01 -7.005206530725129575e-03
3.140000000000000213e+01 -6.962708303750431670e-03
3.150000000000000000e+01 -6.920210076775735498e-03
3.160000000000000142e+01 -6.828206344097912349e-03
3.170000000000000284e+01 -6.736202611420089199e-03
3.180000000000000071e+01 -6.596056642695686048e-03
3.190000000000000213e+01 -6.455910673971275958e-03
3.200000000000000000e+01 -6.270719461194992905e-03
3.210000000000000142e+01 -6.085528248418702914e-03
3.220000000000000284e+01 -5.859925583814553328e-03
3.230000000000000426e+01 -5.634322919210402007e-03
3.239999999999999858e+01 -5.373684555743122628e-03
3.250000000000000000e+01 -5.113046192275825033e-03
3.260000000000000142e+01 -4.824470264575980022e-03
3.270000000000000284e+01 -4.535894336876135011e-03
3.280000000000000426e+01 -4.227518181020287723e-03
3.289999999999999858e+01 -3.919142025164461252e-03
3.300000000000000000e+01 -3.599917565525767495e-03
3.310000000000000142e+01 -3.280693105887072872e-03
3.320000000000000284e+01 -2.956904120499756657e-03
3.330000000000000426e+01 -2.633115135112440008e-03
3.339999999999999858e+01 -2.312138853832262746e-03
3.350000000000000000e+01 -1.991162572552062065e-03
3.360000000000000142e+01 -1.680367858401361162e-03
3.370000000000000284e+01 -1.369573144250660042e-03
3.380000000000000426e+01 -1.075177349573573941e-03
3.389999999999999858e+01 -7.807815548965088732e-04
3.400000000000000000e+01 -5.085309251747715219e-04
3.410000000000000142e+01 -2.362802954530358510e-04
3.420000000000000284e+01 7.925611505887235350e-06
3.430000000000000426e+01 2.521315184648078721e-04
3.439999999999999858e+01 4.609721304840190201e-04
3.450000000000000000e+01 6.698127425032448590e-04
3.460000000000000142e+01 8.383142356237370443e-04
3.470000000000000284e+01 1.006815728744229121e-03
3.480000000000000426e+01 1.129864338037458440e-03
3.489999999999999858e+01 1.252912947330679086e-03
3.500000000000000000e+01 1.336144130051491975e-03
3.510000000000000142e+01 1.419375312772302045e-03
3.520000000000000284e+01 1.471521904794184828e-03
3.530000000000000426e+01 1.523668496816066309e-03
3.539999999999999858e+01 1.559001584387265538e-03
3.550000000000000000e+01 1.594334671958467153e-03
3.560000000000000142e+01 1.614077916852027245e-03
3.570000000000000284e+01 1.633821161745587554e-03
3.580000000000000426e+01 1.639268294333604947e-03
3.589999999999999858e+01 1.644715426921622122e-03
3.600000000000000000e+01 1.640099086498448926e-03
3.610000000000000142e+01 1.635482746075274862e-03
3.620000000000000284e+01 1.622633055982188781e-03
3.630000000000000426e+01 1.609783365889102483e-03
3.639999999999999858e+01 1.590367992836697270e-03
3.650000000000000000e+01 1.570952619784290755e-03
3.660000000000000142e+01 1.546457045164725255e-03
3.670000000000000284e+01 1.521961470545159754e-03
3.680000000000000426e+01 1.493669767277787082e-03
3.689999999999999858e+01 1.465378064010416361e-03
3.700000000000000000e+01 1.434367796538085467e-03
3.710000000000000142e+01 1.403357529065754573e-03
3.720000000000000284e+01 1.370501189701676557e-03
3.730000000000000426e+01 1.337644850337598541e-03
3.739999999999999858e+01 1.303636158779437242e-03
3.750000000000000000e+01 1.269627467221273124e-03
3.760000000000000142e+01 1.235131916971450583e-03
3.770000000000000284e+01 1.200636366721628259e-03
3.780000000000000426e+01 1.166276046666143333e-03
3.789999999999999858e+01 1.131915726610661010e-03
3.800000000000000000e+01 1.098195873220951004e-03
3.810000000000000142e+01 1.064476019831240780e-03
3.820000000000000284e+01 1.031789195534137680e-03
3.830000000000000426e+01 9.991023712370345790e-04
3.840000000000000568e+01 9.677297718786439726e-04
3.850000000000000000e+01 9.363571725202558598e-04
3.860000000000000142e+01 9.064721755959223148e-04
3.870000000000000284e+01 8.765871786715886613e-04
3.880000000000000426e+01 8.482666669248140664e-04
3.890000000000000568e+01 8.199461551780395799e-04
3.900000000000000000e+01 7.931952193355195930e-04
3.910000000000000142e+01 7.664442834929976545e-04
3.920000000000000284e+01 7.412264413655866510e-04
3.930000000000000426e+01 7.160085992381755391e-04
3.940000000000000568e+01 6.922374901995375978e-04
3.950000000000000000e+01 6.684663811609013913e-04
3.960000000000000142e+01 6.460406882517283561e-04
3.970000000000000284e+01 6.236149953425553210e-04
3.980000000000000426e+01 6.024410437822299040e-04
3.990000000000000568e+01 5.812670922219047038e-04
4.000000000000000000e+01 5.612744232399486831e-04
4.010000000000000142e+01 5.412817542579913613e-04
4.020000000000000284e+01 5.223936689858338627e-04
4.030000000000000426e+01 5.035055837136764726e-04
4.040000000000000568e+01 4.856400716386031634e-04
4.050000000000000000e+01 4.677745595635312095e-04
4.060000000000000142e+01 4.508650588665604982e-04
4.070000000000000284e+01 4.339555581695896786e-04
4.080000000000000426e+01 4.179622868925393685e-04
4.090000000000000568e+01 4.019690156154890042e-04
4.100000000000000000e+01 3.868570475862715655e-04
4.110000000000000142e+01 3.717450795570530426e-04
4.120000000000000284e+01 3.574808984844599817e-04
4.130000000000000426e+01 3.432167174118669209e-04
4.140000000000000568e+01 3.297679830400036902e-04
4.150000000000000000e+01 3.163192486681414895e-04
4.160000000000000142e+01 3.036546442974696414e-04
4.170000000000000284e+01 2.909900399267978475e-04
4.180000000000000426e+01 2.790788437054002357e-04
4.190000000000000568e+01 2.671676474840026239e-04
4.200000000000000000e+01 2.559804303512755019e-04
4.210000000000000142e+01 2.447932132185476209e-04
4.220000000000000284e+01 2.343010386523657778e-04
4.230000000000000426e+01 2.238088640861839347e-04
4.240000000000000568e+01 2.139835769761915430e-04
4.250000000000000000e+01 2.041582898661998017e-04
4.260000000000000142e+01 1.949726710295038702e-04
4.270000000000000284e+01 1.857870521928079658e-04
4.280000000000000426e+01 1.772139977576933461e-04
4.290000000000000568e+01 1.686409433225787534e-04
4.300000000000000000e+01 1.606548847327507489e-04
4.310000000000000142e+01 1.526688261429221753e-04
4.320000000000000284e+01 1.452435545719373954e-04
4.330000000000000426e+01 1.378182830009526427e-04
4.340000000000000568e+01 1.309298147006179283e-04
4.350000000000000000e+01 1.240413464002837018e-04
4.360000000000000142e+01 1.176644568352264847e-04
4.370000000000000284e+01 1.112875672701692540e-04
4.380000000000000426e+01 1.053995019564060991e-04
4.390000000000000568e+01 9.951143664264294416e-05
4.400000000000000000e+01 9.408818172705220024e-05
4.410000000000000142e+01 8.866492681146107685e-05
4.420000000000000284e+01 8.368441247697523092e-05
4.430000000000000426e+01 7.870389814248938498e-05
4.440000000000000568e+01 7.414335549612053548e-05
4.450000000000000000e+01 6.958281284975201123e-05
4.460000000000000142e+01 6.542063274631944498e-05
4.470000000000000284e+01 6.125845264288687874e-05
4.480000000000000426e+01 5.747320887641207407e-05
4.490000000000000568e+01 5.368796510993726262e-05
4.500000000000000000e+01 5.025866414840889540e-05
4.510000000000000142e+01 4.682936318688028424e-05
4.520000000000000284e+01 4.373561869245408737e-05
4.530000000000000426e+01 4.064187419802789728e-05
4.540000000000000568e+01 3.786360911978995313e-05
4.550000000000000000e+01 3.508534404155220550e-05
4.560000000000000142e+01 3.260272328602712409e-05
4.570000000000000284e+01 3.012010253050203252e-05
4.580000000000000426e+01 2.791395645152613240e-05
4.590000000000000568e+01 2.570781037255023227e-05
4.600000000000000000e+01 2.375887796192762777e-05
4.610000000000000142e+01 2.180994555130488435e-05
4.620000000000000284e+01 2.009993516995635740e-05
4.630000000000000426e+01 1.838992478860783044e-05
4.640000000000000568e+01 1.690070594215500744e-05
4.650000000000000000e+01 1.541148709570228946e-05
4.660000000000000142e+01 1.412438611955004199e-05
4.670000000000000284e+01 1.283728514339779113e-05
4.680000000000000426e+01 1.173471859181915779e-05
4.690000000000000568e+01 1.063215204024052445e-05
4.700000000000000000e+01 9.695438049894295499e-06
4.710000000000000142e+01 8.758724059547997093e-06
4.720000000000000284e+01 7.970216736218050085e-06
4.730000000000000426e+01 7.181709412888103076e-06
4.740000000000000568e+01 6.523627026239847638e-06
4.750000000000000000e+01 5.865544639591638788e-06
4.760000000000000142e+01 5.331003533988909566e-06
4.770000000000000284e+01 4.796462428386179497e-06
4.780000000000000426e+01 4.367751240760947371e-06
4.790000000000000568e+01 3.939040053135716092e-06
4.800000000000000000e+01 3.600598117707712267e-06
4.810000000000000142e+01 3.262156182279683877e-06
4.820000000000000284e+01 2.998487198607735239e-06
4.830000000000000426e+01 2.734818214935787872e-06
4.840000000000000568e+01 2.530486007049352286e-06
4.850000000000000000e+01 2.326153799162930253e-06
4.860000000000000142e+01 2.165778354113500846e-06
4.870000000000000284e+01 2.005402909064070169e-06
4.880000000000000426e+01 1.873656676486420657e-06
4.890000000000000568e+01 1.741910443908771357e-06
4.900000000000000000e+01 1.623514879394709175e-06
4.910000000000000142e+01 1.505119314880638523e-06
4.920000000000000284e+01 1.384841651101029072e-06
4.930000000000000426e+01 1.264563987321419621e-06
4.940000000000000568e+01 1.127214217890855035e-06
4.950000000000000000e+01 9.898644484603004008e-07
4.960000000000000142e+01 8.202925105271831896e-07
4.970000000000000284e+01 6.507205725940660843e-07
4.980000000000000426e+01 4.338137150627055524e-07
4.990000000000000568e+01 2.169068575313450735e-07
5.000000000000000000e+01 0.000000000000000000e+00
