0.000000000000000000e+00 2.158545979001137766e+03
1.000000000000000056e-01 2.125507542118939909e+03
2.000000000000000111e-01 2.092724105231974136e+03
3.000000000000000444e-01 2.060195668340239081e+03
4.000000000000000222e-01 2.027922231443736109e+03
5.000000000000000000e-01 1.995903794542464766e+03
6.000000000000000888e-01 1.964140357636425279e+03
7.000000000000000666e-01 1.932631920725617420e+03
8.000000000000000444e-01 1.901378483810040279e+03
9.000000000000000222e-01 1.870380046889695677e+03
1.000000000000000000e+00 1.839636609964582476e+03
1.100000000000000089e+00 1.809148173034701131e+03
1.200000000000000178e+00 1.778914736100051414e+03
1.300000000000000044e+00 1.748936299160632643e+03
1.400000000000000133e+00 1.719212862216445956e+03
1.500000000000000000e+00 1.689744425267490897e+03
1.600000000000000089e+00 1.660530988313767693e+03
1.700000000000000178e+00 1.631572551355275664e+03
1.800000000000000044e+00 1.602869114392015263e+03
1.900000000000000133e+00 1.574420677423986945e+03
2.000000000000000000e+00 1.546227240451190028e+03
2.100000000000000089e+00 1.518288803473624967e+03
2.200000000000000178e+00 1.490605366491291534e+03
2.300000000000000266e+00 1.463176929504188820e+03
2.400000000000000355e+00 1.436003492512318644e+03
2.500000000000000000e+00 1.409085055515679869e+03
2.600000000000000089e+00 1.382421618514272950e+03
2.700000000000000178e+00 1.356013181508097205e+03
2.800000000000000266e+00 1.329859744497153315e+03
2.900000000000000355e+00 1.303961307481441054e+03
3.000000000000000000e+00 1.278317870460960421e+03
3.100000000000000089e+00 1.252929433435711417e+03
3.200000000000000178e+00 1.227795996405694495e+03
3.300000000000000266e+00 1.202917559370908293e+03
3.400000000000000355e+00 1.178294122331354174e+03
3.500000000000000000e+00 1.153925685287031683e+03
3.600000000000000089e+00 1.129812248237941049e+03
3.700000000000000178e+00 1.105953811184081815e+03
3.800000000000000266e+00 1.082350374125453982e+03
3.900000000000000355e+00 1.059001937062057777e+03
4.000000000000000000e+00 1.035908499993893656e+03
4.100000000000000533e+00 1.013070062920960709e+03
4.200000000000000178e+00 9.904866258432599579e+02
4.299999999999999822e+00 9.681581887607901535e+02
4.400000000000000355e+00 9.460847516735525460e+02
4.500000000000000000e+00 9.242663145815464532e+02
4.600000000000000533e+00 9.027028774847715340e+02
4.700000000000000178e+00 8.813944403832290391e+02
4.800000000000000711e+00 8.603410032769174904e+02
4.900000000000000355e+00 8.395425661658377976e+02
5.000000000000000000e+00 8.189991290499898469e+02
5.100000000000000533e+00 7.987106919293731835e+02
5.200000000000000178e+00 7.786772548039886033e+02
5.300000000000000711e+00 7.588988176738353104e+02
5.400000000000000355e+00 7.393753805389137597e+02
5.500000000000000000e+00 7.201069433992239510e+02
5.600000000000000533e+00 7.010935062547654297e+02
5.700000000000000178e+00 6.823350691055389916e+02
5.800000000000000711e+00 6.638316319515437272e+02
5.900000000000000355e+00 6.455831947927804322e+02
6.000000000000000000e+00 6.275897576292487656e+02
6.100000000000000533e+00 6.098513204609483864e+02
6.200000000000000178e+00 5.923678832878799767e+02
6.300000000000000711e+00 5.751394461100430817e+02
6.400000000000000355e+00 5.581660089274378151e+02
6.500000000000000000e+00 5.414475717400642907e+02
6.600000000000000533e+00 5.249841345479221673e+02
6.700000000000000178e+00 5.087756973510117291e+02
6.800000000000000711e+00 4.928222601493329194e+02
6.900000000000000355e+00 4.771238229428858517e+02
7.000000000000000000e+00 4.616803857316705262e+02
7.100000000000000533e+00 4.464919485156865449e+02
7.200000000000000178e+00 4.315585112949344193e+02
7.300000000000000711e+00 4.168800740694137517e+02
7.400000000000000355e+00 4.024566368391247693e+02
7.500000000000000000e+00 3.882881996040673585e+02
7.600000000000000533e+00 3.743747623642416329e+02
7.700000000000000178e+00 3.607163251196476494e+02
7.800000000000000711e+00 3.473128878702850102e+02
7.900000000000000355e+00 3.341644506161542836e+02
8.000000000000000000e+00 3.212710133572550717e+02
8.099999999999999645e+00 3.086325760935875451e+02
8.200000000000001066e+00 2.962491388251514195e+02
8.300000000000000711e+00 2.841207015519470929e+02
8.400000000000000355e+00 2.722472642739745083e+02
8.500000000000000000e+00 2.606288269912334385e+02
8.599999999999999645e+00 2.492653897037240540e+02
8.700000000000001066e+00 2.381569524114460705e+02
8.800000000000000711e+00 2.273035151143999144e+02
8.900000000000000355e+00 2.167050778125854151e+02
9.000000000000000000e+00 2.063616405060025443e+02
9.099999999999999645e+00 1.962732031946512734e+02
9.200000000000001066e+00 1.864397658785314320e+02
9.300000000000000711e+00 1.768613285576434180e+02
9.400000000000000355e+00 1.675378912319870608e+02
9.500000000000000000e+00 1.584694539015623036e+02
9.600000000000001421e+00 1.496560165663690043e+02
9.700000000000001066e+00 1.410975792264075608e+02
9.800000000000000711e+00 1.327941418816776604e+02
9.900000000000000355e+00 1.247457045321794311e+02
1.000000000000000000e+01 1.169522671779128018e+02
1.010000000000000142e+01 1.094138298188776730e+02
1.020000000000000107e+01 1.021303924550743290e+02
1.030000000000000071e+01 9.510195508650261331e+01
1.040000000000000036e+01 8.832851771316249767e+01
1.050000000000000000e+01 8.181008033505401045e+01
1.060000000000000142e+01 7.554664295217705217e+01
1.070000000000000107e+01 6.953820556453183599e+01
1.080000000000000071e+01 6.378476817211824113e+01
1.090000000000000036e+01 5.828633077493627468e+01
1.100000000000000000e+01 5.304289337298593665e+01
1.110000000000000142e+01 4.805445596626712756e+01
1.120000000000000107e+01 4.332101855478004637e+01
1.130000000000000071e+01 3.884258113852458649e+01
1.140000000000000036e+01 3.461914371750076214e+01
1.150000000000000000e+01 3.065070629170855909e+01
1.160000000000000142e+01 2.693726886114792407e+01
1.170000000000000107e+01 2.347883142581897786e+01
1.180000000000000071e+01 2.027539398572165652e+01
1.190000000000000036e+01 1.732695654085596715e+01
1.200000000000000000e+01 1.463351909122189909e+01
1.210000000000000142e+01 1.219508163681941859e+01
1.220000000000000107e+01 1.001164417764861270e+01
1.230000000000000071e+01 8.083206713709431668e+00
1.240000000000000036e+01 6.409769245001879057e+00
1.250000000000000000e+01 4.991331771525950423e+00
1.260000000000000142e+01 3.827894293281631111e+00
1.270000000000000107e+01 2.919456810268961089e+00
1.280000000000000071e+01 2.266019322487917709e+00
1.290000000000000036e+01 1.867581829938500970e+00
1.300000000000000000e+01 1.724144332620711095e+00
1.310000000000000142e+01 1.708206832918734541e+00
1.320000000000000107e+01 1.692269333216757543e+00
1.330000000000000071e+01 1.676331833514780767e+00
1.340000000000000036e+01 1.660394333812804213e+00
1.350000000000000000e+01 1.644456834110827881e+00
1.360000000000000142e+01 1.628519334408851105e+00
1.370000000000000107e+01 1.612581834706874329e+00
1.380000000000000071e+01 1.596644335004897775e+00
1.390000000000000036e+01 1.580706835302920776e+00
1.400000000000000000e+01 1.564769335600944000e+00
1.410000000000000142e+01 1.548831835898967002e+00
1.420000000000000107e+01 1.532894336196990226e+00
1.430000000000000071e+01 1.516956836495013450e+00
1.440000000000000036e+01 1.501019336793037118e+00
1.450000000000000000e+01 1.485081837091060120e+00
1.460000000000000142e+01 1.469144337389083343e+00
1.470000000000000107e+01 1.453206837687106345e+00
1.480000000000000071e+01 1.437269337985129569e+00
1.490000000000000036e+01 1.421331838283153015e+00
1.500000000000000000e+01 1.405394338581176017e+00
1.510000000000000142e+01 1.389456838879199241e+00
1.520000000000000107e+01 1.373519339177222243e+00
1.530000000000000071e+01 1.357581839475245689e+00
1.540000000000000036e+01 1.341644339773269134e+00
1.550000000000000000e+01 1.325706840071292358e+00
1.560000000000000142e+01 1.309769340369315360e+00
1.570000000000000107e+01 1.293831840667338584e+00
1.580000000000000071e+01 1.277894340965361808e+00
1.590000000000000036e+01 1.261956841263385254e+00
1.600000000000000000e+01 1.246019341561408256e+00
1.610000000000000142e+01 1.230081841859431258e+00
1.619999999999999929e+01 1.214144342157454926e+00
1.630000000000000071e+01 1.198206842455477927e+00
1.640000000000000213e+01 1.182269342753500929e+00
1.650000000000000000e+01 1.166331843051524819e+00
1.660000000000000142e+01 1.150394343349547599e+00
1.669999999999999929e+01 1.134456843647571045e+00
1.680000000000000071e+01 1.118519343945594047e+00
1.690000000000000213e+01 1.102581844243617271e+00
1.700000000000000000e+01 1.086644344541640717e+00
1.710000000000000142e+01 1.070706844839663496e+00
1.719999999999999929e+01 1.054769345137687164e+00
1.730000000000000071e+01 1.038831845435710166e+00
1.740000000000000213e+01 1.022894345733733168e+00
1.750000000000000000e+01 1.006956846031757058e+00
1.760000000000000142e+01 9.910193463297798377e-01
1.769999999999999929e+01 9.750818466278031726e-01
1.780000000000000071e+01 9.591443469258263965e-01
1.790000000000000213e+01 9.432068472238493984e-01
1.800000000000000000e+01 9.272752041465786021e-01
1.810000000000000142e+01 9.113435610693071398e-01
1.819999999999999929e+01 8.955429195293973521e-01
1.830000000000000071e+01 8.797422779894870093e-01
1.840000000000000213e+01 8.640061430287544475e-01
1.850000000000000000e+01 8.482700080680225518e-01
1.860000000000000142e+01 8.325405212247337650e-01
1.869999999999999929e+01 8.168110343814456442e-01
1.880000000000000071e+01 8.010383059841026387e-01
1.890000000000000213e+01 7.852655775867597443e-01
1.900000000000000000e+01 7.694071504460414657e-01
1.910000000000000142e+01 7.535487233053227429e-01
1.920000000000000284e+01 7.375691530486280234e-01
1.930000000000000071e+01 7.215895827919339700e-01
1.940000000000000213e+01 7.054600163206901087e-01
1.950000000000000000e+01 6.893304498494466914e-01
1.960000000000000142e+01 6.730283241157994922e-01
1.970000000000000284e+01 6.567261983821524041e-01
1.980000000000000071e+01 6.402349349256706290e-01
1.990000000000000213e+01 6.237436714691881878e-01
2.000000000000000000e+01 6.070524299837145588e-01
2.010000000000000142e+01 5.903611884982402636e-01
2.020000000000000284e+01 5.734672897584619511e-01
2.030000000000000071e+01 5.565733910186839717e-01
2.040000000000000213e+01 5.398066458511298071e-01
2.050000000000000000e+01 5.230399006835760867e-01
2.060000000000000142e+01 5.069073417305449691e-01
2.070000000000000284e+01 4.907747827775137961e-01
2.080000000000000071e+01 4.754240679781410184e-01
2.090000000000000213e+01 4.600733531787676855e-01
2.100000000000000000e+01 4.454541207016750048e-01
2.110000000000000142e+01 4.308348882245817135e-01
2.120000000000000284e+01 4.169057033496301190e-01
2.130000000000000071e+01 4.029765184746789686e-01
2.140000000000000213e+01 3.897044341307809301e-01
2.150000000000000000e+01 3.764323497868833912e-01
2.160000000000000142e+01 3.637924909876434354e-01
2.170000000000000284e+01 3.511526321884034796e-01
2.180000000000000071e+01 3.391278025667293639e-01
2.190000000000000213e+01 3.271029729450549151e-01
2.200000000000000000e+01 3.156832920656153507e-01
2.210000000000000142e+01 3.042636111861753978e-01
2.220000000000000284e+01 2.934461741821808856e-01
2.230000000000000071e+01 2.826287371781868174e-01
2.240000000000000213e+01 2.724172933834048682e-01
2.250000000000000000e+01 2.622058495886232521e-01
2.260000000000000142e+01 2.526105008105962724e-01
2.270000000000000284e+01 2.430151520325692649e-01
2.280000000000000071e+01 2.340520672348483655e-01
2.290000000000000213e+01 2.250889824371272163e-01
2.300000000000000000e+01 2.167713796030985296e-01
2.310000000000000142e+01 2.084537767690694821e-01
2.320000000000000284e+01 2.006150914178927713e-01
2.330000000000000071e+01 1.927764060667163104e-01
2.340000000000000213e+01 1.853868263454460374e-01
2.350000000000000000e+01 1.779972466241760143e-01
2.360000000000000142e+01 1.710289879085259146e-01
2.370000000000000284e+01 1.640607291928758149e-01
2.380000000000000071e+01 1.574879221586600597e-01
2.390000000000000213e+01 1.509151151244440547e-01
2.400000000000000000e+01 1.447136952272269628e-01
2.410000000000000142e+01 1.385122753300096765e-01
2.420000000000000284e+01 1.326598388061116796e-01
2.430000000000000071e+01 1.268074022822138769e-01
2.440000000000000213e+01 1.212831398433189267e-01
2.450000000000000000e+01 1.157588774044241431e-01
2.460000000000000142e+01 1.105434492519308254e-01
2.470000000000000284e+01 1.053280210994374799e-01
2.480000000000000071e+01 1.004034786075536090e-01
2.490000000000000213e+01 9.547893611566952987e-02
2.500000000000000000e+01 9.082861443962547687e-02
2.510000000000000142e+01 8.617829276358122959e-02
2.520000000000000284e+01 8.178273545384741328e-02
2.530000000000000071e+01 7.738717814411373574e-02
2.540000000000000213e+01 7.323089091205264856e-02
2.550000000000000000e+01 6.907460367999170014e-02
2.560000000000000142e+01 6.514308101006187346e-02
2.570000000000000284e+01 6.121155834013203290e-02
2.580000000000000071e+01 5.749123886753509938e-02
2.590000000000000213e+01 5.377091939493804096e-02
2.600000000000000000e+01 5.024911916109346677e-02
2.610000000000000142e+01 4.672731892724874686e-02
2.620000000000000284e+01 4.339216817997405135e-02
2.630000000000000071e+01 4.005701743269948073e-02
2.640000000000000213e+01 3.689740367775382057e-02
2.650000000000000000e+01 3.373778992280827144e-02
2.660000000000000142e+01 3.074331479834774977e-02
2.670000000000000284e+01 2.774883967388722811e-02
2.680000000000000071e+01 2.490977010461544947e-02
2.690000000000000213e+01 2.207070053534358409e-02
2.700000000000000000e+01 1.937792073684957775e-02
2.710000000000000142e+01 1.668514093835547774e-02
2.720000000000000284e+01 1.413011391637819351e-02
2.730000000000000071e+01 1.157508689440099603e-02
2.740000000000000213e+01 9.147022198347841068e-03
2.750000000000000000e+01 6.718957502294773711e-03
2.760000000000000142e+01 4.411723604821954012e-03
2.770000000000000284e+01 2.104489707349134313e-03
2.780000000000000071e+01 -8.772083315819839103e-05
2.790000000000000213e+01 -2.279931373665604766e-03
2.800000000000000000e+01 -4.362618002050044561e-03
2.810000000000000142e+01 -6.445304630434560249e-03
2.820000000000000284e+01 -8.438673731094477326e-03
2.830000000000000071e+01 -1.043204283175432415e-02
2.840000000000000213e+01 -1.234179464113611090e-02
2.850000000000000000e+01 -1.425154645051782479e-02
2.860000000000000142e+01 -1.607966027635833461e-02
2.870000000000000284e+01 -1.790777410219884097e-02
2.880000000000000071e+01 -1.965794404606649101e-02
2.890000000000000213e+01 -2.140811398993419656e-02
2.900000000000000000e+01 -2.307921996663240410e-02
2.910000000000000142e+01 -2.475032594333066369e-02
2.920000000000000284e+01 -2.633423112858955528e-02
2.930000000000000071e+01 -2.791813631384838443e-02
2.940000000000000213e+01 -2.939691835527983785e-02
2.950000000000000000e+01 -3.087570039671122882e-02
2.960000000000000142e+01 -3.224538640189725941e-02
2.970000000000000284e+01 -3.361507240708328653e-02
2.980000000000000071e+01 -3.486561258530020135e-02
2.990000000000000213e+01 -3.611615276351716475e-02
3.000000000000000000e+01 -3.728305338023547855e-02
3.010000000000000142e+01 -3.844995399695383398e-02
3.020000000000000284e+01 -3.954347918497598535e-02
3.030000000000000071e+01 -4.063700437299810203e-02
3.040000000000000213e+01 -4.165792152554648187e-02
3.050000000000000000e+01 -4.267883867809481313e-02
3.060000000000000142e+01 -4.353174131867938029e-02
3.070000000000000284e+01 -4.438464395926393358e-02
3.080000000000000071e+01 -4.500141964696900004e-02
3.090000000000000213e+01 -4.561819533467408039e-02
3.100000000000000000e+01 -4.596572411351921433e-02
3.110000000000000142e+01 -4.631325289236434828e-02
3.120000000000000284e+01 -4.635568717579486436e-02
3.130000000000000071e+01 -4.639812145922538045e-02
3.140000000000000213e+01 -4.611663969443726557e-02
3.150000000000000000e+01 -4.583515792964915764e-02
3.160000000000000142e+01 -4.522578255366778432e-02
3.170000000000000284e+01 -4.461640717768642489e-02
3.180000000000000071e+01 -4.368816763894114996e-02
3.190000000000000213e+01 -4.275992810019583340e-02
3.200000000000000000e+01 -4.153333694319167463e-02
3.210000000000000142e+01 -4.030674578618746728e-02
3.220000000000000284e+01 -3.881249436220487320e-02
3.230000000000000426e+01 -3.731824293822226524e-02
3.239999999999999858e+01 -3.559193688399708150e-02
3.250000000000000000e+01 -3.386563082977177980e-02
3.260000000000000142e+01 -3.195428376457110781e-02
3.270000000000000284e+01 -3.004293669937043929e-02
3.280000000000000426e+01 -2.800044526506756393e-02
3.289999999999999858e+01 -2.595795383076483082e-02
3.300000000000000000e+01 -2.384360999434713066e-02
3.310000000000000142e+01 -2.172926615792942703e-02
3.320000000000000284e+01 -1.958468974818794450e-02
3.330000000000000426e+01 -1.744011333844646891e-02
3.339999999999999858e+01 -1.531416652744979449e-02
3.350000000000000000e+01 -1.318821971645296742e-02
3.360000000000000142e+01 -1.112970925958043159e-02
3.370000000000000284e+01 -9.071198802707894013e-03
3.380000000000000426e+01 -7.121304566384974687e-03
3.389999999999999858e+01 -5.171410330062192404e-03
3.400000000000000000e+01 -3.368191862515854292e-03
3.410000000000000142e+01 -1.564973394969527889e-03
3.420000000000000284e+01 5.249431029276519211e-05
3.430000000000000426e+01 1.669962015555042159e-03
3.439999999999999858e+01 3.053192051612709044e-03
3.450000000000000000e+01 4.436422087670473073e-03
3.460000000000000142e+01 5.552470944984626462e-03
3.470000000000000284e+01 6.668519802298778117e-03
3.480000000000000426e+01 7.483517089578622591e-03
3.489999999999999858e+01 8.298514376858408953e-03
3.500000000000000000e+01 8.849785850174344756e-03
3.510000000000000142e+01 9.401057323490261478e-03
3.520000000000000284e+01 9.746443844173689752e-03
3.530000000000000426e+01 1.009183036485711282e-02
3.539999999999999858e+01 1.032585471252873283e-02
3.550000000000000000e+01 1.055987906020037365e-02
3.560000000000000142e+01 1.069064600769190250e-02
3.570000000000000284e+01 1.082141295518342962e-02
3.580000000000000426e+01 1.085749136605037787e-02
3.589999999999999858e+01 1.089356977691732439e-02
3.600000000000000000e+01 1.086299401548729802e-02
3.610000000000000142e+01 1.083241825405726298e-02
3.620000000000000284e+01 1.074730991656036930e-02
3.630000000000000426e+01 1.066220157906347214e-02
3.639999999999999858e+01 1.053360625027329953e-02
3.650000000000000000e+01 1.040501092148311650e-02
3.660000000000000142e+01 1.024276750418668530e-02
3.670000000000000284e+01 1.008052408689025584e-02
3.680000000000000426e+01 9.893137479695956332e-03
3.689999999999999858e+01 9.705750872501670706e-03
3.700000000000000000e+01 9.500358190593785959e-03
3.710000000000000142e+01 9.294965508685897743e-03
3.720000000000000284e+01 9.077345597290908258e-03
3.730000000000000426e+01 8.859725685895917038e-03
3.739999999999999858e+01 8.634473311870397710e-03
3.750000000000000000e+01 8.409220937844861035e-03
3.760000000000000142e+01 8.180743915322528578e-03
3.770000000000000284e+01 7.952266892800196121e-03
3.780000000000000426e+01 7.724685550791251382e-03
3.789999999999999858e+01 7.497104208782323989e-03
3.800000000000000000e+01 7.273764918741279506e-03
3.810000000000000142e+01 7.050425628700235890e-03
3.820000000000000284e+01 6.833928479443971034e-03
3.830000000000000426e+01 6.617431330187707912e-03
3.840000000000000568e+01 6.409638787721219470e-03
3.850000000000000000e+01 6.201846245254748376e-03
3.860000000000000142e+01 6.003906654034690815e-03
3.870000000000000284e+01 5.805967062814633255e-03
3.880000000000000426e+01 5.618389646210151037e-03
3.890000000000000568e+01 5.430812229605669686e-03
3.900000000000000000e+01 5.253630705417159166e-03
3.910000000000000142e+01 5.076449181228634769e-03
3.920000000000000284e+01 4.909421914175872773e-03
3.930000000000000426e+01 4.742394647123109042e-03
3.940000000000000568e+01 4.584949638248967188e-03
3.950000000000000000e+01 4.427504629374835743e-03
3.960000000000000142e+01 4.278970818295408859e-03
3.970000000000000284e+01 4.130437007215981109e-03
3.980000000000000426e+01 3.990193950575360131e-03
3.990000000000000568e+01 3.849950893934740020e-03
4.000000000000000000e+01 3.717531916756795524e-03
4.010000000000000142e+01 3.585112939578841487e-03
4.020000000000000284e+01 3.460010036367356517e-03
4.030000000000000426e+01 3.334907133155871548e-03
4.040000000000000568e+01 3.216577117394765761e-03
4.050000000000000000e+01 3.098247101633668215e-03
4.060000000000000142e+01 2.986249109324412218e-03
4.070000000000000284e+01 2.874251117015155354e-03
4.080000000000000426e+01 2.768321657264293575e-03
4.090000000000000568e+01 2.662392197513431796e-03
4.100000000000000000e+01 2.562299941127811620e-03
4.110000000000000142e+01 2.462207684742183638e-03
4.120000000000000284e+01 2.367730640700764760e-03
4.130000000000000426e+01 2.273253596659345014e-03
4.140000000000000568e+01 2.184177563265940654e-03
4.150000000000000000e+01 2.095101529872542365e-03
4.160000000000000142e+01 2.011219084830248582e-03
4.170000000000000284e+01 1.927336639787954799e-03
4.180000000000000426e+01 1.848444300699722152e-03
4.190000000000000568e+01 1.769551961611488637e-03
4.200000000000000000e+01 1.695454808724081944e-03
4.210000000000000142e+01 1.621357655836670048e-03
4.220000000000000284e+01 1.551864031664720346e-03
4.230000000000000426e+01 1.482370407492770428e-03
4.240000000000000568e+01 1.417293830135385804e-03
4.250000000000000000e+01 1.352217252778005951e-03
4.260000000000000142e+01 1.291377439334411535e-03
4.270000000000000284e+01 1.230537625890817119e-03
4.280000000000000426e+01 1.173755057209601707e-03
4.290000000000000568e+01 1.116972488528386294e-03
4.300000000000000000e+01 1.064077814430465854e-03
4.310000000000000142e+01 1.011183140332541728e-03
4.320000000000000284e+01 9.620027698884708964e-04
4.330000000000000426e+01 9.128223994444003902e-04
4.340000000000000568e+01 8.671974792560916247e-04
4.350000000000000000e+01 8.215725590677861118e-04
4.360000000000000142e+01 7.793360175363024276e-04
4.370000000000000284e+01 7.370994760048188519e-04
4.380000000000000426e+01 6.981006016119526390e-04
4.390000000000000568e+01 6.591017272190866430e-04
4.400000000000000000e+01 6.231814671704690800e-04
4.410000000000000142e+01 5.872612071218490234e-04
4.420000000000000284e+01 5.542733847061455041e-04
4.430000000000000426e+01 5.212855622904419848e-04
4.440000000000000568e+01 4.910793705531805390e-04
4.450000000000000000e+01 4.608731788159212616e-04
4.460000000000000142e+01 4.333054922491920229e-04
4.470000000000000284e+01 4.057378056824627300e-04
4.480000000000000426e+01 3.806667104535981774e-04
4.490000000000000568e+01 3.555956152247334622e-04
4.500000000000000000e+01 3.328820632637235263e-04
4.510000000000000142e+01 3.101685113027120183e-04
4.520000000000000284e+01 2.896774762152228662e-04
4.530000000000000426e+01 2.691864411277338225e-04
4.540000000000000568e+01 2.507849450432685654e-04
4.550000000000000000e+01 2.323834489588047177e-04
4.560000000000000142e+01 2.159401165821184124e-04
4.570000000000000284e+01 1.994967842054321341e-04
4.580000000000000426e+01 1.848846477494750029e-04
4.590000000000000568e+01 1.702725112935178718e-04
4.600000000000000000e+01 1.573639978460880564e-04
4.610000000000000142e+01 1.444554843986572924e-04
4.620000000000000284e+01 1.331294415443387222e-04
4.630000000000000426e+01 1.218033986900201384e-04
4.640000000000000568e+01 1.119397413354477277e-04
4.650000000000000000e+01 1.020760839808759946e-04
4.660000000000000142e+01 9.355112941174672603e-05
4.670000000000000284e+01 8.502617484261740320e-05
4.680000000000000426e+01 7.772346127483779898e-05
4.690000000000000568e+01 7.042074770705819477e-05
4.700000000000000000e+01 6.421653812294173804e-05
4.710000000000000142e+01 5.801232853882483408e-05
4.720000000000000284e+01 5.278974753441231983e-05
4.730000000000000426e+01 4.756716652999980557e-05
4.740000000000000568e+01 4.320843900755485411e-05
4.750000000000000000e+01 3.884971148511022113e-05
4.760000000000000142e+01 3.530924440053209674e-05
4.770000000000000284e+01 3.176877731595396557e-05
4.780000000000000426e+01 2.892926164041751940e-05
4.790000000000000568e+01 2.608974596488108000e-05
4.800000000000000000e+01 2.384811754778737707e-05
4.810000000000000142e+01 2.160648913069351489e-05
4.820000000000000284e+01 1.986011013732852729e-05
4.830000000000000426e+01 1.811373114396354645e-05
4.840000000000000568e+01 1.676036196662893378e-05
4.850000000000000000e+01 1.540699278929441259e-05
4.860000000000000142e+01 1.434476580914133446e-05
4.870000000000000284e+01 1.328253882898825633e-05
4.880000000000000426e+01 1.240993390661769490e-05
4.890000000000000568e+01 1.153732898424713685e-05
4.900000000000000000e+01 1.075315056517226358e-05
4.910000000000000142e+01 9.968972146097334402e-06
4.920000000000000284e+01 9.172327874668477067e-06
4.930000000000000426e+01 8.375683603239619733e-06
4.940000000000000568e+01 7.465964345643903340e-06
4.950000000000000000e+01 6.556245088048251321e-06
4.960000000000000142e+01 5.433106271542496759e-06
4.970000000000000284e+01 4.309967455036743044e-06
4.980000000000000426e+01 2.873311636691128007e-06
4.990000000000000568e+01 1.436655818345512970e-06
5.000000000000000000e+01 0.000000000000000000e+00
