0.000000000000000000e+00 1.364539587663322209e+03
1.000000000000000056e-01 1.343654114071911181e+03
2.000000000000000111e-01 1.322929840469628289e+03
3.000000000000000444e-01 1.302366766856473077e+03
4.000000000000000222e-01 1.281964893232446229e+03
5.000000000000000000e-01 1.261724219597547744e+03
6.000000000000000888e-01 1.241644745951777395e+03
7.000000000000000666e-01 1.221726472295134954e+03
8.000000000000000444e-01 1.201969398627620194e+03
9.000000000000000222e-01 1.182373524949234024e+03
1.000000000000000000e+00 1.162938851259975991e+03
1.100000000000000089e+00 1.143665377559846092e+03
1.200000000000000178e+00 1.124553103848844103e+03
1.300000000000000044e+00 1.105602030126970249e+03
1.400000000000000133e+00 1.086812156394224758e+03
1.500000000000000000e+00 1.068183482650607175e+03
1.600000000000000089e+00 1.049716008896117728e+03
1.700000000000000178e+00 1.031409735130756417e+03
1.800000000000000044e+00 1.013264661354523014e+03
1.900000000000000133e+00 9.952807875674179741e+02
2.000000000000000000e+00 9.774581137694410700e+02
2.100000000000000089e+00 9.597966399605920742e+02
2.200000000000000178e+00 9.422963661408715552e+02
2.300000000000000266e+00 9.249572923102786035e+02
2.400000000000000355e+00 9.077794184688142423e+02
2.500000000000000000e+00 8.907627446164777894e+02
2.600000000000000089e+00 8.739072707532695858e+02
2.700000000000000178e+00 8.572129968791892907e+02
2.800000000000000266e+00 8.406799229942370175e+02
2.900000000000000355e+00 8.243080490984131075e+02
3.000000000000000000e+00 8.080973751917173331e+02
3.100000000000000089e+00 7.920479012741496945e+02
3.200000000000000178e+00 7.761596273457100779e+02
3.300000000000000266e+00 7.604325534063983696e+02
3.400000000000000355e+00 7.448666794562150244e+02
3.500000000000000000e+00 7.294620054951598149e+02
3.600000000000000089e+00 7.142185315232327412e+02
3.700000000000000178e+00 6.991362575404335757e+02
3.800000000000000266e+00 6.842151835467624323e+02
3.900000000000000355e+00 6.694553095422194247e+02
4.000000000000000000e+00 6.548566355268048937e+02
4.100000000000000533e+00 6.404191615005181575e+02
4.200000000000000178e+00 6.261428874633598980e+02
4.299999999999999822e+00 6.120278134153292058e+02
4.400000000000000355e+00 5.980739393564269903e+02
4.500000000000000000e+00 5.842812652866530243e+02
4.600000000000000533e+00 5.706497912060067392e+02
4.700000000000000178e+00 5.571795171144891583e+02
4.800000000000000711e+00 5.438704430120991447e+02
4.900000000000000355e+00 5.307225688988373804e+02
5.000000000000000000e+00 5.177358947747038656e+02
5.100000000000000533e+00 5.049104206396982022e+02
5.200000000000000178e+00 4.922461464938209019e+02
5.300000000000000711e+00 4.797430723370716805e+02
5.400000000000000355e+00 4.674011981694505380e+02
5.500000000000000000e+00 4.552205239909574743e+02
5.600000000000000533e+00 4.432010498015924895e+02
5.700000000000000178e+00 4.313427756013557541e+02
5.800000000000000711e+00 4.196457013902469839e+02
5.900000000000000355e+00 4.081098271682665199e+02
6.000000000000000000e+00 3.967351529354140780e+02
6.100000000000000533e+00 3.855216786916896012e+02
6.200000000000000178e+00 3.744694044370933739e+02
6.300000000000000711e+00 3.635783301716252254e+02
6.400000000000000355e+00 3.528484558952852126e+02
6.500000000000000000e+00 3.422797816080733924e+02
6.600000000000000533e+00 3.318723073099895373e+02
6.700000000000000178e+00 3.216260330010338748e+02
6.800000000000000711e+00 3.115409586812062344e+02
6.900000000000000355e+00 3.016170843505068433e+02
7.000000000000000000e+00 2.918544100089355311e+02
7.100000000000000533e+00 2.822529356564922978e+02
7.200000000000000178e+00 2.728126612931772002e+02
7.300000000000000711e+00 2.635335869189901814e+02
7.400000000000000355e+00 2.544157125339312699e+02
7.500000000000000000e+00 2.454590381380005226e+02
7.600000000000000533e+00 2.366635637311977689e+02
7.700000000000000178e+00 2.280292893135232930e+02
7.800000000000000711e+00 2.195562148849767539e+02
7.900000000000000355e+00 2.112443404455585210e+02
8.000000000000000000e+00 2.030936659952683101e+02
8.099999999999999645e+00 1.951041915341062918e+02
8.200000000000001066e+00 1.872759170620721534e+02
8.300000000000000711e+00 1.796088425791663212e+02
8.400000000000000355e+00 1.721029680853885964e+02
8.500000000000000000e+00 1.647582935807389504e+02
8.599999999999999645e+00 1.575748190652174401e+02
8.700000000000001066e+00 1.505525445388239234e+02
8.800000000000000711e+00 1.436914700015586277e+02
8.900000000000000355e+00 1.369915954534214961e+02
9.000000000000000000e+00 1.304529208944124434e+02
9.099999999999999645e+00 1.240754463245314554e+02
9.200000000000001066e+00 1.178591717437785178e+02
9.300000000000000711e+00 1.118040971521537870e+02
9.400000000000000355e+00 1.059102225496572061e+02
9.500000000000000000e+00 1.001775479362886898e+02
9.600000000000001421e+00 9.460607331204820980e+01
9.700000000000001066e+00 8.919579867693595077e+01
9.800000000000000711e+00 8.394672403095177060e+01
9.900000000000000355e+00 7.885884937409574036e+01
1.000000000000000000e+01 7.393217470636780320e+01
1.010000000000000142e+01 6.916670002776788806e+01
1.020000000000000107e+01 6.456242533829617969e+01
1.030000000000000071e+01 6.011935063795258571e+01
1.040000000000000036e+01 5.583747592673710614e+01
1.050000000000000000e+01 5.171680120464972674e+01
1.060000000000000142e+01 4.775732647169040490e+01
1.070000000000000107e+01 4.395905172785925430e+01
1.080000000000000071e+01 4.032197697315621809e+01
1.090000000000000036e+01 3.684610220758129628e+01
1.100000000000000000e+01 3.353142743113448176e+01
1.110000000000000142e+01 3.037795264381572835e+01
1.120000000000000107e+01 2.738567784562514618e+01
1.130000000000000071e+01 2.455460303656267129e+01
1.140000000000000036e+01 2.188472821662831080e+01
1.150000000000000000e+01 1.937605338582206116e+01
1.160000000000000142e+01 1.702857854414388683e+01
1.170000000000000107e+01 1.484230369159386598e+01
1.180000000000000071e+01 1.281722882817195419e+01
1.190000000000000036e+01 1.095335395387815502e+01
1.200000000000000000e+01 9.250679068712464925e+00
1.210000000000000142e+01 7.709204172674865241e+00
1.220000000000000107e+01 6.328929265765405709e+00
1.230000000000000071e+01 5.109854347984056133e+00
1.240000000000000036e+01 4.051979419330820065e+00
1.250000000000000000e+01 3.155304479805695728e+00
1.260000000000000142e+01 2.419829529408670687e+00
1.270000000000000107e+01 1.845554568139772034e+00
1.280000000000000071e+01 1.432479595998985333e+00
1.290000000000000036e+01 1.180604612986310586e+00
1.300000000000000000e+01 1.089929619101747793e+00
1.310000000000000142e+01 1.079854619781240643e+00
1.320000000000000107e+01 1.069779620460733494e+00
1.330000000000000071e+01 1.059704621140226566e+00
1.340000000000000036e+01 1.049629621819719638e+00
1.350000000000000000e+01 1.039554622499212710e+00
1.360000000000000142e+01 1.029479623178705783e+00
1.370000000000000107e+01 1.019404623858198633e+00
1.380000000000000071e+01 1.009329624537691483e+00
1.390000000000000036e+01 9.992546252171844445e-01
1.400000000000000000e+01 9.891796258966775168e-01
1.410000000000000142e+01 9.791046265761702561e-01
1.420000000000000107e+01 9.690296272556631063e-01
1.430000000000000071e+01 9.589546279351561786e-01
1.440000000000000036e+01 9.488796286146492509e-01
1.450000000000000000e+01 9.388046292941422122e-01
1.460000000000000142e+01 9.287296299736350624e-01
1.470000000000000107e+01 9.186546306531280237e-01
1.480000000000000071e+01 9.085796313326208740e-01
1.490000000000000036e+01 8.985046320121138352e-01
1.500000000000000000e+01 8.884296326916066855e-01
1.510000000000000142e+01 8.783546333710996468e-01
1.520000000000000107e+01 8.682796340505924970e-01
1.530000000000000071e+01 8.582046347300855693e-01
1.540000000000000036e+01 8.481296354095786416e-01
1.550000000000000000e+01 8.380546360890716029e-01
1.560000000000000142e+01 8.279796367685643421e-01
1.570000000000000107e+01 8.179046374480574144e-01
1.580000000000000071e+01 8.078296381275502647e-01
1.590000000000000036e+01 7.977546388070432259e-01
1.600000000000000000e+01 7.876796394865360762e-01
1.610000000000000142e+01 7.776046401660288154e-01
1.619999999999999929e+01 7.675296408455221098e-01
1.630000000000000071e+01 7.574546415250149600e-01
1.640000000000000213e+01 7.473796422045078103e-01
1.650000000000000000e+01 7.373046428840009936e-01
1.660000000000000142e+01 7.272296435634937328e-01
1.669999999999999929e+01 7.171546442429868051e-01
1.680000000000000071e+01 7.070796449224796554e-01
1.690000000000000213e+01 6.970046456019725056e-01
1.700000000000000000e+01 6.869296462814655779e-01
1.710000000000000142e+01 6.768546469609583172e-01
1.719999999999999929e+01 6.667796476404515005e-01
1.730000000000000071e+01 6.567046483199443507e-01
1.740000000000000213e+01 6.466296489994372010e-01
1.750000000000000000e+01 6.365546496789303843e-01
1.760000000000000142e+01 6.264796503584231235e-01
1.769999999999999929e+01 6.164046510379161958e-01
1.780000000000000071e+01 6.063296517174089351e-01
1.790000000000000213e+01 5.962546523969017853e-01
1.800000000000000000e+01 5.861833553817147324e-01
1.810000000000000142e+01 5.761120583665272354e-01
1.819999999999999929e+01 5.661235748681763269e-01
1.830000000000000071e+01 5.561350913698251963e-01
1.840000000000000213e+01 5.461873861462057667e-01
1.850000000000000000e+01 5.362396809225866701e-01
1.860000000000000142e+01 5.262961783518287362e-01
1.869999999999999929e+01 5.163526757810713574e-01
1.880000000000000071e+01 5.063818377664945913e-01
1.890000000000000213e+01 4.964109997519182138e-01
1.900000000000000000e+01 4.863859866912290109e-01
1.910000000000000142e+01 4.763609736305395304e-01
1.920000000000000284e+01 4.662593791214444394e-01
1.930000000000000071e+01 4.561577846123495705e-01
1.940000000000000213e+01 4.459613689714633789e-01
1.950000000000000000e+01 4.357649533305774647e-01
1.960000000000000142e+01 4.254594531730499507e-01
1.970000000000000284e+01 4.151539530155225477e-01
1.980000000000000071e+01 4.047288881543292249e-01
1.990000000000000213e+01 3.943038232931355136e-01
2.000000000000000000e+01 3.837523409546789166e-01
2.010000000000000142e+01 3.732008586162218200e-01
2.020000000000000284e+01 3.625212651099159467e-01
2.030000000000000071e+01 3.518416716036104619e-01
2.040000000000000213e+01 3.412424590966905424e-01
2.050000000000000000e+01 3.306432465897710671e-01
2.060000000000000142e+01 3.204449392310785294e-01
2.070000000000000284e+01 3.102466318723860472e-01
2.080000000000000071e+01 3.005425726369342909e-01
2.090000000000000213e+01 2.908385134014820905e-01
2.100000000000000000e+01 2.815968657134965691e-01
2.110000000000000142e+01 2.723552180255106592e-01
2.120000000000000284e+01 2.635497886435764214e-01
2.130000000000000071e+01 2.547443592616425168e-01
2.140000000000000213e+01 2.463543204696793665e-01
2.150000000000000000e+01 2.379642816777166048e-01
2.160000000000000142e+01 2.299739085831306318e-01
2.170000000000000284e+01 2.219835354885446310e-01
2.180000000000000071e+01 2.143819572903939430e-01
2.190000000000000213e+01 2.067803790922430329e-01
2.200000000000000000e+01 1.995613498058304847e-01
2.210000000000000142e+01 1.923423205194177144e-01
2.220000000000000284e+01 1.855040038133565772e-01
2.230000000000000071e+01 1.786656871072956898e-01
2.240000000000000213e+01 1.722104531485421919e-01
2.250000000000000000e+01 1.657552191897889438e-01
2.260000000000000142e+01 1.596894539049958650e-01
2.270000000000000284e+01 1.536236886202028140e-01
2.280000000000000071e+01 1.479576133301443164e-01
2.290000000000000213e+01 1.422915380400856800e-01
2.300000000000000000e+01 1.370335085832636302e-01
2.310000000000000142e+01 1.317754791264413305e-01
2.320000000000000284e+01 1.268202006283354610e-01
2.330000000000000071e+01 1.218649221302297719e-01
2.340000000000000213e+01 1.171935488243280588e-01
2.350000000000000000e+01 1.125221755184265260e-01
2.360000000000000142e+01 1.081171431646637676e-01
2.370000000000000284e+01 1.037121108109009954e-01
2.380000000000000071e+01 9.955706593925563175e-02
2.390000000000000213e+01 9.540202106761014322e-02
2.400000000000000000e+01 9.148175111190989806e-02
2.410000000000000142e+01 8.756148115620951411e-02
2.420000000000000284e+01 8.386182342418337099e-02
2.430000000000000071e+01 8.016216569215732501e-02
2.440000000000000213e+01 7.666996545002863206e-02
2.450000000000000000e+01 7.317776520790005013e-02
2.460000000000000142e+01 6.988079666985475003e-02
2.470000000000000284e+01 6.658382813180944992e-02
2.480000000000000071e+01 6.347074495142926431e-02
2.490000000000000213e+01 6.035766177104894686e-02
2.500000000000000000e+01 5.741792915285965498e-02
2.510000000000000142e+01 5.447819653467025902e-02
2.520000000000000284e+01 5.169951495117663248e-02
2.530000000000000071e+01 4.892083336768308227e-02
2.540000000000000213e+01 4.629340799846699134e-02
2.550000000000000000e+01 4.366598262925099755e-02
2.560000000000000142e+01 4.118064371356222608e-02
2.570000000000000284e+01 3.869530479787344768e-02
2.580000000000000071e+01 3.634347942630438560e-02
2.590000000000000213e+01 3.399165405473524720e-02
2.600000000000000000e+01 3.176532397621328191e-02
2.610000000000000142e+01 2.953899389769123335e-02
2.620000000000000284e+01 2.743065556728088716e-02
2.630000000000000071e+01 2.532231723687061384e-02
2.640000000000000213e+01 2.332494581541772610e-02
2.650000000000000000e+01 2.132757439396491470e-02
2.660000000000000142e+01 1.943459648598897666e-02
2.670000000000000284e+01 1.754161857801304555e-02
2.680000000000000071e+01 1.574688135346975076e-02
2.690000000000000213e+01 1.395214412892639526e-02
2.700000000000000000e+01 1.224988498242192241e-02
2.710000000000000142e+01 1.054762583591739231e-02
2.720000000000000284e+01 8.932448048205464744e-03
2.730000000000000071e+01 7.317270260493597897e-03
2.740000000000000213e+01 5.782352574512493286e-03
2.750000000000000000e+01 4.247434888531445053e-03
2.760000000000000142e+01 2.788901217380610788e-03
2.770000000000000284e+01 1.330367546229776305e-03
2.780000000000000071e+01 -5.545332398365743996e-05
2.790000000000000213e+01 -1.441274194197137305e-03
2.800000000000000000e+01 -2.757858775102245159e-03
2.810000000000000142e+01 -4.074443356007401151e-03
2.820000000000000284e+01 -5.334565251550241888e-03
2.830000000000000071e+01 -6.594687147093037521e-03
2.840000000000000213e+01 -7.801949800686821396e-03
2.850000000000000000e+01 -9.009212454280560167e-03
2.860000000000000142e+01 -1.016486709883363503e-02
2.870000000000000284e+01 -1.132052174338670815e-02
2.880000000000000071e+01 -1.242690363044339497e-02
2.890000000000000213e+01 -1.353328551750011648e-02
2.900000000000000000e+01 -1.458968657755104967e-02
2.910000000000000142e+01 -1.564608763760202276e-02
2.920000000000000284e+01 -1.664736412159477721e-02
2.930000000000000071e+01 -1.764864060558750045e-02
2.940000000000000213e+01 -1.858346277601564608e-02
2.950000000000000000e+01 -1.951828494644376050e-02
2.960000000000000142e+01 -2.038414131222274564e-02
2.970000000000000284e+01 -2.124999767800173078e-02
2.980000000000000071e+01 -2.204053519526608801e-02
2.990000000000000213e+01 -2.283107271253047993e-02
3.000000000000000000e+01 -2.356873690957376338e-02
3.010000000000000142e+01 -2.430640110661707459e-02
3.020000000000000284e+01 -2.499768052511419647e-02
3.030000000000000071e+01 -2.568895994361129059e-02
3.040000000000000213e+01 -2.633433969643056080e-02
3.050000000000000000e+01 -2.697971944924979978e-02
3.060000000000000142e+01 -2.751888768046754918e-02
3.070000000000000284e+01 -2.805805591168528818e-02
3.080000000000000071e+01 -2.844795487643714607e-02
3.090000000000000213e+01 -2.883785384118901438e-02
3.100000000000000000e+01 -2.905754653302869070e-02
3.110000000000000142e+01 -2.927723922486837743e-02
3.120000000000000284e+01 -2.930406434704707977e-02
3.130000000000000071e+01 -2.933088946922578558e-02
3.140000000000000213e+01 -2.915294884855091154e-02
3.150000000000000000e+01 -2.897500822787604097e-02
3.160000000000000142e+01 -2.858978742073874091e-02
3.170000000000000284e+01 -2.820456661360143391e-02
3.180000000000000071e+01 -2.761777364751489411e-02
3.190000000000000213e+01 -2.703098068142831961e-02
3.200000000000000000e+01 -2.625558270154166804e-02
3.210000000000000142e+01 -2.548018472165498871e-02
3.220000000000000284e+01 -2.453558347536137149e-02
3.230000000000000426e+01 -2.359098222906775080e-02
3.239999999999999858e+01 -2.249968606288500414e-02
3.250000000000000000e+01 -2.140838989670218115e-02
3.260000000000000142e+01 -2.020011879124381307e-02
3.270000000000000284e+01 -1.899184768578544499e-02
3.280000000000000426e+01 -1.770067277142980261e-02
3.289999999999999858e+01 -1.640949785707424696e-02
3.300000000000000000e+01 -1.507290095583104124e-02
3.310000000000000142e+01 -1.373630405458783552e-02
3.320000000000000284e+01 -1.238059542557114548e-02
3.330000000000000426e+01 -1.102488679655445371e-02
3.339999999999999858e+01 -9.680954995660427664e-03
3.350000000000000000e+01 -8.337023194766306211e-03
3.360000000000000142e+01 -7.035721745852389387e-03
3.370000000000000284e+01 -5.734420296938474298e-03
3.380000000000000426e+01 -4.501781333903550480e-03
3.389999999999999858e+01 -3.269142370868713832e-03
3.400000000000000000e+01 -2.129225497144677202e-03
3.410000000000000142e+01 -9.893086234206475114e-04
3.420000000000000284e+01 3.318463688909105284e-05
3.430000000000000426e+01 1.055677897198819453e-03
3.439999999999999858e+01 1.930096214625198325e-03
3.450000000000000000e+01 2.804514532051638562e-03
3.460000000000000142e+01 3.510032441971858586e-03
3.470000000000000284e+01 4.215550351892077309e-03
3.480000000000000426e+01 4.730756455051475691e-03
3.489999999999999858e+01 5.245962558210836776e-03
3.500000000000000000e+01 5.594452586316318171e-03
3.510000000000000142e+01 5.942942614421786555e-03
3.520000000000000284e+01 6.161281063128784541e-03
3.530000000000000426e+01 6.379619511835777322e-03
3.539999999999999858e+01 6.527559602054649676e-03
3.550000000000000000e+01 6.675499692273534173e-03
3.560000000000000142e+01 6.758164911521099584e-03
3.570000000000000284e+01 6.840830130768664995e-03
3.580000000000000426e+01 6.863637344683430792e-03
3.589999999999999858e+01 6.886444558598194855e-03
3.600000000000000000e+01 6.867115882118701026e-03
3.610000000000000142e+01 6.847787205639205461e-03
3.620000000000000284e+01 6.793985388636233219e-03
3.630000000000000426e+01 6.740183571633257507e-03
3.639999999999999858e+01 6.658891155984102486e-03
3.650000000000000000e+01 6.577598740334941393e-03
3.660000000000000142e+01 6.475035455655128724e-03
3.670000000000000284e+01 6.372472170975315188e-03
3.680000000000000426e+01 6.254014447025020747e-03
3.689999999999999858e+01 6.135556723074732377e-03
3.700000000000000000e+01 6.005716335977978430e-03
3.710000000000000142e+01 5.875875948881222749e-03
3.720000000000000284e+01 5.738306035128604328e-03
3.730000000000000426e+01 5.600736121375984172e-03
3.739999999999999858e+01 5.458341294227016249e-03
3.750000000000000000e+01 5.315946467078037918e-03
3.760000000000000142e+01 5.171513156351233154e-03
3.770000000000000284e+01 5.027079845624427522e-03
3.780000000000000426e+01 4.883212745453388744e-03
3.789999999999999858e+01 4.739345645282360374e-03
3.800000000000000000e+01 4.598160187244236183e-03
3.810000000000000142e+01 4.456974729206111992e-03
3.820000000000000284e+01 4.320114577210123347e-03
3.830000000000000426e+01 4.183254425214134702e-03
3.840000000000000568e+01 4.051896949869577234e-03
3.850000000000000000e+01 3.920539474525030176e-03
3.860000000000000142e+01 3.795410609625589956e-03
3.870000000000000284e+01 3.670281744726149303e-03
3.880000000000000426e+01 3.551703399303609513e-03
3.890000000000000568e+01 3.433125053881070157e-03
3.900000000000000000e+01 3.321118542873309314e-03
3.910000000000000142e+01 3.209112031865540230e-03
3.920000000000000284e+01 3.103524603879328787e-03
3.930000000000000426e+01 2.997937175893116476e-03
3.940000000000000568e+01 2.898407237879849913e-03
3.950000000000000000e+01 2.798877299866589854e-03
3.960000000000000142e+01 2.704980636419942845e-03
3.970000000000000284e+01 2.611083972973294969e-03
3.980000000000000426e+01 2.522428366587003545e-03
3.990000000000000568e+01 2.433772760200712988e-03
4.000000000000000000e+01 2.350063199100325528e-03
4.010000000000000142e+01 2.266353637999931996e-03
4.020000000000000284e+01 2.187268983040356607e-03
4.030000000000000426e+01 2.108184328080781218e-03
4.040000000000000568e+01 2.033381200194864062e-03
4.050000000000000000e+01 1.958578072308952544e-03
4.060000000000000142e+01 1.887777776308071200e-03
4.070000000000000284e+01 1.816977480307189856e-03
4.080000000000000426e+01 1.750013448622895259e-03
4.090000000000000568e+01 1.683049416938600011e-03
4.100000000000000000e+01 1.619775413241014705e-03
4.110000000000000142e+01 1.556501409543424846e-03
4.120000000000000284e+01 1.496777100691970954e-03
4.130000000000000426e+01 1.437052791840517279e-03
4.140000000000000568e+01 1.380742768769539254e-03
4.150000000000000000e+01 1.324432745698565349e-03
4.160000000000000142e+01 1.271405884985980740e-03
4.170000000000000284e+01 1.218379024273396130e-03
4.180000000000000426e+01 1.168506693131732060e-03
4.190000000000000568e+01 1.118634361990067556e-03
4.200000000000000000e+01 1.071793340565638328e-03
4.210000000000000142e+01 1.024952319141205848e-03
4.220000000000000284e+01 9.810214498452442776e-04
4.230000000000000426e+01 9.370905805492827072e-04
4.240000000000000568e+01 8.959519775741087676e-04
4.250000000000000000e+01 8.548133745989378637e-04
4.260000000000000142e+01 8.163530708771461883e-04
4.270000000000000284e+01 7.778927671553547297e-04
4.280000000000000426e+01 7.419972784289182582e-04
4.290000000000000568e+01 7.061017897024818952e-04
4.300000000000000000e+01 6.726640600987039090e-04
4.310000000000000142e+01 6.392263304949235376e-04
4.320000000000000284e+01 6.081366233217940344e-04
4.330000000000000426e+01 5.770469161486645312e-04
4.340000000000000568e+01 5.482048111453065743e-04
4.350000000000000000e+01 5.193627061419507857e-04
4.360000000000000142e+01 4.926625878556748850e-04
4.370000000000000284e+01 4.659624695693990928e-04
4.380000000000000426e+01 4.413090646843196674e-04
4.390000000000000568e+01 4.166556597992401877e-04
4.400000000000000000e+01 3.939484220047590759e-04
4.410000000000000142e+01 3.712411842102763919e-04
4.420000000000000284e+01 3.503877068996541738e-04
4.430000000000000426e+01 3.295342295890320099e-04
4.440000000000000568e+01 3.104391791156965860e-04
4.450000000000000000e+01 2.913441286423624631e-04
4.460000000000000142e+01 2.739170272386649233e-04
4.470000000000000284e+01 2.564899258349673835e-04
4.480000000000000426e+01 2.406410617020413869e-04
4.490000000000000568e+01 2.247921975691153360e-04
4.500000000000000000e+01 2.104336705195371878e-04
4.510000000000000142e+01 1.960751434699580095e-04
4.520000000000000284e+01 1.831215956460586103e-04
4.530000000000000426e+01 1.701680478221591841e-04
4.540000000000000568e+01 1.585354163546081653e-04
4.550000000000000000e+01 1.469027848870579597e-04
4.560000000000000142e+01 1.365080199854192184e-04
4.570000000000000284e+01 1.261132550837804772e-04
4.580000000000000426e+01 1.168760931940353038e-04
4.590000000000000568e+01 1.076389313042901846e-04
4.600000000000000000e+01 9.947872633842085824e-05
4.610000000000000142e+01 9.131852137255096267e-05
4.620000000000000284e+01 8.415868600344722028e-05
4.630000000000000426e+01 7.699885063434347789e-05
4.640000000000000568e+01 7.076347224982149639e-05
4.650000000000000000e+01 6.452809386529996213e-05
4.660000000000000142e+01 5.913898559252124732e-05
4.670000000000000284e+01 5.374987731974253930e-05
4.680000000000000426e+01 4.913341704623353775e-05
4.690000000000000568e+01 4.451695677272454976e-05
4.700000000000000000e+01 4.059492329739192217e-05
4.710000000000000142e+01 3.667288982205900997e-05
4.720000000000000284e+01 3.337139955980520745e-05
4.730000000000000426e+01 3.006990929755140154e-05
4.740000000000000568e+01 2.731450991571101431e-05
4.750000000000000000e+01 2.455911053387081682e-05
4.760000000000000142e+01 2.232098007812699923e-05
4.770000000000000284e+01 2.008284962238317825e-05
4.780000000000000426e+01 1.828783038871690430e-05
4.790000000000000568e+01 1.649281115505063373e-05
4.800000000000000000e+01 1.507575043653359172e-05
4.810000000000000142e+01 1.365868971801644468e-05
4.820000000000000284e+01 1.255470430621953019e-05
4.830000000000000426e+01 1.145071889442261909e-05
4.840000000000000568e+01 1.059517732284535107e-05
4.850000000000000000e+01 9.739635751268144035e-06
4.860000000000000142e+01 9.068141708702664379e-06
4.870000000000000284e+01 8.396647666137181334e-06
4.880000000000000426e+01 7.845024502883783595e-06
4.890000000000000568e+01 7.293401339630387550e-06
4.900000000000000000e+01 6.797677594559150146e-06
4.910000000000000142e+01 6.301953849487878014e-06
4.920000000000000284e+01 5.798349730685224042e-06
4.930000000000000426e+01 5.294745611882570070e-06
4.940000000000000568e+01 4.719660368054002707e-06
4.950000000000000000e+01 4.144575124225476002e-06
4.960000000000000142e+01 3.434575248164172040e-06
4.970000000000000284e+01 2.724575372102868925e-06
4.980000000000000426e+01 1.816383581401890806e-06
4.990000000000000568e+01 9.081917907009133215e-07
5.000000000000000000e+01 0.000000000000000000e+00
