0.000000000000000000e+00 1.710965111202884827e+03
1.000000000000000056e-01 1.684777291539076941e+03
2.000000000000000111e-01 1.658791596870262765e+03
3.000000000000000444e-01 1.633008027196441162e+03
4.000000000000000222e-01 1.607426582517613042e+03
5.000000000000000000e-01 1.582047262833778177e+03
6.000000000000000888e-01 1.556870068144936567e+03
7.000000000000000666e-01 1.531894998451088213e+03
8.000000000000000444e-01 1.507122053752232205e+03
9.000000000000000222e-01 1.482551234048370588e+03
1.000000000000000000e+00 1.458182539339501773e+03
1.100000000000000089e+00 1.434015969625626212e+03
1.200000000000000178e+00 1.410051524906743907e+03
1.300000000000000044e+00 1.386289205182854403e+03
1.400000000000000133e+00 1.362729010453958608e+03
1.500000000000000000e+00 1.339370940720055614e+03
1.600000000000000089e+00 1.316214995981146330e+03
1.700000000000000178e+00 1.293261176237229620e+03
1.800000000000000044e+00 1.270509481488306164e+03
1.900000000000000133e+00 1.247959911734376419e+03
2.000000000000000000e+00 1.225612466975439702e+03
2.100000000000000089e+00 1.203467147211496240e+03
2.200000000000000178e+00 1.181523952442545806e+03
2.300000000000000266e+00 1.159782882668588627e+03
2.400000000000000355e+00 1.138243937889624704e+03
2.500000000000000000e+00 1.116907118105654035e+03
2.600000000000000089e+00 1.095772423316676850e+03
2.700000000000000178e+00 1.074839853522692238e+03
2.800000000000000266e+00 1.054109408723701108e+03
2.900000000000000355e+00 1.033581088919703234e+03
3.000000000000000000e+00 1.013254894110698615e+03
3.100000000000000089e+00 9.931308242966872513e+02
3.200000000000000178e+00 9.732088794776691429e+02
3.300000000000000266e+00 9.534890596536438352e+02
3.400000000000000355e+00 9.339713648246120101e+02
3.500000000000000000e+00 9.146557949905734404e+02
3.600000000000000089e+00 8.955423501515282396e+02
3.700000000000000178e+00 8.766310303074759531e+02
3.800000000000000266e+00 8.579218354584168083e+02
3.900000000000000355e+00 8.394147656043508050e+02
4.000000000000000000e+00 8.211098207452785118e+02
4.100000000000000533e+00 8.030070008811989055e+02
4.200000000000000178e+00 7.851063060121131230e+02
4.299999999999999822e+00 7.674077361380197999e+02
4.400000000000000355e+00 7.499112912589203006e+02
4.500000000000000000e+00 7.326169713748138292e+02
4.600000000000000533e+00 7.155247764857002721e+02
4.700000000000000178e+00 6.986347065915805388e+02
4.800000000000000711e+00 6.819467616924534923e+02
4.900000000000000355e+00 6.654609417883199285e+02
5.000000000000000000e+00 6.491772468791793926e+02
5.100000000000000533e+00 6.330956769650319984e+02
5.200000000000000178e+00 6.172162320458780869e+02
5.300000000000000711e+00 6.015389121217172033e+02
5.400000000000000355e+00 5.860637171925495750e+02
5.500000000000000000e+00 5.707906472583752020e+02
5.600000000000000533e+00 5.557197023191938570e+02
5.700000000000000178e+00 5.408508823750059946e+02
5.800000000000000711e+00 5.261841874258111602e+02
5.900000000000000355e+00 5.117196174716095811e+02
6.000000000000000000e+00 4.974571725124013142e+02
6.100000000000000533e+00 4.833968525481859615e+02
6.200000000000000178e+00 4.695386575789640347e+02
6.300000000000000711e+00 4.558825876047353063e+02
6.400000000000000355e+00 4.424286426254998332e+02
6.500000000000000000e+00 4.291768226412576155e+02
6.600000000000000533e+00 4.161271276520083688e+02
6.700000000000000178e+00 4.032795576577524912e+02
6.800000000000000711e+00 3.906341126584897552e+02
6.900000000000000355e+00 3.781907926542202745e+02
7.000000000000000000e+00 3.659495976449440491e+02
7.100000000000000533e+00 3.539105276306609653e+02
7.200000000000000178e+00 3.420735826113712506e+02
7.300000000000000711e+00 3.304387625870745069e+02
7.400000000000000355e+00 3.190060675577710754e+02
7.500000000000000000e+00 3.077754975234608423e+02
7.600000000000000533e+00 2.967470524841438078e+02
7.700000000000000178e+00 2.859207324398200853e+02
7.800000000000000711e+00 2.752965373904893909e+02
7.900000000000000355e+00 2.648744673361520654e+02
8.000000000000000000e+00 2.546545222768079384e+02
8.099999999999999645e+00 2.446367022124570099e+02
8.200000000000001066e+00 2.348210071430991093e+02
8.300000000000000711e+00 2.252074370687346061e+02
8.400000000000000355e+00 2.157959919893633298e+02
8.500000000000000000e+00 2.065866719049852236e+02
8.599999999999999645e+00 1.975794768156003158e+02
8.700000000000001066e+00 1.887744067212085213e+02
8.800000000000000711e+00 1.801714616218100105e+02
8.900000000000000355e+00 1.717706415174048118e+02
9.000000000000000000e+00 1.635719464079927548e+02
9.099999999999999645e+00 1.555753762935739246e+02
9.200000000000001066e+00 1.477809311741481508e+02
9.300000000000000711e+00 1.401886110497157176e+02
9.400000000000000355e+00 1.327984159202765397e+02
9.500000000000000000e+00 1.256103457858305319e+02
9.600000000000001421e+00 1.186244006463775946e+02
9.700000000000001066e+00 1.118405805019180264e+02
9.800000000000000711e+00 1.052588853524516566e+02
9.900000000000000355e+00 9.887931519797849944e+01
1.000000000000000000e+01 9.270187003849855500e+01
1.010000000000000142e+01 8.672654987401168114e+01
1.020000000000000107e+01 8.095335470451814786e+01
1.030000000000000071e+01 7.538228453001784146e+01
1.040000000000000036e+01 7.001333935051071933e+01
1.050000000000000000e+01 6.484651916599680987e+01
1.060000000000000142e+01 5.988182397647602784e+01
1.070000000000000107e+01 5.511925378194853664e+01
1.080000000000000071e+01 5.055880858241425813e+01
1.090000000000000036e+01 4.620048837787318519e+01
1.100000000000000000e+01 4.204429316832532493e+01
1.110000000000000142e+01 3.809022295377059919e+01
1.120000000000000107e+01 3.433827773420916429e+01
1.130000000000000071e+01 3.078845750964092431e+01
1.140000000000000036e+01 2.744076228006590057e+01
1.150000000000000000e+01 2.429519204548408240e+01
1.160000000000000142e+01 2.135174680589542717e+01
1.170000000000000107e+01 1.861042656130002726e+01
1.180000000000000071e+01 1.607123131169784358e+01
1.190000000000000036e+01 1.373416105708886370e+01
1.200000000000000000e+01 1.159921579747308762e+01
1.210000000000000142e+01 9.666395532850494021e+00
1.220000000000000107e+01 7.935700263221144191e+00
1.230000000000000071e+01 6.407129988585001712e+00
1.240000000000000036e+01 5.080684708942069250e+00
1.250000000000000000e+01 3.956364424292343696e+00
1.260000000000000142e+01 3.034169134635812171e+00
1.270000000000000107e+01 2.314098839972507093e+00
1.280000000000000071e+01 1.796153540302410478e+00
1.290000000000000036e+01 1.480333235625522104e+00
1.300000000000000000e+01 1.366637925941842413e+00
1.310000000000000142e+01 1.354005113754766843e+00
1.320000000000000107e+01 1.341372301567691272e+00
1.330000000000000071e+01 1.328739489380615479e+00
1.340000000000000036e+01 1.316106677193540131e+00
1.350000000000000000e+01 1.303473865006464782e+00
1.360000000000000142e+01 1.290841052819389212e+00
1.370000000000000107e+01 1.278208240632313641e+00
1.380000000000000071e+01 1.265575428445237849e+00
1.390000000000000036e+01 1.252942616258162278e+00
1.400000000000000000e+01 1.240309804071086708e+00
1.410000000000000142e+01 1.227676991884010915e+00
1.420000000000000107e+01 1.215044179696935345e+00
1.430000000000000071e+01 1.202411367509859774e+00
1.440000000000000036e+01 1.189778555322784204e+00
1.450000000000000000e+01 1.177145743135708633e+00
1.460000000000000142e+01 1.164512930948632841e+00
1.470000000000000107e+01 1.151880118761557270e+00
1.480000000000000071e+01 1.139247306574481700e+00
1.490000000000000036e+01 1.126614494387406129e+00
1.500000000000000000e+01 1.113981682200330559e+00
1.510000000000000142e+01 1.101348870013254766e+00
1.520000000000000107e+01 1.088716057826179195e+00
1.530000000000000071e+01 1.076083245639103625e+00
1.540000000000000036e+01 1.063450433452028054e+00
1.550000000000000000e+01 1.050817621264952484e+00
1.560000000000000142e+01 1.038184809077876691e+00
1.570000000000000107e+01 1.025551996890801121e+00
1.580000000000000071e+01 1.012919184703725550e+00
1.590000000000000036e+01 1.000286372516649980e+00
1.600000000000000000e+01 9.876535603295744092e-01
1.610000000000000142e+01 9.750207481424983946e-01
1.619999999999999929e+01 9.623879359554232682e-01
1.630000000000000071e+01 9.497551237683473646e-01
1.640000000000000213e+01 9.371223115812716831e-01
1.650000000000000000e+01 9.244894993941964456e-01
1.660000000000000142e+01 9.118566872071205420e-01
1.669999999999999929e+01 8.992238750200451936e-01
1.680000000000000071e+01 8.865910628329695120e-01
1.690000000000000213e+01 8.739582506458936084e-01
1.700000000000000000e+01 8.613254384588182599e-01
1.710000000000000142e+01 8.486926262717423564e-01
1.719999999999999929e+01 8.360598140846671189e-01
1.730000000000000071e+01 8.234270018975912153e-01
1.740000000000000213e+01 8.107941897105155338e-01
1.750000000000000000e+01 7.981613775234402963e-01
1.760000000000000142e+01 7.855285653363643927e-01
1.769999999999999929e+01 7.728957531492890443e-01
1.780000000000000071e+01 7.602629409622131407e-01
1.790000000000000213e+01 7.476301287751374591e-01
1.800000000000000000e+01 7.350019588243814628e-01
1.810000000000000142e+01 7.223737888736250223e-01
1.819999999999999929e+01 7.098494569055291414e-01
1.830000000000000071e+01 6.973251249374328165e-01
1.840000000000000213e+01 6.848519239192862873e-01
1.850000000000000000e+01 6.723787229011400912e-01
1.860000000000000142e+01 6.599107914937000219e-01
1.869999999999999929e+01 6.474428600862603966e-01
1.880000000000000071e+01 6.349406533883882320e-01
1.890000000000000213e+01 6.224384466905162894e-01
1.900000000000000000e+01 6.098683111361753451e-01
1.910000000000000142e+01 5.972981755818339566e-01
1.920000000000000284e+01 5.846320162935007003e-01
1.930000000000000071e+01 5.719658570051676660e-01
1.940000000000000213e+01 5.591808036592590403e-01
1.950000000000000000e+01 5.463957503133509697e-01
1.960000000000000142e+01 5.334739183764558579e-01
1.970000000000000284e+01 5.205520864395609681e-01
1.980000000000000071e+01 5.074803350438588101e-01
1.990000000000000213e+01 4.944085836481562080e-01
2.000000000000000000e+01 4.811783202569067108e-01
2.010000000000000142e+01 4.679480568656567141e-01
2.020000000000000284e+01 4.545571577988084533e-01
2.030000000000000071e+01 4.411662587319606921e-01
2.040000000000000213e+01 4.278761475695429528e-01
2.050000000000000000e+01 4.145860364071257687e-01
2.060000000000000142e+01 4.017986110793442256e-01
2.070000000000000284e+01 3.890111857515627380e-01
2.080000000000000071e+01 3.768434868888744793e-01
2.090000000000000213e+01 3.646757880261857210e-01
2.100000000000000000e+01 3.530878964713138890e-01
2.110000000000000142e+01 3.415000049164416129e-01
2.120000000000000284e+01 3.304590775605344977e-01
2.130000000000000071e+01 3.194181502046276599e-01
2.140000000000000213e+01 3.088980716488491929e-01
2.150000000000000000e+01 2.983779930930712254e-01
2.160000000000000142e+01 2.883590462527366172e-01
2.170000000000000284e+01 2.783400994124020644e-01
2.180000000000000071e+01 2.688086536377959912e-01
2.190000000000000213e+01 2.592772078631895849e-01
2.200000000000000000e+01 2.502254314563542859e-01
2.210000000000000142e+01 2.411736550495185982e-01
2.220000000000000284e+01 2.325992454763511075e-01
2.230000000000000071e+01 2.240248359031838943e-01
2.240000000000000213e+01 2.159307650620494456e-01
2.250000000000000000e+01 2.078366942209153023e-01
2.260000000000000142e+01 2.002309692798026342e-01
2.270000000000000284e+01 1.926252443386899105e-01
2.280000000000000071e+01 1.855206815789242625e-01
2.290000000000000213e+01 1.784161188191583647e-01
2.300000000000000000e+01 1.718231954363306779e-01
2.310000000000000142e+01 1.652302720535026859e-01
2.320000000000000284e+01 1.590169612025720269e-01
2.330000000000000071e+01 1.528036503516415900e-01
2.340000000000000213e+01 1.469463217551960910e-01
2.350000000000000000e+01 1.410889931587508417e-01
2.360000000000000142e+01 1.355656234162032070e-01
2.370000000000000284e+01 1.300422536736555723e-01
2.380000000000000071e+01 1.248323375414006065e-01
2.390000000000000213e+01 1.196224214091454879e-01
2.400000000000000000e+01 1.147068841969301617e-01
2.410000000000000142e+01 1.097913469847146967e-01
2.420000000000000284e+01 1.051524304152596512e-01
2.430000000000000071e+01 1.005135138458047445e-01
2.440000000000000213e+01 9.613472349803015016e-02
2.450000000000000000e+01 9.175593315025570851e-02
2.460000000000000142e+01 8.762193938977501373e-02
2.470000000000000284e+01 8.348794562929431895e-02
2.480000000000000071e+01 7.958452153074978275e-02
2.490000000000000213e+01 7.568109743220510777e-02
2.500000000000000000e+01 7.199503365548454159e-02
2.510000000000000142e+01 6.830896987876383664e-02
2.520000000000000284e+01 6.482484432646611061e-02
2.530000000000000071e+01 6.134071877416849561e-02
2.540000000000000213e+01 5.804624994405108152e-02
2.550000000000000000e+01 5.475178111393377151e-02
2.560000000000000142e+01 5.163547125183581138e-02
2.570000000000000284e+01 4.851916138973784431e-02
2.580000000000000071e+01 4.557026111980352900e-02
2.590000000000000213e+01 4.262136084986912349e-02
2.600000000000000000e+01 3.982981626969640809e-02
2.610000000000000142e+01 3.703827168952358861e-02
2.620000000000000284e+01 3.439467427501318592e-02
2.630000000000000071e+01 3.175107686050288036e-02
2.640000000000000213e+01 2.924661832583206472e-02
2.650000000000000000e+01 2.674215979116134276e-02
2.660000000000000142e+01 2.436859790544800702e-02
2.670000000000000284e+01 2.199503601973468170e-02
2.680000000000000071e+01 1.974465588951867731e-02
2.690000000000000213e+01 1.749427575930260007e-02
2.700000000000000000e+01 1.535985178492556280e-02
2.710000000000000142e+01 1.322542781054845268e-02
2.720000000000000284e+01 1.120019316865925388e-02
2.730000000000000071e+01 9.174958526770126202e-03
2.740000000000000213e+01 7.250360198495090988e-03
2.750000000000000000e+01 5.325761870220126898e-03
2.760000000000000142e+01 3.496939718473612759e-03
2.770000000000000284e+01 1.668117566727097319e-03
2.780000000000000071e+01 -6.953165997825033620e-05
2.790000000000000213e+01 -1.807180886683656213e-03
2.800000000000000000e+01 -3.458016307101016013e-03
2.810000000000000142e+01 -5.108851727518436310e-03
2.820000000000000284e+01 -6.688889872713392817e-03
2.830000000000000071e+01 -8.268928017908294681e-03
2.840000000000000213e+01 -9.782687163507245917e-03
2.850000000000000000e+01 -1.129644630910614164e-02
2.860000000000000142e+01 -1.274549534755568987e-02
2.870000000000000284e+01 -1.419454438600523810e-02
2.880000000000000071e+01 -1.558181143603080618e-02
2.890000000000000213e+01 -1.696907848605641936e-02
2.900000000000000000e+01 -1.829367571542669241e-02
2.910000000000000142e+01 -1.961827294479701056e-02
2.920000000000000284e+01 -2.087375072372546839e-02
2.930000000000000071e+01 -2.212922850265387764e-02
2.940000000000000213e+01 -2.330138073131912679e-02
2.950000000000000000e+01 -2.447353295998432390e-02
2.960000000000000142e+01 -2.555921053691534092e-02
2.970000000000000284e+01 -2.664488811384636488e-02
2.980000000000000071e+01 -2.763612510203259168e-02
2.990000000000000213e+01 -2.862736209021885664e-02
3.000000000000000000e+01 -2.955230242638443375e-02
3.010000000000000142e+01 -3.047724276255004208e-02
3.020000000000000284e+01 -3.134402228132279755e-02
3.030000000000000071e+01 -3.221080180009552874e-02
3.040000000000000213e+01 -3.302002877345246168e-02
3.050000000000000000e+01 -3.382925574680935993e-02
3.060000000000000142e+01 -3.450530651222705192e-02
3.070000000000000284e+01 -3.518135727764474391e-02
3.080000000000000071e+01 -3.567024270948986053e-02
3.090000000000000213e+01 -3.615912814133500491e-02
3.100000000000000000e+01 -3.643459580407068521e-02
3.110000000000000142e+01 -3.671006346680638632e-02
3.120000000000000284e+01 -3.674369887655665884e-02
3.130000000000000071e+01 -3.677733428630693135e-02
3.140000000000000213e+01 -3.655421859468976908e-02
3.150000000000000000e+01 -3.633110290307261375e-02
3.160000000000000142e+01 -3.584808330651403918e-02
3.170000000000000284e+01 -3.536506370995547155e-02
3.180000000000000071e+01 -3.462929737415235132e-02
3.190000000000000213e+01 -3.389353103834919639e-02
3.200000000000000000e+01 -3.292127717127371622e-02
3.210000000000000142e+01 -3.194902330419818748e-02
3.220000000000000284e+01 -3.076460931502640606e-02
3.230000000000000426e+01 -2.958019532585461076e-02
3.239999999999999858e+01 -2.821184391765139271e-02
3.250000000000000000e+01 -2.684349250944808099e-02
3.260000000000000142e+01 -2.532846888902389598e-02
3.270000000000000284e+01 -2.381344526859970750e-02
3.280000000000000426e+01 -2.219447045035650989e-02
3.289999999999999858e+01 -2.057549563211342331e-02
3.300000000000000000e+01 -1.889956721901027772e-02
3.310000000000000142e+01 -1.722363880590713214e-02
3.320000000000000284e+01 -1.552374663262372223e-02
3.330000000000000426e+01 -1.382385445934031058e-02
3.339999999999999858e+01 -1.213872898261937963e-02
3.350000000000000000e+01 -1.045360350589832552e-02
3.360000000000000142e+01 -8.821931256607146860e-03
3.370000000000000284e+01 -7.190259007315965602e-03
3.380000000000000426e+01 -5.644681085261262811e-03
3.389999999999999858e+01 -4.099103163206671910e-03
3.400000000000000000e+01 -2.669787357167550598e-03
3.410000000000000142e+01 -1.240471551128438177e-03
3.420000000000000284e+01 4.160946040590798601e-05
3.430000000000000426e+01 1.323690471940241423e-03
3.439999999999999858e+01 2.420103685041100072e-03
3.450000000000000000e+01 3.516516898142035483e-03
3.460000000000000142e+01 4.401149737024619320e-03
3.470000000000000284e+01 5.285782575907203157e-03
3.480000000000000426e+01 5.931787774696656648e-03
3.489999999999999858e+01 6.577792973486065037e-03
3.500000000000000000e+01 7.014756682770332923e-03
3.510000000000000142e+01 7.451720392054586063e-03
3.520000000000000284e+01 7.725490000169470128e-03
3.530000000000000426e+01 7.999259608284348122e-03
3.539999999999999858e+01 8.184758318033143534e-03
3.550000000000000000e+01 8.370257027781952824e-03
3.560000000000000142e+01 8.473909063473143363e-03
3.570000000000000284e+01 8.577561099164333902e-03
3.580000000000000426e+01 8.606158545251426512e-03
3.589999999999999858e+01 8.634755991338515652e-03
3.600000000000000000e+01 8.610520204116857076e-03
3.610000000000000142e+01 8.586284416895193297e-03
3.620000000000000284e+01 8.518823543906491047e-03
3.630000000000000426e+01 8.451362670917788797e-03
3.639999999999999858e+01 8.349431962392661263e-03
3.650000000000000000e+01 8.247501253867526791e-03
3.660000000000000142e+01 8.118899487114807426e-03
3.670000000000000284e+01 7.990297720362088060e-03
3.680000000000000426e+01 7.841766278208381694e-03
3.689999999999999858e+01 7.693234836054685735e-03
3.700000000000000000e+01 7.530430931824949083e-03
3.710000000000000142e+01 7.367627027595211563e-03
3.720000000000000284e+01 7.195131245933801545e-03
3.730000000000000426e+01 7.022635464272392394e-03
3.739999999999999858e+01 6.844089833592045466e-03
3.750000000000000000e+01 6.665544202911683792e-03
3.760000000000000142e+01 6.484442564100115561e-03
3.770000000000000284e+01 6.303340925288548197e-03
3.780000000000000426e+01 6.122949244997252446e-03
3.789999999999999858e+01 5.942557564705970574e-03
3.800000000000000000e+01 5.765528334409992552e-03
3.810000000000000142e+01 5.588499104114014529e-03
3.820000000000000284e+01 5.416893276554222980e-03
3.830000000000000426e+01 5.245287448994431431e-03
3.840000000000000568e+01 5.080581302362881073e-03
3.850000000000000000e+01 4.915875155731342858e-03
3.860000000000000142e+01 4.758978921878592207e-03
3.870000000000000284e+01 4.602082688025840689e-03
3.880000000000000426e+01 4.453400001355274120e-03
3.890000000000000568e+01 4.304717314684707551e-03
3.900000000000000000e+01 4.164274901511478243e-03
3.910000000000000142e+01 4.023832488338237659e-03
3.920000000000000284e+01 3.891438817169330135e-03
3.930000000000000426e+01 3.759045146000421743e-03
3.940000000000000568e+01 3.634246823547572416e-03
3.950000000000000000e+01 3.509448501094732196e-03
3.960000000000000142e+01 3.391713613321573843e-03
3.970000000000000284e+01 3.273978725548415489e-03
3.980000000000000426e+01 3.162815479856707131e-03
3.990000000000000568e+01 3.051652234164999641e-03
4.000000000000000000e+01 2.946690722009730722e-03
4.010000000000000142e+01 2.841729209854454430e-03
4.020000000000000284e+01 2.742566762175627833e-03
4.030000000000000426e+01 2.643404314496801671e-03
4.040000000000000568e+01 2.549610376102666703e-03
4.050000000000000000e+01 2.455816437708538674e-03
4.060000000000000142e+01 2.367041559049442440e-03
4.070000000000000284e+01 2.278266680390345772e-03
4.080000000000000426e+01 2.194302006185831766e-03
4.090000000000000568e+01 2.110337331981317326e-03
4.100000000000000000e+01 2.030999499827925922e-03
4.110000000000000142e+01 1.951661667674528446e-03
4.120000000000000284e+01 1.876774717043414985e-03
4.130000000000000426e+01 1.801887766412301308e-03
4.140000000000000568e+01 1.731281910960019320e-03
4.150000000000000000e+01 1.660676055507742752e-03
4.160000000000000142e+01 1.594186882561715590e-03
4.170000000000000284e+01 1.527697709615688645e-03
4.180000000000000426e+01 1.465163929453351319e-03
4.190000000000000568e+01 1.402630149291013775e-03
4.200000000000000000e+01 1.343897259344196439e-03
4.210000000000000142e+01 1.285164369397374983e-03
4.220000000000000284e+01 1.230080452924920374e-03
4.230000000000000426e+01 1.174996536452465549e-03
4.240000000000000568e+01 1.123413779125005587e-03
4.250000000000000000e+01 1.071831021797548878e-03
4.260000000000000142e+01 1.023606522904895420e-03
4.270000000000000284e+01 9.753820240122418545e-04
4.280000000000000426e+01 9.303734882278900465e-04
4.290000000000000568e+01 8.853649524435384553e-04
4.300000000000000000e+01 8.434381448469414726e-04
4.310000000000000142e+01 8.015113372503414541e-04
4.320000000000000284e+01 7.625286615026713802e-04
4.330000000000000426e+01 7.235459857550014147e-04
4.340000000000000568e+01 6.873815271782441304e-04
4.350000000000000000e+01 6.512170686014894481e-04
4.360000000000000142e+01 6.177383983849390244e-04
4.370000000000000284e+01 5.842597281683886007e-04
4.380000000000000426e+01 5.533473852711319864e-04
4.390000000000000568e+01 5.224350423738754806e-04
4.400000000000000000e+01 4.939629540670240852e-04
4.410000000000000142e+01 4.654908657601706298e-04
4.420000000000000284e+01 4.393431655041199826e-04
4.430000000000000426e+01 4.131954652480692813e-04
4.440000000000000568e+01 3.892526163546327841e-04
4.450000000000000000e+01 3.653097674611980759e-04
4.460000000000000142e+01 3.434583219181771099e-04
4.470000000000000284e+01 3.216068763751560896e-04
4.480000000000000426e+01 3.017343466011634143e-04
4.490000000000000568e+01 2.818618168271706304e-04
4.500000000000000000e+01 2.638579867791467212e-04
4.510000000000000142e+01 2.458541567311215109e-04
4.520000000000000284e+01 2.296119981353839502e-04
4.530000000000000426e+01 2.133698395396464709e-04
4.540000000000000568e+01 1.987839478788972641e-04
4.550000000000000000e+01 1.841980562181490873e-04
4.560000000000000142e+01 1.711642972516423981e-04
4.570000000000000284e+01 1.581305382851356817e-04
4.580000000000000426e+01 1.465482713705121959e-04
4.590000000000000568e+01 1.349660044558887101e-04
4.600000000000000000e+01 1.247341093001200500e-04
4.610000000000000142e+01 1.145022141443506446e-04
4.620000000000000284e+01 1.055246596422708747e-04
4.630000000000000426e+01 9.654710514019110474e-05
4.640000000000000568e+01 8.872870619631378312e-05
4.650000000000000000e+01 8.091030725243701714e-05
4.660000000000000142e+01 7.415302712763772129e-05
4.670000000000000284e+01 6.739574700283839834e-05
4.680000000000000426e+01 6.160727260705057542e-05
4.690000000000000568e+01 5.581879821126275250e-05
4.700000000000000000e+01 5.090104976194505221e-05
4.710000000000000142e+01 4.598330131262698601e-05
4.720000000000000284e+01 4.184363786514476294e-05
4.730000000000000426e+01 3.770397441766253988e-05
4.740000000000000568e+01 3.424904188775920180e-05
4.750000000000000000e+01 3.079410935785610088e-05
4.760000000000000142e+01 2.798776855344177564e-05
4.770000000000000284e+01 2.518142774902744363e-05
4.780000000000000426e+01 2.293069401399497391e-05
4.790000000000000568e+01 2.067996027896251097e-05
4.800000000000000000e+01 1.890314011796549056e-05
4.810000000000000142e+01 1.712631995696834141e-05
4.820000000000000284e+01 1.574205779269060863e-05
4.830000000000000426e+01 1.435779562841288601e-05
4.840000000000000568e+01 1.328505153700909876e-05
4.850000000000000000e+01 1.221230744560538436e-05
4.860000000000000142e+01 1.137033635909587955e-05
4.870000000000000284e+01 1.052836527258636797e-05
4.880000000000000426e+01 9.836697551553708291e-06
4.890000000000000568e+01 9.145029830521050310e-06
4.900000000000000000e+01 8.523453116822223751e-06
4.910000000000000142e+01 7.901876403123351452e-06
4.920000000000000284e+01 7.270418668280402894e-06
4.930000000000000426e+01 6.638960933437452642e-06
4.940000000000000568e+01 5.917874643926988774e-06
4.950000000000000000e+01 5.196788354416577422e-06
4.960000000000000142e+01 4.306535680267711560e-06
4.970000000000000284e+01 3.416283006118846969e-06
4.980000000000000426e+01 2.277522004079204349e-06
4.990000000000000568e+01 1.138761002039561729e-06
5.000000000000000000e+01 0.000000000000000000e+00
