0.000000000000000000e+00 4.359416349390804157e+01
1.000000000000000056e-01 4.292691663744210473e+01
2.000000000000000111e-01 4.226481978083312896e+01
3.000000000000000444e-01 4.160787292408107874e+01
4.000000000000000222e-01 4.095607606718598959e+01
5.000000000000000000e-01 4.030942921014785441e+01
6.000000000000000888e-01 3.966793235296666609e+01
7.000000000000000666e-01 3.903158549564242463e+01
8.000000000000000444e-01 3.840038863817511583e+01
9.000000000000000222e-01 3.777434178056478231e+01
1.000000000000000000e+00 3.715344492281138855e+01
1.100000000000000089e+00 3.653769806491494165e+01
1.200000000000000178e+00 3.592710120687544162e+01
1.300000000000000044e+00 3.532165434869288845e+01
1.400000000000000133e+00 3.472135749036728924e+01
1.500000000000000000e+00 3.412621063189863690e+01
1.600000000000000089e+00 3.353621377328693853e+01
1.700000000000000178e+00 3.295136691453217992e+01
1.800000000000000044e+00 3.237167005563436817e+01
1.900000000000000133e+00 3.179712319659351749e+01
2.000000000000000000e+00 3.122772633740961012e+01
2.100000000000000089e+00 3.066347947808265317e+01
2.200000000000000178e+00 3.010438261861264664e+01
2.300000000000000266e+00 2.955043575899957631e+01
2.400000000000000355e+00 2.900163889924347060e+01
2.500000000000000000e+00 2.845799203934430821e+01
2.600000000000000089e+00 2.791949517930209623e+01
2.700000000000000178e+00 2.738614831911682757e+01
2.800000000000000266e+00 2.685795145878850576e+01
2.900000000000000355e+00 2.633490459831713792e+01
3.000000000000000000e+00 2.581700773770272050e+01
3.100000000000000089e+00 2.530426087694525350e+01
3.200000000000000178e+00 2.479666401604473691e+01
3.300000000000000266e+00 2.429421715500115653e+01
3.400000000000000355e+00 2.379692029381453366e+01
3.500000000000000000e+00 2.330477343248486122e+01
3.600000000000000089e+00 2.281777657101213919e+01
3.700000000000000178e+00 2.233592970939636047e+01
3.800000000000000266e+00 2.185923284763752861e+01
3.900000000000000355e+00 2.138768598573564717e+01
4.000000000000000000e+00 2.092128912369071969e+01
4.100000000000000533e+00 2.046004226150273198e+01
4.200000000000000178e+00 2.000394539917170889e+01
4.299999999999999822e+00 1.955299853669761845e+01
4.400000000000000355e+00 1.910720167408048553e+01
4.500000000000000000e+00 1.866655481132029948e+01
4.600000000000000533e+00 1.823105794841705674e+01
4.700000000000000178e+00 1.780071108537077862e+01
4.800000000000000711e+00 1.737551422218143315e+01
4.900000000000000355e+00 1.695546735884904521e+01
5.000000000000000000e+00 1.654057049537360413e+01
5.100000000000000533e+00 1.613082363175510636e+01
5.200000000000000178e+00 1.572622676799356434e+01
5.300000000000000711e+00 1.532677990408896740e+01
5.400000000000000355e+00 1.493248304004132265e+01
5.500000000000000000e+00 1.454333617585062477e+01
5.600000000000000533e+00 1.415933931151687375e+01
5.700000000000000178e+00 1.378049244704007670e+01
5.800000000000000711e+00 1.340679558242022296e+01
5.900000000000000355e+00 1.303824871765732318e+01
6.000000000000000000e+00 1.267485185275137027e+01
6.100000000000000533e+00 1.231660498770236245e+01
6.200000000000000178e+00 1.196350812251030682e+01
6.300000000000000711e+00 1.161556125717520160e+01
6.400000000000000355e+00 1.127276439169704325e+01
6.500000000000000000e+00 1.093511752607583531e+01
6.600000000000000533e+00 1.060262066031157424e+01
6.700000000000000178e+00 1.027527379440426181e+01
6.800000000000000711e+00 9.953076928353898012e+00
6.900000000000000355e+00 9.636030062160486409e+00
7.000000000000000000e+00 9.324133195824023446e+00
7.100000000000000533e+00 9.017386329344505569e+00
7.200000000000000178e+00 8.715789462721939884e+00
7.300000000000000711e+00 8.419342595956321063e+00
7.400000000000000355e+00 8.128045729047650880e+00
7.500000000000000000e+00 7.841898861995930226e+00
7.600000000000000533e+00 7.560901994801157322e+00
7.700000000000000178e+00 7.285055127463336611e+00
7.800000000000000711e+00 7.014358259982460098e+00
7.900000000000000355e+00 6.748811392358536665e+00
8.000000000000000000e+00 6.488414524591560983e+00
8.099999999999999645e+00 6.233167656681534829e+00
8.200000000000001066e+00 5.983070788628451098e+00
8.300000000000000711e+00 5.738123920432323111e+00
8.400000000000000355e+00 5.498327052093142875e+00
8.500000000000000000e+00 5.263680183610911278e+00
8.599999999999999645e+00 5.034183314985629210e+00
8.700000000000001066e+00 4.809836446217292227e+00
8.800000000000000711e+00 4.590639577305906549e+00
8.900000000000000355e+00 4.376592708251471286e+00
9.000000000000000000e+00 4.167695839053984663e+00
9.099999999999999645e+00 3.963948969713445791e+00
9.200000000000001066e+00 3.765352100229852894e+00
9.300000000000000711e+00 3.571905230603212189e+00
9.400000000000000355e+00 3.383608360833520567e+00
9.500000000000000000e+00 3.200461490920777585e+00
9.600000000000001421e+00 3.022464620864980134e+00
9.700000000000001066e+00 2.849617750666135318e+00
9.800000000000000711e+00 2.681920880324238698e+00
9.900000000000000355e+00 2.519374009839291606e+00
1.000000000000000000e+01 2.361977139211292709e+00
1.010000000000000142e+01 2.209730268440239787e+00
1.020000000000000107e+01 2.062633397526139056e+00
1.030000000000000071e+01 1.920686526468986965e+00
1.040000000000000036e+01 1.783889655268783514e+00
1.050000000000000000e+01 1.652242783925528702e+00
1.060000000000000142e+01 1.525745912439220975e+00
1.070000000000000107e+01 1.404399040809864108e+00
1.080000000000000071e+01 1.288202169037456102e+00
1.090000000000000036e+01 1.177155297121996735e+00
1.100000000000000000e+01 1.071258425063486452e+00
1.110000000000000142e+01 9.705115528619229215e-01
1.120000000000000107e+01 8.749146805173103614e-01
1.130000000000000071e+01 7.844678080296464406e-01
1.140000000000000036e+01 6.991709353989313813e-01
1.150000000000000000e+01 6.190240626251651834e-01
1.160000000000000142e+01 5.440271897083465147e-01
1.170000000000000107e+01 4.741803166484780396e-01
1.180000000000000071e+01 4.094834434455583705e-01
1.190000000000000036e+01 3.499365700995875073e-01
1.200000000000000000e+01 2.955396966105653389e-01
1.210000000000000142e+01 2.462928229784913103e-01
1.220000000000000107e+01 2.021959492033670036e-01
1.230000000000000071e+01 1.632490752851914750e-01
1.240000000000000036e+01 1.294522012239648079e-01
1.250000000000000000e+01 1.008053270196869189e-01
1.260000000000000142e+01 7.730845267235748886e-02
1.270000000000000107e+01 5.896157818197732270e-02
1.280000000000000071e+01 4.576470354854597633e-02
1.290000000000000036e+01 3.771782877206344975e-02
1.300000000000000000e+01 3.482095385252974296e-02
1.310000000000000142e+01 3.449907886147043912e-02
1.320000000000000107e+01 3.417720387041113528e-02
1.330000000000000071e+01 3.385532887935183144e-02
1.340000000000000036e+01 3.353345388829253454e-02
1.350000000000000000e+01 3.321157889723323764e-02
1.360000000000000142e+01 3.288970390617393380e-02
1.370000000000000107e+01 3.256782891511462996e-02
1.380000000000000071e+01 3.224595392405532612e-02
1.390000000000000036e+01 3.192407893299602228e-02
1.400000000000000000e+01 3.160220394193671845e-02
1.410000000000000142e+01 3.128032895087741461e-02
1.420000000000000107e+01 3.095845395981811077e-02
1.430000000000000071e+01 3.063657896875881040e-02
1.440000000000000036e+01 3.031470397769951003e-02
1.450000000000000000e+01 2.999282898664020619e-02
1.460000000000000142e+01 2.967095399558089888e-02
1.470000000000000107e+01 2.934907900452159504e-02
1.480000000000000071e+01 2.902720401346229120e-02
1.490000000000000036e+01 2.870532902240298737e-02
1.500000000000000000e+01 2.838345403134368353e-02
1.510000000000000142e+01 2.806157904028437622e-02
1.520000000000000107e+01 2.773970404922507238e-02
1.530000000000000071e+01 2.741782905816577548e-02
1.540000000000000036e+01 2.709595406710647511e-02
1.550000000000000000e+01 2.677407907604717127e-02
1.560000000000000142e+01 2.645220408498786396e-02
1.570000000000000107e+01 2.613032909392856359e-02
1.580000000000000071e+01 2.580845410286925976e-02
1.590000000000000036e+01 2.548657911180995592e-02
1.600000000000000000e+01 2.516470412075065208e-02
1.610000000000000142e+01 2.484282912969134130e-02
1.619999999999999929e+01 2.452095413863204787e-02
1.630000000000000071e+01 2.419907914757274056e-02
1.640000000000000213e+01 2.387720415651343325e-02
1.650000000000000000e+01 2.355532916545414329e-02
1.660000000000000142e+01 2.323345417439483251e-02
1.669999999999999929e+01 2.291157918333553561e-02
1.680000000000000071e+01 2.258970419227622831e-02
1.690000000000000213e+01 2.226782920121692100e-02
1.700000000000000000e+01 2.194595421015762063e-02
1.710000000000000142e+01 2.162407921909830985e-02
1.719999999999999929e+01 2.130220422803901642e-02
1.730000000000000071e+01 2.098032923697970911e-02
1.740000000000000213e+01 2.065845424592040180e-02
1.750000000000000000e+01 2.033657925486110837e-02
1.760000000000000142e+01 2.001470426380179760e-02
1.769999999999999929e+01 1.969282927274250070e-02
1.780000000000000071e+01 1.937095428168319339e-02
1.790000000000000213e+01 1.904907929062388608e-02
1.800000000000000000e+01 1.872732258041541475e-02
1.810000000000000142e+01 1.840556587020692955e-02
1.819999999999999929e+01 1.808645487729761483e-02
1.830000000000000071e+01 1.776734388438828624e-02
1.840000000000000213e+01 1.744953567139955267e-02
1.850000000000000000e+01 1.713172745841082603e-02
1.860000000000000142e+01 1.681405351132218493e-02
1.869999999999999929e+01 1.649637956423355770e-02
1.880000000000000071e+01 1.617783230733566696e-02
1.890000000000000213e+01 1.585928505043778663e-02
1.900000000000000000e+01 1.553900701501293238e-02
1.910000000000000142e+01 1.521872897958806772e-02
1.920000000000000284e+01 1.489600432831374340e-02
1.930000000000000071e+01 1.457327967703942947e-02
1.940000000000000213e+01 1.424752569047916043e-02
1.950000000000000000e+01 1.392177170391890005e-02
1.960000000000000142e+01 1.359253269699270579e-02
1.970000000000000284e+01 1.326329369006651326e-02
1.980000000000000071e+01 1.293023484289029801e-02
1.990000000000000213e+01 1.259717599571406887e-02
2.000000000000000000e+01 1.226007837661644180e-02
2.010000000000000142e+01 1.192298075751880258e-02
2.020000000000000284e+01 1.158179025665570343e-02
2.030000000000000071e+01 1.124059975579261642e-02
2.040000000000000213e+01 1.090197725842367328e-02
2.050000000000000000e+01 1.056335476105474402e-02
2.060000000000000142e+01 1.023754033809814133e-02
2.070000000000000284e+01 9.911725915141536905e-03
2.080000000000000071e+01 9.601701677889996553e-03
2.090000000000000213e+01 9.291677440638444058e-03
2.100000000000000000e+01 8.996426277604730945e-03
2.110000000000000142e+01 8.701175114571007424e-03
2.120000000000000284e+01 8.419860206905011718e-03
2.130000000000000071e+01 8.138545299239026420e-03
2.140000000000000213e+01 7.870501245315018532e-03
2.150000000000000000e+01 7.602457191391021919e-03
2.160000000000000142e+01 7.347181614037342177e-03
2.170000000000000284e+01 7.091906036683663303e-03
2.180000000000000071e+01 6.849051636724934160e-03
2.190000000000000213e+01 6.606197236766198078e-03
2.200000000000000000e+01 6.375564468157342117e-03
2.210000000000000142e+01 6.144931699548479218e-03
2.220000000000000284e+01 5.926461895372518371e-03
2.230000000000000071e+01 5.707992091196566198e-03
2.240000000000000213e+01 5.501760973291644832e-03
2.250000000000000000e+01 5.295529855386730406e-03
2.260000000000000142e+01 5.101741440648422179e-03
2.270000000000000284e+01 4.907953025910113953e-03
2.280000000000000071e+01 4.726933863991487732e-03
2.290000000000000213e+01 4.545914702072856306e-03
2.300000000000000000e+01 4.377931744400659006e-03
2.310000000000000142e+01 4.209948786728454767e-03
2.320000000000000284e+01 4.051638084014292686e-03
2.330000000000000071e+01 3.893327381300135375e-03
2.340000000000000213e+01 3.744086851029200871e-03
2.350000000000000000e+01 3.594846320758271572e-03
2.360000000000000142e+01 3.454114822484386470e-03
2.370000000000000284e+01 3.313383324210501368e-03
2.380000000000000071e+01 3.180638399038184828e-03
2.390000000000000213e+01 3.047893473865863519e-03
2.400000000000000000e+01 2.922649112372689099e-03
2.410000000000000142e+01 2.797404750879510342e-03
2.420000000000000284e+01 2.679208484901155450e-03
2.430000000000000071e+01 2.561012218922804028e-03
2.440000000000000213e+01 2.449443782444150203e-03
2.450000000000000000e+01 2.337875345965499847e-03
2.460000000000000142e+01 2.232544150900692050e-03
2.470000000000000284e+01 2.127212955835884687e-03
2.480000000000000071e+01 2.027756510333979419e-03
2.490000000000000213e+01 1.928300064832070464e-03
2.500000000000000000e+01 1.834381804384108746e-03
2.510000000000000142e+01 1.740463543936143559e-03
2.520000000000000284e+01 1.651690524564996838e-03
2.530000000000000071e+01 1.562917505193852936e-03
2.540000000000000213e+01 1.478976803033800382e-03
2.550000000000000000e+01 1.395036100873750648e-03
2.560000000000000142e+01 1.315634761397888302e-03
2.570000000000000284e+01 1.236233421922026173e-03
2.580000000000000071e+01 1.161097558745735918e-03
2.590000000000000213e+01 1.085961695569443494e-03
2.600000000000000000e+01 1.014835142472738207e-03
2.610000000000000142e+01 9.437085893760301016e-04
2.620000000000000284e+01 8.763516239150474871e-04
2.630000000000000071e+01 8.089946584540672579e-04
2.640000000000000213e+01 7.451828518255880886e-04
2.650000000000000000e+01 6.813710451971113045e-04
2.660000000000000142e+01 6.208943912716847384e-04
2.670000000000000284e+01 5.604177373462583892e-04
2.680000000000000071e+01 5.030796661736045873e-04
2.690000000000000213e+01 4.457415950009489423e-04
2.700000000000000000e+01 3.913580034858114278e-04
2.710000000000000142e+01 3.369744119706720160e-04
2.720000000000000284e+01 2.853728863089515151e-04
2.730000000000000071e+01 2.337713606472328844e-04
2.740000000000000213e+01 1.847339760544298201e-04
2.750000000000000000e+01 1.356965914616285176e-04
2.760000000000000142e+01 8.909951513172759325e-05
2.770000000000000284e+01 4.250243880182664856e-05
2.780000000000000071e+01 -1.771616810446600345e-06
2.790000000000000213e+01 -4.604567242272133537e-05
2.800000000000000000e+01 -8.810777453572874135e-05
2.810000000000000142e+01 -1.301698766487376720e-04
2.820000000000000284e+01 -1.704281149828987469e-04
2.830000000000000071e+01 -2.106863533170584123e-04
2.840000000000000213e+01 -2.492558502936768699e-04
2.850000000000000000e+01 -2.878253472702938095e-04
2.860000000000000142e+01 -3.247460771433001003e-04
2.870000000000000284e+01 -3.616668070163063910e-04
2.880000000000000071e+01 -3.970133761500324425e-04
2.890000000000000213e+01 -4.323599452837596866e-04
2.900000000000000000e+01 -4.661097323499308943e-04
2.910000000000000142e+01 -4.998595194161032946e-04
2.920000000000000284e+01 -5.318481924750746367e-04
2.930000000000000071e+01 -5.638368655340448947e-04
2.940000000000000213e+01 -5.937024633545968672e-04
2.950000000000000000e+01 -6.235680611751477555e-04
2.960000000000000142e+01 -6.512303469111358151e-04
2.970000000000000284e+01 -6.788926326471238747e-04
2.980000000000000071e+01 -7.041486399387157690e-04
2.990000000000000213e+01 -7.294046472303085307e-04
3.000000000000000000e+01 -7.529714633932426803e-04
3.010000000000000142e+01 -7.765382795561775889e-04
3.020000000000000284e+01 -7.986231998196800493e-04
3.030000000000000071e+01 -8.207081200831818591e-04
3.040000000000000213e+01 -8.413266427808193358e-04
3.050000000000000000e+01 -8.619451654784560535e-04
3.060000000000000142e+01 -8.791704539456653188e-04
3.070000000000000284e+01 -8.963957424128745841e-04
3.080000000000000071e+01 -9.088521924632572777e-04
3.090000000000000213e+01 -9.213086425136402966e-04
3.100000000000000000e+01 -9.283273609246437460e-04
3.110000000000000142e+01 -9.353460793356474122e-04
3.120000000000000284e+01 -9.362030854442097939e-04
3.130000000000000071e+01 -9.370600915527720672e-04
3.140000000000000213e+01 -9.313752638057137302e-04
3.150000000000000000e+01 -9.256904360586556101e-04
3.160000000000000142e+01 -9.133834432829045571e-04
3.170000000000000284e+01 -9.010764505071536127e-04
3.180000000000000071e+01 -8.823296521497257707e-04
3.190000000000000213e+01 -8.635828537922968446e-04
3.200000000000000000e+01 -8.388105228070818608e-04
3.210000000000000142e+01 -8.140381918218659012e-04
3.220000000000000284e+01 -7.838601731408620463e-04
3.230000000000000426e+01 -7.536821544598578662e-04
3.239999999999999858e+01 -7.188175423086536715e-04
3.250000000000000000e+01 -6.839529301574472000e-04
3.260000000000000142e+01 -6.453512152694849176e-04
3.270000000000000284e+01 -6.067495003815226353e-04
3.280000000000000426e+01 -5.654991835533818186e-04
3.289999999999999858e+01 -5.242488667252439291e-04
3.300000000000000000e+01 -4.815474131616821968e-04
3.310000000000000142e+01 -4.388459595981203019e-04
3.320000000000000284e+01 -3.955339266180718191e-04
3.330000000000000426e+01 -3.522218936380233363e-04
3.339999999999999858e+01 -3.092861054919545608e-04
3.350000000000000000e+01 -2.663503173458827496e-04
3.360000000000000142e+01 -2.247764790844679155e-04
3.370000000000000284e+01 -1.832026408230530542e-04
3.380000000000000426e+01 -1.438224242508650630e-04
3.389999999999999858e+01 -1.044422076786798501e-04
3.400000000000000000e+01 -6.802426640979576525e-05
3.410000000000000142e+01 -3.160632514091189050e-05
3.420000000000000284e+01 1.060179198249795267e-06
3.430000000000000426e+01 3.372668353741115662e-05
3.439999999999999858e+01 6.166250558067670978e-05
3.450000000000000000e+01 8.959832762394425516e-05
3.460000000000000142e+01 1.121381376749011453e-04
3.470000000000000284e+01 1.346779477258580355e-04
3.480000000000000426e+01 1.511376967117054719e-04
3.489999999999999858e+01 1.675974456975517428e-04
3.500000000000000000e+01 1.787309675085549799e-04
3.510000000000000142e+01 1.898644893195578106e-04
3.520000000000000284e+01 1.968399425171000691e-04
3.530000000000000426e+01 2.038153957146421650e-04
3.539999999999999858e+01 2.085417697521657566e-04
3.550000000000000000e+01 2.132681437896896735e-04
3.560000000000000142e+01 2.159091232934864458e-04
3.570000000000000284e+01 2.185501027972832180e-04
3.580000000000000426e+01 2.192787452062172062e-04
3.589999999999999858e+01 2.200073876151511674e-04
3.600000000000000000e+01 2.193898771448168049e-04
3.610000000000000142e+01 2.187723666744823068e-04
3.620000000000000284e+01 2.170535120308340839e-04
3.630000000000000426e+01 2.153346573871857796e-04
3.639999999999999858e+01 2.127375360646064750e-04
3.650000000000000000e+01 2.101404147420269806e-04
3.660000000000000142e+01 2.068637339910782045e-04
3.670000000000000284e+01 2.035870532401294012e-04
3.680000000000000426e+01 1.998025786585978542e-04
3.689999999999999858e+01 1.960181040770665511e-04
3.700000000000000000e+01 1.918699774016792339e-04
3.710000000000000142e+01 1.877218507262919166e-04
3.720000000000000284e+01 1.833267819674262353e-04
3.730000000000000426e+01 1.789317132085605541e-04
3.739999999999999858e+01 1.743824986371834626e-04
3.750000000000000000e+01 1.698332840658060188e-04
3.760000000000000142e+01 1.652189442410648568e-04
3.770000000000000284e+01 1.606046044163236949e-04
3.780000000000000426e+01 1.560083538253161475e-04
3.789999999999999858e+01 1.514121032343089524e-04
3.800000000000000000e+01 1.469015254567773818e-04
3.810000000000000142e+01 1.423909476792458112e-04
3.820000000000000284e+01 1.380185543123878256e-04
3.830000000000000426e+01 1.336461609455298399e-04
3.840000000000000568e+01 1.294495664985165944e-04
3.850000000000000000e+01 1.252529720515037012e-04
3.860000000000000142e+01 1.212553685788375526e-04
3.870000000000000284e+01 1.172577651061714040e-04
3.880000000000000426e+01 1.134694369228613018e-04
3.890000000000000568e+01 1.096811087395512132e-04
3.900000000000000000e+01 1.061027368129323307e-04
3.910000000000000142e+01 1.025243648863131772e-04
3.920000000000000284e+01 9.915106913135861007e-05
3.930000000000000426e+01 9.577777337640402933e-05
3.940000000000000568e+01 9.259800165741785202e-05
3.950000000000000000e+01 8.941822993843190511e-05
3.960000000000000142e+01 8.641842946739157938e-05
3.970000000000000284e+01 8.341862899635125366e-05
3.980000000000000426e+01 8.058626925069238382e-05
3.990000000000000568e+01 7.775390950503352754e-05
4.000000000000000000e+01 7.507956548042178299e-05
4.010000000000000142e+01 7.240522145580986226e-05
4.020000000000000284e+01 6.987863343349320954e-05
4.030000000000000426e+01 6.735204541117657037e-05
4.040000000000000568e+01 6.496224315377297398e-05
4.050000000000000000e+01 6.257244089636956733e-05
4.060000000000000142e+01 6.031052068006797367e-05
4.070000000000000284e+01 5.804860046376638001e-05
4.080000000000000426e+01 5.590924080586493633e-05
4.090000000000000568e+01 5.376988114796348587e-05
4.100000000000000000e+01 5.174841010597619663e-05
4.110000000000000142e+01 4.972693906398876508e-05
4.120000000000000284e+01 4.781887328988435119e-05
4.130000000000000426e+01 4.591080751577993052e-05
4.140000000000000568e+01 4.411182097534133693e-05
4.150000000000000000e+01 4.231283443490287208e-05
4.160000000000000142e+01 4.061873801119144164e-05
4.170000000000000284e+01 3.892464158748001798e-05
4.180000000000000426e+01 3.733132573408283293e-05
4.190000000000000568e+01 3.573800988068564111e-05
4.200000000000000000e+01 3.424153798301428364e-05
4.210000000000000142e+01 3.274506608534282452e-05
4.220000000000000284e+01 3.134156741382595048e-05
4.230000000000000426e+01 2.993806874230908320e-05
4.240000000000000568e+01 2.862377709388444648e-05
4.250000000000000000e+01 2.730948544545990124e-05
4.260000000000000142e+01 2.608075981255666046e-05
4.270000000000000284e+01 2.485203417965341967e-05
4.280000000000000426e+01 2.370524897944265133e-05
4.290000000000000568e+01 2.255846377923188638e-05
4.300000000000000000e+01 2.149019880224548813e-05
4.310000000000000142e+01 2.042193382525901872e-05
4.320000000000000284e+01 1.942868321550277229e-05
4.330000000000000426e+01 1.843543260574652246e-05
4.340000000000000568e+01 1.751398814756266941e-05
4.350000000000000000e+01 1.659254368937888074e-05
4.360000000000000142e+01 1.573953119168227063e-05
4.370000000000000284e+01 1.488651869398566222e-05
4.380000000000000426e+01 1.409889437516169208e-05
4.390000000000000568e+01 1.331127005633772193e-05
4.400000000000000000e+01 1.258582167370575040e-05
4.410000000000000142e+01 1.186037329107372636e-05
4.420000000000000284e+01 1.119414864833359162e-05
4.430000000000000426e+01 1.052792400559345857e-05
4.440000000000000568e+01 9.917877393692302044e-06
4.450000000000000000e+01 9.307830781791187868e-06
4.460000000000000142e+01 8.751071626771969039e-06
4.470000000000000284e+01 8.194312471752750209e-06
4.480000000000000426e+01 7.687974670746433107e-06
4.490000000000000568e+01 7.181636869740116851e-06
4.500000000000000000e+01 6.722912197044543479e-06
4.510000000000000142e+01 6.264187524348937072e-06
4.520000000000000284e+01 5.850348976338589050e-06
4.530000000000000426e+01 5.436510428328241875e-06
4.540000000000000568e+01 5.064872373525304465e-06
4.550000000000000000e+01 4.693234318722394159e-06
4.560000000000000142e+01 4.361143491384240355e-06
4.570000000000000284e+01 4.029052664046084858e-06
4.580000000000000426e+01 3.733944812810476568e-06
4.590000000000000568e+01 3.438836961574868279e-06
4.600000000000000000e+01 3.178135613924645329e-06
4.610000000000000142e+01 2.917434266274403744e-06
4.620000000000000284e+01 2.688692618547884512e-06
4.630000000000000426e+01 2.459950970821364857e-06
4.640000000000000568e+01 2.260743775076524227e-06
4.650000000000000000e+01 2.061536579331697997e-06
4.660000000000000142e+01 1.889365929792541239e-06
4.670000000000000284e+01 1.717195280253384058e-06
4.680000000000000426e+01 1.569709105615453585e-06
4.690000000000000568e+01 1.422222930977522899e-06
4.700000000000000000e+01 1.296922228749441601e-06
4.710000000000000142e+01 1.171621526521351196e-06
4.720000000000000284e+01 1.066145871899486844e-06
4.730000000000000426e+01 9.606702172776227035e-07
4.740000000000000568e+01 8.726410151724210078e-07
4.750000000000000000e+01 7.846118130672255589e-07
4.760000000000000142e+01 7.131082627924609500e-07
4.770000000000000284e+01 6.416047125176962351e-07
4.780000000000000426e+01 5.842576317480142675e-07
4.790000000000000568e+01 5.269105509783324058e-07
4.800000000000000000e+01 4.816384480636686064e-07
4.810000000000000142e+01 4.363663451490016307e-07
4.820000000000000284e+01 4.010963383482617940e-07
4.830000000000000426e+01 3.658263315475220633e-07
4.840000000000000568e+01 3.384935817435810834e-07
4.850000000000000000e+01 3.111608319396419564e-07
4.860000000000000142e+01 2.897080127312868013e-07
4.870000000000000284e+01 2.682551935229314875e-07
4.880000000000000426e+01 2.506319962311071718e-07
4.890000000000000568e+01 2.330087989392829091e-07
4.900000000000000000e+01 2.171714702272191992e-07
4.910000000000000142e+01 2.013341415151543775e-07
4.920000000000000284e+01 1.852450514735210522e-07
4.930000000000000426e+01 1.691559614318877270e-07
4.940000000000000568e+01 1.507832001217319937e-07
4.950000000000000000e+01 1.324104388115775839e-07
4.960000000000000142e+01 1.097274393900116799e-07
4.970000000000000284e+01 8.704443996844577583e-08
4.980000000000000426e+01 5.802962664562982459e-08
4.990000000000000568e+01 2.901481332281388328e-08
5.000000000000000000e+01 0.000000000000000000e+00
