0.000000000000000000e+00 1.094086576941208335e+02
1.000000000000000056e-01 1.077340623569087370e+02
2.000000000000000111e-01 1.060723920198874168e+02
3.000000000000000444e-01 1.044236466830567736e+02
4.000000000000000222e-01 1.027878263464168924e+02
5.000000000000000000e-01 1.011649310099677592e+02
6.000000000000000888e-01 9.955496067370935975e+01
7.000000000000000666e-01 9.795791533764167980e+01
8.000000000000000444e-01 9.637379500176470515e+01
9.000000000000000222e-01 9.480259966607852107e+01
1.000000000000000000e+00 9.324432933058304229e+01
1.100000000000000089e+00 9.169898399527832566e+01
1.200000000000000178e+00 9.016656366016431434e+01
1.300000000000000044e+00 8.864706832524103675e+01
1.400000000000000133e+00 8.714049799050850709e+01
1.500000000000000000e+00 8.564685265596671115e+01
1.600000000000000089e+00 8.416613232161566316e+01
1.700000000000000178e+00 8.269833698745532047e+01
1.800000000000000044e+00 8.124346665348571150e+01
1.900000000000000133e+00 7.980152131970686469e+01
2.000000000000000000e+00 7.837250098611873739e+01
2.100000000000000089e+00 7.695640565272135802e+01
2.200000000000000178e+00 7.555323531951471239e+01
2.300000000000000266e+00 7.416298998649877205e+01
2.400000000000000355e+00 7.278566965367360808e+01
2.500000000000000000e+00 7.142127432103914941e+01
2.600000000000000089e+00 7.006980398859545289e+01
2.700000000000000178e+00 6.873125865634246168e+01
2.800000000000000266e+00 6.740563832428020419e+01
2.900000000000000355e+00 6.609294299240869464e+01
3.000000000000000000e+00 6.479317266072793302e+01
3.100000000000000089e+00 6.350632732923789092e+01
3.200000000000000178e+00 6.223240699793859676e+01
3.300000000000000266e+00 6.097141166683000790e+01
3.400000000000000355e+00 5.972334133591217409e+01
3.500000000000000000e+00 5.848819600518508111e+01
3.600000000000000089e+00 5.726597567464872185e+01
3.700000000000000178e+00 5.605668034430308921e+01
3.800000000000000266e+00 5.486031001414818320e+01
3.900000000000000355e+00 5.367686468418401091e+01
4.000000000000000000e+00 5.250634435441059367e+01
4.100000000000000533e+00 5.134874902482788883e+01
4.200000000000000178e+00 5.020407869543596036e+01
4.299999999999999822e+00 4.907233336623471587e+01
4.400000000000000355e+00 4.795351303722424063e+01
4.500000000000000000e+00 4.684761770840449202e+01
4.600000000000000533e+00 4.575464737977545582e+01
4.700000000000000178e+00 4.467460205133720308e+01
4.800000000000000711e+00 4.360748172308964143e+01
4.900000000000000355e+00 4.255328639503283483e+01
5.000000000000000000e+00 4.151201606716676196e+01
5.100000000000000533e+00 4.048367073949140860e+01
5.200000000000000178e+00 3.946825041200680317e+01
5.300000000000000711e+00 3.846575508471293148e+01
5.400000000000000355e+00 3.747618475760979351e+01
5.500000000000000000e+00 3.649953943069738926e+01
5.600000000000000533e+00 3.553581910397571875e+01
5.700000000000000178e+00 3.458502377744478906e+01
5.800000000000000711e+00 3.364715345110458600e+01
5.900000000000000355e+00 3.272220812495512376e+01
6.000000000000000000e+00 3.181018779899640236e+01
6.100000000000000533e+00 3.091109247322839693e+01
6.200000000000000178e+00 3.002492214765114298e+01
6.300000000000000711e+00 2.915167682226461565e+01
6.400000000000000355e+00 2.829135649706882916e+01
6.500000000000000000e+00 2.744396117206377994e+01
6.600000000000000533e+00 2.660949084724945735e+01
6.700000000000000178e+00 2.578794552262586848e+01
6.800000000000000711e+00 2.497932519819301689e+01
6.900000000000000355e+00 2.418362987395090258e+01
7.000000000000000000e+00 2.340085954989952910e+01
7.100000000000000533e+00 2.263101422603888224e+01
7.200000000000000178e+00 2.187409390236897622e+01
7.300000000000000711e+00 2.113009857888979681e+01
7.400000000000000355e+00 2.039902825560135469e+01
7.500000000000000000e+00 1.968088293250364984e+01
7.600000000000000533e+00 1.897566260959667517e+01
7.700000000000000178e+00 1.828336728688044488e+01
7.800000000000000711e+00 1.760399696435493766e+01
7.900000000000000355e+00 1.693755164202017482e+01
8.000000000000000000e+00 1.628403131987614572e+01
8.099999999999999645e+00 1.564343599792285211e+01
8.200000000000001066e+00 1.501576567616027802e+01
8.300000000000000711e+00 1.440102035458845542e+01
8.400000000000000355e+00 1.379920003320736654e+01
8.500000000000000000e+00 1.321030471201700962e+01
8.599999999999999645e+00 1.263433439101738998e+01
8.700000000000001066e+00 1.207128907020849518e+01
8.800000000000000711e+00 1.152116874959034298e+01
8.900000000000000355e+00 1.098397342916292985e+01
9.000000000000000000e+00 1.045970310892624688e+01
9.099999999999999645e+00 9.948357788880301200e+00
9.200000000000001066e+00 9.449937469025080361e+00
9.300000000000000711e+00 8.964442149360603906e+00
9.400000000000000355e+00 8.491871829886862955e+00
9.500000000000000000e+00 8.032226510603855729e+00
9.600000000000001421e+00 7.585506191511574237e+00
9.700000000000001066e+00 7.151710872610038905e+00
9.800000000000000711e+00 6.730840553899235523e+00
9.900000000000000355e+00 6.322895235379168533e+00
1.000000000000000000e+01 5.927874917049835268e+00
1.010000000000000142e+01 5.545779598911230401e+00
1.020000000000000107e+01 5.176609280963367254e+00
1.030000000000000071e+01 4.820363963206239610e+00
1.040000000000000036e+01 4.477043645639845693e+00
1.050000000000000000e+01 4.146648328264187278e+00
1.060000000000000142e+01 3.829178011079257704e+00
1.070000000000000107e+01 3.524632694085068518e+00
1.080000000000000071e+01 3.233012377281614391e+00
1.090000000000000036e+01 2.954317060668894879e+00
1.100000000000000000e+01 2.688546744246910425e+00
1.110000000000000142e+01 2.435701428015655701e+00
1.120000000000000107e+01 2.195781111975140920e+00
1.130000000000000071e+01 1.968785796125360532e+00
1.140000000000000036e+01 1.754715480466315425e+00
1.150000000000000000e+01 1.553570164998004710e+00
1.160000000000000142e+01 1.365349849720425945e+00
1.170000000000000107e+01 1.190054534633585126e+00
1.180000000000000071e+01 1.027684219737479143e+00
1.190000000000000036e+01 8.782389050321077750e-01
1.200000000000000000e+01 7.417185905174711325e-01
1.210000000000000142e+01 6.181232761935674391e-01
1.220000000000000107e+01 5.074529620604006919e-01
1.230000000000000071e+01 4.097076481179687257e-01
1.240000000000000036e+01 3.248873343662716517e-01
1.250000000000000000e+01 2.529920208053092479e-01
1.260000000000000142e+01 1.940217074350806814e-01
1.270000000000000107e+01 1.479763942555880618e-01
1.280000000000000071e+01 1.148560812668301817e-01
1.290000000000000036e+01 9.466076846880711049e-02
1.300000000000000000e+01 8.739045586151879264e-02
1.310000000000000142e+01 8.658264334959786535e-02
1.320000000000000107e+01 8.577483083767693806e-02
1.330000000000000071e+01 8.496701832575599689e-02
1.340000000000000036e+01 8.415920581383508348e-02
1.350000000000000000e+01 8.335139330191418394e-02
1.360000000000000142e+01 8.254358078999324277e-02
1.370000000000000107e+01 8.173576827807231548e-02
1.380000000000000071e+01 8.092795576615138819e-02
1.390000000000000036e+01 8.012014325423044703e-02
1.400000000000000000e+01 7.931233074230953362e-02
1.410000000000000142e+01 7.850451823038859245e-02
1.420000000000000107e+01 7.769670571846766516e-02
1.430000000000000071e+01 7.688889320654673787e-02
1.440000000000000036e+01 7.608108069462582446e-02
1.450000000000000000e+01 7.527326818270489717e-02
1.460000000000000142e+01 7.446545567078395600e-02
1.470000000000000107e+01 7.365764315886302871e-02
1.480000000000000071e+01 7.284983064694208754e-02
1.490000000000000036e+01 7.204201813502116025e-02
1.500000000000000000e+01 7.123420562310023296e-02
1.510000000000000142e+01 7.042639311117929179e-02
1.520000000000000107e+01 6.961858059925836451e-02
1.530000000000000071e+01 6.881076808733745109e-02
1.540000000000000036e+01 6.800295557541652380e-02
1.550000000000000000e+01 6.719514306349559651e-02
1.560000000000000142e+01 6.638733055157465535e-02
1.570000000000000107e+01 6.557951803965372806e-02
1.580000000000000071e+01 6.477170552773280077e-02
1.590000000000000036e+01 6.396389301581187348e-02
1.600000000000000000e+01 6.315608050389094619e-02
1.610000000000000142e+01 6.234826799196999808e-02
1.619999999999999929e+01 6.154045548004909161e-02
1.630000000000000071e+01 6.073264296812815738e-02
1.640000000000000213e+01 5.992483045620721621e-02
1.650000000000000000e+01 5.911701794428631668e-02
1.660000000000000142e+01 5.830920543236536857e-02
1.669999999999999929e+01 5.750139292044445516e-02
1.680000000000000071e+01 5.669358040852351399e-02
1.690000000000000213e+01 5.588576789660257976e-02
1.700000000000000000e+01 5.507795538468165941e-02
1.710000000000000142e+01 5.427014287276071131e-02
1.719999999999999929e+01 5.346233036083980483e-02
1.730000000000000071e+01 5.265451784891887060e-02
1.740000000000000213e+01 5.184670533699792944e-02
1.750000000000000000e+01 5.103889282507702990e-02
1.760000000000000142e+01 5.023108031315608180e-02
1.769999999999999929e+01 4.942326780123516144e-02
1.780000000000000071e+01 4.861545528931422028e-02
1.790000000000000213e+01 4.780764277739327911e-02
1.800000000000000000e+01 4.700012711596983361e-02
1.810000000000000142e+01 4.619261145454635342e-02
1.819999999999999929e+01 4.539173577322894171e-02
1.830000000000000071e+01 4.459086009191150224e-02
1.840000000000000213e+01 4.379325400888334913e-02
1.850000000000000000e+01 4.299564792585521683e-02
1.860000000000000142e+01 4.219837881114407024e-02
1.869999999999999929e+01 4.140110969643294447e-02
1.880000000000000071e+01 4.060164882836943961e-02
1.890000000000000213e+01 3.980218796030594169e-02
1.900000000000000000e+01 3.899838334206524176e-02
1.910000000000000142e+01 3.819457872382452102e-02
1.920000000000000284e+01 3.738463381214703757e-02
1.930000000000000071e+01 3.657468890046958188e-02
1.940000000000000213e+01 3.575714123923166843e-02
1.950000000000000000e+01 3.493959357799378274e-02
1.960000000000000142e+01 3.411329953031985024e-02
1.970000000000000284e+01 3.328700548264593162e-02
1.980000000000000071e+01 3.245112474811151504e-02
1.990000000000000213e+01 3.161524401357707070e-02
2.000000000000000000e+01 3.076922713743012253e-02
2.010000000000000142e+01 2.992321026128314312e-02
2.020000000000000284e+01 2.906692144356944063e-02
2.030000000000000071e+01 2.821063262585576242e-02
2.040000000000000213e+01 2.736078874922433929e-02
2.050000000000000000e+01 2.651094487259294738e-02
2.060000000000000142e+01 2.569324553359661825e-02
2.070000000000000284e+01 2.487554619460028912e-02
2.080000000000000071e+01 2.409747562432602158e-02
2.090000000000000213e+01 2.331940505405172281e-02
2.100000000000000000e+01 2.257841059880404469e-02
2.110000000000000142e+01 2.183741614355634228e-02
2.120000000000000284e+01 2.113139763166579574e-02
2.130000000000000071e+01 2.042537911977527348e-02
2.140000000000000213e+01 1.975266658689654384e-02
2.150000000000000000e+01 1.907995405401784542e-02
2.160000000000000142e+01 1.843928667971989413e-02
2.170000000000000284e+01 1.779861930542193937e-02
2.180000000000000071e+01 1.718912546989258619e-02
2.190000000000000213e+01 1.657963163436321566e-02
2.200000000000000000e+01 1.600081053512822718e-02
2.210000000000000142e+01 1.542198943589322135e-02
2.220000000000000284e+01 1.487369383607216843e-02
2.230000000000000071e+01 1.432539823625113805e-02
2.240000000000000213e+01 1.380781817561094540e-02
2.250000000000000000e+01 1.329023811497077011e-02
2.260000000000000142e+01 1.280388561651870684e-02
2.270000000000000284e+01 1.231753311806664530e-02
2.280000000000000071e+01 1.186322772635522473e-02
2.290000000000000213e+01 1.140892233464379027e-02
2.300000000000000000e+01 1.098733402002980038e-02
2.310000000000000142e+01 1.056574570541579314e-02
2.320000000000000284e+01 1.016843193461732485e-02
2.330000000000000071e+01 9.771118163818870439e-03
2.340000000000000213e+01 9.396567885023326960e-03
2.350000000000000000e+01 9.022017606227797359e-03
2.360000000000000142e+01 8.668822520294335032e-03
2.370000000000000284e+01 8.315627434360872705e-03
2.380000000000000071e+01 7.982476321578555953e-03
2.390000000000000213e+01 7.649325208796228792e-03
2.400000000000000000e+01 7.334998327019031338e-03
2.410000000000000142e+01 7.020671445241823475e-03
2.420000000000000284e+01 6.724033231115838193e-03
2.430000000000000071e+01 6.427395016989861584e-03
2.440000000000000213e+01 6.147390725179856241e-03
2.450000000000000000e+01 5.867386433369860439e-03
2.460000000000000142e+01 5.603035801502165118e-03
2.470000000000000284e+01 5.338685169634469797e-03
2.480000000000000071e+01 5.089078448704670993e-03
2.490000000000000213e+01 4.839471727774862647e-03
2.500000000000000000e+01 4.603764238858044228e-03
2.510000000000000142e+01 4.368056749941216267e-03
2.520000000000000284e+01 4.145262318062540099e-03
2.530000000000000071e+01 3.922467886183871738e-03
2.540000000000000213e+01 3.711801163549849260e-03
2.550000000000000000e+01 3.501134440915834155e-03
2.560000000000000142e+01 3.301860196959226050e-03
2.570000000000000284e+01 3.102585953002617511e-03
2.580000000000000071e+01 2.914016812641528030e-03
2.590000000000000213e+01 2.725447672280432911e-03
2.600000000000000000e+01 2.546940732886869389e-03
2.610000000000000142e+01 2.368433793493298928e-03
2.620000000000000284e+01 2.199387421529648556e-03
2.630000000000000071e+01 2.030341049566004256e-03
2.640000000000000213e+01 1.870191994079842095e-03
2.650000000000000000e+01 1.710042938593685571e-03
2.660000000000000142e+01 1.558264145344506139e-03
2.670000000000000284e+01 1.406485352095326923e-03
2.680000000000000071e+01 1.262583487740327574e-03
2.690000000000000213e+01 1.118681623385323672e-03
2.700000000000000000e+01 9.821946427580191541e-04
2.710000000000000142e+01 8.457076621307097570e-04
2.720000000000000284e+01 7.162028567820189059e-04
2.730000000000000071e+01 5.866980514333326084e-04
2.740000000000000213e+01 4.636284936041365143e-04
2.750000000000000000e+01 3.405589357749448653e-04
2.760000000000000142e+01 2.236138411767339012e-04
2.770000000000000284e+01 1.066687465785228964e-04
2.780000000000000071e+01 -4.446242378441062846e-06
2.790000000000000213e+01 -1.155612313354087423e-04
2.800000000000000000e+01 -2.211248610313948165e-04
2.810000000000000142e+01 -3.266884907273847260e-04
2.820000000000000284e+01 -4.277249475431250578e-04
2.830000000000000071e+01 -5.287614043588618118e-04
2.840000000000000213e+01 -6.255596120533153974e-04
2.850000000000000000e+01 -7.223578197477651883e-04
2.860000000000000142e+01 -8.150181020595780555e-04
2.870000000000000284e+01 -9.076783843713909228e-04
2.880000000000000071e+01 -9.963879815529915005e-04
2.890000000000000213e+01 -1.085097578734594680e-03
2.900000000000000000e+01 -1.169799717838335010e-03
2.910000000000000142e+01 -1.254501856942077942e-03
2.920000000000000284e+01 -1.334784112645578946e-03
2.930000000000000071e+01 -1.415066368349076698e-03
2.940000000000000213e+01 -1.490020323348939741e-03
2.950000000000000000e+01 -1.564974278348799964e-03
2.960000000000000142e+01 -1.634398561522592327e-03
2.970000000000000284e+01 -1.703822844696384906e-03
2.980000000000000071e+01 -1.767208069575677181e-03
2.990000000000000213e+01 -1.830593294454971841e-03
3.000000000000000000e+01 -1.889739141418431741e-03
3.010000000000000142e+01 -1.948884988381893377e-03
3.020000000000000284e+01 -2.004311708099755420e-03
3.030000000000000071e+01 -2.059738427817616162e-03
3.040000000000000213e+01 -2.111484916594709264e-03
3.050000000000000000e+01 -2.163231405371800632e-03
3.060000000000000142e+01 -2.206461864188948106e-03
3.070000000000000284e+01 -2.249692323006095580e-03
3.080000000000000071e+01 -2.280954385870007789e-03
3.090000000000000213e+01 -2.312216448733921299e-03
3.100000000000000000e+01 -2.329831388407857615e-03
3.110000000000000142e+01 -2.347446328081794365e-03
3.120000000000000284e+01 -2.349597163892339514e-03
3.130000000000000071e+01 -2.351747999702885096e-03
3.140000000000000213e+01 -2.337480737225997116e-03
3.150000000000000000e+01 -2.323213474749110004e-03
3.160000000000000142e+01 -2.292326506129232187e-03
3.170000000000000284e+01 -2.261439537509354371e-03
3.180000000000000071e+01 -2.214390531863560680e-03
3.190000000000000213e+01 -2.167341526217764387e-03
3.200000000000000000e+01 -2.105170188042515544e-03
3.210000000000000142e+01 -2.042998849867264100e-03
3.220000000000000284e+01 -1.967260809470683380e-03
3.230000000000000426e+01 -1.891522769074102444e-03
3.239999999999999858e+01 -1.804022743594259912e-03
3.250000000000000000e+01 -1.716522718114411091e-03
3.260000000000000142e+01 -1.619643652842903256e-03
3.270000000000000284e+01 -1.522764587571395203e-03
3.280000000000000426e+01 -1.419238302584764719e-03
3.289999999999999858e+01 -1.315712017598141392e-03
3.300000000000000000e+01 -1.208543801911883542e-03
3.310000000000000142e+01 -1.101375586225625258e-03
3.320000000000000284e+01 -9.926749939774728426e-04
3.330000000000000426e+01 -8.839744017293202100e-04
3.339999999999999858e+01 -7.762180744687461253e-04
3.350000000000000000e+01 -6.684617472081642343e-04
3.360000000000000142e+01 -5.641235176190242820e-04
3.370000000000000284e+01 -4.597852880298843297e-04
3.380000000000000426e+01 -3.609524101959296822e-04
3.389999999999999858e+01 -2.621195323619819736e-04
3.400000000000000000e+01 -1.707211030569046788e-04
3.410000000000000142e+01 -7.932267375182791254e-05
3.420000000000000284e+01 2.660741110721127473e-06
3.430000000000000426e+01 8.464415597326935942e-05
3.439999999999999858e+01 1.547549356367586921e-04
3.450000000000000000e+01 2.248657153002529851e-04
3.460000000000000142e+01 2.814340759410130293e-04
3.470000000000000284e+01 3.380024365817730736e-04
3.480000000000000426e+01 3.793116141916471544e-04
3.489999999999999858e+01 4.206207918015182536e-04
3.500000000000000000e+01 4.485626899622732473e-04
3.510000000000000142e+01 4.765045881230272110e-04
3.520000000000000284e+01 4.940109447080757868e-04
3.530000000000000426e+01 5.115173012931239832e-04
3.539999999999999858e+01 5.233791240180413109e-04
3.550000000000000000e+01 5.352409467429593976e-04
3.560000000000000142e+01 5.418690363620770308e-04
3.570000000000000284e+01 5.484971259811946640e-04
3.580000000000000426e+01 5.503258062794556902e-04
3.589999999999999858e+01 5.521544865777166080e-04
3.600000000000000000e+01 5.506047150886779441e-04
3.610000000000000142e+01 5.490549435996390634e-04
3.620000000000000284e+01 5.447411188978727292e-04
3.630000000000000426e+01 5.404272941961062865e-04
3.639999999999999858e+01 5.339092758422987100e-04
3.650000000000000000e+01 5.273912574884905913e-04
3.660000000000000142e+01 5.191677428268646468e-04
3.670000000000000284e+01 5.109442281652387024e-04
3.680000000000000426e+01 5.014462988357598584e-04
3.689999999999999858e+01 4.919483695062815565e-04
3.700000000000000000e+01 4.815377793004911979e-04
3.710000000000000142e+01 4.711271890947008392e-04
3.720000000000000284e+01 4.600968461578979884e-04
3.730000000000000426e+01 4.490665032210950833e-04
3.739999999999999858e+01 4.376492991752723620e-04
3.750000000000000000e+01 4.262320951294488276e-04
3.760000000000000142e+01 4.146514456592506983e-04
3.770000000000000284e+01 4.030707961890525690e-04
3.780000000000000426e+01 3.915355454287479950e-04
3.789999999999999858e+01 3.800002946684442884e-04
3.800000000000000000e+01 3.686800577258631797e-04
3.810000000000000142e+01 3.573598207832820711e-04
3.820000000000000284e+01 3.463863864783558425e-04
3.830000000000000426e+01 3.354129521734297223e-04
3.840000000000000568e+01 3.248807219725111735e-04
3.850000000000000000e+01 3.143484917715934379e-04
3.860000000000000142e+01 3.043156709789917582e-04
3.870000000000000284e+01 2.942828501863900244e-04
3.880000000000000426e+01 2.847752494384438822e-04
3.890000000000000568e+01 2.752676486904977941e-04
3.900000000000000000e+01 2.662869770169512475e-04
3.910000000000000142e+01 2.573063053434040503e-04
3.920000000000000284e+01 2.488403151517025957e-04
3.930000000000000426e+01 2.403743249600010868e-04
3.940000000000000568e+01 2.323940237530145001e-04
3.950000000000000000e+01 2.244137225460285097e-04
3.960000000000000142e+01 2.168850967717874637e-04
3.970000000000000284e+01 2.093564709975464177e-04
3.980000000000000426e+01 2.022480726927434861e-04
3.990000000000000568e+01 1.951396743879405817e-04
4.000000000000000000e+01 1.884278495358373379e-04
4.010000000000000142e+01 1.817160246837336334e-04
4.020000000000000284e+01 1.753750243774349332e-04
4.030000000000000426e+01 1.690340240711362058e-04
4.040000000000000568e+01 1.630363162088567628e-04
4.050000000000000000e+01 1.570386083465778076e-04
4.060000000000000142e+01 1.513618471739190999e-04
4.070000000000000284e+01 1.456850860012603923e-04
4.080000000000000426e+01 1.403159161460191152e-04
4.090000000000000568e+01 1.349467462907778380e-04
4.100000000000000000e+01 1.298734425375753729e-04
4.110000000000000142e+01 1.248001387843725824e-04
4.120000000000000284e+01 1.200114492350013579e-04
4.130000000000000426e+01 1.152227596856301333e-04
4.140000000000000568e+01 1.107078272537535184e-04
4.150000000000000000e+01 1.061928948218772423e-04
4.160000000000000142e+01 1.019412060436631750e-04
4.170000000000000284e+01 9.768951726544912125e-05
4.180000000000000426e+01 9.369075837591774784e-05
4.190000000000000568e+01 8.969199948638636088e-05
4.200000000000000000e+01 8.593629072908731442e-05
4.210000000000000142e+01 8.218058197178801047e-05
4.220000000000000284e+01 7.865820894248098407e-05
4.230000000000000426e+01 7.513583591317395767e-05
4.240000000000000568e+01 7.183734653872302057e-05
4.250000000000000000e+01 6.853885716427230031e-05
4.260000000000000142e+01 6.545511357577361226e-05
4.270000000000000284e+01 6.237136998727492421e-05
4.280000000000000426e+01 5.949327302743585919e-05
4.290000000000000568e+01 5.661517606759680773e-05
4.300000000000000000e+01 5.393414200646485097e-05
4.310000000000000142e+01 5.125310794533271126e-05
4.320000000000000284e+01 4.876033810511123761e-05
4.330000000000000426e+01 4.626756826488975718e-05
4.340000000000000568e+01 4.395501095836706879e-05
4.350000000000000000e+01 4.164245365184453626e-05
4.360000000000000142e+01 3.950164064181081389e-05
4.370000000000000284e+01 3.736082763177709829e-05
4.380000000000000426e+01 3.538411991259311193e-05
4.390000000000000568e+01 3.340741219340912557e-05
4.400000000000000000e+01 3.158674797120822352e-05
4.410000000000000142e+01 2.976608374900718934e-05
4.420000000000000284e+01 2.809405387062382858e-05
4.430000000000000426e+01 2.642202399224047459e-05
4.440000000000000568e+01 2.489098461472658453e-05
4.450000000000000000e+01 2.335994523721279949e-05
4.460000000000000142e+01 2.196264186154238201e-05
4.470000000000000284e+01 2.056533848587196453e-05
4.480000000000000426e+01 1.929457802832504573e-05
4.490000000000000568e+01 1.802381757077812016e-05
4.500000000000000000e+01 1.687255220247231327e-05
4.510000000000000142e+01 1.572128683416642507e-05
4.520000000000000284e+01 1.468267256998348229e-05
4.530000000000000426e+01 1.364405830580054291e-05
4.540000000000000568e+01 1.271135499266722582e-05
4.550000000000000000e+01 1.177865167953397818e-05
4.560000000000000142e+01 1.094520039294890939e-05
4.570000000000000284e+01 1.011174910636383891e-05
4.580000000000000426e+01 9.371114322003400854e-06
4.590000000000000568e+01 8.630479537642964487e-06
4.600000000000000000e+01 7.976195059642943684e-06
4.610000000000000142e+01 7.321910581642874601e-06
4.620000000000000284e+01 6.747835645212515937e-06
4.630000000000000426e+01 6.173760708782157274e-06
4.640000000000000568e+01 5.673808647710984551e-06
4.650000000000000000e+01 5.173856586639847403e-06
4.660000000000000142e+01 4.741758384708839401e-06
4.670000000000000284e+01 4.309660182777831399e-06
4.680000000000000426e+01 3.939512825831032892e-06
4.690000000000000568e+01 3.569365468884233963e-06
4.700000000000000000e+01 3.254897188266329102e-06
4.710000000000000142e+01 2.940428907648400947e-06
4.720000000000000284e+01 2.675715724352671836e-06
4.730000000000000426e+01 2.411002541056942725e-06
4.740000000000000568e+01 2.190074873949384403e-06
4.750000000000000000e+01 1.969147206841841750e-06
4.760000000000000142e+01 1.789694114296108982e-06
4.770000000000000284e+01 1.610241021750376002e-06
4.780000000000000426e+01 1.466316545930028866e-06
4.790000000000000568e+01 1.322392070109681730e-06
4.800000000000000000e+01 1.208772273010567243e-06
4.810000000000000142e+01 1.095152475911444497e-06
4.820000000000000284e+01 1.006635027894103765e-06
4.830000000000000426e+01 9.181175798767633513e-07
4.840000000000000568e+01 8.495203359462468135e-07
4.850000000000000000e+01 7.809230920157350403e-07
4.860000000000000142e+01 7.270827619066647348e-07
4.870000000000000284e+01 6.732424317975941117e-07
4.880000000000000426e+01 6.290133376839611326e-07
4.890000000000000568e+01 5.847842435703281534e-07
4.900000000000000000e+01 5.450371596266349543e-07
4.910000000000000142e+01 5.052900756829388965e-07
4.920000000000000284e+01 4.649111441036935279e-07
4.930000000000000426e+01 4.245322125244482123e-07
4.940000000000000568e+01 3.784219309644059152e-07
4.950000000000000000e+01 3.323116494043669533e-07
4.960000000000000142e+01 2.753839251337350331e-07
4.970000000000000284e+01 2.184562008631031393e-07
4.980000000000000426e+01 1.456374672420670302e-07
4.990000000000000568e+01 7.281873362103093428e-08
5.000000000000000000e+01 0.000000000000000000e+00
