0.000000000000000000e+00 8.538530277232647450e+02
1.000000000000000056e-01 8.407840592428422042e+02
2.000000000000000111e-01 8.278159607555153343e+02
3.000000000000000444e-01 8.149487322612834532e+02
4.000000000000000222e-01 8.021823737601471294e+02
5.000000000000000000e-01 7.895168852521062490e+02
6.000000000000000888e-01 7.769522667371608122e+02
7.000000000000000666e-01 7.644885182153107053e+02
8.000000000000000444e-01 7.521256396865557008e+02
9.000000000000000222e-01 7.398636311508964809e+02
1.000000000000000000e+00 7.277024926083325909e+02
1.100000000000000089e+00 7.156422240588641444e+02
1.200000000000000178e+00 7.036828255024911414e+02
1.300000000000000044e+00 6.918242969392131272e+02
1.400000000000000133e+00 6.800666383690310113e+02
1.500000000000000000e+00 6.684098497919439978e+02
1.600000000000000089e+00 6.568539312079525416e+02
1.700000000000000178e+00 6.453988826170563016e+02
1.800000000000000044e+00 6.340447040192553914e+02
1.900000000000000133e+00 6.227913954145501521e+02
2.000000000000000000e+00 6.116389568029402426e+02
2.100000000000000089e+00 6.005873881844257767e+02
2.200000000000000178e+00 5.896366895590066406e+02
2.300000000000000266e+00 5.787868609266827207e+02
2.400000000000000355e+00 5.680379022874544717e+02
2.500000000000000000e+00 5.573898136413215525e+02
2.600000000000000089e+00 5.468425949882839632e+02
2.700000000000000178e+00 5.363962463283418174e+02
2.800000000000000266e+00 5.260507676614948878e+02
2.900000000000000355e+00 5.158061589877435154e+02
3.000000000000000000e+00 5.056624203070876433e+02
3.100000000000000089e+00 4.956195516195271011e+02
3.200000000000000178e+00 4.856775529250620593e+02
3.300000000000000266e+00 4.758364242236920632e+02
3.400000000000000355e+00 4.660961655154176810e+02
3.500000000000000000e+00 4.564567768002387425e+02
3.600000000000000089e+00 4.469182580781553042e+02
3.700000000000000178e+00 4.374806093491670822e+02
3.800000000000000266e+00 4.281438306132741900e+02
3.900000000000000355e+00 4.189079218704767413e+02
4.000000000000000000e+00 4.097728831207748499e+02
4.100000000000000533e+00 4.007387143641681746e+02
4.200000000000000178e+00 3.918054156006571702e+02
4.299999999999999822e+00 3.829729868302411546e+02
4.400000000000000355e+00 3.742414280529208668e+02
4.500000000000000000e+00 3.656107392686959088e+02
4.600000000000000533e+00 3.570809204775662238e+02
4.700000000000000178e+00 3.486519716795321528e+02
4.800000000000000711e+00 3.403238928745932412e+02
4.900000000000000355e+00 3.320966840627499437e+02
5.000000000000000000e+00 3.239703452440019191e+02
5.100000000000000533e+00 3.159448764183492244e+02
5.200000000000000178e+00 3.080202775857920301e+02
5.300000000000000711e+00 3.001965487463302225e+02
5.400000000000000355e+00 2.924736898999638584e+02
5.500000000000000000e+00 2.848517010466928241e+02
5.600000000000000533e+00 2.773305821865171197e+02
5.700000000000000178e+00 2.699103333194369725e+02
5.800000000000000711e+00 2.625909544454520983e+02
5.900000000000000355e+00 2.553724455645627529e+02
6.000000000000000000e+00 2.482548066767687374e+02
6.100000000000000533e+00 2.412380377820700232e+02
6.200000000000000178e+00 2.343221388804668095e+02
6.300000000000000711e+00 2.275071099719589824e+02
6.400000000000000355e+00 2.207929510565465989e+02
6.500000000000000000e+00 2.141796621342295737e+02
6.600000000000000533e+00 2.076672432050079067e+02
6.700000000000000178e+00 2.012556942688816832e+02
6.800000000000000711e+00 1.949450153258507896e+02
6.900000000000000355e+00 1.887352063759153680e+02
7.000000000000000000e+00 1.826262674190753330e+02
7.100000000000000533e+00 1.766181984553306847e+02
7.200000000000000178e+00 1.707109994846814800e+02
7.300000000000000711e+00 1.649046705071276051e+02
7.400000000000000355e+00 1.591992115226691453e+02
7.500000000000000000e+00 1.535946225313061007e+02
7.600000000000000533e+00 1.480909035330384143e+02
7.700000000000000178e+00 1.426880545278661998e+02
7.800000000000000711e+00 1.373860755157892868e+02
7.900000000000000355e+00 1.321849664968078741e+02
8.000000000000000000e+00 1.270847274709218055e+02
8.099999999999999645e+00 1.220853584381311663e+02
8.200000000000001066e+00 1.171868593984358142e+02
8.300000000000000711e+00 1.123892303518359768e+02
8.400000000000000355e+00 1.076924712983315260e+02
8.500000000000000000e+00 1.030965822379224619e+02
8.599999999999999645e+00 9.860156317060878450e+01
8.700000000000001066e+00 9.420741409639046537e+01
8.800000000000000711e+00 8.991413501526757557e+01
8.900000000000000355e+00 8.572172592724012929e+01
9.000000000000000000e+00 8.163018683230805550e+01
9.099999999999999645e+00 7.763951773047138261e+01
9.200000000000001066e+00 7.374971862173005377e+01
9.300000000000000711e+00 6.996078950608415425e+01
9.400000000000000355e+00 6.627273038353369827e+01
9.500000000000000000e+00 6.268554125407860766e+01
9.600000000000001421e+00 5.919922211771885401e+01
9.700000000000001066e+00 5.581377297445457941e+01
9.800000000000000711e+00 5.252919382428569151e+01
9.900000000000000355e+00 4.934548466721220450e+01
1.000000000000000000e+01 4.626264550323411129e+01
1.010000000000000142e+01 4.328067633235135503e+01
1.020000000000000107e+01 4.039957715456406362e+01
1.030000000000000071e+01 3.761934796987217311e+01
1.040000000000000036e+01 3.493998877827566929e+01
1.050000000000000000e+01 3.236149957977456637e+01
1.060000000000000142e+01 2.988388037436881461e+01
1.070000000000000107e+01 2.750713116205850994e+01
1.080000000000000071e+01 2.523125194284359907e+01
1.090000000000000036e+01 2.305624271672408554e+01
1.100000000000000000e+01 2.098210348369996936e+01
1.110000000000000142e+01 1.900883424377121855e+01
1.120000000000000107e+01 1.713643499693790062e+01
1.130000000000000071e+01 1.536490574319997826e+01
1.140000000000000036e+01 1.369424648255745502e+01
1.150000000000000000e+01 1.212445721501032558e+01
1.160000000000000142e+01 1.065553794055857395e+01
1.170000000000000107e+01 9.287488659202242758e+00
1.180000000000000071e+01 8.020309370941310689e+00
1.190000000000000036e+01 6.854000075775775969e+00
1.200000000000000000e+01 5.788560773705635931e+00
1.210000000000000142e+01 4.823991464730879919e+00
1.220000000000000107e+01 3.960292148851538130e+00
1.230000000000000071e+01 3.197462826067593689e+00
1.240000000000000036e+01 2.535503496379047483e+00
1.250000000000000000e+01 1.974414159785897960e+00
1.260000000000000142e+01 1.514194816288138457e+00
1.270000000000000107e+01 1.154845465885785405e+00
1.280000000000000071e+01 8.963661085788295901e-01
1.290000000000000036e+01 7.387567443672711232e-01
1.300000000000000000e+01 6.820173732511101150e-01
1.310000000000000142e+01 6.757129986826477808e-01
1.320000000000000107e+01 6.694086241141854465e-01
1.330000000000000071e+01 6.631042495457230013e-01
1.340000000000000036e+01 6.567998749772607781e-01
1.350000000000000000e+01 6.504955004087985548e-01
1.360000000000000142e+01 6.441911258403361096e-01
1.370000000000000107e+01 6.378867512718737753e-01
1.380000000000000071e+01 6.315823767034113301e-01
1.390000000000000036e+01 6.252780021349488848e-01
1.400000000000000000e+01 6.189736275664865506e-01
1.410000000000000142e+01 6.126692529980241053e-01
1.420000000000000107e+01 6.063648784295617711e-01
1.430000000000000071e+01 6.000605038610994368e-01
1.440000000000000036e+01 5.937561292926371026e-01
1.450000000000000000e+01 5.874517547241747684e-01
1.460000000000000142e+01 5.811473801557122121e-01
1.470000000000000107e+01 5.748430055872498778e-01
1.480000000000000071e+01 5.685386310187874326e-01
1.490000000000000036e+01 5.622342564503250983e-01
1.500000000000000000e+01 5.559298818818627641e-01
1.510000000000000142e+01 5.496255073134003188e-01
1.520000000000000107e+01 5.433211327449379846e-01
1.530000000000000071e+01 5.370167581764755393e-01
1.540000000000000036e+01 5.307123836080133161e-01
1.550000000000000000e+01 5.244080090395508709e-01
1.560000000000000142e+01 5.181036344710884256e-01
1.570000000000000107e+01 5.117992599026260914e-01
1.580000000000000071e+01 5.054948853341637571e-01
1.590000000000000036e+01 4.991905107657013674e-01
1.600000000000000000e+01 4.928861361972389776e-01
1.610000000000000142e+01 4.865817616287764213e-01
1.619999999999999929e+01 4.802773870603143092e-01
1.630000000000000071e+01 4.739730124918518084e-01
1.640000000000000213e+01 4.676686379233893631e-01
1.650000000000000000e+01 4.613642633549271954e-01
1.660000000000000142e+01 4.550598887864646946e-01
1.669999999999999929e+01 4.487555142180024159e-01
1.680000000000000071e+01 4.424511396495399707e-01
1.690000000000000213e+01 4.361467650810774699e-01
1.700000000000000000e+01 4.298423905126151912e-01
1.710000000000000142e+01 4.235380159441526904e-01
1.719999999999999929e+01 4.172336413756905227e-01
1.730000000000000071e+01 4.109292668072280219e-01
1.740000000000000213e+01 4.046248922387655766e-01
1.750000000000000000e+01 3.983205176703034089e-01
1.760000000000000142e+01 3.920161431018409082e-01
1.769999999999999929e+01 3.857117685333786294e-01
1.780000000000000071e+01 3.794073939649161287e-01
1.790000000000000213e+01 3.731030193964536834e-01
1.800000000000000000e+01 3.668009615248725153e-01
1.810000000000000142e+01 3.604989036532910696e-01
1.819999999999999929e+01 3.542486658774596231e-01
1.830000000000000071e+01 3.479984281016279546e-01
1.840000000000000213e+01 3.417737071035137353e-01
1.850000000000000000e+01 3.355489861053997380e-01
1.860000000000000142e+01 3.293268948938470886e-01
1.869999999999999929e+01 3.231048036822946612e-01
1.880000000000000071e+01 3.168656074694068403e-01
1.890000000000000213e+01 3.106264112565191304e-01
1.900000000000000000e+01 3.043533153110266620e-01
1.910000000000000142e+01 2.980802193655340271e-01
1.920000000000000284e+01 2.917592030063137498e-01
1.930000000000000071e+01 2.854381866470936391e-01
1.940000000000000213e+01 2.790578364941131984e-01
1.950000000000000000e+01 2.726774863411329797e-01
1.960000000000000142e+01 2.662288771609656046e-01
1.970000000000000284e+01 2.597802679807982851e-01
1.980000000000000071e+01 2.532568418549323574e-01
1.990000000000000213e+01 2.467334157290661245e-01
2.000000000000000000e+01 2.401308845726870256e-01
2.010000000000000142e+01 2.335283534163076768e-01
2.020000000000000284e+01 2.268456574119885327e-01
2.030000000000000071e+01 2.201629614076696106e-01
2.040000000000000213e+01 2.135305633648882651e-01
2.050000000000000000e+01 2.068981653221072248e-01
2.060000000000000142e+01 2.005166314372723857e-01
2.070000000000000284e+01 1.941350975524375466e-01
2.080000000000000071e+01 1.880628366709593546e-01
2.090000000000000213e+01 1.819905757894808851e-01
2.100000000000000000e+01 1.762076663518360731e-01
2.110000000000000142e+01 1.704247569141910668e-01
2.120000000000000284e+01 1.649148086458210039e-01
2.130000000000000071e+01 1.594048603774510797e-01
2.140000000000000213e+01 1.541548404513154447e-01
2.150000000000000000e+01 1.489048205251800316e-01
2.160000000000000142e+01 1.439048891775421002e-01
2.170000000000000284e+01 1.389049578299041687e-01
2.180000000000000071e+01 1.341483127177745538e-01
2.190000000000000213e+01 1.293916676056447723e-01
2.200000000000000000e+01 1.248744003389752610e-01
2.210000000000000142e+01 1.203571330723055832e-01
2.220000000000000284e+01 1.160780945769845224e-01
2.230000000000000071e+01 1.117990560816636003e-01
2.240000000000000213e+01 1.077597294764294500e-01
2.250000000000000000e+01 1.037204028711954384e-01
2.260000000000000142e+01 9.992478411399370597e-02
2.270000000000000284e+01 9.612916535679195962e-02
2.280000000000000071e+01 9.258365038202370778e-02
2.290000000000000213e+01 8.903813540725533104e-02
2.300000000000000000e+01 8.574795283420613701e-02
2.310000000000000142e+01 8.245777026115676256e-02
2.320000000000000284e+01 7.935703241003651265e-02
2.330000000000000071e+01 7.625629455891637376e-02
2.340000000000000213e+01 7.333320879656034241e-02
2.350000000000000000e+01 7.041012303420443597e-02
2.360000000000000142e+01 6.765369863546628892e-02
2.370000000000000284e+01 6.489727423672812801e-02
2.380000000000000071e+01 6.229727810905567181e-02
2.390000000000000213e+01 5.969728198138313235e-02
2.400000000000000000e+01 5.724419494643731565e-02
2.410000000000000142e+01 5.479110791149142262e-02
2.420000000000000284e+01 5.247606774366469357e-02
2.430000000000000071e+01 5.016102757583802002e-02
2.440000000000000213e+01 4.797580277392247267e-02
2.450000000000000000e+01 4.579057797200699470e-02
2.460000000000000142e+01 4.372751831879530260e-02
2.470000000000000284e+01 4.166445866558361050e-02
2.480000000000000071e+01 3.971646424815976351e-02
2.490000000000000213e+01 3.776846983073583325e-02
2.500000000000000000e+01 3.592894855965557410e-02
2.510000000000000142e+01 3.408942728857524557e-02
2.520000000000000284e+01 3.235068280318600248e-02
2.530000000000000071e+01 3.061193831779681837e-02
2.540000000000000213e+01 2.896784156391384729e-02
2.550000000000000000e+01 2.732374481003093172e-02
2.560000000000000142e+01 2.576855786106649338e-02
2.570000000000000284e+01 2.421337091210205503e-02
2.580000000000000071e+01 2.274172931786337670e-02
2.590000000000000213e+01 2.127008772362465674e-02
2.600000000000000000e+01 1.987697410827501954e-02
2.610000000000000142e+01 1.848386049292533029e-02
2.620000000000000284e+01 1.716457955511932476e-02
2.630000000000000071e+01 1.584529861731336434e-02
2.640000000000000213e+01 1.459545460317526917e-02
2.650000000000000000e+01 1.334561058903721911e-02
2.660000000000000142e+01 1.216109023304934658e-02
2.670000000000000284e+01 1.097656987706147752e-02
2.680000000000000071e+01 9.853523080179503110e-03
2.690000000000000213e+01 8.730476283297492271e-03
2.700000000000000000e+01 7.665297127373226285e-03
2.710000000000000142e+01 6.600117971448923003e-03
2.720000000000000284e+01 5.589429489547972398e-03
2.730000000000000071e+01 4.578741007647057354e-03
2.740000000000000213e+01 3.618274836251288151e-03
2.750000000000000000e+01 2.657808664855553209e-03
2.760000000000000142e+01 1.745139364230071169e-03
2.770000000000000284e+01 8.324700636045884779e-04
2.780000000000000071e+01 -3.469960784490454464e-05
2.790000000000000213e+01 -9.018692792944265832e-04
2.800000000000000000e+01 -1.725714729307828909e-03
2.810000000000000142e+01 -2.549560179321261159e-03
2.820000000000000284e+01 -3.338074419243122325e-03
2.830000000000000071e+01 -4.126588659164955736e-03
2.840000000000000213e+01 -4.882026523590339735e-03
2.850000000000000000e+01 -5.637464388015696846e-03
2.860000000000000142e+01 -6.360608828950422428e-03
2.870000000000000284e+01 -7.083753269885149743e-03
2.880000000000000071e+01 -7.776065557943601450e-03
2.890000000000000213e+01 -8.468377846002076575e-03
2.900000000000000000e+01 -9.129414910642454431e-03
2.910000000000000142e+01 -9.790451975282856573e-03
2.920000000000000284e+01 -1.041699514425705429e-02
2.930000000000000071e+01 -1.104353831323122599e-02
2.940000000000000213e+01 -1.162849806655708723e-02
2.950000000000000000e+01 -1.221345781988292419e-02
2.960000000000000142e+01 -1.275526260603784476e-02
2.970000000000000284e+01 -1.329706739219276533e-02
2.980000000000000071e+01 -1.379174182945178302e-02
2.990000000000000213e+01 -1.428641626671081979e-02
3.000000000000000000e+01 -1.474800551907325813e-02
3.010000000000000142e+01 -1.520959477143570861e-02
3.020000000000000284e+01 -1.564215900762419911e-02
3.030000000000000071e+01 -1.607472324381267748e-02
3.040000000000000213e+01 -1.647856602049581690e-02
3.050000000000000000e+01 -1.688240879717894244e-02
3.060000000000000142e+01 -1.721979030727922508e-02
3.070000000000000284e+01 -1.755717181737950425e-02
3.080000000000000071e+01 -1.780114891747202471e-02
3.090000000000000213e+01 -1.804512601756455212e-02
3.100000000000000000e+01 -1.818259749277268897e-02
3.110000000000000142e+01 -1.832006896798083276e-02
3.120000000000000284e+01 -1.833685463839920121e-02
3.130000000000000071e+01 -1.835364030881757313e-02
3.140000000000000213e+01 -1.824229495900740045e-02
3.150000000000000000e+01 -1.813094960919723470e-02
3.160000000000000142e+01 -1.788989984011032930e-02
3.170000000000000284e+01 -1.764885007102342390e-02
3.180000000000000071e+01 -1.728166764900392061e-02
3.190000000000000213e+01 -1.691448522698439996e-02
3.200000000000000000e+01 -1.642928427070398933e-02
3.210000000000000142e+01 -1.594408331442356136e-02
3.220000000000000284e+01 -1.535300435897886742e-02
3.230000000000000426e+01 -1.476192540353416655e-02
3.239999999999999858e+01 -1.407905292107758735e-02
3.250000000000000000e+01 -1.339618043862096132e-02
3.260000000000000142e+01 -1.264011154107226240e-02
3.270000000000000284e+01 -1.188404264352356174e-02
3.280000000000000426e+01 -1.107609715047209314e-02
3.289999999999999858e+01 -1.026815165742067833e-02
3.300000000000000000e+01 -9.431783609699640608e-03
3.310000000000000142e+01 -8.595415561978601154e-03
3.320000000000000284e+01 -7.747088457318540740e-03
3.330000000000000426e+01 -6.898761352658479458e-03
3.339999999999999858e+01 -6.057803532437235419e-03
3.350000000000000000e+01 -5.216845712215929798e-03
3.360000000000000142e+01 -4.402563596708725796e-03
3.370000000000000284e+01 -3.588281481201521361e-03
3.380000000000000426e+01 -2.816964532838480730e-03
3.389999999999999858e+01 -2.045647584475495176e-03
3.400000000000000000e+01 -1.332350965761155449e-03
3.410000000000000142e+01 -6.190543470468200596e-04
3.420000000000000284e+01 2.076510123841029945e-05
3.430000000000000426e+01 6.605845495236342549e-04
3.439999999999999858e+01 1.207746929114056084e-03
3.450000000000000000e+01 1.754909308704516403e-03
3.460000000000000142e+01 2.196383201396740533e-03
3.470000000000000284e+01 2.637857094088964013e-03
3.480000000000000426e+01 2.960244436355429117e-03
3.489999999999999858e+01 3.282631778621871235e-03
3.500000000000000000e+01 3.500697467825348002e-03
3.510000000000000142e+01 3.718763157028817830e-03
3.520000000000000284e+01 3.855387222158446637e-03
3.530000000000000426e+01 3.992011287288071975e-03
3.539999999999999858e+01 4.084583972681063435e-03
3.550000000000000000e+01 4.177156658074060100e-03
3.560000000000000142e+01 4.228883957435753196e-03
3.570000000000000284e+01 4.280611256797445426e-03
3.580000000000000426e+01 4.294882743554676897e-03
3.589999999999999858e+01 4.309154230311906635e-03
3.600000000000000000e+01 4.297059418931490835e-03
3.610000000000000142e+01 4.284964607551073300e-03
3.620000000000000284e+01 4.251298420977718540e-03
3.630000000000000426e+01 4.217632234404362045e-03
3.639999999999999858e+01 4.166763959228973573e-03
3.650000000000000000e+01 4.115895684053581631e-03
3.660000000000000142e+01 4.051717281353616439e-03
3.670000000000000284e+01 3.987538878653650379e-03
3.680000000000000426e+01 3.913414619330863112e-03
3.689999999999999858e+01 3.839290360008080182e-03
3.700000000000000000e+01 3.758043462779416758e-03
3.710000000000000142e+01 3.676796565550752901e-03
3.720000000000000284e+01 3.590712960176978535e-03
3.730000000000000426e+01 3.504629354803203735e-03
3.739999999999999858e+01 3.415526586812807006e-03
3.750000000000000000e+01 3.326423818822402904e-03
3.760000000000000142e+01 3.236045481115570020e-03
3.770000000000000284e+01 3.145667143408738004e-03
3.780000000000000426e+01 3.055643108795594309e-03
3.789999999999999858e+01 2.965619074182457120e-03
3.800000000000000000e+01 2.877273062160347686e-03
3.810000000000000142e+01 2.788927050138237818e-03
3.820000000000000284e+01 2.703287574220537837e-03
3.830000000000000426e+01 2.617648098302838289e-03
3.840000000000000568e+01 2.535451891574163653e-03
3.850000000000000000e+01 2.453255684845495957e-03
3.860000000000000142e+01 2.374956996323808727e-03
3.870000000000000284e+01 2.296658307802121064e-03
3.880000000000000426e+01 2.222458570266596604e-03
3.890000000000000568e+01 2.148258832731073011e-03
3.900000000000000000e+01 2.078171383885072353e-03
3.910000000000000142e+01 2.008083935039066490e-03
3.920000000000000284e+01 1.942013191551202663e-03
3.930000000000000426e+01 1.875942448063338619e-03
3.940000000000000568e+01 1.813662145102494646e-03
3.950000000000000000e+01 1.751381842141655444e-03
3.960000000000000142e+01 1.692626529286038852e-03
3.970000000000000284e+01 1.633871216430422477e-03
3.980000000000000426e+01 1.578395465765536181e-03
3.990000000000000568e+01 1.522919715100650752e-03
4.000000000000000000e+01 1.470538924655905412e-03
4.010000000000000142e+01 1.418158134211156603e-03
4.020000000000000284e+01 1.368671352959673765e-03
4.030000000000000426e+01 1.319184571708191143e-03
4.040000000000000568e+01 1.272376932116044699e-03
4.050000000000000000e+01 1.225569292523901723e-03
4.060000000000000142e+01 1.181266402632977349e-03
4.070000000000000284e+01 1.136963512742052542e-03
4.080000000000000426e+01 1.095061143826465315e-03
4.090000000000000568e+01 1.053158774910878089e-03
4.100000000000000000e+01 1.013565420403755770e-03
4.110000000000000142e+01 9.739720658966308491e-04
4.120000000000000284e+01 9.365999131188429980e-04
4.130000000000000426e+01 8.992277603410551469e-04
4.140000000000000568e+01 8.639920778258589886e-04
4.150000000000000000e+01 8.287563953106655409e-04
4.160000000000000142e+01 7.955751333088542697e-04
4.170000000000000284e+01 7.623938713070431070e-04
4.180000000000000426e+01 7.311865385701095052e-04
4.190000000000000568e+01 6.999792058331760118e-04
4.200000000000000000e+01 6.706686982257063345e-04
4.210000000000000142e+01 6.413581906182347055e-04
4.220000000000000284e+01 6.138686944555724187e-04
4.230000000000000426e+01 5.863791982929100234e-04
4.240000000000000568e+01 5.606369471891448162e-04
4.250000000000000000e+01 5.348946960853813437e-04
4.260000000000000142e+01 5.108283757844486522e-04
4.270000000000000284e+01 4.867620554835160691e-04
4.280000000000000426e+01 4.643006538446239613e-04
4.290000000000000568e+01 4.418392522057319619e-04
4.300000000000000000e+01 4.209157796143144620e-04
4.310000000000000142e+01 3.999923070228954985e-04
4.320000000000000284e+01 3.805380963566702365e-04
4.330000000000000426e+01 3.610838856904450829e-04
4.340000000000000568e+01 3.430360995318907725e-04
4.350000000000000000e+01 3.249883133733377631e-04
4.360000000000000142e+01 3.082808634426649377e-04
4.370000000000000284e+01 2.915734135119921124e-04
4.380000000000000426e+01 2.761466830637682082e-04
4.390000000000000568e+01 2.607199526155443581e-04
4.400000000000000000e+01 2.465110253573388806e-04
4.410000000000000142e+01 2.323020980991324003e-04
4.420000000000000284e+01 2.192531511127541284e-04
4.430000000000000426e+01 2.062042041263758294e-04
4.440000000000000568e+01 1.942555829148021507e-04
4.450000000000000000e+01 1.823069617032292851e-04
4.460000000000000142e+01 1.714020503085596692e-04
4.470000000000000284e+01 1.604971389138900803e-04
4.480000000000000426e+01 1.505798006789128428e-04
4.490000000000000568e+01 1.406624624439356053e-04
4.500000000000000000e+01 1.316776943171836555e-04
4.510000000000000142e+01 1.226929261904310280e-04
4.520000000000000284e+01 1.145873159690853610e-04
4.530000000000000426e+01 1.064817057477396940e-04
4.540000000000000568e+01 9.920265156070349241e-05
4.550000000000000000e+01 9.192359737366780580e-05
4.560000000000000142e+01 8.541913127830549034e-05
4.570000000000000284e+01 7.891466518294314777e-05
4.580000000000000426e+01 7.313456270849966396e-05
4.590000000000000568e+01 6.735446023405619370e-05
4.600000000000000000e+01 6.224825754126258530e-05
4.610000000000000142e+01 5.714205484846860420e-05
4.620000000000000284e+01 5.266182784503062748e-05
4.630000000000000426e+01 4.818160084159264398e-05
4.640000000000000568e+01 4.427984763431382038e-05
4.650000000000000000e+01 4.037809442703526783e-05
4.660000000000000142e+01 3.700589001681339751e-05
4.670000000000000284e+01 3.363368560659151364e-05
4.680000000000000426e+01 3.074496136763422494e-05
4.690000000000000568e+01 2.785623712867693624e-05
4.700000000000000000e+01 2.540204658116822534e-05
4.710000000000000142e+01 2.294785603365933149e-05
4.720000000000000284e+01 2.088196693677237255e-05
4.730000000000000426e+01 1.881607783988541361e-05
4.740000000000000568e+01 1.709190206217853407e-05
4.750000000000000000e+01 1.536772628447177988e-05
4.760000000000000142e+01 1.396722864896600426e-05
4.770000000000000284e+01 1.256673101346022694e-05
4.780000000000000426e+01 1.144350775094422082e-05
4.790000000000000568e+01 1.032028448842821640e-05
4.800000000000000000e+01 9.433566656338452283e-06
4.810000000000000142e+01 8.546848824248623792e-06
4.820000000000000284e+01 7.856036117202638529e-06
4.830000000000000426e+01 7.165223410156657502e-06
4.840000000000000568e+01 6.629873048878161726e-06
4.850000000000000000e+01 6.094522687599701525e-06
4.860000000000000142e+01 5.674339039923709634e-06
4.870000000000000284e+01 5.254155392247714355e-06
4.880000000000000426e+01 4.908980277971431866e-06
4.890000000000000568e+01 4.563805163695151071e-06
4.900000000000000000e+01 4.253608798217604634e-06
4.910000000000000142e+01 3.943412432740037022e-06
4.920000000000000284e+01 3.628284967402146521e-06
4.930000000000000426e+01 3.313157502064256019e-06
4.940000000000000568e+01 2.953301121874610539e-06
4.950000000000000000e+01 2.593444741684990893e-06
4.960000000000000142e+01 2.149166283706191998e-06
4.970000000000000284e+01 1.704887825727393527e-06
4.980000000000000426e+01 1.136591883818248799e-06
4.990000000000000568e+01 5.682959419091041766e-07
5.000000000000000000e+01 0.000000000000000000e+00
