0.000000 2.065451
0.500000 2.065412
1.000000 2.065294
1.500000 2.065097
2.000000 2.064822
2.500000 2.064468
3.000000 2.064036
3.500000 2.063525
4.000000 2.062936
4.500000 2.062268
5.000000 2.061521
5.500000 2.060697
6.000000 2.059794
6.500000 2.058813
7.000000 2.057753
7.500000 2.056616
8.000000 2.055401
8.500000 2.054108
9.000000 2.052737
9.500000 2.051288
10.000000 2.049762
10.500000 2.048158
11.000000 2.046477
11.500000 2.044719
12.000000 2.042884
12.500000 2.040971
13.000000 2.038983
13.500000 2.036917
14.000000 2.034775
14.500000 2.032556
15.000000 2.030262
15.500000 2.027891
16.000000 2.025445
16.500000 2.022923
17.000000 2.020326
17.500000 2.017654
18.000000 2.014906
18.500000 2.012084
19.000000 2.009187
19.500000 2.006216
20.000000 2.003170
20.500000 2.000051
21.000000 1.996858
21.500000 1.993592
22.000000 1.990252
22.500000 1.986840
23.000000 1.983355
23.500000 1.979797
24.000000 1.976167
24.500000 1.972466
25.000000 1.968693
25.500000 1.964849
26.000000 1.960933
26.500000 1.956947
27.000000 1.952891
27.500000 1.948764
28.000000 1.944568
28.500000 1.940303
29.000000 1.935968
29.500000 1.931564
30.000000 1.927092
30.500000 1.922552
31.000000 1.917944
31.500000 1.913269
32.000000 1.908527
32.500000 1.903718
33.000000 1.898842
33.500000 1.893901
34.000000 1.888894
34.500000 1.883822
35.000000 1.878685
35.500000 1.873484
36.000000 1.868218
36.500000 1.862889
37.000000 1.857497
37.500000 1.852042
38.000000 1.846524
38.500000 1.840945
39.000000 1.835304
39.500000 1.829602
40.000000 1.823839
40.500000 1.818016
41.000000 1.812134
41.500000 1.806191
42.000000 1.800190
42.500000 1.794131
43.000000 1.788013
43.500000 1.781838
44.000000 1.775606
44.500000 1.769318
45.000000 1.762973
45.500000 1.756573
46.000000 1.750117
46.500000 1.743607
47.000000 1.737043
47.500000 1.730425
48.000000 1.723754
48.500000 1.717030
49.000000 1.710255
49.500000 1.703427
50.000000 1.696549
50.500000 1.689620
51.000000 1.682641
51.500000 1.675612
52.000000 1.668535
52.500000 1.661409
53.000000 1.654235
53.500000 1.647014
54.000000 1.639746
54.500000 1.632432
55.000000 1.625073
55.500000 1.617668
56.000000 1.610218
56.500000 1.602725
57.000000 1.595188
57.500000 1.587609
58.000000 1.579987
58.500000 1.572323
59.000000 1.564619
59.500000 1.556873
60.000000 1.549088
60.500000 1.541264
61.000000 1.533401
61.500000 1.525500
62.000000 1.517561
62.500000 1.509585
63.000000 1.501573
63.500000 1.493526
64.000000 1.485443
64.500000 1.477325
65.000000 1.469174
65.500000 1.460990
66.000000 1.452773
66.500000 1.444524
67.000000 1.436244
67.500000 1.427933
68.000000 1.419591
68.500000 1.411221
69.000000 1.402821
69.500000 1.394394
70.000000 1.385939
70.500000 1.377456
71.000000 1.368948
71.500000 1.360414
72.000000 1.351855
72.500000 1.343272
73.000000 1.334665
73.500000 1.326036
74.000000 1.317383
74.500000 1.308710
75.000000 1.300015
75.500000 1.291299
76.000000 1.282565
76.500000 1.273811
77.000000 1.265038
77.500000 1.256248
78.000000 1.247441
78.500000 1.238618
79.000000 1.229779
79.500000 1.220925
80.000000 1.212057
80.500000 1.203174
81.000000 1.194279
81.500000 1.185372
82.000000 1.176453
82.500000 1.167523
83.000000 1.158583
83.500000 1.149633
84.000000 1.140675
84.500000 1.131708
85.000000 1.122734
85.500000 1.113752
86.000000 1.104765
86.500000 1.095772
87.000000 1.086774
87.500000 1.077772
88.000000 1.068767
88.500000 1.059759
89.000000 1.050749
89.500000 1.041738
90.000000 1.032726
90.500000 1.023713
91.000000 1.014702
91.500000 1.005692
92.000000 0.996684
92.500000 0.987679
93.000000 0.978677
93.500000 0.969679
94.000000 0.960686
94.500000 0.951699
95.000000 0.942718
95.500000 0.933743
96.000000 0.924776
96.500000 0.915818
97.000000 0.906868
97.500000 0.897928
98.000000 0.888998
98.500000 0.880079
99.000000 0.871172
99.500000 0.862277
100.000000 0.853395
100.500000 0.844526
101.000000 0.835672
101.500000 0.826833
102.000000 0.818010
102.500000 0.809203
103.000000 0.800413
103.500000 0.791641
104.000000 0.782887
104.500000 0.774152
105.000000 0.765437
105.500000 0.756742
106.000000 0.748068
106.500000 0.739416
107.000000 0.730786
107.500000 0.722179
108.000000 0.713596
108.500000 0.705037
109.000000 0.696503
109.500000 0.687995
110.000000 0.679513
110.500000 0.671057
111.000000 0.662630
111.500000 0.654230
112.000000 0.645860
112.500000 0.637519
113.000000 0.629208
113.500000 0.620927
114.000000 0.612678
114.500000 0.604461
115.000000 0.596277
115.500000 0.588126
116.000000 0.580008
116.500000 0.571926
117.000000 0.563878
117.500000 0.555866
118.000000 0.547890
118.500000 0.539952
119.000000 0.532050
119.500000 0.524187
120.000000 0.516363
120.500000 0.508578
121.000000 0.500833
121.500000 0.493128
122.000000 0.485464
122.500000 0.477843
123.000000 0.470263
123.500000 0.462726
124.000000 0.455233
124.500000 0.447783
125.000000 0.440379
125.500000 0.433019
126.000000 0.425705
126.500000 0.418437
127.000000 0.411216
127.500000 0.404042
128.000000 0.396916
128.500000 0.389839
129.000000 0.382810
129.500000 0.375831
130.000000 0.368902
130.500000 0.362024
131.000000 0.355197
131.500000 0.348421
132.000000 0.341697
132.500000 0.335026
133.000000 0.328408
133.500000 0.321844
134.000000 0.315334
134.500000 0.308879
135.000000 0.302478
135.500000 0.296134
136.000000 0.289845
136.500000 0.283613
137.000000 0.277438
137.500000 0.271320
138.000000 0.265261
138.500000 0.259260
139.000000 0.253318
139.500000 0.247435
140.000000 0.241612
140.500000 0.235849
141.000000 0.230147
141.500000 0.224506
142.000000 0.218927
142.500000 0.213409
143.000000 0.207954
143.500000 0.202562
144.000000 0.197233
144.500000 0.191968
145.000000 0.186766
145.500000 0.181629
146.000000 0.176557
146.500000 0.171550
147.000000 0.166609
147.500000 0.161734
148.000000 0.156925
148.500000 0.152182
149.000000 0.147507
149.500000 0.142899
150.000000 0.138359
150.500000 0.133887
151.000000 0.129483
151.500000 0.125149
152.000000 0.120883
152.500000 0.116687
153.000000 0.112560
153.500000 0.108504
154.000000 0.104518
154.500000 0.100603
155.000000 0.096758
155.500000 0.092985
156.000000 0.089284
156.500000 0.085654
157.000000 0.082097
157.500000 0.078612
158.000000 0.075199
158.500000 0.071860
159.000000 0.068593
159.500000 0.065400
160.000000 0.062281
160.500000 0.059236
161.000000 0.056264
161.500000 0.053367
162.000000 0.050545
162.500000 0.047798
163.000000 0.045125
163.500000 0.042528
164.000000 0.040006
164.500000 0.037560
165.000000 0.035189
165.500000 0.032895
166.000000 0.030676
166.500000 0.028534
167.000000 0.026469
167.500000 0.024480
168.000000 0.022568
168.500000 0.020732
169.000000 0.018974
169.500000 0.017293
170.000000 0.015689
170.500000 0.014163
171.000000 0.012715
171.500000 0.011344
172.000000 0.010050
172.500000 0.008835
173.000000 0.007698
173.500000 0.006639
174.000000 0.005657
174.500000 0.004754
175.000000 0.003930
175.500000 0.003184
176.000000 0.002516
176.500000 0.001926
177.000000 0.001415
177.500000 0.000983
178.000000 0.000629
178.500000 0.000354
179.000000 0.000157
179.500000 0.000039
180.000000 0.000000
180.500000 0.000039
181.000000 0.000157
