0.000000 12.217631
0.100000 12.190495
0.200000 12.163390
0.300000 12.136316
0.400000 12.109271
0.500000 12.082256
0.600000 12.055272
0.700000 12.028318
0.800000 12.001394
0.900000 11.974500
1.000000 11.947636
1.100000 11.920803
1.200000 11.893999
1.300000 11.867226
1.400000 11.840483
1.500000 11.813770
1.600000 11.787087
1.700000 11.760435
1.800000 11.733812
1.900000 11.707220
2.000000 11.680658
2.100000 11.654126
2.200000 11.627625
2.300000 11.601153
2.400000 11.574712
2.500000 11.548301
2.600000 11.521920
2.700000 11.495569
2.800000 11.469248
2.900000 11.442957
3.000000 11.416697
3.100000 11.390467
3.200000 11.364267
3.300000 11.338097
3.400000 11.311957
3.500000 11.285848
3.600000 11.259768
3.700000 11.233719
3.800000 11.207700
3.900000 11.181711
4.000000 11.155753
4.100000 11.129824
4.200000 11.103926
4.300000 11.078058
4.400000 11.052220
4.500000 11.026412
4.600000 11.000634
4.700000 10.974886
4.800000 10.949169
4.900000 10.923482
5.000000 10.897825
5.100000 10.872198
5.200000 10.846601
5.300000 10.821035
5.400000 10.795498
5.500000 10.769992
5.600000 10.744516
5.700000 10.719070
5.800000 10.693655
5.900000 10.668269
6.000000 10.642914
6.100000 10.617589
6.200000 10.592294
6.300000 10.567029
6.400000 10.541794
6.500000 10.516590
6.600000 10.491415
6.700000 10.466271
6.800000 10.441157
6.900000 10.416073
7.000000 10.391019
7.100000 10.365996
7.200000 10.341003
7.300000 10.316039
7.400000 10.291106
7.500000 10.266204
7.600000 10.241331
7.700000 10.216488
7.800000 10.191676
7.900000 10.166894
8.000000 10.142142
8.100000 10.117420
8.200000 10.092728
8.300000 10.068067
8.400000 10.043435
8.500000 10.018834
8.600000 9.994263
8.700000 9.969722
8.800000 9.945212
8.900000 9.920731
9.000000 9.896281
9.100000 9.871861
9.200000 9.847471
9.300000 9.823111
9.400000 9.798781
9.500000 9.774482
9.600000 9.750212
9.700000 9.725973
9.800000 9.701764
9.900000 9.677585
10.000000 9.653437
10.100000 9.629318
10.200000 9.605230
10.300000 9.581172
10.400000 9.557144
10.500000 9.533146
10.600000 9.509178
10.700000 9.485241
10.800000 9.461333
10.900000 9.437456
11.000000 9.413609
11.100000 9.389792
11.200000 9.366006
11.300000 9.342249
11.400000 9.318523
11.500000 9.294826
11.600000 9.271160
11.700000 9.247525
11.800000 9.223919
11.900000 9.200343
12.000000 9.176798
12.100000 9.153283
12.200000 9.129798
12.300000 9.106343
12.400000 9.082918
12.500000 9.059524
12.600000 9.036160
12.700000 9.012825
12.800000 8.989521
12.900000 8.966248
13.000000 8.943004
13.100000 8.919790
13.200000 8.896607
13.300000 8.873454
13.400000 8.850331
13.500000 8.827238
13.600000 8.804175
13.700000 8.781143
13.800000 8.758141
13.900000 8.735169
14.000000 8.712227
14.100000 8.689315
14.200000 8.666433
14.300000 8.643582
14.400000 8.620760
14.500000 8.597969
14.600000 8.575208
14.700000 8.552477
14.800000 8.529777
14.900000 8.507106
15.000000 8.484466
15.100000 8.461856
15.200000 8.439276
15.300000 8.416726
15.400000 8.394206
15.500000 8.371717
15.600000 8.349257
15.700000 8.326828
15.800000 8.304429
15.900000 8.282060
16.000000 8.259722
16.100000 8.237413
16.200000 8.215135
16.300000 8.192887
16.400000 8.170669
16.500000 8.148481
16.600000 8.126323
16.700000 8.104196
16.800000 8.082098
16.900000 8.060031
17.000000 8.037994
17.100000 8.015987
17.200000 7.994011
17.300000 7.972064
17.400000 7.950148
17.500000 7.928262
17.600000 7.906406
17.700000 7.884580
17.800000 7.862784
17.900000 7.841019
18.000000 7.819284
18.100000 7.797578
18.200000 7.775903
18.300000 7.754259
18.400000 7.732644
18.500000 7.711060
18.600000 7.689505
18.700000 7.667981
18.800000 7.646487
18.900000 7.625023
19.000000 7.603590
19.100000 7.582186
19.200000 7.560813
19.300000 7.539470
19.400000 7.518157
19.500000 7.496874
19.600000 7.475621
19.700000 7.454399
19.800000 7.433206
19.900000 7.412044
20.000000 7.390912
20.100000 7.369811
20.200000 7.348739
20.300000 7.327697
20.400000 7.306686
20.500000 7.285705
20.600000 7.264754
20.700000 7.243833
20.800000 7.222943
20.900000 7.202082
21.000000 7.181252
21.100000 7.160452
21.200000 7.139682
21.300000 7.118942
21.400000 7.098232
21.500000 7.077553
21.600000 7.056903
21.700000 7.036284
21.800000 7.015695
21.900000 6.995137
22.000000 6.974608
22.100000 6.954109
22.200000 6.933641
22.300000 6.913203
22.400000 6.892795
22.500000 6.872417
22.600000 6.852070
22.700000 6.831752
22.800000 6.811465
22.900000 6.791208
23.000000 6.770981
23.100000 6.750784
23.200000 6.730617
23.300000 6.710481
23.400000 6.690375
23.500000 6.670298
23.600000 6.650252
23.700000 6.630237
23.800000 6.610251
23.900000 6.590296
24.000000 6.570370
24.100000 6.550475
24.200000 6.530610
24.300000 6.510775
24.400000 6.490971
24.500000 6.471196
24.600000 6.451452
24.700000 6.431738
24.800000 6.412054
24.900000 6.392400
25.000000 6.372776
25.100000 6.353183
25.200000 6.333620
25.300000 6.314087
25.400000 6.294584
25.500000 6.275111
25.600000 6.255668
25.700000 6.236256
25.800000 6.216873
25.900000 6.197521
26.000000 6.178199
26.100000 6.158908
26.200000 6.139646
26.300000 6.120415
26.400000 6.101213
26.500000 6.082042
26.600000 6.062901
26.700000 6.043790
26.800000 6.024710
26.900000 6.005659
27.000000 5.986639
27.100000 5.967649
27.200000 5.948689
27.300000 5.929759
27.400000 5.910860
27.500000 5.891990
27.600000 5.873151
27.700000 5.854342
27.800000 5.835563
27.900000 5.816814
28.000000 5.798095
28.100000 5.779407
28.200000 5.760749
28.300000 5.742120
28.400000 5.723523
28.500000 5.704955
28.600000 5.686417
28.700000 5.667910
28.800000 5.649432
28.900000 5.630985
29.000000 5.612568
29.100000 5.594182
29.200000 5.575825
29.300000 5.557499
29.400000 5.539202
29.500000 5.520936
29.600000 5.502700
29.700000 5.484494
29.800000 5.466319
29.900000 5.448173
30.000000 5.430058
30.100000 5.411973
30.200000 5.393918
30.300000 5.375893
30.400000 5.357899
30.500000 5.339934
30.600000 5.322000
30.700000 5.304096
30.800000 5.286222
30.900000 5.268378
31.000000 5.250564
31.100000 5.232781
31.200000 5.215028
31.300000 5.197305
31.400000 5.179612
31.500000 5.161949
31.600000 5.144316
31.700000 5.126714
31.800000 5.109142
31.900000 5.091600
32.000000 5.074088
32.100000 5.056606
32.200000 5.039154
32.300000 5.021733
32.400000 5.004342
32.500000 4.986980
32.600000 4.969649
32.700000 4.952349
32.800000 4.935078
32.900000 4.917838
33.000000 4.900627
33.100000 4.883447
33.200000 4.866297
33.300000 4.849178
33.400000 4.832088
33.500000 4.815029
33.600000 4.797999
33.700000 4.781000
33.800000 4.764031
33.900000 4.747093
34.000000 4.730184
34.100000 4.713305
34.200000 4.696457
34.300000 4.679639
34.400000 4.662851
34.500000 4.646093
34.600000 4.629366
34.700000 4.612668
34.800000 4.596001
34.900000 4.579364
35.000000 4.562757
35.100000 4.546180
35.200000 4.529634
35.300000 4.513117
35.400000 4.496631
35.500000 4.480175
35.600000 4.463749
35.700000 4.447353
35.800000 4.430988
35.900000 4.414652
36.000000 4.398347
36.100000 4.382072
36.200000 4.365827
36.300000 4.349612
36.400000 4.333428
36.500000 4.317273
36.600000 4.301149
36.700000 4.285055
36.800000 4.268991
36.900000 4.252957
37.000000 4.236954
37.100000 4.220980
37.200000 4.205037
37.300000 4.189124
37.400000 4.173241
37.500000 4.157388
37.600000 4.141566
37.700000 4.125773
37.800000 4.110011
37.900000 4.094279
38.000000 4.078577
38.100000 4.062905
38.200000 4.047264
38.300000 4.031652
38.400000 4.016071
38.500000 4.000520
38.600000 3.984999
38.700000 3.969508
38.800000 3.954048
38.900000 3.938617
39.000000 3.923217
39.100000 3.907847
39.200000 3.892507
39.300000 3.877197
39.400000 3.861918
39.500000 3.846668
39.600000 3.831449
39.700000 3.816260
39.800000 3.801101
39.900000 3.785972
40.000000 3.770874
40.100000 3.755805
40.200000 3.740767
40.300000 3.725759
40.400000 3.710781
40.500000 3.695833
40.600000 3.680916
40.700000 3.666028
40.800000 3.651171
40.900000 3.636344
41.000000 3.621547
41.100000 3.606780
41.200000 3.592044
41.300000 3.577337
41.400000 3.562661
41.500000 3.548015
41.600000 3.533399
41.700000 3.518813
41.800000 3.504258
41.900000 3.489732
42.000000 3.475237
42.100000 3.460772
42.200000 3.446337
42.300000 3.431932
42.400000 3.417558
42.500000 3.403213
42.600000 3.388899
42.700000 3.374615
42.800000 3.360361
42.900000 3.346138
43.000000 3.331944
43.100000 3.317781
43.200000 3.303647
43.300000 3.289544
43.400000 3.275471
43.500000 3.261429
43.600000 3.247416
43.700000 3.233434
43.800000 3.219481
43.900000 3.205559
44.000000 3.191667
44.100000 3.177806
44.200000 3.163974
44.300000 3.150173
44.400000 3.136402
44.500000 3.122660
44.600000 3.108950
44.700000 3.095269
44.800000 3.081618
44.900000 3.067998
45.000000 3.054408
45.100000 3.040848
45.200000 3.027318
45.300000 3.013818
45.400000 3.000348
45.500000 2.986909
45.600000 2.973500
45.700000 2.960121
45.800000 2.946772
45.900000 2.933453
46.000000 2.920165
46.100000 2.906906
46.200000 2.893678
46.300000 2.880480
46.400000 2.867312
46.500000 2.854174
46.600000 2.841067
46.700000 2.827989
46.800000 2.814942
46.900000 2.801925
47.000000 2.788938
47.100000 2.775981
47.200000 2.763055
47.300000 2.750158
47.400000 2.737292
47.500000 2.724456
47.600000 2.711650
47.700000 2.698875
47.800000 2.686129
47.900000 2.673414
48.000000 2.660728
48.100000 2.648073
48.200000 2.635449
48.300000 2.622854
48.400000 2.610289
48.500000 2.597755
48.600000 2.585251
48.700000 2.572777
48.800000 2.560333
48.900000 2.547919
49.000000 2.535535
49.100000 2.523182
49.200000 2.510859
49.300000 2.498566
49.400000 2.486303
49.500000 2.474070
49.600000 2.461868
49.700000 2.449695
49.800000 2.437553
49.900000 2.425441
50.000000 2.413359
50.100000 2.401307
50.200000 2.389286
50.300000 2.377295
50.400000 2.365333
50.500000 2.353402
50.600000 2.341501
50.700000 2.329631
50.800000 2.317790
50.900000 2.305980
51.000000 2.294200
51.100000 2.282449
51.200000 2.270730
51.300000 2.259040
51.400000 2.247380
51.500000 2.235751
51.600000 2.224152
51.700000 2.212583
51.800000 2.201044
51.900000 2.189535
52.000000 2.178057
52.100000 2.166608
52.200000 2.155190
52.300000 2.143802
52.400000 2.132444
52.500000 2.121116
52.600000 2.109819
52.700000 2.098552
52.800000 2.087314
52.900000 2.076107
53.000000 2.064930
53.100000 2.053784
53.200000 2.042667
53.300000 2.031581
53.400000 2.020525
53.500000 2.009499
53.600000 1.998503
53.700000 1.987537
53.800000 1.976601
53.900000 1.965696
54.000000 1.954821
54.100000 1.943976
54.200000 1.933161
54.300000 1.922376
54.400000 1.911622
54.500000 1.900897
54.600000 1.890203
54.700000 1.879539
54.800000 1.868905
54.900000 1.858302
55.000000 1.847728
55.100000 1.837185
55.200000 1.826672
55.300000 1.816189
55.400000 1.805736
55.500000 1.795313
55.600000 1.784920
55.700000 1.774558
55.800000 1.764226
55.900000 1.753924
56.000000 1.743652
56.100000 1.733410
56.200000 1.723199
56.300000 1.713017
56.400000 1.702866
56.500000 1.692745
56.600000 1.682654
56.700000 1.672594
56.800000 1.662563
56.900000 1.652563
57.000000 1.642593
57.100000 1.632653
57.200000 1.622743
57.300000 1.612863
57.400000 1.603013
57.500000 1.593194
57.600000 1.583405
57.700000 1.573646
57.800000 1.563917
57.900000 1.554218
58.000000 1.544550
58.100000 1.534911
58.200000 1.525303
58.300000 1.515725
58.400000 1.506177
58.500000 1.496660
58.600000 1.487172
58.700000 1.477715
58.800000 1.468288
58.900000 1.458891
59.000000 1.449524
59.100000 1.440187
59.200000 1.430881
59.300000 1.421604
59.400000 1.412358
59.500000 1.403142
59.600000 1.393956
59.700000 1.384801
59.800000 1.375675
59.900000 1.366580
60.000000 1.357515
60.100000 1.348480
60.200000 1.339475
60.300000 1.330500
60.400000 1.321555
60.500000 1.312641
60.600000 1.303757
60.700000 1.294903
60.800000 1.286079
60.900000 1.277285
61.000000 1.268522
61.100000 1.259789
61.200000 1.251085
61.300000 1.242412
61.400000 1.233770
61.500000 1.225157
61.600000 1.216574
61.700000 1.208022
61.800000 1.199500
61.900000 1.191008
62.000000 1.182546
62.100000 1.174114
62.200000 1.165713
62.300000 1.157341
62.400000 1.149000
62.500000 1.140689
62.600000 1.132408
62.700000 1.124158
62.800000 1.115937
62.900000 1.107747
63.000000 1.099587
63.100000 1.091457
63.200000 1.083357
63.300000 1.075287
63.400000 1.067248
63.500000 1.059238
63.600000 1.051259
63.700000 1.043310
63.800000 1.035391
63.900000 1.027503
64.000000 1.019644
64.100000 1.011816
64.200000 1.004018
64.300000 0.996250
64.400000 0.988512
64.500000 0.980804
64.600000 0.973127
64.700000 0.965479
64.800000 0.957862
64.900000 0.950275
65.000000 0.942718
65.100000 0.935192
65.200000 0.927695
65.300000 0.920229
65.400000 0.912793
65.500000 0.905387
65.600000 0.898011
65.700000 0.890665
65.800000 0.883350
65.900000 0.876064
66.000000 0.868809
66.100000 0.861584
66.200000 0.854389
66.300000 0.847225
66.400000 0.840090
66.500000 0.832986
66.600000 0.825912
66.700000 0.818868
66.800000 0.811854
66.900000 0.804870
67.000000 0.797917
67.100000 0.790994
67.200000 0.784100
67.300000 0.777237
67.400000 0.770405
67.500000 0.763602
67.600000 0.756829
67.700000 0.750087
67.800000 0.743375
67.900000 0.736693
68.000000 0.730041
68.100000 0.723419
68.200000 0.716828
68.300000 0.710267
68.400000 0.703736
68.500000 0.697235
68.600000 0.690764
68.700000 0.684323
68.800000 0.677913
68.900000 0.671532
69.000000 0.665182
69.100000 0.658862
69.200000 0.652572
69.300000 0.646313
69.400000 0.640083
69.500000 0.633884
69.600000 0.627715
69.700000 0.621576
69.800000 0.615467
69.900000 0.609388
70.000000 0.603340
70.100000 0.597321
70.200000 0.591333
70.300000 0.585375
70.400000 0.579448
70.500000 0.573550
70.600000 0.567682
70.700000 0.561845
70.800000 0.556038
70.900000 0.550261
71.000000 0.544514
71.100000 0.538798
71.200000 0.533111
71.300000 0.527455
71.400000 0.521829
71.500000 0.516233
71.600000 0.510667
71.700000 0.505131
71.800000 0.499626
71.900000 0.494150
72.000000 0.488705
72.100000 0.483290
72.200000 0.477905
72.300000 0.472551
72.400000 0.467226
72.500000 0.461932
72.600000 0.456668
72.700000 0.451434
72.800000 0.446230
72.900000 0.441056
73.000000 0.435913
73.100000 0.430800
73.200000 0.425717
73.300000 0.420664
73.400000 0.415641
73.500000 0.410648
73.600000 0.405686
73.700000 0.400753
73.800000 0.395851
73.900000 0.390979
74.000000 0.386137
74.100000 0.381326
74.200000 0.376544
74.300000 0.371793
74.400000 0.367072
74.500000 0.362381
74.600000 0.357720
74.700000 0.353090
74.800000 0.348489
74.900000 0.343919
75.000000 0.339379
75.100000 0.334869
75.200000 0.330389
75.300000 0.325939
75.400000 0.321520
75.500000 0.317130
75.600000 0.312771
75.700000 0.308442
75.800000 0.304144
75.900000 0.299875
76.000000 0.295636
76.100000 0.291428
76.200000 0.287250
76.300000 0.283102
76.400000 0.278984
76.500000 0.274897
76.600000 0.270839
76.700000 0.266812
76.800000 0.262815
76.900000 0.258848
77.000000 0.254911
77.100000 0.251004
77.200000 0.247128
77.300000 0.243282
77.400000 0.239466
77.500000 0.235680
77.600000 0.231924
77.700000 0.228198
77.800000 0.224503
77.900000 0.220837
78.000000 0.217202
78.100000 0.213597
78.200000 0.210023
78.300000 0.206478
78.400000 0.202964
78.500000 0.199479
78.600000 0.196025
78.700000 0.192601
78.800000 0.189207
78.900000 0.185844
79.000000 0.182510
79.100000 0.179207
79.200000 0.175934
79.300000 0.172691
79.400000 0.169478
79.500000 0.166296
79.600000 0.163143
79.700000 0.160021
79.800000 0.156929
79.900000 0.153867
80.000000 0.150835
80.100000 0.147833
80.200000 0.144862
80.300000 0.141921
80.400000 0.139009
80.500000 0.136129
80.600000 0.133278
80.700000 0.130457
80.800000 0.127667
80.900000 0.124906
81.000000 0.122176
81.100000 0.119476
81.200000 0.116807
81.300000 0.114167
81.400000 0.111558
81.500000 0.108978
81.600000 0.106429
81.700000 0.103910
81.800000 0.101421
81.900000 0.098963
82.000000 0.096534
82.100000 0.094136
82.200000 0.091768
82.300000 0.089430
82.400000 0.087122
82.500000 0.084845
82.600000 0.082597
82.700000 0.080380
82.800000 0.078193
82.900000 0.076036
83.000000 0.073909
83.100000 0.071813
83.200000 0.069746
83.300000 0.067710
83.400000 0.065704
83.500000 0.063728
83.600000 0.061782
83.700000 0.059866
83.800000 0.057981
83.900000 0.056126
84.000000 0.054301
84.100000 0.052506
84.200000 0.050741
84.300000 0.049006
84.400000 0.047302
84.500000 0.045628
84.600000 0.043983
84.700000 0.042370
84.800000 0.040786
84.900000 0.039232
85.000000 0.037709
85.100000 0.036215
85.200000 0.034752
85.300000 0.033319
85.400000 0.031917
85.500000 0.030544
85.600000 0.029202
85.700000 0.027889
85.800000 0.026607
85.900000 0.025355
86.000000 0.024134
86.100000 0.022942
86.200000 0.021781
86.300000 0.020649
86.400000 0.019548
86.500000 0.018477
86.600000 0.017437
86.700000 0.016426
86.800000 0.015445
86.900000 0.014495
87.000000 0.013575
87.100000 0.012685
87.200000 0.011825
87.300000 0.010996
87.400000 0.010196
87.500000 0.009427
87.600000 0.008688
87.700000 0.007979
87.800000 0.007300
87.900000 0.006652
88.000000 0.006033
88.100000 0.005445
88.200000 0.004887
88.300000 0.004359
88.400000 0.003861
88.500000 0.003394
88.600000 0.002956
88.700000 0.002549
88.800000 0.002172
88.900000 0.001825
89.000000 0.001508
89.100000 0.001222
89.200000 0.000965
89.300000 0.000739
89.400000 0.000543
89.500000 0.000377
89.600000 0.000241
89.700000 0.000136
89.800000 0.000060
89.900000 0.000015
90.000000 0.000000
90.100000 0.000015
90.200000 0.000060
90.300000 0.000136
90.400000 0.000241
90.500000 0.000377
90.600000 0.000543
90.700000 0.000739
90.800000 0.000965
90.900000 0.001222
91.000000 0.001508
91.100000 0.001825
91.200000 0.002172
91.300000 0.002549
91.400000 0.002956
91.500000 0.003394
91.600000 0.003861
91.700000 0.004359
91.800000 0.004887
91.900000 0.005445
92.000000 0.006033
92.100000 0.006652
92.200000 0.007300
92.300000 0.007979
92.400000 0.008688
92.500000 0.009427
92.600000 0.010196
92.700000 0.010996
92.800000 0.011825
92.900000 0.012685
93.000000 0.013575
93.100000 0.014495
93.200000 0.015445
93.300000 0.016426
93.400000 0.017437
93.500000 0.018477
93.600000 0.019548
93.700000 0.020649
93.800000 0.021781
93.900000 0.022942
94.000000 0.024134
94.100000 0.025355
94.200000 0.026607
94.300000 0.027889
94.400000 0.029202
94.500000 0.030544
94.600000 0.031917
94.700000 0.033319
94.800000 0.034752
94.900000 0.036215
95.000000 0.037709
95.100000 0.039232
95.200000 0.040786
95.300000 0.042370
95.400000 0.043983
95.500000 0.045628
95.600000 0.047302
95.700000 0.049006
95.800000 0.050741
95.900000 0.052506
96.000000 0.054301
96.100000 0.056126
96.200000 0.057981
96.300000 0.059866
96.400000 0.061782
96.500000 0.063728
96.600000 0.065704
96.700000 0.067710
96.800000 0.069746
96.900000 0.071813
97.000000 0.073909
97.100000 0.076036
97.200000 0.078193
97.300000 0.080380
97.400000 0.082597
97.500000 0.084845
97.600000 0.087122
97.700000 0.089430
97.800000 0.091768
97.900000 0.094136
98.000000 0.096534
98.100000 0.098963
98.200000 0.101421
98.300000 0.103910
98.400000 0.106429
98.500000 0.108978
98.600000 0.111558
98.700000 0.114167
98.800000 0.116807
98.900000 0.119476
99.000000 0.122176
99.100000 0.124906
99.200000 0.127667
99.300000 0.130457
99.400000 0.133278
99.500000 0.136129
99.600000 0.139009
99.700000 0.141921
99.800000 0.144862
99.900000 0.147833
100.000000 0.150835
100.100000 0.153867
100.200000 0.156929
100.300000 0.160021
100.400000 0.163143
100.500000 0.166296
100.600000 0.169478
100.700000 0.172691
100.800000 0.175934
100.900000 0.179207
101.000000 0.182510
101.100000 0.185844
101.200000 0.189207
101.300000 0.192601
101.400000 0.196025
101.500000 0.199479
101.600000 0.202964
101.700000 0.206478
101.800000 0.210023
101.900000 0.213597
102.000000 0.217202
102.100000 0.220837
102.200000 0.224503
102.300000 0.228198
102.400000 0.231924
102.500000 0.235680
102.600000 0.239466
102.700000 0.243282
102.800000 0.247128
102.900000 0.251004
103.000000 0.254911
103.100000 0.258848
103.200000 0.262815
103.300000 0.266812
103.400000 0.270839
103.500000 0.274897
103.600000 0.278984
103.700000 0.283102
103.800000 0.287250
103.900000 0.291428
104.000000 0.295636
104.100000 0.299875
104.200000 0.304144
104.300000 0.308442
104.400000 0.312771
104.500000 0.317130
104.600000 0.321520
104.700000 0.325939
104.800000 0.330389
104.900000 0.334869
105.000000 0.339379
105.100000 0.343919
105.200000 0.348489
105.300000 0.353090
105.400000 0.357720
105.500000 0.362381
105.600000 0.367072
105.700000 0.371793
105.800000 0.376544
105.900000 0.381326
106.000000 0.386137
106.100000 0.390979
106.200000 0.395851
106.300000 0.400753
106.400000 0.405686
106.500000 0.410648
106.600000 0.415641
106.700000 0.420664
106.800000 0.425717
106.900000 0.430800
107.000000 0.435913
107.100000 0.441056
107.200000 0.446230
107.300000 0.451434
107.400000 0.456668
107.500000 0.461932
107.600000 0.467226
107.700000 0.472551
107.800000 0.477905
107.900000 0.483290
108.000000 0.488705
108.100000 0.494150
108.200000 0.499626
108.300000 0.505131
108.400000 0.510667
108.500000 0.516233
108.600000 0.521829
108.700000 0.527455
108.800000 0.533111
108.900000 0.538798
109.000000 0.544514
109.100000 0.550261
109.200000 0.556038
109.300000 0.561845
109.400000 0.567682
109.500000 0.573550
109.600000 0.579448
109.700000 0.585375
109.800000 0.591333
109.900000 0.597321
110.000000 0.603340
110.100000 0.609388
110.200000 0.615467
110.300000 0.621576
110.400000 0.627715
110.500000 0.633884
110.600000 0.640083
110.700000 0.646313
110.800000 0.652572
110.900000 0.658862
111.000000 0.665182
111.100000 0.671532
111.200000 0.677913
111.300000 0.684323
111.400000 0.690764
111.500000 0.697235
111.600000 0.703736
111.700000 0.710267
111.800000 0.716828
111.900000 0.723419
112.000000 0.730041
112.100000 0.736693
112.200000 0.743375
112.300000 0.750087
112.400000 0.756829
112.500000 0.763602
112.600000 0.770405
112.700000 0.777237
112.800000 0.784100
112.900000 0.790994
113.000000 0.797917
113.100000 0.804870
113.200000 0.811854
113.300000 0.818868
113.400000 0.825912
113.500000 0.832986
113.600000 0.840090
113.700000 0.847225
113.800000 0.854389
113.900000 0.861584
114.000000 0.868809
114.100000 0.876064
114.200000 0.883350
114.300000 0.890665
114.400000 0.898011
114.500000 0.905387
114.600000 0.912793
114.700000 0.920229
114.800000 0.927695
114.900000 0.935192
115.000000 0.942718
115.100000 0.950275
115.200000 0.957862
115.300000 0.965479
115.400000 0.973127
115.500000 0.980804
115.600000 0.988512
115.700000 0.996250
115.800000 1.004018
115.900000 1.011816
116.000000 1.019644
116.100000 1.027503
116.200000 1.035391
116.300000 1.043310
116.400000 1.051259
116.500000 1.059238
116.600000 1.067248
116.700000 1.075287
116.800000 1.083357
116.900000 1.091457
117.000000 1.099587
117.100000 1.107747
117.200000 1.115937
117.300000 1.124158
117.400000 1.132408
117.500000 1.140689
117.600000 1.149000
117.700000 1.157341
117.800000 1.165713
117.900000 1.174114
118.000000 1.182546
118.100000 1.191008
118.200000 1.199500
118.300000 1.208022
118.400000 1.216574
118.500000 1.225157
118.600000 1.233770
118.700000 1.242412
118.800000 1.251085
118.900000 1.259789
119.000000 1.268522
119.100000 1.277285
119.200000 1.286079
119.300000 1.294903
119.400000 1.303757
119.500000 1.312641
119.600000 1.321555
119.700000 1.330500
119.800000 1.339475
119.900000 1.348480
120.000000 1.357515
120.100000 1.366580
120.200000 1.375675
120.300000 1.384801
120.400000 1.393956
120.500000 1.403142
120.600000 1.412358
120.700000 1.421604
120.800000 1.430881
120.900000 1.440187
121.000000 1.449524
121.100000 1.458891
121.200000 1.468288
121.300000 1.477715
121.400000 1.487172
121.500000 1.496660
121.600000 1.506177
121.700000 1.515725
121.800000 1.525303
121.900000 1.534911
122.000000 1.544550
122.100000 1.554218
122.200000 1.563917
122.300000 1.573646
122.400000 1.583405
122.500000 1.593194
122.600000 1.603013
122.700000 1.612863
122.800000 1.622743
122.900000 1.632653
123.000000 1.642593
123.100000 1.652563
123.200000 1.662563
123.300000 1.672594
123.400000 1.682654
123.500000 1.692745
123.600000 1.702866
123.700000 1.713017
123.800000 1.723199
123.900000 1.733410
124.000000 1.743652
124.100000 1.753924
124.200000 1.764226
124.300000 1.774558
124.400000 1.784920
124.500000 1.795313
124.600000 1.805736
124.700000 1.816189
124.800000 1.826672
124.900000 1.837185
125.000000 1.847728
125.100000 1.858302
125.200000 1.868905
125.300000 1.879539
125.400000 1.890203
125.500000 1.900897
125.600000 1.911622
125.700000 1.922376
125.800000 1.933161
125.900000 1.943976
126.000000 1.954821
126.100000 1.965696
126.200000 1.976601
126.300000 1.987537
126.400000 1.998503
126.500000 2.009499
126.600000 2.020525
126.700000 2.031581
126.800000 2.042667
126.900000 2.053784
127.000000 2.064930
127.100000 2.076107
127.200000 2.087314
127.300000 2.098552
127.400000 2.109819
127.500000 2.121116
127.600000 2.132444
127.700000 2.143802
127.800000 2.155190
127.900000 2.166608
128.000000 2.178057
128.100000 2.189535
128.200000 2.201044
128.300000 2.212583
128.400000 2.224152
128.500000 2.235751
128.600000 2.247380
128.700000 2.259040
128.800000 2.270730
128.900000 2.282449
129.000000 2.294200
129.100000 2.305980
129.200000 2.317790
129.300000 2.329631
129.400000 2.341501
129.500000 2.353402
129.600000 2.365333
129.700000 2.377295
129.800000 2.389286
129.900000 2.401307
130.000000 2.413359
130.100000 2.425441
130.200000 2.437553
130.300000 2.449695
130.400000 2.461868
130.500000 2.474070
130.600000 2.486303
130.700000 2.498566
130.800000 2.510859
130.900000 2.523182
131.000000 2.535535
131.100000 2.547919
131.200000 2.560333
131.300000 2.572777
131.400000 2.585251
131.500000 2.597755
131.600000 2.610289
131.700000 2.622854
131.800000 2.635449
131.900000 2.648073
132.000000 2.660728
132.100000 2.673414
132.200000 2.686129
132.300000 2.698875
132.400000 2.711650
132.500000 2.724456
132.600000 2.737292
132.700000 2.750158
132.800000 2.763055
132.900000 2.775981
133.000000 2.788938
133.100000 2.801925
133.200000 2.814942
133.300000 2.827989
133.400000 2.841067
133.500000 2.854174
133.600000 2.867312
133.700000 2.880480
133.800000 2.893678
133.900000 2.906906
134.000000 2.920165
134.100000 2.933453
134.200000 2.946772
134.300000 2.960121
134.400000 2.973500
134.500000 2.986909
134.600000 3.000348
134.700000 3.013818
134.800000 3.027318
134.900000 3.040848
135.000000 3.054408
135.100000 3.067998
135.200000 3.081618
135.300000 3.095269
135.400000 3.108950
135.500000 3.122660
135.600000 3.136402
135.700000 3.150173
135.800000 3.163974
135.900000 3.177806
136.000000 3.191667
136.100000 3.205559
136.200000 3.219481
136.300000 3.233434
136.400000 3.247416
136.500000 3.261429
136.600000 3.275471
136.700000 3.289544
136.800000 3.303647
136.900000 3.317781
137.000000 3.331944
137.100000 3.346138
137.200000 3.360361
137.300000 3.374615
137.400000 3.388899
137.500000 3.403213
137.600000 3.417558
137.700000 3.431932
137.800000 3.446337
137.900000 3.460772
138.000000 3.475237
138.100000 3.489732
138.200000 3.504258
138.300000 3.518813
138.400000 3.533399
138.500000 3.548015
138.600000 3.562661
138.700000 3.577337
138.800000 3.592044
138.900000 3.606780
139.000000 3.621547
139.100000 3.636344
139.200000 3.651171
139.300000 3.666028
139.400000 3.680916
139.500000 3.695833
139.600000 3.710781
139.700000 3.725759
139.800000 3.740767
139.900000 3.755805
140.000000 3.770874
140.100000 3.785972
140.200000 3.801101
140.300000 3.816260
140.400000 3.831449
140.500000 3.846668
140.600000 3.861918
140.700000 3.877197
140.800000 3.892507
140.900000 3.907847
141.000000 3.923217
141.100000 3.938617
141.200000 3.954048
141.300000 3.969508
141.400000 3.984999
141.500000 4.000520
141.600000 4.016071
141.700000 4.031652
141.800000 4.047264
141.900000 4.062905
142.000000 4.078577
142.100000 4.094279
142.200000 4.110011
142.300000 4.125773
142.400000 4.141566
142.500000 4.157388
142.600000 4.173241
142.700000 4.189124
142.800000 4.205037
142.900000 4.220980
143.000000 4.236954
143.100000 4.252957
143.200000 4.268991
143.300000 4.285055
143.400000 4.301149
143.500000 4.317273
143.600000 4.333428
143.700000 4.349612
143.800000 4.365827
143.900000 4.382072
144.000000 4.398347
144.100000 4.414652
144.200000 4.430988
144.300000 4.447353
144.400000 4.463749
144.500000 4.480175
144.600000 4.496631
144.700000 4.513117
144.800000 4.529634
144.900000 4.546180
145.000000 4.562757
145.100000 4.579364
145.200000 4.596001
145.300000 4.612668
145.400000 4.629366
145.500000 4.646093
145.600000 4.662851
145.700000 4.679639
145.800000 4.696457
145.900000 4.713305
146.000000 4.730184
146.100000 4.747093
146.200000 4.764031
146.300000 4.781000
146.400000 4.797999
146.500000 4.815029
146.600000 4.832088
146.700000 4.849178
146.800000 4.866297
146.900000 4.883447
147.000000 4.900627
147.100000 4.917838
147.200000 4.935078
147.300000 4.952349
147.400000 4.969649
147.500000 4.986980
147.600000 5.004342
147.700000 5.021733
147.800000 5.039154
147.900000 5.056606
148.000000 5.074088
148.100000 5.091600
148.200000 5.109142
148.300000 5.126714
148.400000 5.144316
148.500000 5.161949
148.600000 5.179612
148.700000 5.197305
148.800000 5.215028
148.900000 5.232781
149.000000 5.250564
149.100000 5.268378
149.200000 5.286222
149.300000 5.304096
149.400000 5.322000
149.500000 5.339934
149.600000 5.357899
149.700000 5.375893
149.800000 5.393918
149.900000 5.411973
150.000000 5.430058
150.100000 5.448173
150.200000 5.466319
150.300000 5.484494
150.400000 5.502700
150.500000 5.520936
150.600000 5.539202
150.700000 5.557499
150.800000 5.575825
150.900000 5.594182
151.000000 5.612568
151.100000 5.630985
151.200000 5.649432
151.300000 5.667910
151.400000 5.686417
151.500000 5.704955
151.600000 5.723523
151.700000 5.742120
151.800000 5.760749
151.900000 5.779407
152.000000 5.798095
152.100000 5.816814
152.200000 5.835563
152.300000 5.854342
152.400000 5.873151
152.500000 5.891990
152.600000 5.910860
152.700000 5.929759
152.800000 5.948689
152.900000 5.967649
153.000000 5.986639
153.100000 6.005659
153.200000 6.024710
153.300000 6.043790
153.400000 6.062901
153.500000 6.082042
153.600000 6.101213
153.700000 6.120415
153.800000 6.139646
153.900000 6.158908
154.000000 6.178199
154.100000 6.197521
154.200000 6.216873
154.300000 6.236256
154.400000 6.255668
154.500000 6.275111
154.600000 6.294584
154.700000 6.314087
154.800000 6.333620
154.900000 6.353183
155.000000 6.372776
155.100000 6.392400
155.200000 6.412054
155.300000 6.431738
155.400000 6.451452
155.500000 6.471196
155.600000 6.490971
155.700000 6.510775
155.800000 6.530610
155.900000 6.550475
156.000000 6.570370
156.100000 6.590296
156.200000 6.610251
156.300000 6.630237
156.400000 6.650252
156.500000 6.670298
156.600000 6.690375
156.700000 6.710481
156.800000 6.730617
156.900000 6.750784
157.000000 6.770981
157.100000 6.791208
157.200000 6.811465
157.300000 6.831752
157.400000 6.852070
157.500000 6.872417
157.600000 6.892795
157.700000 6.913203
157.800000 6.933641
157.900000 6.954109
158.000000 6.974608
158.100000 6.995137
158.200000 7.015695
158.300000 7.036284
158.400000 7.056903
158.500000 7.077553
158.600000 7.098232
158.700000 7.118942
158.800000 7.139682
158.900000 7.160452
159.000000 7.181252
159.100000 7.202082
159.200000 7.222943
159.300000 7.243833
159.400000 7.264754
159.500000 7.285705
159.600000 7.306686
159.700000 7.327697
159.800000 7.348739
159.900000 7.369811
160.000000 7.390912
160.100000 7.412044
160.200000 7.433206
160.300000 7.454399
160.400000 7.475621
160.500000 7.496874
160.600000 7.518157
160.700000 7.539470
160.800000 7.560813
160.900000 7.582186
161.000000 7.603590
161.100000 7.625023
161.200000 7.646487
161.300000 7.667981
161.400000 7.689505
161.500000 7.711060
161.600000 7.732644
161.700000 7.754259
161.800000 7.775903
161.900000 7.797578
162.000000 7.819284
162.100000 7.841019
162.200000 7.862784
162.300000 7.884580
162.400000 7.906406
162.500000 7.928262
162.600000 7.950148
162.700000 7.972064
162.800000 7.994011
162.900000 8.015987
163.000000 8.037994
163.100000 8.060031
163.200000 8.082098
163.300000 8.104196
163.400000 8.126323
163.500000 8.148481
163.600000 8.170669
163.700000 8.192887
163.800000 8.215135
163.900000 8.237413
164.000000 8.259722
164.100000 8.282060
164.200000 8.304429
164.300000 8.326828
164.400000 8.349257
164.500000 8.371717
164.600000 8.394206
164.700000 8.416726
164.800000 8.439276
164.900000 8.461856
165.000000 8.484466
165.100000 8.507106
165.200000 8.529777
165.300000 8.552477
165.400000 8.575208
165.500000 8.597969
165.600000 8.620760
165.700000 8.643582
165.800000 8.666433
165.900000 8.689315
166.000000 8.712227
166.100000 8.735169
166.200000 8.758141
166.300000 8.781143
166.400000 8.804175
166.500000 8.827238
166.600000 8.850331
166.700000 8.873454
166.800000 8.896607
166.900000 8.919790
167.000000 8.943004
167.100000 8.966248
167.200000 8.989521
167.300000 9.012825
167.400000 9.036160
167.500000 9.059524
167.600000 9.082918
167.700000 9.106343
167.800000 9.129798
167.900000 9.153283
168.000000 9.176798
168.100000 9.200343
168.200000 9.223919
168.300000 9.247525
168.400000 9.271160
168.500000 9.294826
168.600000 9.318523
168.700000 9.342249
168.800000 9.366006
168.900000 9.389792
169.000000 9.413609
169.100000 9.437456
169.200000 9.461333
169.300000 9.485241
169.400000 9.509178
169.500000 9.533146
169.600000 9.557144
169.700000 9.581172
169.800000 9.605230
169.900000 9.629318
170.000000 9.653437
170.100000 9.677585
170.200000 9.701764
170.300000 9.725973
170.400000 9.750212
170.500000 9.774482
170.600000 9.798781
170.700000 9.823111
170.800000 9.847471
170.900000 9.871861
171.000000 9.896281
171.100000 9.920731
171.200000 9.945212
171.300000 9.969722
171.400000 9.994263
171.500000 10.018834
171.600000 10.043435
171.700000 10.068067
171.800000 10.092728
171.900000 10.117420
172.000000 10.142142
172.100000 10.166894
172.200000 10.191676
172.300000 10.216488
172.400000 10.241331
172.500000 10.266204
172.600000 10.291106
172.700000 10.316039
172.800000 10.341003
172.900000 10.365996
173.000000 10.391019
173.100000 10.416073
173.200000 10.441157
173.300000 10.466271
173.400000 10.491415
173.500000 10.516590
173.600000 10.541794
173.700000 10.567029
173.800000 10.592294
173.900000 10.617589
174.000000 10.642914
174.100000 10.668269
174.200000 10.693655
174.300000 10.719070
174.400000 10.744516
174.500000 10.769992
174.600000 10.795498
174.700000 10.821035
174.800000 10.846601
174.900000 10.872198
175.000000 10.897825
175.100000 10.923482
175.200000 10.949169
175.300000 10.974886
175.400000 11.000634
175.500000 11.026412
175.600000 11.052220
175.700000 11.078058
175.800000 11.103926
175.900000 11.129824
176.000000 11.155753
176.100000 11.181711
176.200000 11.207700
176.300000 11.233719
176.400000 11.259768
176.500000 11.285848
176.600000 11.311957
176.700000 11.338097
176.800000 11.364267
176.900000 11.390467
177.000000 11.416697
177.100000 11.442957
177.200000 11.469248
177.300000 11.495569
177.400000 11.521920
177.500000 11.548301
177.600000 11.574712
177.700000 11.601153
177.800000 11.627625
177.900000 11.654126
178.000000 11.680658
178.100000 11.707220
178.200000 11.733812
178.300000 11.760435
178.400000 11.787087
178.500000 11.813770
178.600000 11.840483
178.700000 11.867226
178.800000 11.893999
178.900000 11.920803
179.000000 11.947636
179.100000 11.974500
179.200000 12.001394
179.300000 12.028318
179.400000 12.055272
179.500000 12.082256
179.600000 12.109271
179.700000 12.136316
179.800000 12.163390
179.900000 12.190495
180.000000 12.217631
180.100000 12.244796
180.200000 12.271992
180.300000 12.299217
180.400000 12.326473
180.500000 12.353759
180.600000 12.381075
180.700000 12.408422
180.800000 12.435798
180.900000 12.463205
181.000000 12.490642
