0.000000 73.305784
0.100000 73.224356
0.200000 73.142973
0.300000 73.061635
0.400000 72.980343
0.500000 72.899095
0.600000 72.817893
0.700000 72.736737
0.800000 72.655625
0.900000 72.574559
1.000000 72.493538
1.100000 72.412562
1.200000 72.331632
1.300000 72.250746
1.400000 72.169906
1.500000 72.089112
1.600000 72.008362
1.700000 71.927658
1.800000 71.846999
1.900000 71.766385
2.000000 71.685817
2.100000 71.605293
2.200000 71.524815
2.300000 71.444383
2.400000 71.363995
2.500000 71.283653
2.600000 71.203356
2.700000 71.123104
2.800000 71.042898
2.900000 70.962737
3.000000 70.882621
3.100000 70.802550
3.200000 70.722524
3.300000 70.642544
3.400000 70.562609
3.500000 70.482719
3.600000 70.402875
3.700000 70.323076
3.800000 70.243322
3.900000 70.163613
4.000000 70.083950
4.100000 70.004331
4.200000 69.924758
4.300000 69.845231
4.400000 69.765748
4.500000 69.686311
4.600000 69.606919
4.700000 69.527572
4.800000 69.448271
4.900000 69.369015
5.000000 69.289804
5.100000 69.210638
5.200000 69.131517
5.300000 69.052442
5.400000 68.973412
5.500000 68.894427
5.600000 68.815488
5.700000 68.736594
5.800000 68.657745
5.900000 68.578941
6.000000 68.500183
6.100000 68.421469
6.200000 68.342801
6.300000 68.264179
6.400000 68.185601
6.500000 68.107069
6.600000 68.028582
6.700000 67.950140
6.800000 67.871744
6.900000 67.793393
7.000000 67.715087
7.100000 67.636826
7.200000 67.558611
7.300000 67.480440
7.400000 67.402315
7.500000 67.324236
7.600000 67.246201
7.700000 67.168212
7.800000 67.090268
7.900000 67.012369
8.000000 66.934516
8.100000 66.856708
8.200000 66.778945
8.300000 66.701227
8.400000 66.623555
8.500000 66.545927
8.600000 66.468345
8.700000 66.390809
8.800000 66.313317
8.900000 66.235871
9.000000 66.158470
9.100000 66.081114
9.200000 66.003804
9.300000 65.926539
9.400000 65.849319
9.500000 65.772144
9.600000 65.695015
9.700000 65.617930
9.800000 65.540891
9.900000 65.463898
10.000000 65.386949
10.100000 65.310046
10.200000 65.233188
10.300000 65.156375
10.400000 65.079608
10.500000 65.002886
10.600000 64.926209
10.700000 64.849577
10.800000 64.772991
10.900000 64.696450
11.000000 64.619954
11.100000 64.543503
11.200000 64.467097
11.300000 64.390737
11.400000 64.314422
11.500000 64.238153
11.600000 64.161928
11.700000 64.085749
11.800000 64.009615
11.900000 63.933526
12.000000 63.857483
12.100000 63.781485
12.200000 63.705532
12.300000 63.629624
12.400000 63.553762
12.500000 63.477945
12.600000 63.402173
12.700000 63.326446
12.800000 63.250764
12.900000 63.175128
13.000000 63.099537
13.100000 63.023992
13.200000 62.948491
13.300000 62.873036
13.400000 62.797626
13.500000 62.722261
13.600000 62.646942
13.700000 62.571668
13.800000 62.496439
13.900000 62.421255
14.000000 62.346117
14.100000 62.271024
14.200000 62.195976
14.300000 62.120973
14.400000 62.046016
14.500000 61.971103
14.600000 61.896236
14.700000 61.821415
14.800000 61.746638
14.900000 61.671907
15.000000 61.597221
15.100000 61.522581
15.200000 61.447985
15.300000 61.373435
15.400000 61.298930
15.500000 61.224470
15.600000 61.150056
15.700000 61.075687
15.800000 61.001363
15.900000 60.927084
16.000000 60.852851
16.100000 60.778663
16.200000 60.704520
16.300000 60.630422
16.400000 60.556370
16.500000 60.482362
16.600000 60.408401
16.700000 60.334484
16.800000 60.260612
16.900000 60.186786
17.000000 60.113005
17.100000 60.039270
17.200000 59.965579
17.300000 59.891934
17.400000 59.818334
17.500000 59.744780
17.600000 59.671270
17.700000 59.597806
17.800000 59.524387
17.900000 59.451013
18.000000 59.377685
18.100000 59.304402
18.200000 59.231164
18.300000 59.157971
18.400000 59.084824
18.500000 59.011722
18.600000 58.938665
18.700000 58.865653
18.800000 58.792687
18.900000 58.719766
19.000000 58.646890
19.100000 58.574059
19.200000 58.501274
19.300000 58.428534
19.400000 58.355839
19.500000 58.283189
19.600000 58.210585
19.700000 58.138025
19.800000 58.065512
19.900000 57.993043
20.000000 57.920619
20.100000 57.848241
20.200000 57.775908
20.300000 57.703621
20.400000 57.631378
20.500000 57.559181
20.600000 57.487029
20.700000 57.414923
20.800000 57.342861
20.900000 57.270845
21.000000 57.198874
21.100000 57.126949
21.200000 57.055068
21.300000 56.983233
21.400000 56.911443
21.500000 56.839699
21.600000 56.767999
21.700000 56.696345
21.800000 56.624736
21.900000 56.553172
22.000000 56.481654
22.100000 56.410181
22.200000 56.338753
22.300000 56.267370
22.400000 56.196033
22.500000 56.124741
22.600000 56.053494
22.700000 55.982292
22.800000 55.911136
22.900000 55.840025
23.000000 55.768959
23.100000 55.697938
23.200000 55.626963
23.300000 55.556033
23.400000 55.485148
23.500000 55.414308
23.600000 55.343514
23.700000 55.272765
23.800000 55.202061
23.900000 55.131402
24.000000 55.060789
24.100000 54.990221
24.200000 54.919698
24.300000 54.849220
24.400000 54.778788
24.500000 54.708401
24.600000 54.638059
24.700000 54.567762
24.800000 54.497511
24.900000 54.427305
25.000000 54.357144
25.100000 54.287028
25.200000 54.216958
25.300000 54.146933
25.400000 54.076953
25.500000 54.007018
25.600000 53.937129
25.700000 53.867285
25.800000 53.797486
25.900000 53.727732
26.000000 53.658024
26.100000 53.588361
26.200000 53.518743
26.300000 53.449170
26.400000 53.379643
26.500000 53.310161
26.600000 53.240724
26.700000 53.171332
26.800000 53.101986
26.900000 53.032685
27.000000 52.963429
27.100000 52.894218
27.200000 52.825053
27.300000 52.755933
27.400000 52.686858
27.500000 52.617828
27.600000 52.548844
27.700000 52.479905
27.800000 52.411011
27.900000 52.342162
28.000000 52.273359
28.100000 52.204601
28.200000 52.135888
28.300000 52.067220
28.400000 51.998598
28.500000 51.930021
28.600000 51.861489
28.700000 51.793003
28.800000 51.724561
28.900000 51.656165
29.000000 51.587814
29.100000 51.519509
29.200000 51.451248
29.300000 51.383033
29.400000 51.314863
29.500000 51.246739
29.600000 51.178659
29.700000 51.110625
29.800000 51.042636
29.900000 50.974693
30.000000 50.906794
30.100000 50.838941
30.200000 50.771133
30.300000 50.703371
30.400000 50.635654
30.500000 50.567981
30.600000 50.500355
30.700000 50.432773
30.800000 50.365237
30.900000 50.297746
31.000000 50.230300
31.100000 50.162899
31.200000 50.095544
31.300000 50.028234
31.400000 49.960969
31.500000 49.893749
31.600000 49.826575
31.700000 49.759446
31.800000 49.692362
31.900000 49.625323
32.000000 49.558330
32.100000 49.491382
32.200000 49.424479
32.300000 49.357622
32.400000 49.290809
32.500000 49.224042
32.600000 49.157320
32.700000 49.090644
32.800000 49.024012
32.900000 48.957426
33.000000 48.890885
33.100000 48.824390
33.200000 48.757939
33.300000 48.691534
33.400000 48.625175
33.500000 48.558860
33.600000 48.492591
33.700000 48.426367
33.800000 48.360188
33.900000 48.294054
34.000000 48.227966
34.100000 48.161923
34.200000 48.095925
34.300000 48.029972
34.400000 47.964065
34.500000 47.898203
34.600000 47.832386
34.700000 47.766614
34.800000 47.700888
34.900000 47.635207
35.000000 47.569571
35.100000 47.503981
35.200000 47.438435
35.300000 47.372935
35.400000 47.307480
35.500000 47.242071
35.600000 47.176707
35.700000 47.111387
35.800000 47.046114
35.900000 46.980885
36.000000 46.915702
36.100000 46.850564
36.200000 46.785471
36.300000 46.720423
36.400000 46.655421
36.500000 46.590464
36.600000 46.525552
36.700000 46.460686
36.800000 46.395864
36.900000 46.331088
37.000000 46.266357
37.100000 46.201672
37.200000 46.137031
37.300000 46.072436
37.400000 46.007887
37.500000 45.943382
37.600000 45.878923
37.700000 45.814509
37.800000 45.750140
37.900000 45.685816
38.000000 45.621538
38.100000 45.557305
38.200000 45.493117
38.300000 45.428974
38.400000 45.364877
38.500000 45.300825
38.600000 45.236818
38.700000 45.172857
38.800000 45.108940
38.900000 45.045069
39.000000 44.981244
39.100000 44.917463
39.200000 44.853728
39.300000 44.790038
39.400000 44.726393
39.500000 44.662793
39.600000 44.599239
39.700000 44.535730
39.800000 44.472266
39.900000 44.408848
40.000000 44.345474
40.100000 44.282146
40.200000 44.218863
40.300000 44.155626
40.400000 44.092434
40.500000 44.029287
40.600000 43.966185
40.700000 43.903128
40.800000 43.840117
40.900000 43.777151
41.000000 43.714230
41.100000 43.651354
41.200000 43.588524
41.300000 43.525739
41.400000 43.462999
41.500000 43.400305
41.600000 43.337655
41.700000 43.275051
41.800000 43.212493
41.900000 43.149979
42.000000 43.087511
42.100000 43.025088
42.200000 42.962710
42.300000 42.900377
42.400000 42.838090
42.500000 42.775848
42.600000 42.713651
42.700000 42.651500
42.800000 42.589393
42.900000 42.527332
43.000000 42.465317
43.100000 42.403346
43.200000 42.341421
43.300000 42.279541
43.400000 42.217706
43.500000 42.155916
43.600000 42.094172
43.700000 42.032473
43.800000 41.970819
43.900000 41.909211
44.000000 41.847648
44.100000 41.786130
44.200000 41.724657
44.300000 41.663229
44.400000 41.601847
44.500000 41.540510
44.600000 41.479218
44.700000 41.417972
44.800000 41.356770
44.900000 41.295614
45.000000 41.234504
45.100000 41.173438
45.200000 41.112418
45.300000 41.051443
45.400000 40.990513
45.500000 40.929628
45.600000 40.868789
45.700000 40.807995
45.800000 40.747246
45.900000 40.686543
46.000000 40.625884
46.100000 40.565271
46.200000 40.504704
46.300000 40.444181
46.400000 40.383704
46.500000 40.323272
46.600000 40.262885
46.700000 40.202544
46.800000 40.142247
46.900000 40.081996
47.000000 40.021791
47.100000 39.961630
47.200000 39.901515
47.300000 39.841445
47.400000 39.781420
47.500000 39.721440
47.600000 39.661506
47.700000 39.601617
47.800000 39.541773
47.900000 39.481975
48.000000 39.422222
48.100000 39.362514
48.200000 39.302851
48.300000 39.243233
48.400000 39.183661
48.500000 39.124134
48.600000 39.064652
48.700000 39.005216
48.800000 38.945825
48.900000 38.886479
49.000000 38.827178
49.100000 38.767922
49.200000 38.708712
49.300000 38.649547
49.400000 38.590427
49.500000 38.531353
49.600000 38.472323
49.700000 38.413339
49.800000 38.354401
49.900000 38.295507
50.000000 38.236659
50.100000 38.177856
50.200000 38.119098
50.300000 38.060386
50.400000 38.001718
50.500000 37.943096
50.600000 37.884520
50.700000 37.825988
50.800000 37.767502
50.900000 37.709061
51.000000 37.650665
51.100000 37.592315
51.200000 37.534009
51.300000 37.475749
51.400000 37.417535
51.500000 37.359365
51.600000 37.301241
51.700000 37.243162
51.800000 37.185128
51.900000 37.127140
52.000000 37.069196
52.100000 37.011298
52.200000 36.953446
52.300000 36.895638
52.400000 36.837876
52.500000 36.780159
52.600000 36.722487
52.700000 36.664861
52.800000 36.607280
52.900000 36.549744
53.000000 36.492253
53.100000 36.434807
53.200000 36.377407
53.300000 36.320052
53.400000 36.262742
53.500000 36.205478
53.600000 36.148259
53.700000 36.091085
53.800000 36.033956
53.900000 35.976872
54.000000 35.919834
54.100000 35.862841
54.200000 35.805893
54.300000 35.748991
54.400000 35.692134
54.500000 35.635322
54.600000 35.578555
54.700000 35.521834
54.800000 35.465157
54.900000 35.408526
55.000000 35.351941
55.100000 35.295400
55.200000 35.238905
55.300000 35.182455
55.400000 35.126050
55.500000 35.069691
55.600000 35.013376
55.700000 34.957107
55.800000 34.900884
55.900000 34.844705
56.000000 34.788572
56.100000 34.732484
56.200000 34.676441
56.300000 34.620444
56.400000 34.564492
56.500000 34.508585
56.600000 34.452723
56.700000 34.396907
56.800000 34.341135
56.900000 34.285409
57.000000 34.229729
57.100000 34.174093
57.200000 34.118503
57.300000 34.062958
57.400000 34.007458
57.500000 33.952004
57.600000 33.896595
57.700000 33.841231
57.800000 33.785912
57.900000 33.730638
58.000000 33.675410
58.100000 33.620227
58.200000 33.565089
58.300000 33.509997
58.400000 33.454950
58.500000 33.399948
58.600000 33.344991
58.700000 33.290080
58.800000 33.235213
58.900000 33.180392
59.000000 33.125617
59.100000 33.070886
59.200000 33.016201
59.300000 32.961561
59.400000 32.906966
59.500000 32.852417
59.600000 32.797913
59.700000 32.743454
59.800000 32.689040
59.900000 32.634672
60.000000 32.580348
60.100000 32.526070
60.200000 32.471838
60.300000 32.417650
60.400000 32.363508
60.500000 32.309411
60.600000 32.255359
60.700000 32.201353
60.800000 32.147392
60.900000 32.093476
61.000000 32.039605
61.100000 31.985780
61.200000 31.932000
61.300000 31.878265
61.400000 31.824575
61.500000 31.770930
61.600000 31.717331
61.700000 31.663777
61.800000 31.610269
61.900000 31.556805
62.000000 31.503387
62.100000 31.450014
62.200000 31.396686
62.300000 31.343404
62.400000 31.290167
62.500000 31.236975
62.600000 31.183828
62.700000 31.130727
62.800000 31.077670
62.900000 31.024659
63.000000 30.971694
63.100000 30.918773
63.200000 30.865898
63.300000 30.813068
63.400000 30.760283
63.500000 30.707544
63.600000 30.654850
63.700000 30.602201
63.800000 30.549597
63.900000 30.497039
64.000000 30.444526
64.100000 30.392058
64.200000 30.339635
64.300000 30.287258
64.400000 30.234925
64.500000 30.182638
64.600000 30.130397
64.700000 30.078200
64.800000 30.026049
64.900000 29.973943
65.000000 29.921883
65.100000 29.869867
65.200000 29.817897
65.300000 29.765972
65.400000 29.714092
65.500000 29.662258
65.600000 29.610469
65.700000 29.558725
65.800000 29.507026
65.900000 29.455373
66.000000 29.403764
66.100000 29.352202
66.200000 29.300684
66.300000 29.249211
66.400000 29.197784
66.500000 29.146402
66.600000 29.095066
66.700000 29.043774
66.800000 28.992528
66.900000 28.941327
67.000000 28.890171
67.100000 28.839061
67.200000 28.787996
67.300000 28.736976
67.400000 28.686001
67.500000 28.635072
67.600000 28.584188
67.700000 28.533349
67.800000 28.482555
67.900000 28.431807
68.000000 28.381104
68.100000 28.330446
68.200000 28.279833
68.300000 28.229266
68.400000 28.178743
68.500000 28.128266
68.600000 28.077835
68.700000 28.027448
68.800000 27.977107
68.900000 27.926811
69.000000 27.876561
69.100000 27.826355
69.200000 27.776195
69.300000 27.726080
69.400000 27.676010
69.500000 27.625986
69.600000 27.576007
69.700000 27.526073
69.800000 27.476184
69.900000 27.426341
70.000000 27.376543
70.100000 27.326790
70.200000 27.277082
70.300000 27.227420
70.400000 27.177803
70.500000 27.128231
70.600000 27.078704
70.700000 27.029223
70.800000 26.979787
70.900000 26.930396
71.000000 26.881050
71.100000 26.831750
71.200000 26.782494
71.300000 26.733285
71.400000 26.684120
71.500000 26.635000
71.600000 26.585926
71.700000 26.536897
71.800000 26.487914
71.900000 26.438975
72.000000 26.390082
72.100000 26.341234
72.200000 26.292432
72.300000 26.243674
72.400000 26.194962
72.500000 26.146295
72.600000 26.097674
72.700000 26.049097
72.800000 26.000566
72.900000 25.952080
73.000000 25.903640
73.100000 25.855244
73.200000 25.806894
73.300000 25.758589
73.400000 25.710329
73.500000 25.662115
73.600000 25.613946
73.700000 25.565822
73.800000 25.517743
73.900000 25.469710
74.000000 25.421722
74.100000 25.373779
74.200000 25.325881
74.300000 25.278029
74.400000 25.230222
74.500000 25.182460
74.600000 25.134743
74.700000 25.087072
74.800000 25.039446
74.900000 24.991865
75.000000 24.944329
75.100000 24.896839
75.200000 24.849394
75.300000 24.801994
75.400000 24.754639
75.500000 24.707330
75.600000 24.660066
75.700000 24.612847
75.800000 24.565673
75.900000 24.518545
76.000000 24.471462
76.100000 24.424424
76.200000 24.377431
76.300000 24.330484
76.400000 24.283582
76.500000 24.236725
76.600000 24.189913
76.700000 24.143147
76.800000 24.096426
76.900000 24.049750
77.000000 24.003119
77.100000 23.956534
77.200000 23.909994
77.300000 23.863499
77.400000 23.817049
77.500000 23.770645
77.600000 23.724286
77.700000 23.677972
77.800000 23.631703
77.900000 23.585480
78.000000 23.539302
78.100000 23.493169
78.200000 23.447081
78.300000 23.401039
78.400000 23.355042
78.500000 23.309090
78.600000 23.263183
78.700000 23.217322
78.800000 23.171506
78.900000 23.125735
79.000000 23.080009
79.100000 23.034329
79.200000 22.988694
79.300000 22.943104
79.400000 22.897559
79.500000 22.852060
79.600000 22.806606
79.700000 22.761197
79.800000 22.715833
79.900000 22.670515
80.000000 22.625242
80.100000 22.580014
80.200000 22.534832
80.300000 22.489694
80.400000 22.444602
80.500000 22.399555
80.600000 22.354554
80.700000 22.309597
80.800000 22.264686
80.900000 22.219820
81.000000 22.175000
81.100000 22.130224
81.200000 22.085494
81.300000 22.040809
81.400000 21.996170
81.500000 21.951575
81.600000 21.907026
81.700000 21.862522
81.800000 21.818064
81.900000 21.773650
82.000000 21.729282
82.100000 21.684960
82.200000 21.640682
82.300000 21.596450
82.400000 21.552263
82.500000 21.508121
82.600000 21.464024
82.700000 21.419973
82.800000 21.375967
82.900000 21.332006
83.000000 21.288090
83.100000 21.244220
83.200000 21.200395
83.300000 21.156615
83.400000 21.112880
83.500000 21.069191
83.600000 21.025547
83.700000 20.981948
83.800000 20.938394
83.900000 20.894886
84.000000 20.851423
84.100000 20.808005
84.200000 20.764633
84.300000 20.721305
84.400000 20.678023
84.500000 20.634786
84.600000 20.591595
84.700000 20.548448
84.800000 20.505347
84.900000 20.462291
85.000000 20.419281
85.100000 20.376316
85.200000 20.333395
85.300000 20.290521
85.400000 20.247691
85.500000 20.204907
85.600000 20.162168
85.700000 20.119474
85.800000 20.076825
85.900000 20.034222
86.000000 19.991664
86.100000 19.949151
86.200000 19.906683
86.300000 19.864261
86.400000 19.821884
86.500000 19.779552
86.600000 19.737266
86.700000 19.695024
86.800000 19.652828
86.900000 19.610677
87.000000 19.568572
87.100000 19.526511
87.200000 19.484496
87.300000 19.442527
87.400000 19.400602
87.500000 19.358723
87.600000 19.316889
87.700000 19.275100
87.800000 19.233356
87.900000 19.191658
88.000000 19.150005
88.100000 19.108397
88.200000 19.066834
88.300000 19.025317
88.400000 18.983845
88.500000 18.942418
88.600000 18.901037
88.700000 18.859700
88.800000 18.818409
88.900000 18.777163
89.000000 18.735963
89.100000 18.694808
89.200000 18.653698
89.300000 18.612633
89.400000 18.571613
89.500000 18.530639
89.600000 18.489710
89.700000 18.448826
89.800000 18.407987
89.900000 18.367194
90.000000 18.326446
90.100000 18.285743
90.200000 18.245086
90.300000 18.204473
90.400000 18.163906
90.500000 18.123384
90.600000 18.082908
90.700000 18.042477
90.800000 18.002091
90.900000 17.961750
91.000000 17.921454
91.100000 17.881204
91.200000 17.840999
91.300000 17.800839
91.400000 17.760724
91.500000 17.720655
91.600000 17.680631
91.700000 17.640652
91.800000 17.600719
91.900000 17.560830
92.000000 17.520987
92.100000 17.481190
92.200000 17.441437
92.300000 17.401730
92.400000 17.362068
92.500000 17.322451
92.600000 17.282879
92.700000 17.243353
92.800000 17.203872
92.900000 17.164436
93.000000 17.125046
93.100000 17.085700
93.200000 17.046400
93.300000 17.007146
93.400000 16.967936
93.500000 16.928772
93.600000 16.889653
93.700000 16.850579
93.800000 16.811550
93.900000 16.772567
94.000000 16.733629
94.100000 16.694736
94.200000 16.655889
94.300000 16.617086
94.400000 16.578329
94.500000 16.539618
94.600000 16.500951
94.700000 16.462330
94.800000 16.423754
94.900000 16.385223
95.000000 16.346737
95.100000 16.308297
95.200000 16.269902
95.300000 16.231552
95.400000 16.193248
95.500000 16.154988
95.600000 16.116774
95.700000 16.078606
95.800000 16.040482
95.900000 16.002404
96.000000 15.964371
96.100000 15.926383
96.200000 15.888440
96.300000 15.850543
96.400000 15.812691
96.500000 15.774884
96.600000 15.737123
96.700000 15.699407
96.800000 15.661736
96.900000 15.624110
97.000000 15.586529
97.100000 15.548994
97.200000 15.511504
97.300000 15.474059
97.400000 15.436660
97.500000 15.399305
97.600000 15.361996
97.700000 15.324733
97.800000 15.287514
97.900000 15.250341
98.000000 15.213213
98.100000 15.176130
98.200000 15.139092
98.300000 15.102100
98.400000 15.065153
98.500000 15.028251
98.600000 14.991395
98.700000 14.954584
98.800000 14.917818
98.900000 14.881097
99.000000 14.844421
99.100000 14.807791
99.200000 14.771206
99.300000 14.734666
99.400000 14.698172
99.500000 14.661722
99.600000 14.625318
99.700000 14.588960
99.800000 14.552646
99.900000 14.516378
100.000000 14.480155
100.100000 14.443977
100.200000 14.407845
100.300000 14.371757
100.400000 14.335715
100.500000 14.299719
100.600000 14.263767
100.700000 14.227861
100.800000 14.192000
100.900000 14.156184
101.000000 14.120414
101.100000 14.084688
101.200000 14.049008
101.300000 14.013373
101.400000 13.977784
101.500000 13.942240
101.600000 13.906741
101.700000 13.871287
101.800000 13.835878
101.900000 13.800515
102.000000 13.765197
102.100000 13.729924
102.200000 13.694697
102.300000 13.659515
102.400000 13.624378
102.500000 13.589286
102.600000 13.554239
102.700000 13.519238
102.800000 13.484282
102.900000 13.449371
103.000000 13.414506
103.100000 13.379686
103.200000 13.344911
103.300000 13.310181
103.400000 13.275496
103.500000 13.240857
103.600000 13.206263
103.700000 13.171714
103.800000 13.137211
103.900000 13.102753
104.000000 13.068340
104.100000 13.033972
104.200000 12.999650
104.300000 12.965372
104.400000 12.931140
104.500000 12.896954
104.600000 12.862812
104.700000 12.828716
104.800000 12.794665
104.900000 12.760659
105.000000 12.726699
105.100000 12.692783
105.200000 12.658913
105.300000 12.625089
105.400000 12.591309
105.500000 12.557575
105.600000 12.523886
105.700000 12.490242
105.800000 12.456644
105.900000 12.423090
106.000000 12.389583
106.100000 12.356120
106.200000 12.322702
106.300000 12.289330
106.400000 12.256003
106.500000 12.222721
106.600000 12.189485
106.700000 12.156294
106.800000 12.123148
106.900000 12.090047
107.000000 12.056991
107.100000 12.023981
107.200000 11.991016
107.300000 11.958097
107.400000 11.925222
107.500000 11.892393
107.600000 11.859609
107.700000 11.826870
107.800000 11.794177
107.900000 11.761528
108.000000 11.728925
108.100000 11.696368
108.200000 11.663855
108.300000 11.631388
108.400000 11.598966
108.500000 11.566589
108.600000 11.534258
108.700000 11.501972
108.800000 11.469731
108.900000 11.437535
109.000000 11.405384
109.100000 11.373279
109.200000 11.341219
109.300000 11.309205
109.400000 11.277235
109.500000 11.245311
109.600000 11.213432
109.700000 11.181598
109.800000 11.149810
109.900000 11.118067
110.000000 11.086369
110.100000 11.054716
110.200000 11.023108
110.300000 10.991546
110.400000 10.960029
110.500000 10.928558
110.600000 10.897131
110.700000 10.865750
110.800000 10.834414
110.900000 10.803123
111.000000 10.771878
111.100000 10.740677
111.200000 10.709523
111.300000 10.678413
111.400000 10.647348
111.500000 10.616329
111.600000 10.585355
111.700000 10.554427
111.800000 10.523543
111.900000 10.492705
112.000000 10.461912
112.100000 10.431164
112.200000 10.400462
112.300000 10.369805
112.400000 10.339193
112.500000 10.308626
112.600000 10.278104
112.700000 10.247628
112.800000 10.217197
112.900000 10.186812
113.000000 10.156471
113.100000 10.126176
113.200000 10.095926
113.300000 10.065721
113.400000 10.035562
113.500000 10.005448
113.600000 9.975379
113.700000 9.945355
113.800000 9.915377
113.900000 9.885443
114.000000 9.855555
114.100000 9.825713
114.200000 9.795915
114.300000 9.766163
114.400000 9.736456
114.500000 9.706794
114.600000 9.677178
114.700000 9.647607
114.800000 9.618081
114.900000 9.588600
115.000000 9.559165
115.100000 9.529775
115.200000 9.500430
115.300000 9.471130
115.400000 9.441875
115.500000 9.412666
115.600000 9.383502
115.700000 9.354384
115.800000 9.325310
115.900000 9.296282
116.000000 9.267299
116.100000 9.238361
116.200000 9.209469
116.300000 9.180622
116.400000 9.151820
116.500000 9.123063
116.600000 9.094352
116.700000 9.065686
116.800000 9.037065
116.900000 9.008489
117.000000 8.979959
117.100000 8.951473
117.200000 8.923033
117.300000 8.894639
117.400000 8.866289
117.500000 8.837985
117.600000 8.809726
117.700000 8.781513
117.800000 8.753344
117.900000 8.725221
118.000000 8.697143
118.100000 8.669110
118.200000 8.641123
118.300000 8.613181
118.400000 8.585284
118.500000 8.557432
118.600000 8.529626
118.700000 8.501865
118.800000 8.474149
118.900000 8.446478
119.000000 8.418853
119.100000 8.391272
119.200000 8.363737
119.300000 8.336248
119.400000 8.308803
119.500000 8.281404
119.600000 8.254050
119.700000 8.226742
119.800000 8.199478
119.900000 8.172260
120.000000 8.145087
120.100000 8.117959
120.200000 8.090877
120.300000 8.063840
120.400000 8.036848
120.500000 8.009901
120.600000 7.983000
120.700000 7.956144
120.800000 7.929333
120.900000 7.902567
121.000000 7.875847
121.100000 7.849172
121.200000 7.822542
121.300000 7.795957
121.400000 7.769418
121.500000 7.742923
121.600000 7.716475
121.700000 7.690071
121.800000 7.663712
121.900000 7.637399
122.000000 7.611131
122.100000 7.584909
122.200000 7.558731
122.300000 7.532599
122.400000 7.506512
122.500000 7.480471
122.600000 7.454474
122.700000 7.428523
122.800000 7.402617
122.900000 7.376757
123.000000 7.350941
123.100000 7.325171
123.200000 7.299446
123.300000 7.273766
123.400000 7.248132
123.500000 7.222543
123.600000 7.196999
123.700000 7.171500
123.800000 7.146047
123.900000 7.120639
124.000000 7.095276
124.100000 7.069958
124.200000 7.044686
124.300000 7.019459
124.400000 6.994277
124.500000 6.969140
124.600000 6.944049
124.700000 6.919003
124.800000 6.894002
124.900000 6.869046
125.000000 6.844136
125.100000 6.819271
125.200000 6.794451
125.300000 6.769676
125.400000 6.744947
125.500000 6.720262
125.600000 6.695624
125.700000 6.671030
125.800000 6.646482
125.900000 6.621978
126.000000 6.597521
126.100000 6.573108
126.200000 6.548741
126.300000 6.524418
126.400000 6.500142
126.500000 6.475910
126.600000 6.451724
126.700000 6.427582
126.800000 6.403486
126.900000 6.379436
127.000000 6.355430
127.100000 6.331470
127.200000 6.307555
127.300000 6.283686
127.400000 6.259861
127.500000 6.236082
127.600000 6.212348
127.700000 6.188660
127.800000 6.165016
127.900000 6.141418
128.000000 6.117865
128.100000 6.094358
128.200000 6.070895
128.300000 6.047478
128.400000 6.024106
128.500000 6.000780
128.600000 5.977498
128.700000 5.954262
128.800000 5.931071
128.900000 5.907926
129.000000 5.884825
129.100000 5.861770
129.200000 5.838760
129.300000 5.815796
129.400000 5.792876
129.500000 5.770002
129.600000 5.747173
129.700000 5.724390
129.800000 5.701651
129.900000 5.678958
130.000000 5.656310
130.100000 5.633708
130.200000 5.611151
130.300000 5.588638
130.400000 5.566172
130.500000 5.543750
130.600000 5.521374
130.700000 5.499042
130.800000 5.476757
130.900000 5.454516
131.000000 5.432321
131.100000 5.410170
131.200000 5.388066
131.300000 5.366006
131.400000 5.343992
131.500000 5.322023
131.600000 5.300099
131.700000 5.278220
131.800000 5.256387
131.900000 5.234599
132.000000 5.212856
132.100000 5.191158
132.200000 5.169506
132.300000 5.147899
132.400000 5.126337
132.500000 5.104820
132.600000 5.083349
132.700000 5.061923
132.800000 5.040542
132.900000 5.019206
133.000000 4.997916
133.100000 4.976671
133.200000 4.955471
133.300000 4.934316
133.400000 4.913207
133.500000 4.892143
133.600000 4.871124
133.700000 4.850150
133.800000 4.829222
133.900000 4.808339
134.000000 4.787501
134.100000 4.766709
134.200000 4.745961
134.300000 4.725259
134.400000 4.704602
134.500000 4.683991
134.600000 4.663424
134.700000 4.642903
134.800000 4.622427
134.900000 4.601997
135.000000 4.581612
135.100000 4.561271
135.200000 4.540977
135.300000 4.520727
135.400000 4.500523
135.500000 4.480364
135.600000 4.460250
135.700000 4.440181
135.800000 4.420158
135.900000 4.400180
136.000000 4.380247
136.100000 4.360359
136.200000 4.340517
136.300000 4.320720
136.400000 4.300968
136.500000 4.281261
136.600000 4.261600
136.700000 4.241984
136.800000 4.222413
136.900000 4.202888
137.000000 4.183407
137.100000 4.163972
137.200000 4.144582
137.300000 4.125238
137.400000 4.105938
137.500000 4.086684
137.600000 4.067476
137.700000 4.048312
137.800000 4.029194
137.900000 4.010121
138.000000 3.991093
138.100000 3.972110
138.200000 3.953173
138.300000 3.934281
138.400000 3.915434
138.500000 3.896632
138.600000 3.877876
138.700000 3.859165
138.800000 3.840499
138.900000 3.821879
139.000000 3.803303
139.100000 3.784773
139.200000 3.766288
139.300000 3.747849
139.400000 3.729454
139.500000 3.711105
139.600000 3.692801
139.700000 3.674543
139.800000 3.656330
139.900000 3.638162
140.000000 3.620039
140.100000 3.601961
140.200000 3.583929
140.300000 3.565942
140.400000 3.548000
140.500000 3.530103
140.600000 3.512252
140.700000 3.494446
140.800000 3.476685
140.900000 3.458970
141.000000 3.441299
141.100000 3.423674
141.200000 3.406094
141.300000 3.388560
141.400000 3.371071
141.500000 3.353626
141.600000 3.336228
141.700000 3.318874
141.800000 3.301566
141.900000 3.284303
142.000000 3.267085
142.100000 3.249912
142.200000 3.232785
142.300000 3.215703
142.400000 3.198666
142.500000 3.181675
142.600000 3.164728
142.700000 3.147827
142.800000 3.130971
142.900000 3.114161
143.000000 3.097396
143.100000 3.080676
143.200000 3.064001
143.300000 3.047371
143.400000 3.030787
143.500000 3.014248
143.600000 2.997754
143.700000 2.981306
143.800000 2.964902
143.900000 2.948544
144.000000 2.932231
144.100000 2.915964
144.200000 2.899742
144.300000 2.883564
144.400000 2.867433
144.500000 2.851346
144.600000 2.835305
144.700000 2.819309
144.800000 2.803358
144.900000 2.787452
145.000000 2.771592
145.100000 2.755777
145.200000 2.740007
145.300000 2.724283
145.400000 2.708603
145.500000 2.692969
145.600000 2.677381
145.700000 2.661837
145.800000 2.646339
145.900000 2.630886
146.000000 2.615478
146.100000 2.600115
146.200000 2.584798
146.300000 2.569526
146.400000 2.554299
146.500000 2.539118
146.600000 2.523981
146.700000 2.508890
146.800000 2.493845
146.900000 2.478844
147.000000 2.463889
147.100000 2.448979
147.200000 2.434114
147.300000 2.419294
147.400000 2.404520
147.500000 2.389791
147.600000 2.375107
147.700000 2.360469
147.800000 2.345876
147.900000 2.331328
148.000000 2.316825
148.100000 2.302367
148.200000 2.287955
148.300000 2.273588
148.400000 2.259266
148.500000 2.244990
148.600000 2.230758
148.700000 2.216572
148.800000 2.202432
148.900000 2.188336
149.000000 2.174286
149.100000 2.160281
149.200000 2.146321
149.300000 2.132406
149.400000 2.118537
149.500000 2.104713
149.600000 2.090934
149.700000 2.077201
149.800000 2.063513
149.900000 2.049870
150.000000 2.036272
150.100000 2.022719
150.200000 2.009212
150.300000 1.995750
150.400000 1.982333
150.500000 1.968962
150.600000 1.955635
150.700000 1.942354
150.800000 1.929119
150.900000 1.915928
151.000000 1.902783
151.100000 1.889683
151.200000 1.876628
151.300000 1.863619
151.400000 1.850654
151.500000 1.837735
151.600000 1.824862
151.700000 1.812033
151.800000 1.799250
151.900000 1.786512
152.000000 1.773819
152.100000 1.761171
152.200000 1.748569
152.300000 1.736012
152.400000 1.723500
152.500000 1.711034
152.600000 1.698613
152.700000 1.686237
152.800000 1.673906
152.900000 1.661620
153.000000 1.649380
153.100000 1.637185
153.200000 1.625035
153.300000 1.612931
153.400000 1.600872
153.500000 1.588858
153.600000 1.576889
153.700000 1.564965
153.800000 1.553087
153.900000 1.541254
154.000000 1.529466
154.100000 1.517724
154.200000 1.506027
154.300000 1.494375
154.400000 1.482768
154.500000 1.471206
154.600000 1.459690
154.700000 1.448219
154.800000 1.436793
154.900000 1.425413
155.000000 1.414078
155.100000 1.402788
155.200000 1.391543
155.300000 1.380343
155.400000 1.369189
155.500000 1.358080
155.600000 1.347016
155.700000 1.335998
155.800000 1.325025
155.900000 1.314097
156.000000 1.303214
156.100000 1.292376
156.200000 1.281584
156.300000 1.270837
156.400000 1.260135
156.500000 1.249479
156.600000 1.238868
156.700000 1.228302
156.800000 1.217781
156.900000 1.207306
157.000000 1.196875
157.100000 1.186490
157.200000 1.176151
157.300000 1.165856
157.400000 1.155607
157.500000 1.145403
157.600000 1.135244
157.700000 1.125131
157.800000 1.115062
157.900000 1.105039
158.000000 1.095062
158.100000 1.085129
158.200000 1.075242
158.300000 1.065400
158.400000 1.055603
158.500000 1.045852
158.600000 1.036146
158.700000 1.026485
158.800000 1.016869
158.900000 1.007298
159.000000 0.997773
159.100000 0.988293
159.200000 0.978858
159.300000 0.969469
159.400000 0.960125
159.500000 0.950826
159.600000 0.941572
159.700000 0.932364
159.800000 0.923200
159.900000 0.914082
160.000000 0.905010
160.100000 0.895982
160.200000 0.887000
160.300000 0.878063
160.400000 0.869171
160.500000 0.860325
160.600000 0.851524
160.700000 0.842768
160.800000 0.834057
160.900000 0.825391
161.000000 0.816771
161.100000 0.808196
161.200000 0.799667
161.300000 0.791182
161.400000 0.782743
161.500000 0.774349
161.600000 0.766000
161.700000 0.757697
161.800000 0.749439
161.900000 0.741226
162.000000 0.733058
162.100000 0.724935
162.200000 0.716858
162.300000 0.708826
162.400000 0.700839
162.500000 0.692898
162.600000 0.685002
162.700000 0.677151
162.800000 0.669345
162.900000 0.661585
163.000000 0.653869
163.100000 0.646200
163.200000 0.638575
163.300000 0.630995
163.400000 0.623461
163.500000 0.615972
163.600000 0.608529
163.700000 0.601130
163.800000 0.593777
163.900000 0.586469
164.000000 0.579206
164.100000 0.571989
164.200000 0.564817
164.300000 0.557690
164.400000 0.550608
164.500000 0.543571
164.600000 0.536580
164.700000 0.529634
164.800000 0.522734
164.900000 0.515878
165.000000 0.509068
165.100000 0.502303
165.200000 0.495583
165.300000 0.488909
165.400000 0.482280
165.500000 0.475696
165.600000 0.469157
165.700000 0.462664
165.800000 0.456215
165.900000 0.449812
166.000000 0.443455
166.100000 0.437142
166.200000 0.430875
166.300000 0.424653
166.400000 0.418476
166.500000 0.412345
166.600000 0.406259
166.700000 0.400218
166.800000 0.394222
166.900000 0.388272
167.000000 0.382367
167.100000 0.376507
167.200000 0.370692
167.300000 0.364923
167.400000 0.359198
167.500000 0.353519
167.600000 0.347886
167.700000 0.342297
167.800000 0.336754
167.900000 0.331256
168.000000 0.325803
168.100000 0.320396
168.200000 0.315034
168.300000 0.309717
168.400000 0.304445
168.500000 0.299219
168.600000 0.294038
168.700000 0.288902
168.800000 0.283811
168.900000 0.278766
169.000000 0.273765
169.100000 0.268810
169.200000 0.263901
169.300000 0.259036
169.400000 0.254217
169.500000 0.249443
169.600000 0.244715
169.700000 0.240031
169.800000 0.235393
169.900000 0.230800
170.000000 0.226252
170.100000 0.221750
170.200000 0.217293
170.300000 0.212881
170.400000 0.208514
170.500000 0.204193
170.600000 0.199917
170.700000 0.195686
170.800000 0.191500
170.900000 0.187360
171.000000 0.183264
171.100000 0.179215
171.200000 0.175210
171.300000 0.171250
171.400000 0.167336
171.500000 0.163467
171.600000 0.159644
171.700000 0.155865
171.800000 0.152132
171.900000 0.148444
172.000000 0.144802
172.100000 0.141204
172.200000 0.137652
172.300000 0.134145
172.400000 0.130683
172.500000 0.127267
172.600000 0.123896
172.700000 0.120570
172.800000 0.117289
172.900000 0.114054
173.000000 0.110864
173.100000 0.107719
173.200000 0.104619
173.300000 0.101565
173.400000 0.098556
173.500000 0.095592
173.600000 0.092673
173.700000 0.089800
173.800000 0.086971
173.900000 0.084189
174.000000 0.081451
174.100000 0.078758
174.200000 0.076111
174.300000 0.073509
174.400000 0.070953
174.500000 0.068441
174.600000 0.065975
174.700000 0.063554
174.800000 0.061179
174.900000 0.058848
175.000000 0.056563
175.100000 0.054323
175.200000 0.052129
175.300000 0.049979
175.400000 0.047875
175.500000 0.045816
175.600000 0.043802
175.700000 0.041834
175.800000 0.039911
175.900000 0.038033
176.000000 0.036200
176.100000 0.034413
176.200000 0.032671
176.300000 0.030974
176.400000 0.029322
176.500000 0.027716
176.600000 0.026155
176.700000 0.024639
176.800000 0.023168
176.900000 0.021743
177.000000 0.020363
177.100000 0.019028
177.200000 0.017738
177.300000 0.016494
177.400000 0.015295
177.500000 0.014141
177.600000 0.013032
177.700000 0.011969
177.800000 0.010951
177.900000 0.009978
178.000000 0.009050
178.100000 0.008168
178.200000 0.007331
178.300000 0.006539
178.400000 0.005792
178.500000 0.005091
178.600000 0.004435
178.700000 0.003824
178.800000 0.003258
178.900000 0.002738
179.000000 0.002263
179.100000 0.001833
179.200000 0.001448
179.300000 0.001109
179.400000 0.000815
179.500000 0.000566
179.600000 0.000362
179.700000 0.000204
179.800000 0.000091
179.900000 0.000023
180.000000 0.000000
180.100000 0.000023
180.200000 0.000091
180.300000 0.000204
180.400000 0.000362
180.500000 0.000566
180.600000 0.000815
180.700000 0.001109
180.800000 0.001448
180.900000 0.001833
181.000000 0.002263
