0.000000 68.395319
0.100000 68.319345
0.200000 68.243414
0.300000 68.167524
0.400000 68.091677
0.500000 68.015873
0.600000 67.940110
0.700000 67.864390
0.800000 67.788711
0.900000 67.713076
1.000000 67.637482
1.100000 67.561930
1.200000 67.486421
1.300000 67.410954
1.400000 67.335529
1.500000 67.260147
1.600000 67.184806
1.700000 67.109508
1.800000 67.034252
1.900000 66.959038
2.000000 66.883867
2.100000 66.808737
2.200000 66.733650
2.300000 66.658605
2.400000 66.583603
2.500000 66.508642
2.600000 66.433724
2.700000 66.358848
2.800000 66.284014
2.900000 66.209223
3.000000 66.134474
3.100000 66.059766
3.200000 65.985102
3.300000 65.910479
3.400000 65.835898
3.500000 65.761360
3.600000 65.686864
3.700000 65.612410
3.800000 65.537999
3.900000 65.463629
4.000000 65.389302
4.100000 65.315017
4.200000 65.240775
4.300000 65.166574
4.400000 65.092416
4.500000 65.018300
4.600000 64.944226
4.700000 64.870195
4.800000 64.796205
4.900000 64.722258
5.000000 64.648353
5.100000 64.574490
5.200000 64.500670
5.300000 64.426892
5.400000 64.353155
5.500000 64.279462
5.600000 64.205810
5.700000 64.132201
5.800000 64.058633
5.900000 63.985108
6.000000 63.911626
6.100000 63.838185
6.200000 63.764787
6.300000 63.691431
6.400000 63.618117
6.500000 63.544845
6.600000 63.471616
6.700000 63.398429
6.800000 63.325284
6.900000 63.252181
7.000000 63.179120
7.100000 63.106102
7.200000 63.033126
7.300000 62.960192
7.400000 62.887300
7.500000 62.814451
7.600000 62.741644
7.700000 62.668879
7.800000 62.596156
7.900000 62.523475
8.000000 62.450837
8.100000 62.378241
8.200000 62.305687
8.300000 62.233175
8.400000 62.160706
8.500000 62.088278
8.600000 62.015893
8.700000 61.943550
8.800000 61.871250
8.900000 61.798991
9.000000 61.726775
9.100000 61.654601
9.200000 61.582470
9.300000 61.510380
9.400000 61.438333
9.500000 61.366328
9.600000 61.294365
9.700000 61.222444
9.800000 61.150566
9.900000 61.078730
10.000000 61.006936
10.100000 60.935184
10.200000 60.863474
10.300000 60.791807
10.400000 60.720182
10.500000 60.648599
10.600000 60.577058
10.700000 60.505560
10.800000 60.434104
10.900000 60.362690
11.000000 60.291318
11.100000 60.219988
11.200000 60.148701
11.300000 60.077456
11.400000 60.006253
11.500000 59.935092
11.600000 59.863974
11.700000 59.792898
11.800000 59.721864
11.900000 59.650872
12.000000 59.579922
12.100000 59.509015
12.200000 59.438150
12.300000 59.367327
12.400000 59.296546
12.500000 59.225808
12.600000 59.155111
12.700000 59.084457
12.800000 59.013845
12.900000 58.943276
13.000000 58.872748
13.100000 58.802263
13.200000 58.731820
13.300000 58.661419
13.400000 58.591061
13.500000 58.520745
13.600000 58.450471
13.700000 58.380239
13.800000 58.310049
13.900000 58.239902
14.000000 58.169796
14.100000 58.099733
14.200000 58.029713
14.300000 57.959734
14.400000 57.889798
14.500000 57.819904
14.600000 57.750052
14.700000 57.680242
14.800000 57.610475
14.900000 57.540750
15.000000 57.471066
15.100000 57.401426
15.200000 57.331827
15.300000 57.262271
15.400000 57.192757
15.500000 57.123285
15.600000 57.053855
15.700000 56.984468
15.800000 56.915122
15.900000 56.845819
16.000000 56.776558
16.100000 56.707340
16.200000 56.638164
16.300000 56.569029
16.400000 56.499937
16.500000 56.430888
16.600000 56.361880
16.700000 56.292915
16.800000 56.223992
16.900000 56.155111
17.000000 56.086272
17.100000 56.017476
17.200000 55.948722
17.300000 55.880010
17.400000 55.811340
17.500000 55.742713
17.600000 55.674127
17.700000 55.605584
17.800000 55.537083
17.900000 55.468625
18.000000 55.400208
18.100000 55.331834
18.200000 55.263502
18.300000 55.195212
18.400000 55.126965
18.500000 55.058759
18.600000 54.990596
18.700000 54.922475
18.800000 54.854397
18.900000 54.786360
19.000000 54.718366
19.100000 54.650414
19.200000 54.582504
19.300000 54.514637
19.400000 54.446811
19.500000 54.379028
19.600000 54.311287
19.700000 54.243589
19.800000 54.175932
19.900000 54.108318
20.000000 54.040746
20.100000 53.973216
20.200000 53.905728
20.300000 53.838283
20.400000 53.770880
20.500000 53.703519
20.600000 53.636200
20.700000 53.568924
20.800000 53.501689
20.900000 53.434497
21.000000 53.367347
21.100000 53.300240
21.200000 53.233174
21.300000 53.166151
21.400000 53.099170
21.500000 53.032231
21.600000 52.965335
21.700000 52.898481
21.800000 52.831668
21.900000 52.764899
22.000000 52.698171
22.100000 52.631486
22.200000 52.564842
22.300000 52.498241
22.400000 52.431683
22.500000 52.365166
22.600000 52.298692
22.700000 52.232260
22.800000 52.165870
22.900000 52.099522
23.000000 52.033216
23.100000 51.966953
23.200000 51.900732
23.300000 51.834553
23.400000 51.768417
23.500000 51.702322
23.600000 51.636270
23.700000 51.570260
23.800000 51.504293
23.900000 51.438367
24.000000 51.372484
24.100000 51.306643
24.200000 51.240844
24.300000 51.175087
24.400000 51.109373
24.500000 51.043701
24.600000 50.978071
24.700000 50.912483
24.800000 50.846938
24.900000 50.781434
25.000000 50.715973
25.100000 50.650554
25.200000 50.585178
25.300000 50.519843
25.400000 50.454551
25.500000 50.389301
25.600000 50.324093
25.700000 50.258928
25.800000 50.193805
25.900000 50.128723
26.000000 50.063685
26.100000 49.998688
26.200000 49.933733
26.300000 49.868821
26.400000 49.803951
26.500000 49.739123
26.600000 49.674338
26.700000 49.609595
26.800000 49.544893
26.900000 49.480235
27.000000 49.415618
27.100000 49.351043
27.200000 49.286511
27.300000 49.222021
27.400000 49.157573
27.500000 49.093168
27.600000 49.028804
27.700000 48.964483
27.800000 48.900204
27.900000 48.835968
28.000000 48.771773
28.100000 48.707621
28.200000 48.643511
28.300000 48.579443
28.400000 48.515417
28.500000 48.451434
28.600000 48.387493
28.700000 48.323594
28.800000 48.259737
28.900000 48.195922
29.000000 48.132150
29.100000 48.068420
29.200000 48.004732
29.300000 47.941087
29.400000 47.877483
29.500000 47.813922
29.600000 47.750403
29.700000 47.686926
29.800000 47.623492
29.900000 47.560099
30.000000 47.496749
30.100000 47.433441
30.200000 47.370176
30.300000 47.306952
30.400000 47.243771
30.500000 47.180632
30.600000 47.117535
30.700000 47.054481
30.800000 46.991468
30.900000 46.928498
31.000000 46.865570
31.100000 46.802684
31.200000 46.739841
31.300000 46.677040
31.400000 46.614281
31.500000 46.551564
31.600000 46.488889
31.700000 46.426257
31.800000 46.363667
31.900000 46.301119
32.000000 46.238613
32.100000 46.176150
32.200000 46.113728
32.300000 46.051349
32.400000 45.989012
32.500000 45.926718
32.600000 45.864465
32.700000 45.802255
32.800000 45.740087
32.900000 45.677961
33.000000 45.615878
33.100000 45.553837
33.200000 45.491838
33.300000 45.429881
33.400000 45.367966
33.500000 45.306094
33.600000 45.244263
33.700000 45.182475
33.800000 45.120730
33.900000 45.059026
34.000000 44.997365
34.100000 44.935746
34.200000 44.874169
34.300000 44.812634
34.400000 44.751142
34.500000 44.689691
34.600000 44.628283
34.700000 44.566917
34.800000 44.505594
34.900000 44.444313
35.000000 44.383073
35.100000 44.321876
35.200000 44.260722
35.300000 44.199609
35.400000 44.138539
35.500000 44.077511
35.600000 44.016525
35.700000 43.955582
35.800000 43.894680
35.900000 43.833821
36.000000 43.773004
36.100000 43.712229
36.200000 43.651497
36.300000 43.590807
36.400000 43.530158
36.500000 43.469553
36.600000 43.408989
36.700000 43.348468
36.800000 43.287988
36.900000 43.227551
37.000000 43.167157
37.100000 43.106804
37.200000 43.046494
37.300000 42.986226
37.400000 42.926000
37.500000 42.865816
37.600000 42.805675
37.700000 42.745575
37.800000 42.685518
37.900000 42.625504
38.000000 42.565531
38.100000 42.505601
38.200000 42.445713
38.300000 42.385867
38.400000 42.326063
38.500000 42.266302
38.600000 42.206582
38.700000 42.146905
38.800000 42.087271
38.900000 42.027678
39.000000 41.968128
39.100000 41.908619
39.200000 41.849153
39.300000 41.789730
39.400000 41.730348
39.500000 41.671009
39.600000 41.611712
39.700000 41.552457
39.800000 41.493245
39.900000 41.434074
40.000000 41.374946
40.100000 41.315860
40.200000 41.256816
40.300000 41.197815
40.400000 41.138855
40.500000 41.079938
40.600000 41.021064
40.700000 40.962231
40.800000 40.903440
40.900000 40.844692
41.000000 40.785986
41.100000 40.727322
41.200000 40.668701
41.300000 40.610122
41.400000 40.551585
41.500000 40.493090
41.600000 40.434637
41.700000 40.376227
41.800000 40.317858
41.900000 40.259532
42.000000 40.201249
42.100000 40.143007
42.200000 40.084808
42.300000 40.026650
42.400000 39.968536
42.500000 39.910463
42.600000 39.852432
42.700000 39.794444
42.800000 39.736498
42.900000 39.678594
43.000000 39.620733
43.100000 39.562913
43.200000 39.505136
43.300000 39.447401
43.400000 39.389708
43.500000 39.332058
43.600000 39.274450
43.700000 39.216884
43.800000 39.159360
43.900000 39.101878
44.000000 39.044439
44.100000 38.987042
44.200000 38.929687
44.300000 38.872374
44.400000 38.815103
44.500000 38.757875
44.600000 38.700689
44.700000 38.643545
44.800000 38.586443
44.900000 38.529384
45.000000 38.472367
45.100000 38.415392
45.200000 38.358459
45.300000 38.301569
45.400000 38.244720
45.500000 38.187914
45.600000 38.131150
45.700000 38.074429
45.800000 38.017749
45.900000 37.961112
46.000000 37.904517
46.100000 37.847964
46.200000 37.791453
46.300000 37.734985
46.400000 37.678559
46.500000 37.622175
46.600000 37.565833
46.700000 37.509534
46.800000 37.453277
46.900000 37.397062
47.000000 37.340889
47.100000 37.284758
47.200000 37.228670
47.300000 37.172624
47.400000 37.116620
47.500000 37.060658
47.600000 37.004738
47.700000 36.948861
47.800000 36.893026
47.900000 36.837233
48.000000 36.781483
48.100000 36.725774
48.200000 36.670108
48.300000 36.614484
48.400000 36.558902
48.500000 36.503363
48.600000 36.447865
48.700000 36.392410
48.800000 36.336997
48.900000 36.281627
49.000000 36.226298
49.100000 36.171012
49.200000 36.115768
49.300000 36.060566
49.400000 36.005407
49.500000 35.950289
49.600000 35.895214
49.700000 35.840181
49.800000 35.785191
49.900000 35.730242
50.000000 35.675336
50.100000 35.620472
50.200000 35.565650
50.300000 35.510871
50.400000 35.456133
50.500000 35.401438
50.600000 35.346785
50.700000 35.292174
50.800000 35.237606
50.900000 35.183080
51.000000 35.128596
51.100000 35.074154
51.200000 35.019754
51.300000 34.965397
51.400000 34.911082
51.500000 34.856809
51.600000 34.802578
51.700000 34.748389
51.800000 34.694243
51.900000 34.640139
52.000000 34.586077
52.100000 34.532058
52.200000 34.478080
52.300000 34.424145
52.400000 34.370252
52.500000 34.316401
52.600000 34.262593
52.700000 34.208826
52.800000 34.155102
52.900000 34.101420
53.000000 34.047781
53.100000 33.994183
53.200000 33.940628
53.300000 33.887115
53.400000 33.833644
53.500000 33.780216
53.600000 33.726829
53.700000 33.673485
53.800000 33.620183
53.900000 33.566924
54.000000 33.513706
54.100000 33.460531
54.200000 33.407398
54.300000 33.354307
54.400000 33.301259
54.500000 33.248252
54.600000 33.195288
54.700000 33.142366
54.800000 33.089486
54.900000 33.036649
55.000000 32.983854
55.100000 32.931101
55.200000 32.878390
55.300000 32.825721
55.400000 32.773095
55.500000 32.720511
55.600000 32.667969
55.700000 32.615469
55.800000 32.563011
55.900000 32.510596
56.000000 32.458223
56.100000 32.405892
56.200000 32.353603
56.300000 32.301357
56.400000 32.249153
56.500000 32.196991
56.600000 32.144871
56.700000 32.092793
56.800000 32.040758
56.900000 31.988765
57.000000 31.936814
57.100000 31.884905
57.200000 31.833039
57.300000 31.781215
57.400000 31.729433
57.500000 31.677693
57.600000 31.625995
57.700000 31.574340
57.800000 31.522727
57.900000 31.471156
58.000000 31.419627
58.100000 31.368141
58.200000 31.316697
58.300000 31.265295
58.400000 31.213935
58.500000 31.162617
58.600000 31.111342
58.700000 31.060109
58.800000 31.008918
58.900000 30.957769
59.000000 30.906662
59.100000 30.855598
59.200000 30.804576
59.300000 30.753596
59.400000 30.702659
59.500000 30.651763
59.600000 30.600910
59.700000 30.550099
59.800000 30.499330
59.900000 30.448604
60.000000 30.397919
60.100000 30.347277
60.200000 30.296678
60.300000 30.246120
60.400000 30.195604
60.500000 30.145131
60.600000 30.094700
60.700000 30.044311
60.800000 29.993965
60.900000 29.943661
61.000000 29.893398
61.100000 29.843179
61.200000 29.793001
61.300000 29.742865
61.400000 29.692772
61.500000 29.642721
61.600000 29.592712
61.700000 29.542746
61.800000 29.492821
61.900000 29.442939
62.000000 29.393099
62.100000 29.343302
62.200000 29.293546
62.300000 29.243833
62.400000 29.194162
62.500000 29.144533
62.600000 29.094946
62.700000 29.045402
62.800000 28.995900
62.900000 28.946440
63.000000 28.897022
63.100000 28.847647
63.200000 28.798313
63.300000 28.749022
63.400000 28.699773
63.500000 28.650567
63.600000 28.601402
63.700000 28.552280
63.800000 28.503200
63.900000 28.454163
64.000000 28.405167
64.100000 28.356214
64.200000 28.307303
64.300000 28.258434
64.400000 28.209607
64.500000 28.160823
64.600000 28.112080
64.700000 28.063380
64.800000 28.014723
64.900000 27.966107
65.000000 27.917534
65.100000 27.869003
65.200000 27.820514
65.300000 27.772067
65.400000 27.723663
65.500000 27.675300
65.600000 27.626980
65.700000 27.578702
65.800000 27.530467
65.900000 27.482273
66.000000 27.434122
66.100000 27.386013
66.200000 27.337947
66.300000 27.289922
66.400000 27.241940
66.500000 27.194000
66.600000 27.146102
66.700000 27.098246
66.800000 27.050433
66.900000 27.002662
67.000000 26.954933
67.100000 26.907246
67.200000 26.859602
67.300000 26.811999
67.400000 26.764439
67.500000 26.716921
67.600000 26.669446
67.700000 26.622012
67.800000 26.574621
67.900000 26.527272
68.000000 26.479965
68.100000 26.432701
68.200000 26.385479
68.300000 26.338298
68.400000 26.291161
68.500000 26.244065
68.600000 26.197011
68.700000 26.150000
68.800000 26.103031
68.900000 26.056104
69.000000 26.009220
69.100000 25.962377
69.200000 25.915577
69.300000 25.868819
69.400000 25.822104
69.500000 25.775430
69.600000 25.728799
69.700000 25.682210
69.800000 25.635663
69.900000 25.589159
70.000000 25.542696
70.100000 25.496276
70.200000 25.449898
70.300000 25.403562
70.400000 25.357269
70.500000 25.311018
70.600000 25.264809
70.700000 25.218642
70.800000 25.172517
70.900000 25.126435
71.000000 25.080395
71.100000 25.034397
71.200000 24.988441
71.300000 24.942527
71.400000 24.896656
71.500000 24.850827
71.600000 24.805040
71.700000 24.759295
71.800000 24.713593
71.900000 24.667933
72.000000 24.622315
72.100000 24.576739
72.200000 24.531205
72.300000 24.485714
72.400000 24.440265
72.500000 24.394858
72.600000 24.349493
72.700000 24.304171
72.800000 24.258891
72.900000 24.213653
73.000000 24.168457
73.100000 24.123303
73.200000 24.078192
73.300000 24.033123
73.400000 23.988096
73.500000 23.943111
73.600000 23.898169
73.700000 23.853269
73.800000 23.808410
73.900000 23.763595
74.000000 23.718821
74.100000 23.674090
74.200000 23.629401
74.300000 23.584754
74.400000 23.540149
74.500000 23.495586
74.600000 23.451066
74.700000 23.406588
74.800000 23.362152
74.900000 23.317759
75.000000 23.273407
75.100000 23.229098
75.200000 23.184831
75.300000 23.140606
75.400000 23.096424
75.500000 23.052283
75.600000 23.008185
75.700000 22.964129
75.800000 22.920116
75.900000 22.876144
76.000000 22.832215
76.100000 22.788328
76.200000 22.744483
76.300000 22.700681
76.400000 22.656920
76.500000 22.613202
76.600000 22.569526
76.700000 22.525893
76.800000 22.482301
76.900000 22.438752
77.000000 22.395245
77.100000 22.351780
77.200000 22.308358
77.300000 22.264977
77.400000 22.221639
77.500000 22.178343
77.600000 22.135089
77.700000 22.091878
77.800000 22.048709
77.900000 22.005582
78.000000 21.962497
78.100000 21.919454
78.200000 21.876454
78.300000 21.833496
78.400000 21.790580
78.500000 21.747706
78.600000 21.704874
78.700000 21.662085
78.800000 21.619338
78.900000 21.576633
79.000000 21.533971
79.100000 21.491350
79.200000 21.448772
79.300000 21.406236
79.400000 21.363742
79.500000 21.321291
79.600000 21.278881
79.700000 21.236514
79.800000 21.194189
79.900000 21.151907
80.000000 21.109666
80.100000 21.067468
80.200000 21.025312
80.300000 20.983198
80.400000 20.941127
80.500000 20.899097
80.600000 20.857110
80.700000 20.815165
80.800000 20.773263
80.900000 20.731402
81.000000 20.689584
81.100000 20.647808
81.200000 20.606074
81.300000 20.564383
81.400000 20.522733
81.500000 20.481126
81.600000 20.439561
81.700000 20.398038
81.800000 20.356558
81.900000 20.315120
82.000000 20.273724
82.100000 20.232370
82.200000 20.191058
82.300000 20.149789
82.400000 20.108561
82.500000 20.067377
82.600000 20.026234
82.700000 19.985133
82.800000 19.944075
82.900000 19.903059
83.000000 19.862085
83.100000 19.821153
83.200000 19.780264
83.300000 19.739417
83.400000 19.698612
83.500000 19.657849
83.600000 19.617128
83.700000 19.576450
83.800000 19.535814
83.900000 19.495220
84.000000 19.454668
84.100000 19.414159
84.200000 19.373692
84.300000 19.333267
84.400000 19.292884
84.500000 19.252543
84.600000 19.212245
84.700000 19.171989
84.800000 19.131775
84.900000 19.091603
85.000000 19.051474
85.100000 19.011387
85.200000 18.971342
85.300000 18.931339
85.400000 18.891378
85.500000 18.851460
85.600000 18.811584
85.700000 18.771750
85.800000 18.731958
85.900000 18.692208
86.000000 18.652501
86.100000 18.612836
86.200000 18.573213
86.300000 18.533633
86.400000 18.494094
86.500000 18.454598
86.600000 18.415144
86.700000 18.375732
86.800000 18.336363
86.900000 18.297035
87.000000 18.257750
87.100000 18.218508
87.200000 18.179307
87.300000 18.140148
87.400000 18.101032
87.500000 18.061958
87.600000 18.022926
87.700000 17.983937
87.800000 17.944990
87.900000 17.906084
88.000000 17.867222
88.100000 17.828401
88.200000 17.789622
88.300000 17.750886
88.400000 17.712192
88.500000 17.673540
88.600000 17.634931
88.700000 17.596363
88.800000 17.557838
88.900000 17.519355
89.000000 17.480915
89.100000 17.442516
89.200000 17.404160
89.300000 17.365846
89.400000 17.327574
89.500000 17.289344
89.600000 17.251157
89.700000 17.213012
89.800000 17.174909
89.900000 17.136848
90.000000 17.098830
90.100000 17.060853
90.200000 17.022919
90.300000 16.985027
90.400000 16.947178
90.500000 16.909370
90.600000 16.871605
90.700000 16.833882
90.800000 16.796202
90.900000 16.758563
91.000000 16.720967
91.100000 16.683413
91.200000 16.645901
91.300000 16.608431
91.400000 16.571004
91.500000 16.533618
91.600000 16.496275
91.700000 16.458975
91.800000 16.421716
91.900000 16.384500
92.000000 16.347326
92.100000 16.310194
92.200000 16.273104
92.300000 16.236057
92.400000 16.199051
92.500000 16.162088
92.600000 16.125167
92.700000 16.088289
92.800000 16.051452
92.900000 16.014658
93.000000 15.977906
93.100000 15.941197
93.200000 15.904529
93.300000 15.867904
93.400000 15.831321
93.500000 15.794780
93.600000 15.758281
93.700000 15.721825
93.800000 15.685411
93.900000 15.649039
94.000000 15.612709
94.100000 15.576422
94.200000 15.540176
94.300000 15.503973
94.400000 15.467812
94.500000 15.431694
94.600000 15.395617
94.700000 15.359583
94.800000 15.323591
94.900000 15.287641
95.000000 15.251734
95.100000 15.215869
95.200000 15.180045
95.300000 15.144265
95.400000 15.108526
95.500000 15.072829
95.600000 15.037175
95.700000 15.001563
95.800000 14.965993
95.900000 14.930466
96.000000 14.894981
96.100000 14.859537
96.200000 14.824137
96.300000 14.788778
96.400000 14.753461
96.500000 14.718187
96.600000 14.682955
96.700000 14.647765
96.800000 14.612618
96.900000 14.577512
97.000000 14.542449
97.100000 14.507428
97.200000 14.472449
97.300000 14.437513
97.400000 14.402619
97.500000 14.367767
97.600000 14.332957
97.700000 14.298189
97.800000 14.263464
97.900000 14.228781
98.000000 14.194140
98.100000 14.159541
98.200000 14.124984
98.300000 14.090470
98.400000 14.055998
98.500000 14.021568
98.600000 13.987180
98.700000 13.952835
98.800000 13.918532
98.900000 13.884271
99.000000 13.850052
99.100000 13.815876
99.200000 13.781741
99.300000 13.747649
99.400000 13.713599
99.500000 13.679592
99.600000 13.645626
99.700000 13.611703
99.800000 13.577822
99.900000 13.543983
100.000000 13.510186
100.100000 13.476432
100.200000 13.442720
100.300000 13.409050
100.400000 13.375422
100.500000 13.341837
100.600000 13.308294
100.700000 13.274793
100.800000 13.241334
100.900000 13.207917
101.000000 13.174543
101.100000 13.141211
101.200000 13.107921
101.300000 13.074673
101.400000 13.041467
101.500000 13.008304
101.600000 12.975183
101.700000 12.942104
101.800000 12.909068
101.900000 12.876073
102.000000 12.843121
102.100000 12.810211
102.200000 12.777343
102.300000 12.744518
102.400000 12.711734
102.500000 12.678993
102.600000 12.646294
102.700000 12.613638
102.800000 12.581023
102.900000 12.548451
103.000000 12.515921
103.100000 12.483433
103.200000 12.450988
103.300000 12.418584
103.400000 12.386223
103.500000 12.353904
103.600000 12.321628
103.700000 12.289393
103.800000 12.257201
103.900000 12.225051
104.000000 12.192943
104.100000 12.160878
104.200000 12.128854
104.300000 12.096873
104.400000 12.064934
104.500000 12.033038
104.600000 12.001183
104.700000 11.969371
104.800000 11.937601
104.900000 11.905873
105.000000 11.874187
105.100000 11.842544
105.200000 11.810943
105.300000 11.779384
105.400000 11.747867
105.500000 11.716393
105.600000 11.684960
105.700000 11.653570
105.800000 11.622222
105.900000 11.590917
106.000000 11.559653
106.100000 11.528432
106.200000 11.497253
106.300000 11.466116
106.400000 11.435022
106.500000 11.403969
106.600000 11.372959
106.700000 11.341991
106.800000 11.311066
106.900000 11.280182
107.000000 11.249341
107.100000 11.218542
107.200000 11.187785
107.300000 11.157071
107.400000 11.126398
107.500000 11.095768
107.600000 11.065180
107.700000 11.034635
107.800000 11.004131
107.900000 10.973670
108.000000 10.943251
108.100000 10.912874
108.200000 10.882540
108.300000 10.852247
108.400000 10.821997
108.500000 10.791789
108.600000 10.761623
108.700000 10.731500
108.800000 10.701419
108.900000 10.671380
109.000000 10.641383
109.100000 10.611428
109.200000 10.581516
109.300000 10.551646
109.400000 10.521818
109.500000 10.492032
109.600000 10.462288
109.700000 10.432587
109.800000 10.402928
109.900000 10.373311
110.000000 10.343736
110.100000 10.314204
110.200000 10.284714
110.300000 10.255266
110.400000 10.225860
110.500000 10.196497
110.600000 10.167175
110.700000 10.137896
110.800000 10.108659
110.900000 10.079465
111.000000 10.050312
111.100000 10.021202
111.200000 9.992134
111.300000 9.963108
111.400000 9.934125
111.500000 9.905183
111.600000 9.876284
111.700000 9.847427
111.800000 9.818612
111.900000 9.789840
112.000000 9.761110
112.100000 9.732422
112.200000 9.703776
112.300000 9.675172
112.400000 9.646611
112.500000 9.618092
112.600000 9.589615
112.700000 9.561180
112.800000 9.532788
112.900000 9.504437
113.000000 9.476129
113.100000 9.447863
113.200000 9.419640
113.300000 9.391458
113.400000 9.363319
113.500000 9.335222
113.600000 9.307167
113.700000 9.279155
113.800000 9.251185
113.900000 9.223257
114.000000 9.195371
114.100000 9.167527
114.200000 9.139726
114.300000 9.111966
114.400000 9.084249
114.500000 9.056575
114.600000 9.028942
114.700000 9.001352
114.800000 8.973804
114.900000 8.946298
115.000000 8.918834
115.100000 8.891413
115.200000 8.864033
115.300000 8.836696
115.400000 8.809402
115.500000 8.782149
115.600000 8.754939
115.700000 8.727770
115.800000 8.700645
115.900000 8.673561
116.000000 8.646519
116.100000 8.619520
116.200000 8.592563
116.300000 8.565648
116.400000 8.538776
116.500000 8.511945
116.600000 8.485157
116.700000 8.458411
116.800000 8.431707
116.900000 8.405046
117.000000 8.378427
117.100000 8.351849
117.200000 8.325315
117.300000 8.298822
117.400000 8.272372
117.500000 8.245963
117.600000 8.219597
117.700000 8.193274
117.800000 8.166992
117.900000 8.140753
118.000000 8.114556
118.100000 8.088401
118.200000 8.062288
118.300000 8.036218
118.400000 8.010190
118.500000 7.984204
118.600000 7.958260
118.700000 7.932358
118.800000 7.906499
118.900000 7.880682
119.000000 7.854907
119.100000 7.829174
119.200000 7.803484
119.300000 7.777835
119.400000 7.752229
119.500000 7.726666
119.600000 7.701144
119.700000 7.675665
119.800000 7.650228
119.900000 7.624833
120.000000 7.599480
120.100000 7.574169
120.200000 7.548901
120.300000 7.523675
120.400000 7.498491
120.500000 7.473350
120.600000 7.448250
120.700000 7.423193
120.800000 7.398178
120.900000 7.373205
121.000000 7.348275
121.100000 7.323387
121.200000 7.298540
121.300000 7.273737
121.400000 7.248975
121.500000 7.224256
121.600000 7.199578
121.700000 7.174943
121.800000 7.150351
121.900000 7.125800
122.000000 7.101292
122.100000 7.076826
122.200000 7.052402
122.300000 7.028020
122.400000 7.003681
122.500000 6.979383
122.600000 6.955128
122.700000 6.930916
122.800000 6.906745
122.900000 6.882617
123.000000 6.858531
123.100000 6.834487
123.200000 6.810485
123.300000 6.786526
123.400000 6.762608
123.500000 6.738733
123.600000 6.714900
123.700000 6.691110
123.800000 6.667361
123.900000 6.643655
124.000000 6.619991
124.100000 6.596370
124.200000 6.572790
124.300000 6.549253
124.400000 6.525758
124.500000 6.502305
124.600000 6.478894
124.700000 6.455526
124.800000 6.432200
124.900000 6.408916
125.000000 6.385674
125.100000 6.362475
125.200000 6.339317
125.300000 6.316202
125.400000 6.293129
125.500000 6.270099
125.600000 6.247110
125.700000 6.224164
125.800000 6.201260
125.900000 6.178398
126.000000 6.155579
126.100000 6.132801
126.200000 6.110066
126.300000 6.087373
126.400000 6.064723
126.500000 6.042114
126.600000 6.019548
126.700000 5.997024
126.800000 5.974542
126.900000 5.952103
127.000000 5.929705
127.100000 5.907350
127.200000 5.885037
127.300000 5.862767
127.400000 5.840538
127.500000 5.818352
127.600000 5.796208
127.700000 5.774106
127.800000 5.752046
127.900000 5.730029
128.000000 5.708054
128.100000 5.686121
128.200000 5.664230
128.300000 5.642382
128.400000 5.620575
128.500000 5.598811
128.600000 5.577089
128.700000 5.555410
128.800000 5.533772
128.900000 5.512177
129.000000 5.490624
129.100000 5.469113
129.200000 5.447645
129.300000 5.426219
129.400000 5.404835
129.500000 5.383493
129.600000 5.362193
129.700000 5.340936
129.800000 5.319720
129.900000 5.298547
130.000000 5.277417
130.100000 5.256328
130.200000 5.235282
130.300000 5.214278
130.400000 5.193316
130.500000 5.172396
130.600000 5.151519
130.700000 5.130683
130.800000 5.109890
130.900000 5.089139
131.000000 5.068431
131.100000 5.047765
131.200000 5.027140
131.300000 5.006558
131.400000 4.986019
131.500000 4.965521
131.600000 4.945066
131.700000 4.924653
131.800000 4.904282
131.900000 4.883954
132.000000 4.863667
132.100000 4.843423
132.200000 4.823221
132.300000 4.803061
132.400000 4.782944
132.500000 4.762868
132.600000 4.742835
132.700000 4.722845
132.800000 4.702896
132.900000 4.682989
133.000000 4.663125
133.100000 4.643303
133.200000 4.623524
133.300000 4.603786
133.400000 4.584091
133.500000 4.564438
133.600000 4.544827
133.700000 4.525258
133.800000 4.505732
133.900000 4.486247
134.000000 4.466805
134.100000 4.447406
134.200000 4.428048
134.300000 4.408733
134.400000 4.389460
134.500000 4.370229
134.600000 4.351040
134.700000 4.331894
134.800000 4.312789
134.900000 4.293727
135.000000 4.274707
135.100000 4.255730
135.200000 4.236794
135.300000 4.217901
135.400000 4.199050
135.500000 4.180242
135.600000 4.161475
135.700000 4.142751
135.800000 4.124069
135.900000 4.105429
136.000000 4.086831
136.100000 4.068276
136.200000 4.049763
136.300000 4.031292
136.400000 4.012863
136.500000 3.994477
136.600000 3.976132
136.700000 3.957830
136.800000 3.939570
136.900000 3.921353
137.000000 3.903177
137.100000 3.885044
137.200000 3.866953
137.300000 3.848904
137.400000 3.830898
137.500000 3.812933
137.600000 3.795011
137.700000 3.777131
137.800000 3.759294
137.900000 3.741498
138.000000 3.723745
138.100000 3.706034
138.200000 3.688365
138.300000 3.670739
138.400000 3.653154
138.500000 3.635612
138.600000 3.618112
138.700000 3.600655
138.800000 3.583239
138.900000 3.565866
139.000000 3.548535
139.100000 3.531246
139.200000 3.513999
139.300000 3.496795
139.400000 3.479633
139.500000 3.462513
139.600000 3.445435
139.700000 3.428400
139.800000 3.411407
139.900000 3.394455
140.000000 3.377547
140.100000 3.360680
140.200000 3.343856
140.300000 3.327073
140.400000 3.310333
140.500000 3.293636
140.600000 3.276980
140.700000 3.260367
140.800000 3.243796
140.900000 3.227267
141.000000 3.210780
141.100000 3.194336
141.200000 3.177934
141.300000 3.161574
141.400000 3.145256
141.500000 3.128980
141.600000 3.112747
141.700000 3.096556
141.800000 3.080407
141.900000 3.064300
142.000000 3.048236
142.100000 3.032214
142.200000 3.016234
142.300000 3.000296
142.400000 2.984400
142.500000 2.968547
142.600000 2.952736
142.700000 2.936967
142.800000 2.921240
142.900000 2.905556
143.000000 2.889913
143.100000 2.874313
143.200000 2.858755
143.300000 2.843240
143.400000 2.827766
143.500000 2.812335
143.600000 2.796946
143.700000 2.781600
143.800000 2.766295
143.900000 2.751033
144.000000 2.735813
144.100000 2.720635
144.200000 2.705499
144.300000 2.690406
144.400000 2.675355
144.500000 2.660346
144.600000 2.645379
144.700000 2.630454
144.800000 2.615572
144.900000 2.600732
145.000000 2.585934
145.100000 2.571178
145.200000 2.556465
145.300000 2.541794
145.400000 2.527165
145.500000 2.512578
145.600000 2.498033
145.700000 2.483531
145.800000 2.469071
145.900000 2.454653
146.000000 2.440277
146.100000 2.425944
146.200000 2.411653
146.300000 2.397404
146.400000 2.383197
146.500000 2.369032
146.600000 2.354910
146.700000 2.340830
146.800000 2.326792
146.900000 2.312796
147.000000 2.298843
147.100000 2.284931
147.200000 2.271062
147.300000 2.257236
147.400000 2.243451
147.500000 2.229709
147.600000 2.216008
147.700000 2.202350
147.800000 2.188735
147.900000 2.175161
148.000000 2.161630
148.100000 2.148141
148.200000 2.134694
148.300000 2.121289
148.400000 2.107927
148.500000 2.094607
148.600000 2.081329
148.700000 2.068093
148.800000 2.054899
148.900000 2.041748
149.000000 2.028639
149.100000 2.015572
149.200000 2.002547
149.300000 1.989565
149.400000 1.976625
149.500000 1.963727
149.600000 1.950871
149.700000 1.938057
149.800000 1.925286
149.900000 1.912557
150.000000 1.899870
150.100000 1.887225
150.200000 1.874623
150.300000 1.862063
150.400000 1.849545
150.500000 1.837069
150.600000 1.824635
150.700000 1.812244
150.800000 1.799895
150.900000 1.787588
151.000000 1.775323
151.100000 1.763100
151.200000 1.750920
151.300000 1.738782
151.400000 1.726686
151.500000 1.714633
151.600000 1.702621
151.700000 1.690652
151.800000 1.678725
151.900000 1.666840
152.000000 1.654998
152.100000 1.643198
152.200000 1.631439
152.300000 1.619724
152.400000 1.608050
152.500000 1.596419
152.600000 1.584829
152.700000 1.573282
152.800000 1.561778
152.900000 1.550315
153.000000 1.538895
153.100000 1.527517
153.200000 1.516181
153.300000 1.504887
153.400000 1.493636
153.500000 1.482426
153.600000 1.471259
153.700000 1.460135
153.800000 1.449052
153.900000 1.438012
154.000000 1.427013
154.100000 1.416058
154.200000 1.405144
154.300000 1.394272
154.400000 1.383443
154.500000 1.372656
154.600000 1.361911
154.700000 1.351209
154.800000 1.340548
154.900000 1.329930
155.000000 1.319354
155.100000 1.308820
155.200000 1.298329
155.300000 1.287880
155.400000 1.277473
155.500000 1.267108
155.600000 1.256785
155.700000 1.246505
155.800000 1.236266
155.900000 1.226071
156.000000 1.215917
156.100000 1.205805
156.200000 1.195736
156.300000 1.185709
156.400000 1.175724
156.500000 1.165781
156.600000 1.155881
156.700000 1.146023
156.800000 1.136207
156.900000 1.126433
157.000000 1.116701
157.100000 1.107012
157.200000 1.097365
157.300000 1.087760
157.400000 1.078197
157.500000 1.068677
157.600000 1.059199
157.700000 1.049763
157.800000 1.040369
157.900000 1.031017
158.000000 1.021708
158.100000 1.012441
158.200000 1.003216
158.300000 0.994033
158.400000 0.984893
158.500000 0.975794
158.600000 0.966738
158.700000 0.957724
158.800000 0.948753
158.900000 0.939823
159.000000 0.930936
159.100000 0.922091
159.200000 0.913289
159.300000 0.904528
159.400000 0.895810
159.500000 0.887134
159.600000 0.878500
159.700000 0.869908
159.800000 0.861359
159.900000 0.852852
160.000000 0.844387
160.100000 0.835964
160.200000 0.827583
160.300000 0.819245
160.400000 0.810949
160.500000 0.802695
160.600000 0.794483
160.700000 0.786314
160.800000 0.778187
160.900000 0.770102
161.000000 0.762059
161.100000 0.754058
161.200000 0.746100
161.300000 0.738184
161.400000 0.730310
161.500000 0.722478
161.600000 0.714689
161.700000 0.706942
161.800000 0.699237
161.900000 0.691574
162.000000 0.683953
162.100000 0.676375
162.200000 0.668839
162.300000 0.661345
162.400000 0.653893
162.500000 0.646484
162.600000 0.639116
162.700000 0.631791
162.800000 0.624508
162.900000 0.617268
163.000000 0.610069
163.100000 0.602913
163.200000 0.595799
163.300000 0.588727
163.400000 0.581698
163.500000 0.574711
163.600000 0.567766
163.700000 0.560863
163.800000 0.554002
163.900000 0.547184
164.000000 0.540407
164.100000 0.533673
164.200000 0.526982
164.300000 0.520332
164.400000 0.513725
164.500000 0.507160
164.600000 0.500637
164.700000 0.494156
164.800000 0.487718
164.900000 0.481322
165.000000 0.474967
165.100000 0.468656
165.200000 0.462386
165.300000 0.456159
165.400000 0.449974
165.500000 0.443831
165.600000 0.437730
165.700000 0.431672
165.800000 0.425655
165.900000 0.419681
166.000000 0.413749
166.100000 0.407860
166.200000 0.402012
166.300000 0.396207
166.400000 0.390444
166.500000 0.384724
166.600000 0.379045
166.700000 0.373409
166.800000 0.367815
166.900000 0.362263
167.000000 0.356753
167.100000 0.351286
167.200000 0.345861
167.300000 0.340478
167.400000 0.335137
167.500000 0.329839
167.600000 0.324582
167.700000 0.319368
167.800000 0.314196
167.900000 0.309067
168.000000 0.303979
168.100000 0.298934
168.200000 0.293931
168.300000 0.288970
168.400000 0.284052
168.500000 0.279175
168.600000 0.274341
168.700000 0.269549
168.800000 0.264800
168.900000 0.260092
169.000000 0.255427
169.100000 0.250804
169.200000 0.246223
169.300000 0.241685
169.400000 0.237188
169.500000 0.232734
169.600000 0.228322
169.700000 0.223952
169.800000 0.219625
169.900000 0.215340
170.000000 0.211097
170.100000 0.206896
170.200000 0.202737
170.300000 0.198621
170.400000 0.194547
170.500000 0.190515
170.600000 0.186525
170.700000 0.182578
170.800000 0.178672
170.900000 0.174809
171.000000 0.170988
171.100000 0.167210
171.200000 0.163473
171.300000 0.159779
171.400000 0.156127
171.500000 0.152517
171.600000 0.148950
171.700000 0.145424
171.800000 0.141941
171.900000 0.138501
172.000000 0.135102
172.100000 0.131745
172.200000 0.128431
172.300000 0.125159
172.400000 0.121929
172.500000 0.118742
172.600000 0.115597
172.700000 0.112493
172.800000 0.109433
172.900000 0.106414
173.000000 0.103437
173.100000 0.100503
173.200000 0.097611
173.300000 0.094761
173.400000 0.091954
173.500000 0.089188
173.600000 0.086465
173.700000 0.083784
173.800000 0.081146
173.900000 0.078549
174.000000 0.075995
174.100000 0.073483
174.200000 0.071013
174.300000 0.068585
174.400000 0.066200
174.500000 0.063857
174.600000 0.061556
174.700000 0.059297
174.800000 0.057081
174.900000 0.054906
175.000000 0.052774
175.100000 0.050684
175.200000 0.048637
175.300000 0.046631
175.400000 0.044668
175.500000 0.042747
175.600000 0.040868
175.700000 0.039032
175.800000 0.037237
175.900000 0.035485
176.000000 0.033775
176.100000 0.032108
176.200000 0.030482
176.300000 0.028899
176.400000 0.027358
176.500000 0.025859
176.600000 0.024403
176.700000 0.022988
176.800000 0.021616
176.900000 0.020286
177.000000 0.018999
177.100000 0.017753
177.200000 0.016550
177.300000 0.015389
177.400000 0.014270
177.500000 0.013194
177.600000 0.012159
177.700000 0.011167
177.800000 0.010217
177.900000 0.009309
178.000000 0.008444
178.100000 0.007621
178.200000 0.006840
178.300000 0.006101
178.400000 0.005404
178.500000 0.004750
178.600000 0.004137
178.700000 0.003568
178.800000 0.003040
178.900000 0.002554
179.000000 0.002111
179.100000 0.001710
179.200000 0.001351
179.300000 0.001034
179.400000 0.000760
179.500000 0.000528
179.600000 0.000338
179.700000 0.000190
179.800000 0.000084
179.900000 0.000021
180.000000 0.000000
180.100000 0.000021
180.200000 0.000084
180.300000 0.000190
180.400000 0.000338
180.500000 0.000528
180.600000 0.000760
180.700000 0.001034
180.800000 0.001351
180.900000 0.001710
181.000000 0.002111
