0.000000 11.399220
0.100000 11.373902
0.200000 11.348613
0.300000 11.323352
0.400000 11.298119
0.500000 11.272914
0.600000 11.247737
0.700000 11.222588
0.800000 11.197468
0.900000 11.172375
1.000000 11.147311
1.100000 11.122275
1.200000 11.097267
1.300000 11.072287
1.400000 11.047336
1.500000 11.022412
1.600000 10.997517
1.700000 10.972650
1.800000 10.947811
1.900000 10.923000
2.000000 10.898217
2.100000 10.873462
2.200000 10.848736
2.300000 10.824038
2.400000 10.799368
2.500000 10.774726
2.600000 10.750112
2.700000 10.725526
2.800000 10.700968
2.900000 10.676439
3.000000 10.651938
3.100000 10.627464
3.200000 10.603019
3.300000 10.578603
3.400000 10.554214
3.500000 10.529853
3.600000 10.505521
3.700000 10.481217
3.800000 10.456941
3.900000 10.432693
4.000000 10.408473
4.100000 10.384281
4.200000 10.360118
4.300000 10.335982
4.400000 10.311875
4.500000 10.287796
4.600000 10.263745
4.700000 10.239722
4.800000 10.215727
4.900000 10.191761
5.000000 10.167823
5.100000 10.143912
5.200000 10.120030
5.300000 10.096176
5.400000 10.072351
5.500000 10.048553
5.600000 10.024784
5.700000 10.001042
5.800000 9.977329
5.900000 9.953644
6.000000 9.929987
6.100000 9.906358
6.200000 9.882758
6.300000 9.859185
6.400000 9.835641
6.500000 9.812125
6.600000 9.788637
6.700000 9.765177
6.800000 9.741745
6.900000 9.718342
7.000000 9.694966
7.100000 9.671619
7.200000 9.648300
7.300000 9.625009
7.400000 9.601746
7.500000 9.578511
7.600000 9.555305
7.700000 9.532126
7.800000 9.508976
7.900000 9.485854
8.000000 9.462760
8.100000 9.439694
8.200000 9.416656
8.300000 9.393647
8.400000 9.370665
8.500000 9.347712
8.600000 9.324787
8.700000 9.301890
8.800000 9.279021
8.900000 9.256181
9.000000 9.233368
9.100000 9.210584
9.200000 9.187827
9.300000 9.165099
9.400000 9.142399
9.500000 9.119728
9.600000 9.097084
9.700000 9.074469
9.800000 9.051881
9.900000 9.029322
10.000000 9.006791
10.100000 8.984288
10.200000 8.961813
10.300000 8.939367
10.400000 8.916948
10.500000 8.894558
10.600000 8.872196
10.700000 8.849862
10.800000 8.827556
10.900000 8.805278
11.000000 8.783028
11.100000 8.760807
11.200000 8.738614
11.300000 8.716449
11.400000 8.694312
11.500000 8.672203
11.600000 8.650122
11.700000 8.628069
11.800000 8.606045
11.900000 8.584049
12.000000 8.562081
12.100000 8.540141
12.200000 8.518229
12.300000 8.496345
12.400000 8.474490
12.500000 8.452662
12.600000 8.430863
12.700000 8.409092
12.800000 8.387349
12.900000 8.365634
13.000000 8.343947
13.100000 8.322289
13.200000 8.300659
13.300000 8.279056
13.400000 8.257482
13.500000 8.235936
13.600000 8.214419
13.700000 8.192929
13.800000 8.171467
13.900000 8.150034
14.000000 8.128629
14.100000 8.107252
14.200000 8.085903
14.300000 8.064582
14.400000 8.043289
14.500000 8.022025
14.600000 8.000789
14.700000 7.979581
14.800000 7.958400
14.900000 7.937249
15.000000 7.916125
15.100000 7.895029
15.200000 7.873962
15.300000 7.852923
15.400000 7.831911
15.500000 7.810928
15.600000 7.789973
15.700000 7.769047
15.800000 7.748148
15.900000 7.727278
16.000000 7.706436
16.100000 7.685621
16.200000 7.664835
16.300000 7.644078
16.400000 7.623348
16.500000 7.602646
16.600000 7.581973
16.700000 7.561328
16.800000 7.540711
16.900000 7.520122
17.000000 7.499561
17.100000 7.479028
17.200000 7.458524
17.300000 7.438047
17.400000 7.417599
17.500000 7.397179
17.600000 7.376787
17.700000 7.356423
17.800000 7.336088
17.900000 7.315780
18.000000 7.295501
18.100000 7.275249
18.200000 7.255026
18.300000 7.234831
18.400000 7.214665
18.500000 7.194526
18.600000 7.174416
18.700000 7.154333
18.800000 7.134279
18.900000 7.114253
19.000000 7.094255
19.100000 7.074285
19.200000 7.054344
19.300000 7.034430
19.400000 7.014545
19.500000 6.994688
19.600000 6.974859
19.700000 6.955058
19.800000 6.935285
19.900000 6.915541
20.000000 6.895824
20.100000 6.876136
20.200000 6.856476
20.300000 6.836844
20.400000 6.817240
20.500000 6.797664
20.600000 6.778117
20.700000 6.758597
20.800000 6.739106
20.900000 6.719643
21.000000 6.700208
21.100000 6.680801
21.200000 6.661423
21.300000 6.642072
21.400000 6.622750
21.500000 6.603455
21.600000 6.584189
21.700000 6.564951
21.800000 6.545742
21.900000 6.526560
22.000000 6.507406
22.100000 6.488281
22.200000 6.469184
22.300000 6.450115
22.400000 6.431074
22.500000 6.412061
22.600000 6.393077
22.700000 6.374120
22.800000 6.355192
22.900000 6.336292
23.000000 6.317419
23.100000 6.298576
23.200000 6.279760
23.300000 6.260972
23.400000 6.242213
23.500000 6.223481
23.600000 6.204778
23.700000 6.186103
23.800000 6.167456
23.900000 6.148838
24.000000 6.130247
24.100000 6.111685
24.200000 6.093150
24.300000 6.074644
24.400000 6.056166
24.500000 6.037716
24.600000 6.019295
24.700000 6.000901
24.800000 5.982536
24.900000 5.964198
25.000000 5.945889
25.100000 5.927608
25.200000 5.909356
25.300000 5.891131
25.400000 5.872934
25.500000 5.854766
25.600000 5.836626
25.700000 5.818514
25.800000 5.800430
25.900000 5.782374
26.000000 5.764346
26.100000 5.746347
26.200000 5.728375
26.300000 5.710432
26.400000 5.692517
26.500000 5.674630
26.600000 5.656771
26.700000 5.638941
26.800000 5.621138
26.900000 5.603364
27.000000 5.585618
27.100000 5.567900
27.200000 5.550210
27.300000 5.532548
27.400000 5.514914
27.500000 5.497309
27.600000 5.479732
27.700000 5.462182
27.800000 5.444661
27.900000 5.427169
28.000000 5.409704
28.100000 5.392267
28.200000 5.374859
28.300000 5.357479
28.400000 5.340126
28.500000 5.322802
28.600000 5.305507
28.700000 5.288239
28.800000 5.270999
28.900000 5.253788
29.000000 5.236605
29.100000 5.219449
29.200000 5.202322
29.300000 5.185224
29.400000 5.168153
29.500000 5.151110
29.600000 5.134096
29.700000 5.117110
29.800000 5.100152
29.900000 5.083222
30.000000 5.066320
30.100000 5.049446
30.200000 5.032601
30.300000 5.015783
30.400000 4.998994
30.500000 4.982233
30.600000 4.965500
30.700000 4.948795
30.800000 4.932119
30.900000 4.915470
31.000000 4.898850
31.100000 4.882258
31.200000 4.865694
31.300000 4.849158
31.400000 4.832650
31.500000 4.816170
31.600000 4.799719
31.700000 4.783296
31.800000 4.766900
31.900000 4.750533
32.000000 4.734194
32.100000 4.717884
32.200000 4.701601
32.300000 4.685347
32.400000 4.669120
32.500000 4.652922
32.600000 4.636752
32.700000 4.620610
32.800000 4.604497
32.900000 4.588411
33.000000 4.572354
33.100000 4.556324
33.200000 4.540323
33.300000 4.524350
33.400000 4.508406
33.500000 4.492489
33.600000 4.476600
33.700000 4.460740
33.800000 4.444908
33.900000 4.429104
34.000000 4.413328
34.100000 4.397580
34.200000 4.381860
34.300000 4.366169
34.400000 4.350505
34.500000 4.334870
34.600000 4.319263
34.700000 4.303684
34.800000 4.288133
34.900000 4.272611
35.000000 4.257116
35.100000 4.241650
35.200000 4.226211
35.300000 4.210801
35.400000 4.195420
35.500000 4.180066
35.600000 4.164740
35.700000 4.149443
35.800000 4.134173
35.900000 4.118932
36.000000 4.103719
36.100000 4.088534
36.200000 4.073378
36.300000 4.058249
36.400000 4.043148
36.500000 4.028076
36.600000 4.013032
36.700000 3.998016
36.800000 3.983028
36.900000 3.968068
37.000000 3.953137
37.100000 3.938233
37.200000 3.923358
37.300000 3.908511
37.400000 3.893692
37.500000 3.878901
37.600000 3.864138
37.700000 3.849404
37.800000 3.834698
37.900000 3.820019
38.000000 3.805369
38.100000 3.790747
38.200000 3.776153
38.300000 3.761588
38.400000 3.747050
38.500000 3.732541
38.600000 3.718060
38.700000 3.703607
38.800000 3.689182
38.900000 3.674785
39.000000 3.660416
39.100000 3.646076
39.200000 3.631763
39.300000 3.617479
39.400000 3.603223
39.500000 3.588995
39.600000 3.574795
39.700000 3.560624
39.800000 3.546480
39.900000 3.532365
40.000000 3.518278
40.100000 3.504219
40.200000 3.490188
40.300000 3.476185
40.400000 3.462210
40.500000 3.448264
40.600000 3.434346
40.700000 3.420456
40.800000 3.406594
40.900000 3.392760
41.000000 3.378954
41.100000 3.365176
41.200000 3.351427
41.300000 3.337706
41.400000 3.324012
41.500000 3.310348
41.600000 3.296711
41.700000 3.283102
41.800000 3.269521
41.900000 3.255969
42.000000 3.242445
42.100000 3.228949
42.200000 3.215481
42.300000 3.202041
42.400000 3.188629
42.500000 3.175246
42.600000 3.161890
42.700000 3.148563
42.800000 3.135264
42.900000 3.121993
43.000000 3.108750
43.100000 3.095536
43.200000 3.082349
43.300000 3.069191
43.400000 3.056060
43.500000 3.042958
43.600000 3.029884
43.700000 3.016839
43.800000 3.003821
43.900000 2.990832
44.000000 2.977870
44.100000 2.964937
44.200000 2.952032
44.300000 2.939155
44.400000 2.926306
44.500000 2.913486
44.600000 2.900693
44.700000 2.887929
44.800000 2.875193
44.900000 2.862485
45.000000 2.849805
45.100000 2.837153
45.200000 2.824530
45.300000 2.811934
45.400000 2.799367
45.500000 2.786828
45.600000 2.774317
45.700000 2.761834
45.800000 2.749379
45.900000 2.736953
46.000000 2.724554
46.100000 2.712184
46.200000 2.699842
46.300000 2.687528
46.400000 2.675242
46.500000 2.662984
46.600000 2.650755
46.700000 2.638553
46.800000 2.626380
46.900000 2.614235
47.000000 2.602118
47.100000 2.590029
47.200000 2.577969
47.300000 2.565936
47.400000 2.553932
47.500000 2.541956
47.600000 2.530008
47.700000 2.518088
47.800000 2.506196
47.900000 2.494332
48.000000 2.482497
48.100000 2.470689
48.200000 2.458910
48.300000 2.447159
48.400000 2.435436
48.500000 2.423742
48.600000 2.412075
48.700000 2.400436
48.800000 2.388826
48.900000 2.377244
49.000000 2.365690
49.100000 2.354164
49.200000 2.342666
49.300000 2.331197
49.400000 2.319755
49.500000 2.308342
49.600000 2.296957
49.700000 2.285600
49.800000 2.274271
49.900000 2.262970
50.000000 2.251698
50.100000 2.240453
50.200000 2.229237
50.300000 2.218049
50.400000 2.206889
50.500000 2.195757
50.600000 2.184653
50.700000 2.173578
50.800000 2.162531
50.900000 2.151511
51.000000 2.140520
51.100000 2.129557
51.200000 2.118622
51.300000 2.107716
51.400000 2.096837
51.500000 2.085987
51.600000 2.075165
51.700000 2.064371
51.800000 2.053605
51.900000 2.042867
52.000000 2.032157
52.100000 2.021476
52.200000 2.010822
52.300000 2.000197
52.400000 1.989600
52.500000 1.979031
52.600000 1.968490
52.700000 1.957978
52.800000 1.947493
52.900000 1.937037
53.000000 1.926609
53.100000 1.916209
53.200000 1.905837
53.300000 1.895493
53.400000 1.885178
53.500000 1.874890
53.600000 1.864631
53.700000 1.854400
53.800000 1.844197
53.900000 1.834022
54.000000 1.823875
54.100000 1.813757
54.200000 1.803666
54.300000 1.793604
54.400000 1.783570
54.500000 1.773564
54.600000 1.763586
54.700000 1.753636
54.800000 1.743715
54.900000 1.733821
55.000000 1.723956
55.100000 1.714119
55.200000 1.704310
55.300000 1.694529
55.400000 1.684777
55.500000 1.675052
55.600000 1.665356
55.700000 1.655687
55.800000 1.646047
55.900000 1.636435
56.000000 1.626852
56.100000 1.617296
56.200000 1.607768
56.300000 1.598269
56.400000 1.588798
56.500000 1.579355
56.600000 1.569940
56.700000 1.560553
56.800000 1.551195
56.900000 1.541864
57.000000 1.532562
57.100000 1.523288
57.200000 1.514042
57.300000 1.504824
57.400000 1.495634
57.500000 1.486472
57.600000 1.477339
57.700000 1.468234
57.800000 1.459156
57.900000 1.450107
58.000000 1.441087
58.100000 1.432094
58.200000 1.423129
58.300000 1.414193
58.400000 1.405285
58.500000 1.396404
58.600000 1.387552
58.700000 1.378729
58.800000 1.369933
58.900000 1.361165
59.000000 1.352426
59.100000 1.343715
59.200000 1.335032
59.300000 1.326377
59.400000 1.317750
59.500000 1.309151
59.600000 1.300581
59.700000 1.292038
59.800000 1.283524
59.900000 1.275038
60.000000 1.266580
60.100000 1.258150
60.200000 1.249749
60.300000 1.241375
60.400000 1.233030
60.500000 1.224712
60.600000 1.216423
60.700000 1.208162
60.800000 1.199930
60.900000 1.191725
61.000000 1.183549
61.100000 1.175400
61.200000 1.167280
61.300000 1.159188
61.400000 1.151124
61.500000 1.143088
61.600000 1.135081
61.700000 1.127101
61.800000 1.119150
61.900000 1.111227
62.000000 1.103332
62.100000 1.095465
62.200000 1.087626
62.300000 1.079816
62.400000 1.072033
62.500000 1.064279
62.600000 1.056553
62.700000 1.048855
62.800000 1.041185
62.900000 1.033543
63.000000 1.025930
63.100000 1.018344
63.200000 1.010787
63.300000 1.003258
63.400000 0.995757
63.500000 0.988284
63.600000 0.980840
63.700000 0.973423
63.800000 0.966035
63.900000 0.958674
64.000000 0.951342
64.100000 0.944038
64.200000 0.936763
64.300000 0.929515
64.400000 0.922295
64.500000 0.915104
64.600000 0.907941
64.700000 0.900806
64.800000 0.893699
64.900000 0.886620
65.000000 0.879569
65.100000 0.872547
65.200000 0.865553
65.300000 0.858586
65.400000 0.851648
65.500000 0.844738
65.600000 0.837857
65.700000 0.831003
65.800000 0.824178
65.900000 0.817380
66.000000 0.810611
66.100000 0.803870
66.200000 0.797157
66.300000 0.790473
66.400000 0.783816
66.500000 0.777188
66.600000 0.770587
66.700000 0.764015
66.800000 0.757471
66.900000 0.750955
67.000000 0.744468
67.100000 0.738008
67.200000 0.731577
67.300000 0.725173
67.400000 0.718798
67.500000 0.712451
67.600000 0.706132
67.700000 0.699842
67.800000 0.693579
67.900000 0.687345
68.000000 0.681139
68.100000 0.674960
68.200000 0.668811
68.300000 0.662689
68.400000 0.656595
68.500000 0.650530
68.600000 0.644492
68.700000 0.638483
68.800000 0.632502
68.900000 0.626549
69.000000 0.620624
69.100000 0.614728
69.200000 0.608859
69.300000 0.603019
69.400000 0.597207
69.500000 0.591422
69.600000 0.585667
69.700000 0.579939
69.800000 0.574239
69.900000 0.568568
70.000000 0.562924
70.100000 0.557309
70.200000 0.551722
70.300000 0.546163
70.400000 0.540633
70.500000 0.535130
70.600000 0.529656
70.700000 0.524209
70.800000 0.518791
70.900000 0.513401
71.000000 0.508039
71.100000 0.502706
71.200000 0.497400
71.300000 0.492123
71.400000 0.486873
71.500000 0.481652
71.600000 0.476459
71.700000 0.471294
71.800000 0.466158
71.900000 0.461049
72.000000 0.455969
72.100000 0.450917
72.200000 0.445892
72.300000 0.440896
72.400000 0.435929
72.500000 0.430989
72.600000 0.426078
72.700000 0.421194
72.800000 0.416339
72.900000 0.411512
73.000000 0.406713
73.100000 0.401942
73.200000 0.397199
73.300000 0.392485
73.400000 0.387799
73.500000 0.383140
73.600000 0.378510
73.700000 0.373908
73.800000 0.369335
73.900000 0.364789
74.000000 0.360272
74.100000 0.355782
74.200000 0.351321
74.300000 0.346888
74.400000 0.342483
74.500000 0.338106
74.600000 0.333758
74.700000 0.329437
74.800000 0.325145
74.900000 0.320881
75.000000 0.316645
75.100000 0.312437
75.200000 0.308257
75.300000 0.304106
75.400000 0.299982
75.500000 0.295887
75.600000 0.291820
75.700000 0.287781
75.800000 0.283770
75.900000 0.279788
76.000000 0.275833
76.100000 0.271907
76.200000 0.268008
76.300000 0.264138
76.400000 0.260296
76.500000 0.256482
76.600000 0.252697
76.700000 0.248939
76.800000 0.245210
76.900000 0.241509
77.000000 0.237836
77.100000 0.234191
77.200000 0.230574
77.300000 0.226985
77.400000 0.223425
77.500000 0.219892
77.600000 0.216388
77.700000 0.212912
77.800000 0.209464
77.900000 0.206044
78.000000 0.202653
78.100000 0.199289
78.200000 0.195954
78.300000 0.192647
78.400000 0.189368
78.500000 0.186117
78.600000 0.182894
78.700000 0.179700
78.800000 0.176533
78.900000 0.173395
79.000000 0.170285
79.100000 0.167203
79.200000 0.164149
79.300000 0.161123
79.400000 0.158125
79.500000 0.155156
79.600000 0.152215
79.700000 0.149302
79.800000 0.146417
79.900000 0.143560
80.000000 0.140731
80.100000 0.137931
80.200000 0.135158
80.300000 0.132414
80.400000 0.129698
80.500000 0.127010
80.600000 0.124350
80.700000 0.121718
80.800000 0.119115
80.900000 0.116539
81.000000 0.113992
81.100000 0.111473
81.200000 0.108982
81.300000 0.106519
81.400000 0.104085
81.500000 0.101678
81.600000 0.099300
81.700000 0.096950
81.800000 0.094628
81.900000 0.092334
82.000000 0.090068
82.100000 0.087830
82.200000 0.085621
82.300000 0.083439
82.400000 0.081286
82.500000 0.079161
82.600000 0.077064
82.700000 0.074996
82.800000 0.072955
82.900000 0.070943
83.000000 0.068958
83.100000 0.067002
83.200000 0.065074
83.300000 0.063174
83.400000 0.061302
83.500000 0.059459
83.600000 0.057643
83.700000 0.055856
83.800000 0.054097
83.900000 0.052366
84.000000 0.050663
84.100000 0.048988
84.200000 0.047342
84.300000 0.045724
84.400000 0.044133
84.500000 0.042571
84.600000 0.041037
84.700000 0.039531
84.800000 0.038054
84.900000 0.036604
85.000000 0.035183
85.100000 0.033790
85.200000 0.032424
85.300000 0.031088
85.400000 0.029779
85.500000 0.028498
85.600000 0.027246
85.700000 0.026021
85.800000 0.024825
85.900000 0.023657
86.000000 0.022517
86.100000 0.021405
86.200000 0.020322
86.300000 0.019266
86.400000 0.018239
86.500000 0.017240
86.600000 0.016269
86.700000 0.015326
86.800000 0.014411
86.900000 0.013524
87.000000 0.012666
87.100000 0.011835
87.200000 0.011033
87.300000 0.010259
87.400000 0.009513
87.500000 0.008796
87.600000 0.008106
87.700000 0.007445
87.800000 0.006811
87.900000 0.006206
88.000000 0.005629
88.100000 0.005080
88.200000 0.004560
88.300000 0.004067
88.400000 0.003603
88.500000 0.003166
88.600000 0.002758
88.700000 0.002378
88.800000 0.002027
88.900000 0.001703
89.000000 0.001407
89.100000 0.001140
89.200000 0.000901
89.300000 0.000690
89.400000 0.000507
89.500000 0.000352
89.600000 0.000225
89.700000 0.000127
89.800000 0.000056
89.900000 0.000014
90.000000 0.000000
90.100000 0.000014
90.200000 0.000056
90.300000 0.000127
90.400000 0.000225
90.500000 0.000352
90.600000 0.000507
90.700000 0.000690
90.800000 0.000901
90.900000 0.001140
91.000000 0.001407
91.100000 0.001703
91.200000 0.002027
91.300000 0.002378
91.400000 0.002758
91.500000 0.003166
91.600000 0.003603
91.700000 0.004067
91.800000 0.004560
91.900000 0.005080
92.000000 0.005629
92.100000 0.006206
92.200000 0.006811
92.300000 0.007445
92.400000 0.008106
92.500000 0.008796
92.600000 0.009513
92.700000 0.010259
92.800000 0.011033
92.900000 0.011835
93.000000 0.012666
93.100000 0.013524
93.200000 0.014411
93.300000 0.015326
93.400000 0.016269
93.500000 0.017240
93.600000 0.018239
93.700000 0.019266
93.800000 0.020322
93.900000 0.021405
94.000000 0.022517
94.100000 0.023657
94.200000 0.024825
94.300000 0.026021
94.400000 0.027246
94.500000 0.028498
94.600000 0.029779
94.700000 0.031088
94.800000 0.032424
94.900000 0.033790
95.000000 0.035183
95.100000 0.036604
95.200000 0.038054
95.300000 0.039531
95.400000 0.041037
95.500000 0.042571
95.600000 0.044133
95.700000 0.045724
95.800000 0.047342
95.900000 0.048988
96.000000 0.050663
96.100000 0.052366
96.200000 0.054097
96.300000 0.055856
96.400000 0.057643
96.500000 0.059459
96.600000 0.061302
96.700000 0.063174
96.800000 0.065074
96.900000 0.067002
97.000000 0.068958
97.100000 0.070943
97.200000 0.072955
97.300000 0.074996
97.400000 0.077064
97.500000 0.079161
97.600000 0.081286
97.700000 0.083439
97.800000 0.085621
97.900000 0.087830
98.000000 0.090068
98.100000 0.092334
98.200000 0.094628
98.300000 0.096950
98.400000 0.099300
98.500000 0.101678
98.600000 0.104085
98.700000 0.106519
98.800000 0.108982
98.900000 0.111473
99.000000 0.113992
99.100000 0.116539
99.200000 0.119115
99.300000 0.121718
99.400000 0.124350
99.500000 0.127010
99.600000 0.129698
99.700000 0.132414
99.800000 0.135158
99.900000 0.137931
100.000000 0.140731
100.100000 0.143560
100.200000 0.146417
100.300000 0.149302
100.400000 0.152215
100.500000 0.155156
100.600000 0.158125
100.700000 0.161123
100.800000 0.164149
100.900000 0.167203
101.000000 0.170285
101.100000 0.173395
101.200000 0.176533
101.300000 0.179700
101.400000 0.182894
101.500000 0.186117
101.600000 0.189368
101.700000 0.192647
101.800000 0.195954
101.900000 0.199289
102.000000 0.202653
102.100000 0.206044
102.200000 0.209464
102.300000 0.212912
102.400000 0.216388
102.500000 0.219892
102.600000 0.223425
102.700000 0.226985
102.800000 0.230574
102.900000 0.234191
103.000000 0.237836
103.100000 0.241509
103.200000 0.245210
103.300000 0.248939
103.400000 0.252697
103.500000 0.256482
103.600000 0.260296
103.700000 0.264138
103.800000 0.268008
103.900000 0.271907
104.000000 0.275833
104.100000 0.279788
104.200000 0.283770
104.300000 0.287781
104.400000 0.291820
104.500000 0.295887
104.600000 0.299982
104.700000 0.304106
104.800000 0.308257
104.900000 0.312437
105.000000 0.316645
105.100000 0.320881
105.200000 0.325145
105.300000 0.329437
105.400000 0.333758
105.500000 0.338106
105.600000 0.342483
105.700000 0.346888
105.800000 0.351321
105.900000 0.355782
106.000000 0.360272
106.100000 0.364789
106.200000 0.369335
106.300000 0.373908
106.400000 0.378510
106.500000 0.383140
106.600000 0.387799
106.700000 0.392485
106.800000 0.397199
106.900000 0.401942
107.000000 0.406713
107.100000 0.411512
107.200000 0.416339
107.300000 0.421194
107.400000 0.426078
107.500000 0.430989
107.600000 0.435929
107.700000 0.440896
107.800000 0.445892
107.900000 0.450917
108.000000 0.455969
108.100000 0.461049
108.200000 0.466158
108.300000 0.471294
108.400000 0.476459
108.500000 0.481652
108.600000 0.486873
108.700000 0.492123
108.800000 0.497400
108.900000 0.502706
109.000000 0.508039
109.100000 0.513401
109.200000 0.518791
109.300000 0.524209
109.400000 0.529656
109.500000 0.535130
109.600000 0.540633
109.700000 0.546163
109.800000 0.551722
109.900000 0.557309
110.000000 0.562924
110.100000 0.568568
110.200000 0.574239
110.300000 0.579939
110.400000 0.585667
110.500000 0.591422
110.600000 0.597207
110.700000 0.603019
110.800000 0.608859
110.900000 0.614728
111.000000 0.620624
111.100000 0.626549
111.200000 0.632502
111.300000 0.638483
111.400000 0.644492
111.500000 0.650530
111.600000 0.656595
111.700000 0.662689
111.800000 0.668811
111.900000 0.674960
112.000000 0.681139
112.100000 0.687345
112.200000 0.693579
112.300000 0.699842
112.400000 0.706132
112.500000 0.712451
112.600000 0.718798
112.700000 0.725173
112.800000 0.731577
112.900000 0.738008
113.000000 0.744468
113.100000 0.750955
113.200000 0.757471
113.300000 0.764015
113.400000 0.770587
113.500000 0.777188
113.600000 0.783816
113.700000 0.790473
113.800000 0.797157
113.900000 0.803870
114.000000 0.810611
114.100000 0.817380
114.200000 0.824178
114.300000 0.831003
114.400000 0.837857
114.500000 0.844738
114.600000 0.851648
114.700000 0.858586
114.800000 0.865553
114.900000 0.872547
115.000000 0.879569
115.100000 0.886620
115.200000 0.893699
115.300000 0.900806
115.400000 0.907941
115.500000 0.915104
115.600000 0.922295
115.700000 0.929515
115.800000 0.936763
115.900000 0.944038
116.000000 0.951342
116.100000 0.958674
116.200000 0.966035
116.300000 0.973423
116.400000 0.980840
116.500000 0.988284
116.600000 0.995757
116.700000 1.003258
116.800000 1.010787
116.900000 1.018344
117.000000 1.025930
117.100000 1.033543
117.200000 1.041185
117.300000 1.048855
117.400000 1.056553
117.500000 1.064279
117.600000 1.072033
117.700000 1.079816
117.800000 1.087626
117.900000 1.095465
118.000000 1.103332
118.100000 1.111227
118.200000 1.119150
118.300000 1.127101
118.400000 1.135081
118.500000 1.143088
118.600000 1.151124
118.700000 1.159188
118.800000 1.167280
118.900000 1.175400
119.000000 1.183549
119.100000 1.191725
119.200000 1.199930
119.300000 1.208162
119.400000 1.216423
119.500000 1.224712
119.600000 1.233030
119.700000 1.241375
119.800000 1.249749
119.900000 1.258150
120.000000 1.266580
120.100000 1.275038
120.200000 1.283524
120.300000 1.292038
120.400000 1.300581
120.500000 1.309151
120.600000 1.317750
120.700000 1.326377
120.800000 1.335032
120.900000 1.343715
121.000000 1.352426
121.100000 1.361165
121.200000 1.369933
121.300000 1.378729
121.400000 1.387552
121.500000 1.396404
121.600000 1.405285
121.700000 1.414193
121.800000 1.423129
121.900000 1.432094
122.000000 1.441087
122.100000 1.450107
122.200000 1.459156
122.300000 1.468234
122.400000 1.477339
122.500000 1.486472
122.600000 1.495634
122.700000 1.504824
122.800000 1.514042
122.900000 1.523288
123.000000 1.532562
123.100000 1.541864
123.200000 1.551195
123.300000 1.560553
123.400000 1.569940
123.500000 1.579355
123.600000 1.588798
123.700000 1.598269
123.800000 1.607768
123.900000 1.617296
124.000000 1.626852
124.100000 1.636435
124.200000 1.646047
124.300000 1.655687
124.400000 1.665356
124.500000 1.675052
124.600000 1.684777
124.700000 1.694529
124.800000 1.704310
124.900000 1.714119
125.000000 1.723956
125.100000 1.733821
125.200000 1.743715
125.300000 1.753636
125.400000 1.763586
125.500000 1.773564
125.600000 1.783570
125.700000 1.793604
125.800000 1.803666
125.900000 1.813757
126.000000 1.823875
126.100000 1.834022
126.200000 1.844197
126.300000 1.854400
126.400000 1.864631
126.500000 1.874890
126.600000 1.885178
126.700000 1.895493
126.800000 1.905837
126.900000 1.916209
127.000000 1.926609
127.100000 1.937037
127.200000 1.947493
127.300000 1.957978
127.400000 1.968490
127.500000 1.979031
127.600000 1.989600
127.700000 2.000197
127.800000 2.010822
127.900000 2.021476
128.000000 2.032157
128.100000 2.042867
128.200000 2.053605
128.300000 2.064371
128.400000 2.075165
128.500000 2.085987
128.600000 2.096837
128.700000 2.107716
128.800000 2.118622
128.900000 2.129557
129.000000 2.140520
129.100000 2.151511
129.200000 2.162531
129.300000 2.173578
129.400000 2.184653
129.500000 2.195757
129.600000 2.206889
129.700000 2.218049
129.800000 2.229237
129.900000 2.240453
130.000000 2.251698
130.100000 2.262970
130.200000 2.274271
130.300000 2.285600
130.400000 2.296957
130.500000 2.308342
130.600000 2.319755
130.700000 2.331197
130.800000 2.342666
130.900000 2.354164
131.000000 2.365690
131.100000 2.377244
131.200000 2.388826
131.300000 2.400436
131.400000 2.412075
131.500000 2.423742
131.600000 2.435436
131.700000 2.447159
131.800000 2.458910
131.900000 2.470689
132.000000 2.482497
132.100000 2.494332
132.200000 2.506196
132.300000 2.518088
132.400000 2.530008
132.500000 2.541956
132.600000 2.553932
132.700000 2.565936
132.800000 2.577969
132.900000 2.590029
133.000000 2.602118
133.100000 2.614235
133.200000 2.626380
133.300000 2.638553
133.400000 2.650755
133.500000 2.662984
133.600000 2.675242
133.700000 2.687528
133.800000 2.699842
133.900000 2.712184
134.000000 2.724554
134.100000 2.736953
134.200000 2.749379
134.300000 2.761834
134.400000 2.774317
134.500000 2.786828
134.600000 2.799367
134.700000 2.811934
134.800000 2.824530
134.900000 2.837153
135.000000 2.849805
135.100000 2.862485
135.200000 2.875193
135.300000 2.887929
135.400000 2.900693
135.500000 2.913486
135.600000 2.926306
135.700000 2.939155
135.800000 2.952032
135.900000 2.964937
136.000000 2.977870
136.100000 2.990832
136.200000 3.003821
136.300000 3.016839
136.400000 3.029884
136.500000 3.042958
136.600000 3.056060
136.700000 3.069191
136.800000 3.082349
136.900000 3.095536
137.000000 3.108750
137.100000 3.121993
137.200000 3.135264
137.300000 3.148563
137.400000 3.161890
137.500000 3.175246
137.600000 3.188629
137.700000 3.202041
137.800000 3.215481
137.900000 3.228949
138.000000 3.242445
138.100000 3.255969
138.200000 3.269521
138.300000 3.283102
138.400000 3.296711
138.500000 3.310348
138.600000 3.324012
138.700000 3.337706
138.800000 3.351427
138.900000 3.365176
139.000000 3.378954
139.100000 3.392760
139.200000 3.406594
139.300000 3.420456
139.400000 3.434346
139.500000 3.448264
139.600000 3.462210
139.700000 3.476185
139.800000 3.490188
139.900000 3.504219
140.000000 3.518278
140.100000 3.532365
140.200000 3.546480
140.300000 3.560624
140.400000 3.574795
140.500000 3.588995
140.600000 3.603223
140.700000 3.617479
140.800000 3.631763
140.900000 3.646076
141.000000 3.660416
141.100000 3.674785
141.200000 3.689182
141.300000 3.703607
141.400000 3.718060
141.500000 3.732541
141.600000 3.747050
141.700000 3.761588
141.800000 3.776153
141.900000 3.790747
142.000000 3.805369
142.100000 3.820019
142.200000 3.834698
142.300000 3.849404
142.400000 3.864138
142.500000 3.878901
142.600000 3.893692
142.700000 3.908511
142.800000 3.923358
142.900000 3.938233
143.000000 3.953137
143.100000 3.968068
143.200000 3.983028
143.300000 3.998016
143.400000 4.013032
143.500000 4.028076
143.600000 4.043148
143.700000 4.058249
143.800000 4.073378
143.900000 4.088534
144.000000 4.103719
144.100000 4.118932
144.200000 4.134173
144.300000 4.149443
144.400000 4.164740
144.500000 4.180066
144.600000 4.195420
144.700000 4.210801
144.800000 4.226211
144.900000 4.241650
145.000000 4.257116
145.100000 4.272611
145.200000 4.288133
145.300000 4.303684
145.400000 4.319263
145.500000 4.334870
145.600000 4.350505
145.700000 4.366169
145.800000 4.381860
145.900000 4.397580
146.000000 4.413328
146.100000 4.429104
146.200000 4.444908
146.300000 4.460740
146.400000 4.476600
146.500000 4.492489
146.600000 4.508406
146.700000 4.524350
146.800000 4.540323
146.900000 4.556324
147.000000 4.572354
147.100000 4.588411
147.200000 4.604497
147.300000 4.620610
147.400000 4.636752
147.500000 4.652922
147.600000 4.669120
147.700000 4.685347
147.800000 4.701601
147.900000 4.717884
148.000000 4.734194
148.100000 4.750533
148.200000 4.766900
148.300000 4.783296
148.400000 4.799719
148.500000 4.816170
148.600000 4.832650
148.700000 4.849158
148.800000 4.865694
148.900000 4.882258
149.000000 4.898850
149.100000 4.915470
149.200000 4.932119
149.300000 4.948795
149.400000 4.965500
149.500000 4.982233
149.600000 4.998994
149.700000 5.015783
149.800000 5.032601
149.900000 5.049446
150.000000 5.066320
150.100000 5.083222
150.200000 5.100152
150.300000 5.117110
150.400000 5.134096
150.500000 5.151110
150.600000 5.168153
150.700000 5.185224
150.800000 5.202322
150.900000 5.219449
151.000000 5.236605
151.100000 5.253788
151.200000 5.270999
151.300000 5.288239
151.400000 5.305507
151.500000 5.322802
151.600000 5.340126
151.700000 5.357479
151.800000 5.374859
151.900000 5.392267
152.000000 5.409704
152.100000 5.427169
152.200000 5.444661
152.300000 5.462182
152.400000 5.479732
152.500000 5.497309
152.600000 5.514914
152.700000 5.532548
152.800000 5.550210
152.900000 5.567900
153.000000 5.585618
153.100000 5.603364
153.200000 5.621138
153.300000 5.638941
153.400000 5.656771
153.500000 5.674630
153.600000 5.692517
153.700000 5.710432
153.800000 5.728375
153.900000 5.746347
154.000000 5.764346
154.100000 5.782374
154.200000 5.800430
154.300000 5.818514
154.400000 5.836626
154.500000 5.854766
154.600000 5.872934
154.700000 5.891131
154.800000 5.909356
154.900000 5.927608
155.000000 5.945889
155.100000 5.964198
155.200000 5.982536
155.300000 6.000901
155.400000 6.019295
155.500000 6.037716
155.600000 6.056166
155.700000 6.074644
155.800000 6.093150
155.900000 6.111685
156.000000 6.130247
156.100000 6.148838
156.200000 6.167456
156.300000 6.186103
156.400000 6.204778
156.500000 6.223481
156.600000 6.242213
156.700000 6.260972
156.800000 6.279760
156.900000 6.298576
157.000000 6.317419
157.100000 6.336292
157.200000 6.355192
157.300000 6.374120
157.400000 6.393077
157.500000 6.412061
157.600000 6.431074
157.700000 6.450115
157.800000 6.469184
157.900000 6.488281
158.000000 6.507406
158.100000 6.526560
158.200000 6.545742
158.300000 6.564951
158.400000 6.584189
158.500000 6.603455
158.600000 6.622750
158.700000 6.642072
158.800000 6.661423
158.900000 6.680801
159.000000 6.700208
159.100000 6.719643
159.200000 6.739106
159.300000 6.758597
159.400000 6.778117
159.500000 6.797664
159.600000 6.817240
159.700000 6.836844
159.800000 6.856476
159.900000 6.876136
160.000000 6.895824
160.100000 6.915541
160.200000 6.935285
160.300000 6.955058
160.400000 6.974859
160.500000 6.994688
160.600000 7.014545
160.700000 7.034430
160.800000 7.054344
160.900000 7.074285
161.000000 7.094255
161.100000 7.114253
161.200000 7.134279
161.300000 7.154333
161.400000 7.174416
161.500000 7.194526
161.600000 7.214665
161.700000 7.234831
161.800000 7.255026
161.900000 7.275249
162.000000 7.295501
162.100000 7.315780
162.200000 7.336088
162.300000 7.356423
162.400000 7.376787
162.500000 7.397179
162.600000 7.417599
162.700000 7.438047
162.800000 7.458524
162.900000 7.479028
163.000000 7.499561
163.100000 7.520122
163.200000 7.540711
163.300000 7.561328
163.400000 7.581973
163.500000 7.602646
163.600000 7.623348
163.700000 7.644078
163.800000 7.664835
163.900000 7.685621
164.000000 7.706436
164.100000 7.727278
164.200000 7.748148
164.300000 7.769047
164.400000 7.789973
164.500000 7.810928
164.600000 7.831911
164.700000 7.852923
164.800000 7.873962
164.900000 7.895029
165.000000 7.916125
165.100000 7.937249
165.200000 7.958400
165.300000 7.979581
165.400000 8.000789
165.500000 8.022025
165.600000 8.043289
165.700000 8.064582
165.800000 8.085903
165.900000 8.107252
166.000000 8.128629
166.100000 8.150034
166.200000 8.171467
166.300000 8.192929
166.400000 8.214419
166.500000 8.235936
166.600000 8.257482
166.700000 8.279056
166.800000 8.300659
166.900000 8.322289
167.000000 8.343947
167.100000 8.365634
167.200000 8.387349
167.300000 8.409092
167.400000 8.430863
167.500000 8.452662
167.600000 8.474490
167.700000 8.496345
167.800000 8.518229
167.900000 8.540141
168.000000 8.562081
168.100000 8.584049
168.200000 8.606045
168.300000 8.628069
168.400000 8.650122
168.500000 8.672203
168.600000 8.694312
168.700000 8.716449
168.800000 8.738614
168.900000 8.760807
169.000000 8.783028
169.100000 8.805278
169.200000 8.827556
169.300000 8.849862
169.400000 8.872196
169.500000 8.894558
169.600000 8.916948
169.700000 8.939367
169.800000 8.961813
169.900000 8.984288
170.000000 9.006791
170.100000 9.029322
170.200000 9.051881
170.300000 9.074469
170.400000 9.097084
170.500000 9.119728
170.600000 9.142399
170.700000 9.165099
170.800000 9.187827
170.900000 9.210584
171.000000 9.233368
171.100000 9.256181
171.200000 9.279021
171.300000 9.301890
171.400000 9.324787
171.500000 9.347712
171.600000 9.370665
171.700000 9.393647
171.800000 9.416656
171.900000 9.439694
172.000000 9.462760
172.100000 9.485854
172.200000 9.508976
172.300000 9.532126
172.400000 9.555305
172.500000 9.578511
172.600000 9.601746
172.700000 9.625009
172.800000 9.648300
172.900000 9.671619
173.000000 9.694966
173.100000 9.718342
173.200000 9.741745
173.300000 9.765177
173.400000 9.788637
173.500000 9.812125
173.600000 9.835641
173.700000 9.859185
173.800000 9.882758
173.900000 9.906358
174.000000 9.929987
174.100000 9.953644
174.200000 9.977329
174.300000 10.001042
174.400000 10.024784
174.500000 10.048553
174.600000 10.072351
174.700000 10.096176
174.800000 10.120030
174.900000 10.143912
175.000000 10.167823
175.100000 10.191761
175.200000 10.215727
175.300000 10.239722
175.400000 10.263745
175.500000 10.287796
175.600000 10.311875
175.700000 10.335982
175.800000 10.360118
175.900000 10.384281
176.000000 10.408473
176.100000 10.432693
176.200000 10.456941
176.300000 10.481217
176.400000 10.505521
176.500000 10.529853
176.600000 10.554214
176.700000 10.578603
176.800000 10.603019
176.900000 10.627464
177.000000 10.651938
177.100000 10.676439
177.200000 10.700968
177.300000 10.725526
177.400000 10.750112
177.500000 10.774726
177.600000 10.799368
177.700000 10.824038
177.800000 10.848736
177.900000 10.873462
178.000000 10.898217
178.100000 10.923000
178.200000 10.947811
178.300000 10.972650
178.400000 10.997517
178.500000 11.022412
178.600000 11.047336
178.700000 11.072287
178.800000 11.097267
178.900000 11.122275
179.000000 11.147311
179.100000 11.172375
179.200000 11.197468
179.300000 11.222588
179.400000 11.247737
179.500000 11.272914
179.600000 11.298119
179.700000 11.323352
179.800000 11.348613
179.900000 11.373902
180.000000 11.399220
180.100000 11.424565
180.200000 11.449939
180.300000 11.475341
180.400000 11.500771
180.500000 11.526230
180.600000 11.551716
180.700000 11.577231
180.800000 11.602773
180.900000 11.628344
181.000000 11.653943
