-180.000000 0.000000
-179.900000 0.000007
-179.800000 0.000028
-179.700000 0.000063
-179.600000 0.000113
-179.500000 0.000176
-179.400000 0.000253
-179.300000 0.000345
-179.200000 0.000450
-179.100000 0.000570
-179.000000 0.000704
-178.900000 0.000851
-178.800000 0.001013
-178.700000 0.001189
-178.600000 0.001379
-178.500000 0.001583
-178.400000 0.001801
-178.300000 0.002034
-178.200000 0.002280
-178.100000 0.002540
-178.000000 0.002815
-177.900000 0.003103
-177.800000 0.003406
-177.700000 0.003722
-177.600000 0.004053
-177.500000 0.004398
-177.400000 0.004757
-177.300000 0.005130
-177.200000 0.005517
-177.100000 0.005918
-177.000000 0.006333
-176.900000 0.006762
-176.800000 0.007205
-176.700000 0.007663
-176.600000 0.008134
-176.500000 0.008620
-176.400000 0.009119
-176.300000 0.009633
-176.200000 0.010161
-176.100000 0.010703
-176.000000 0.011258
-175.900000 0.011828
-175.800000 0.012412
-175.700000 0.013011
-175.600000 0.013623
-175.500000 0.014249
-175.400000 0.014889
-175.300000 0.015544
-175.200000 0.016212
-175.100000 0.016895
-175.000000 0.017591
-174.900000 0.018302
-174.800000 0.019027
-174.700000 0.019766
-174.600000 0.020519
-174.500000 0.021286
-174.400000 0.022067
-174.300000 0.022862
-174.200000 0.023671
-174.100000 0.024494
-174.000000 0.025332
-173.900000 0.026183
-173.800000 0.027049
-173.700000 0.027928
-173.600000 0.028822
-173.500000 0.029729
-173.400000 0.030651
-173.300000 0.031587
-173.200000 0.032537
-173.100000 0.033501
-173.000000 0.034479
-172.900000 0.035471
-172.800000 0.036478
-172.700000 0.037498
-172.600000 0.038532
-172.500000 0.039581
-172.400000 0.040643
-172.300000 0.041720
-172.200000 0.042810
-172.100000 0.043915
-172.000000 0.045034
-171.900000 0.046167
-171.800000 0.047314
-171.700000 0.048475
-171.600000 0.049650
-171.500000 0.050839
-171.400000 0.052042
-171.300000 0.053260
-171.200000 0.054491
-171.100000 0.055737
-171.000000 0.056996
-170.900000 0.058270
-170.800000 0.059557
-170.700000 0.060859
-170.600000 0.062175
-170.500000 0.063505
-170.400000 0.064849
-170.300000 0.066207
-170.200000 0.067579
-170.100000 0.068965
-170.000000 0.070366
-169.900000 0.071780
-169.800000 0.073208
-169.700000 0.074651
-169.600000 0.076107
-169.500000 0.077578
-169.400000 0.079063
-169.300000 0.080562
-169.200000 0.082074
-169.100000 0.083601
-169.000000 0.085142
-168.900000 0.086697
-168.800000 0.088267
-168.700000 0.089850
-168.600000 0.091447
-168.500000 0.093058
-168.400000 0.094684
-168.300000 0.096323
-168.200000 0.097977
-168.100000 0.099645
-168.000000 0.101326
-167.900000 0.103022
-167.800000 0.104732
-167.700000 0.106456
-167.600000 0.108194
-167.500000 0.109946
-167.400000 0.111712
-167.300000 0.113493
-167.200000 0.115287
-167.100000 0.117095
-167.000000 0.118918
-166.900000 0.120754
-166.800000 0.122605
-166.700000 0.124470
-166.600000 0.126348
-166.500000 0.128241
-166.400000 0.130148
-166.300000 0.132069
-166.200000 0.134004
-166.100000 0.135953
-166.000000 0.137916
-165.900000 0.139894
-165.800000 0.141885
-165.700000 0.143891
-165.600000 0.145910
-165.500000 0.147944
-165.400000 0.149991
-165.300000 0.152053
-165.200000 0.154129
-165.100000 0.156219
-165.000000 0.158322
-164.900000 0.160441
-164.800000 0.162573
-164.700000 0.164719
-164.600000 0.166879
-164.500000 0.169053
-164.400000 0.171242
-164.300000 0.173444
-164.200000 0.175661
-164.100000 0.177891
-164.000000 0.180136
-163.900000 0.182395
-163.800000 0.184667
-163.700000 0.186954
-163.600000 0.189255
-163.500000 0.191570
-163.400000 0.193899
-163.300000 0.196242
-163.200000 0.198600
-163.100000 0.200971
-163.000000 0.203356
-162.900000 0.205756
-162.800000 0.208169
-162.700000 0.210597
-162.600000 0.213039
-162.500000 0.215495
-162.400000 0.217964
-162.300000 0.220448
-162.200000 0.222946
-162.100000 0.225458
-162.000000 0.227984
-161.900000 0.230525
-161.800000 0.233079
-161.700000 0.235647
-161.600000 0.238230
-161.500000 0.240826
-161.400000 0.243437
-161.300000 0.246061
-161.200000 0.248700
-161.100000 0.251353
-161.000000 0.254020
-160.900000 0.256701
-160.800000 0.259396
-160.700000 0.262105
-160.600000 0.264828
-160.500000 0.267565
-160.400000 0.270316
-160.300000 0.273082
-160.200000 0.275861
-160.100000 0.278655
-160.000000 0.281462
-159.900000 0.284284
-159.800000 0.287120
-159.700000 0.289969
-159.600000 0.292833
-159.500000 0.295711
-159.400000 0.298603
-159.300000 0.301509
-159.200000 0.304430
-159.100000 0.307364
-159.000000 0.310312
-158.900000 0.313274
-158.800000 0.316251
-158.700000 0.319241
-158.600000 0.322246
-158.500000 0.325265
-158.400000 0.328298
-158.300000 0.331344
-158.200000 0.334405
-158.100000 0.337480
-158.000000 0.340569
-157.900000 0.343672
-157.800000 0.346790
-157.700000 0.349921
-157.600000 0.353066
-157.500000 0.356226
-157.400000 0.359399
-157.300000 0.362587
-157.200000 0.365788
-157.100000 0.369004
-157.000000 0.372234
-156.900000 0.375478
-156.800000 0.378736
-156.700000 0.382008
-156.600000 0.385294
-156.500000 0.388594
-156.400000 0.391908
-156.300000 0.395236
-156.200000 0.398579
-156.100000 0.401935
-156.000000 0.405306
-155.900000 0.408690
-155.800000 0.412089
-155.700000 0.415502
-155.600000 0.418928
-155.500000 0.422369
-155.400000 0.425824
-155.300000 0.429293
-155.200000 0.432776
-155.100000 0.436273
-155.000000 0.439785
-154.900000 0.443310
-154.800000 0.446849
-154.700000 0.450403
-154.600000 0.453970
-154.500000 0.457552
-154.400000 0.461148
-154.300000 0.464757
-154.200000 0.468381
-154.100000 0.472019
-154.000000 0.475671
-153.900000 0.479337
-153.800000 0.483017
-153.700000 0.486712
-153.600000 0.490420
-153.500000 0.494142
-153.400000 0.497879
-153.300000 0.501629
-153.200000 0.505394
-153.100000 0.509172
-153.000000 0.512965
-152.900000 0.516772
-152.800000 0.520593
-152.700000 0.524427
-152.600000 0.528276
-152.500000 0.532140
-152.400000 0.536017
-152.300000 0.539908
-152.200000 0.543813
-152.100000 0.547733
-152.000000 0.551666
-151.900000 0.555613
-151.800000 0.559575
-151.700000 0.563551
-151.600000 0.567540
-151.500000 0.571544
-151.400000 0.575562
-151.300000 0.579594
-151.200000 0.583640
-151.100000 0.587700
-151.000000 0.591774
-150.900000 0.595863
-150.800000 0.599965
-150.700000 0.604081
-150.600000 0.608212
-150.500000 0.612356
-150.400000 0.616515
-150.300000 0.620688
-150.200000 0.624874
-150.100000 0.629075
-150.000000 0.633290
-149.900000 0.637519
-149.800000 0.641762
-149.700000 0.646019
-149.600000 0.650290
-149.500000 0.654576
-149.400000 0.658875
-149.300000 0.663188
-149.200000 0.667516
-149.100000 0.671857
-149.000000 0.676213
-148.900000 0.680583
-148.800000 0.684966
-148.700000 0.689364
-148.600000 0.693776
-148.500000 0.698202
-148.400000 0.702642
-148.300000 0.707096
-148.200000 0.711565
-148.100000 0.716047
-148.000000 0.720543
-147.900000 0.725054
-147.800000 0.729578
-147.700000 0.734117
-147.600000 0.738669
-147.500000 0.743236
-147.400000 0.747817
-147.300000 0.752412
-147.200000 0.757021
-147.100000 0.761644
-147.000000 0.766281
-146.900000 0.770932
-146.800000 0.775597
-146.700000 0.780277
-146.600000 0.784970
-146.500000 0.789677
-146.400000 0.794399
-146.300000 0.799135
-146.200000 0.803884
-146.100000 0.808648
-146.000000 0.813426
-145.900000 0.818218
-145.800000 0.823024
-145.700000 0.827844
-145.600000 0.832678
-145.500000 0.837526
-145.400000 0.842388
-145.300000 0.847265
-145.200000 0.852155
-145.100000 0.857059
-145.000000 0.861978
-144.900000 0.866911
-144.800000 0.871857
-144.700000 0.876818
-144.600000 0.881793
-144.500000 0.886782
-144.400000 0.891785
-144.300000 0.896802
-144.200000 0.901833
-144.100000 0.906878
-144.000000 0.911938
-143.900000 0.917011
-143.800000 0.922098
-143.700000 0.927200
-143.600000 0.932315
-143.500000 0.937445
-143.400000 0.942589
-143.300000 0.947747
-143.200000 0.952918
-143.100000 0.958104
-143.000000 0.963304
-142.900000 0.968519
-142.800000 0.973747
-142.700000 0.978989
-142.600000 0.984245
-142.500000 0.989516
-142.400000 0.994800
-142.300000 1.000099
-142.200000 1.005411
-142.100000 1.010738
-142.000000 1.016079
-141.900000 1.021433
-141.800000 1.026802
-141.700000 1.032185
-141.600000 1.037582
-141.500000 1.042993
-141.400000 1.048419
-141.300000 1.053858
-141.200000 1.059311
-141.100000 1.064779
-141.000000 1.070260
-140.900000 1.075756
-140.800000 1.081265
-140.700000 1.086789
-140.600000 1.092327
-140.500000 1.097879
-140.400000 1.103444
-140.300000 1.109024
-140.200000 1.114619
-140.100000 1.120227
-140.000000 1.125849
-139.900000 1.131485
-139.800000 1.137136
-139.700000 1.142800
-139.600000 1.148478
-139.500000 1.154171
-139.400000 1.159878
-139.300000 1.165598
-139.200000 1.171333
-139.100000 1.177082
-139.000000 1.182845
-138.900000 1.188622
-138.800000 1.194413
-138.700000 1.200218
-138.600000 1.206037
-138.500000 1.211871
-138.400000 1.217718
-138.300000 1.223580
-138.200000 1.229455
-138.100000 1.235345
-138.000000 1.241248
-137.900000 1.247166
-137.800000 1.253098
-137.700000 1.259044
-137.600000 1.265004
-137.500000 1.270978
-137.400000 1.276966
-137.300000 1.282968
-137.200000 1.288984
-137.100000 1.295015
-137.000000 1.301059
-136.900000 1.307118
-136.800000 1.313190
-136.700000 1.319277
-136.600000 1.325377
-136.500000 1.331492
-136.400000 1.337621
-136.300000 1.343764
-136.200000 1.349921
-136.100000 1.356092
-136.000000 1.362277
-135.900000 1.368476
-135.800000 1.374690
-135.700000 1.380917
-135.600000 1.387158
-135.500000 1.393414
-135.400000 1.399683
-135.300000 1.405967
-135.200000 1.412265
-135.100000 1.418577
-135.000000 1.424902
-134.900000 1.431242
-134.800000 1.437596
-134.700000 1.443965
-134.600000 1.450347
-134.500000 1.456743
-134.400000 1.463153
-134.300000 1.469578
-134.200000 1.476016
-134.100000 1.482469
-134.000000 1.488935
-133.900000 1.495416
-133.800000 1.501911
-133.700000 1.508419
-133.600000 1.514942
-133.500000 1.521479
-133.400000 1.528030
-133.300000 1.534595
-133.200000 1.541175
-133.100000 1.547768
-133.000000 1.554375
-132.900000 1.560996
-132.800000 1.567632
-132.700000 1.574282
-132.600000 1.580945
-132.500000 1.587623
-132.400000 1.594315
-132.300000 1.601020
-132.200000 1.607740
-132.100000 1.614474
-132.000000 1.621222
-131.900000 1.627985
-131.800000 1.634761
-131.700000 1.641551
-131.600000 1.648355
-131.500000 1.655174
-131.400000 1.662006
-131.300000 1.668853
-131.200000 1.675713
-131.100000 1.682588
-131.000000 1.689477
-130.900000 1.696380
-130.800000 1.703297
-130.700000 1.710228
-130.600000 1.717173
-130.500000 1.724132
-130.400000 1.731105
-130.300000 1.738093
-130.200000 1.745094
-130.100000 1.752109
-130.000000 1.759139
-129.900000 1.766182
-129.800000 1.773240
-129.700000 1.780312
-129.600000 1.787398
-129.500000 1.794498
-129.400000 1.801612
-129.300000 1.808740
-129.200000 1.815882
-129.100000 1.823038
-129.000000 1.830208
-128.900000 1.837392
-128.800000 1.844591
-128.700000 1.851803
-128.600000 1.859030
-128.500000 1.866270
-128.400000 1.873525
-128.300000 1.880794
-128.200000 1.888077
-128.100000 1.895374
-128.000000 1.902685
-127.900000 1.910010
-127.800000 1.917349
-127.700000 1.924702
-127.600000 1.932069
-127.500000 1.939451
-127.400000 1.946846
-127.300000 1.954256
-127.200000 1.961679
-127.100000 1.969117
-127.000000 1.976568
-126.900000 1.984034
-126.800000 1.991514
-126.700000 1.999008
-126.600000 2.006516
-126.500000 2.014038
-126.400000 2.021574
-126.300000 2.029124
-126.200000 2.036689
-126.100000 2.044267
-126.000000 2.051860
-125.900000 2.059466
-125.800000 2.067087
-125.700000 2.074721
-125.600000 2.082370
-125.500000 2.090033
-125.400000 2.097710
-125.300000 2.105401
-125.200000 2.113106
-125.100000 2.120825
-125.000000 2.128558
-124.900000 2.136305
-124.800000 2.144067
-124.700000 2.151842
-124.600000 2.159631
-124.500000 2.167435
-124.400000 2.175253
-124.300000 2.183084
-124.200000 2.190930
-124.100000 2.198790
-124.000000 2.206664
-123.900000 2.214552
-123.800000 2.222454
-123.700000 2.230370
-123.600000 2.238300
-123.500000 2.246244
-123.400000 2.254203
-123.300000 2.262175
-123.200000 2.270162
-123.100000 2.278162
-123.000000 2.286177
-122.900000 2.294206
-122.800000 2.302248
-122.700000 2.310305
-122.600000 2.318376
-122.500000 2.326461
-122.400000 2.334560
-122.300000 2.342673
-122.200000 2.350801
-122.100000 2.358942
-122.000000 2.367097
-121.900000 2.375267
-121.800000 2.383450
-121.700000 2.391648
-121.600000 2.399859
-121.500000 2.408085
-121.400000 2.416325
-121.300000 2.424579
-121.200000 2.432847
-121.100000 2.441129
-121.000000 2.449425
-120.900000 2.457735
-120.800000 2.466059
-120.700000 2.474398
-120.600000 2.482750
-120.500000 2.491117
-120.400000 2.499497
-120.300000 2.507892
-120.200000 2.516300
-120.100000 2.524723
-120.000000 2.533160
-119.900000 2.541611
-119.800000 2.550076
-119.700000 2.558555
-119.600000 2.567048
-119.500000 2.575555
-119.400000 2.584076
-119.300000 2.592612
-119.200000 2.601161
-119.100000 2.609725
-119.000000 2.618302
-118.900000 2.626894
-118.800000 2.635500
-118.700000 2.644119
-118.600000 2.652753
-118.500000 2.661401
-118.400000 2.670063
-118.300000 2.678739
-118.200000 2.687429
-118.100000 2.696134
-118.000000 2.704852
-117.900000 2.713584
-117.800000 2.722331
-117.700000 2.731091
-117.600000 2.739866
-117.500000 2.748654
-117.400000 2.757457
-117.300000 2.766274
-117.200000 2.775105
-117.100000 2.783950
-117.000000 2.792809
-116.900000 2.801682
-116.800000 2.810569
-116.700000 2.819470
-116.600000 2.828386
-116.500000 2.837315
-116.400000 2.846259
-116.300000 2.855216
-116.200000 2.864188
-116.100000 2.873173
-116.000000 2.882173
-115.900000 2.891187
-115.800000 2.900215
-115.700000 2.909257
-115.600000 2.918313
-115.500000 2.927383
-115.400000 2.936467
-115.300000 2.945565
-115.200000 2.954678
-115.100000 2.963804
-115.000000 2.972945
-114.900000 2.982099
-114.800000 2.991268
-114.700000 3.000451
-114.600000 3.009647
-114.500000 3.018858
-114.400000 3.028083
-114.300000 3.037322
-114.200000 3.046575
-114.100000 3.055842
-114.000000 3.065124
-113.900000 3.074419
-113.800000 3.083728
-113.700000 3.093052
-113.600000 3.102389
-113.500000 3.111741
-113.400000 3.121106
-113.300000 3.130486
-113.200000 3.139880
-113.100000 3.149288
-113.000000 3.158710
-112.900000 3.168146
-112.800000 3.177596
-112.700000 3.187060
-112.600000 3.196538
-112.500000 3.206031
-112.400000 3.215537
-112.300000 3.225057
-112.200000 3.234592
-112.100000 3.244141
-112.000000 3.253703
-111.900000 3.263280
-111.800000 3.272871
-111.700000 3.282476
-111.600000 3.292095
-111.500000 3.301728
-111.400000 3.311375
-111.300000 3.321036
-111.200000 3.330711
-111.100000 3.340401
-111.000000 3.350104
-110.900000 3.359822
-110.800000 3.369553
-110.700000 3.379299
-110.600000 3.389058
-110.500000 3.398832
-110.400000 3.408620
-110.300000 3.418422
-110.200000 3.428238
-110.100000 3.438068
-110.000000 3.447912
-109.900000 3.457770
-109.800000 3.467643
-109.700000 3.477529
-109.600000 3.487429
-109.500000 3.497344
-109.400000 3.507273
-109.300000 3.517215
-109.200000 3.527172
-109.100000 3.537143
-109.000000 3.547128
-108.900000 3.557127
-108.800000 3.567140
-108.700000 3.577167
-108.600000 3.587208
-108.500000 3.597263
-108.400000 3.607332
-108.300000 3.617416
-108.200000 3.627513
-108.100000 3.637625
-108.000000 3.647750
-107.900000 3.657890
-107.800000 3.668044
-107.700000 3.678212
-107.600000 3.688393
-107.500000 3.698589
-107.400000 3.708799
-107.300000 3.719024
-107.200000 3.729262
-107.100000 3.739514
-107.000000 3.749780
-106.900000 3.760061
-106.800000 3.770355
-106.700000 3.780664
-106.600000 3.790986
-106.500000 3.801323
-106.400000 3.811674
-106.300000 3.822039
-106.200000 3.832418
-106.100000 3.842811
-106.000000 3.853218
-105.900000 3.863639
-105.800000 3.874074
-105.700000 3.884523
-105.600000 3.894987
-105.500000 3.905464
-105.400000 3.915956
-105.300000 3.926461
-105.200000 3.936981
-105.100000 3.947515
-105.000000 3.958062
-104.900000 3.968624
-104.800000 3.979200
-104.700000 3.989790
-104.600000 4.000394
-104.500000 4.011013
-104.400000 4.021645
-104.300000 4.032291
-104.200000 4.042951
-104.100000 4.053626
-104.000000 4.064314
-103.900000 4.075017
-103.800000 4.085734
-103.700000 4.096464
-103.600000 4.107209
-103.500000 4.117968
-103.400000 4.128741
-103.300000 4.139528
-103.200000 4.150329
-103.100000 4.161144
-103.000000 4.171974
-102.900000 4.182817
-102.800000 4.193674
-102.700000 4.204546
-102.600000 4.215431
-102.500000 4.226331
-102.400000 4.237245
-102.300000 4.248173
-102.200000 4.259114
-102.100000 4.270070
-102.000000 4.281040
-101.900000 4.292024
-101.800000 4.303023
-101.700000 4.314035
-101.600000 4.325061
-101.500000 4.336101
-101.400000 4.347156
-101.300000 4.358224
-101.200000 4.369307
-101.100000 4.380404
-101.000000 4.391514
-100.900000 4.402639
-100.800000 4.413778
-100.700000 4.424931
-100.600000 4.436098
-100.500000 4.447279
-100.400000 4.458474
-100.300000 4.469683
-100.200000 4.480907
-100.100000 4.492144
-100.000000 4.503395
-99.900000 4.514661
-99.800000 4.525941
-99.700000 4.537234
-99.600000 4.548542
-99.500000 4.559864
-99.400000 4.571200
-99.300000 4.582550
-99.200000 4.593914
-99.100000 4.605292
-99.000000 4.616684
-98.900000 4.628090
-98.800000 4.639511
-98.700000 4.650945
-98.600000 4.662393
-98.500000 4.673856
-98.400000 4.685333
-98.300000 4.696823
-98.200000 4.708328
-98.100000 4.719847
-98.000000 4.731380
-97.900000 4.742927
-97.800000 4.754488
-97.700000 4.766063
-97.600000 4.777652
-97.500000 4.789256
-97.400000 4.800873
-97.300000 4.812504
-97.200000 4.824150
-97.100000 4.835809
-97.000000 4.847483
-96.900000 4.859171
-96.800000 4.870873
-96.700000 4.882588
-96.600000 4.894318
-96.500000 4.906062
-96.400000 4.917820
-96.300000 4.929593
-96.200000 4.941379
-96.100000 4.953179
-96.000000 4.964994
-95.900000 4.976822
-95.800000 4.988664
-95.700000 5.000521
-95.600000 5.012392
-95.500000 5.024276
-95.400000 5.036175
-95.300000 5.048088
-95.200000 5.060015
-95.100000 5.071956
-95.000000 5.083911
-94.900000 5.095880
-94.800000 5.107864
-94.700000 5.119861
-94.600000 5.131872
-94.500000 5.143898
-94.400000 5.155937
-94.300000 5.167991
-94.200000 5.180059
-94.100000 5.192141
-94.000000 5.204236
-93.900000 5.216346
-93.800000 5.228470
-93.700000 5.240608
-93.600000 5.252760
-93.500000 5.264927
-93.400000 5.277107
-93.300000 5.289301
-93.200000 5.301510
-93.100000 5.313732
-93.000000 5.325969
-92.900000 5.338219
-92.800000 5.350484
-92.700000 5.362763
-92.600000 5.375056
-92.500000 5.387363
-92.400000 5.399684
-92.300000 5.412019
-92.200000 5.424368
-92.100000 5.436731
-92.000000 5.449109
-91.900000 5.461500
-91.800000 5.473905
-91.700000 5.486325
-91.600000 5.498758
-91.500000 5.511206
-91.400000 5.523668
-91.300000 5.536144
-91.200000 5.548634
-91.100000 5.561138
-91.000000 5.573656
-90.900000 5.586188
-90.800000 5.598734
-90.700000 5.611294
-90.600000 5.623868
-90.500000 5.636457
-90.400000 5.649059
-90.300000 5.661676
-90.200000 5.674306
-90.100000 5.686951
-90.000000 5.699610
-89.900000 5.712283
-89.800000 5.724970
-89.700000 5.737671
-89.600000 5.750386
-89.500000 5.763115
-89.400000 5.775858
-89.300000 5.788615
-89.200000 5.801387
-89.100000 5.814172
-89.000000 5.826972
-88.900000 5.839785
-88.800000 5.852613
-88.700000 5.865454
-88.600000 5.878310
-88.500000 5.891180
-88.400000 5.904064
-88.300000 5.916962
-88.200000 5.929874
-88.100000 5.942800
-88.000000 5.955741
-87.900000 5.968695
-87.800000 5.981663
-87.700000 5.994646
-87.600000 6.007642
-87.500000 6.020653
-87.400000 6.033677
-87.300000 6.046716
-87.200000 6.059769
-87.100000 6.072836
-87.000000 6.085917
-86.900000 6.099012
-86.800000 6.112121
-86.700000 6.125244
-86.600000 6.138381
-86.500000 6.151533
-86.400000 6.164698
-86.300000 6.177878
-86.200000 6.191071
-86.100000 6.204279
-86.000000 6.217500
-85.900000 6.230736
-85.800000 6.243986
-85.700000 6.257250
-85.600000 6.270528
-85.500000 6.283820
-85.400000 6.297126
-85.300000 6.310446
-85.200000 6.323781
-85.100000 6.337129
-85.000000 6.350491
-84.900000 6.363868
-84.800000 6.377258
-84.700000 6.390663
-84.600000 6.404082
-84.500000 6.417514
-84.400000 6.430961
-84.300000 6.444422
-84.200000 6.457897
-84.100000 6.471386
-84.000000 6.484889
-83.900000 6.498407
-83.800000 6.511938
-83.700000 6.525483
-83.600000 6.539043
-83.500000 6.552616
-83.400000 6.566204
-83.300000 6.579806
-83.200000 6.593421
-83.100000 6.607051
-83.000000 6.620695
-82.900000 6.634353
-82.800000 6.648025
-82.700000 6.661711
-82.600000 6.675411
-82.500000 6.689126
-82.400000 6.702854
-82.300000 6.716596
-82.200000 6.730353
-82.100000 6.744123
-82.000000 6.757908
-81.900000 6.771707
-81.800000 6.785519
-81.700000 6.799346
-81.600000 6.813187
-81.500000 6.827042
-81.400000 6.840911
-81.300000 6.854794
-81.200000 6.868691
-81.100000 6.882603
-81.000000 6.896528
-80.900000 6.910467
-80.800000 6.924421
-80.700000 6.938388
-80.600000 6.952370
-80.500000 6.966366
-80.400000 6.980376
-80.300000 6.994399
-80.200000 7.008437
-80.100000 7.022489
-80.000000 7.036555
-79.900000 7.050636
-79.800000 7.064730
-79.700000 7.078838
-79.600000 7.092960
-79.500000 7.107097
-79.400000 7.121247
-79.300000 7.135412
-79.200000 7.149591
-79.100000 7.163783
-79.000000 7.177990
-78.900000 7.192211
-78.800000 7.206446
-78.700000 7.220695
-78.600000 7.234958
-78.500000 7.249235
-78.400000 7.263527
-78.300000 7.277832
-78.200000 7.292151
-78.100000 7.306485
-78.000000 7.320832
-77.900000 7.335194
-77.800000 7.349570
-77.700000 7.363959
-77.600000 7.378363
-77.500000 7.392781
-77.400000 7.407213
-77.300000 7.421659
-77.200000 7.436119
-77.100000 7.450593
-77.000000 7.465082
-76.900000 7.479584
-76.800000 7.494100
-76.700000 7.508631
-76.600000 7.523175
-76.500000 7.537734
-76.400000 7.552307
-76.300000 7.566894
-76.200000 7.581494
-76.100000 7.596109
-76.000000 7.610738
-75.900000 7.625381
-75.800000 7.640039
-75.700000 7.654710
-75.600000 7.669395
-75.500000 7.684094
-75.400000 7.698808
-75.300000 7.713535
-75.200000 7.728277
-75.100000 7.743033
-75.000000 7.757802
-74.900000 7.772586
-74.800000 7.787384
-74.700000 7.802196
-74.600000 7.817022
-74.500000 7.831862
-74.400000 7.846716
-74.300000 7.861585
-74.200000 7.876467
-74.100000 7.891363
-74.000000 7.906274
-73.900000 7.921198
-73.800000 7.936137
-73.700000 7.951090
-73.600000 7.966056
-73.500000 7.981037
-73.400000 7.996032
-73.300000 8.011041
-73.200000 8.026064
-73.100000 8.041101
-73.000000 8.056152
-72.900000 8.071218
-72.800000 8.086297
-72.700000 8.101390
-72.600000 8.116498
-72.500000 8.131619
-72.400000 8.146755
-72.300000 8.161905
-72.200000 8.177068
-72.100000 8.192246
-72.000000 8.207438
-71.900000 8.222644
-71.800000 8.237864
-71.700000 8.253098
-71.600000 8.268347
-71.500000 8.283609
-71.400000 8.298885
-71.300000 8.314176
-71.200000 8.329480
-71.100000 8.344799
-71.000000 8.360132
-70.900000 8.375478
-70.800000 8.390839
-70.700000 8.406214
-70.600000 8.421603
-70.500000 8.437006
-70.400000 8.452423
-70.300000 8.467854
-70.200000 8.483299
-70.100000 8.498759
-70.000000 8.514232
-69.900000 8.529720
-69.800000 8.545221
-69.700000 8.560737
-69.600000 8.576266
-69.500000 8.591810
-69.400000 8.607368
-69.300000 8.622940
-69.200000 8.638526
-69.100000 8.654126
-69.000000 8.669740
-68.900000 8.685368
-68.800000 8.701010
-68.700000 8.716667
-68.600000 8.732337
-68.500000 8.748022
-68.400000 8.763720
-68.300000 8.779433
-68.200000 8.795160
-68.100000 8.810900
-68.000000 8.826655
-67.900000 8.842424
-67.800000 8.858207
-67.700000 8.874004
-67.600000 8.889815
-67.500000 8.905640
-67.400000 8.921480
-67.300000 8.937333
-67.200000 8.953201
-67.100000 8.969082
-67.000000 8.984978
-66.900000 9.000887
-66.800000 9.016811
-66.700000 9.032749
-66.600000 9.048701
-66.500000 9.064667
-66.400000 9.080647
-66.300000 9.096641
-66.200000 9.112649
-66.100000 9.128671
-66.000000 9.144707
-65.900000 9.160758
-65.800000 9.176822
-65.700000 9.192901
-65.600000 9.208993
-65.500000 9.225100
-65.400000 9.241221
-65.300000 9.257356
-65.200000 9.273505
-65.100000 9.289668
-65.000000 9.305845
-64.900000 9.322036
-64.800000 9.338241
-64.700000 9.354460
-64.600000 9.370693
-64.500000 9.386941
-64.400000 9.403202
-64.300000 9.419478
-64.200000 9.435768
-64.100000 9.452071
-64.000000 9.468389
-63.900000 9.484721
-63.800000 9.501067
-63.700000 9.517427
-63.600000 9.533801
-63.500000 9.550189
-63.400000 9.566591
-63.300000 9.583007
-63.200000 9.599438
-63.100000 9.615882
-63.000000 9.632341
-62.900000 9.648813
-62.800000 9.665300
-62.700000 9.681801
-62.600000 9.698315
-62.500000 9.714844
-62.400000 9.731387
-62.300000 9.747944
-62.200000 9.764515
-62.100000 9.781101
-62.000000 9.797700
-61.900000 9.814313
-61.800000 9.830940
-61.700000 9.847582
-61.600000 9.864237
-61.500000 9.880907
-61.400000 9.897591
-61.300000 9.914288
-61.200000 9.931000
-61.100000 9.947726
-61.000000 9.964466
-60.900000 9.981220
-60.800000 9.997988
-60.700000 10.014770
-60.600000 10.031567
-60.500000 10.048377
-60.400000 10.065201
-60.300000 10.082040
-60.200000 10.098893
-60.100000 10.115759
-60.000000 10.132640
-59.900000 10.149535
-59.800000 10.166443
-59.700000 10.183366
-59.600000 10.200303
-59.500000 10.217254
-59.400000 10.234220
-59.300000 10.251199
-59.200000 10.268192
-59.100000 10.285199
-59.000000 10.302221
-58.900000 10.319256
-58.800000 10.336306
-58.700000 10.353370
-58.600000 10.370447
-58.500000 10.387539
-58.400000 10.404645
-58.300000 10.421765
-58.200000 10.438899
-58.100000 10.456047
-58.000000 10.473209
-57.900000 10.490385
-57.800000 10.507576
-57.700000 10.524780
-57.600000 10.541998
-57.500000 10.559231
-57.400000 10.576478
-57.300000 10.593738
-57.200000 10.611013
-57.100000 10.628302
-57.000000 10.645605
-56.900000 10.662922
-56.800000 10.680253
-56.700000 10.697598
-56.600000 10.714957
-56.500000 10.732330
-56.400000 10.749718
-56.300000 10.767119
-56.200000 10.784534
-56.100000 10.801964
-56.000000 10.819408
-55.900000 10.836865
-55.800000 10.854337
-55.700000 10.871823
-55.600000 10.889323
-55.500000 10.906837
-55.400000 10.924365
-55.300000 10.941907
-55.200000 10.959463
-55.100000 10.977034
-55.000000 10.994618
-54.900000 11.012216
-54.800000 11.029829
-54.700000 11.047455
-54.600000 11.065096
-54.500000 11.082751
-54.400000 11.100420
-54.300000 11.118102
-54.200000 11.135799
-54.100000 11.153510
-54.000000 11.171235
-53.900000 11.188975
-53.800000 11.206728
-53.700000 11.224495
-53.600000 11.242276
-53.500000 11.260072
-53.400000 11.277881
-53.300000 11.295705
-53.200000 11.313543
-53.100000 11.331394
-53.000000 11.349260
-52.900000 11.367140
-52.800000 11.385034
-52.700000 11.402942
-52.600000 11.420864
-52.500000 11.438800
-52.400000 11.456751
-52.300000 11.474715
-52.200000 11.492693
-52.100000 11.510686
-52.000000 11.528692
-51.900000 11.546713
-51.800000 11.564748
-51.700000 11.582796
-51.600000 11.600859
-51.500000 11.618936
-51.400000 11.637027
-51.300000 11.655132
-51.200000 11.673251
-51.100000 11.691385
-51.000000 11.709532
-50.900000 11.727693
-50.800000 11.745869
-50.700000 11.764058
-50.600000 11.782262
-50.500000 11.800479
-50.400000 11.818711
-50.300000 11.836957
-50.200000 11.855217
-50.100000 11.873491
-50.000000 11.891779
-49.900000 11.910081
-49.800000 11.928397
-49.700000 11.946727
-49.600000 11.965071
-49.500000 11.983430
-49.400000 12.001802
-49.300000 12.020189
-49.200000 12.038589
-49.100000 12.057004
-49.000000 12.075433
-48.900000 12.093876
-48.800000 12.112332
-48.700000 12.130803
-48.600000 12.149288
-48.500000 12.167788
-48.400000 12.186301
-48.300000 12.204828
-48.200000 12.223369
-48.100000 12.241925
-48.000000 12.260494
-47.900000 12.279078
-47.800000 12.297675
-47.700000 12.316287
-47.600000 12.334913
-47.500000 12.353553
-47.400000 12.372207
-47.300000 12.390875
-47.200000 12.409557
-47.100000 12.428253
-47.000000 12.446963
-46.900000 12.465687
-46.800000 12.484426
-46.700000 12.503178
-46.600000 12.521944
-46.500000 12.540725
-46.400000 12.559520
-46.300000 12.578328
-46.200000 12.597151
-46.100000 12.615988
-46.000000 12.634839
-45.900000 12.653704
-45.800000 12.672583
-45.700000 12.691476
-45.600000 12.710383
-45.500000 12.729305
-45.400000 12.748240
-45.300000 12.767190
-45.200000 12.786153
-45.100000 12.805131
-45.000000 12.824122
-44.900000 12.843128
-44.800000 12.862148
-44.700000 12.881182
-44.600000 12.900230
-44.500000 12.919292
-44.400000 12.938368
-44.300000 12.957458
-44.200000 12.976562
-44.100000 12.995681
-44.000000 13.014813
-43.900000 13.033959
-43.800000 13.053120
-43.700000 13.072295
-43.600000 13.091483
-43.500000 13.110686
-43.400000 13.129903
-43.300000 13.149134
-43.200000 13.168379
-43.100000 13.187638
-43.000000 13.206911
-42.900000 13.226198
-42.800000 13.245499
-42.700000 13.264815
-42.600000 13.284144
-42.500000 13.303488
-42.400000 13.322845
-42.300000 13.342217
-42.200000 13.361603
-42.100000 13.381002
-42.000000 13.400416
-41.900000 13.419844
-41.800000 13.439286
-41.700000 13.458742
-41.600000 13.478212
-41.500000 13.497697
-41.400000 13.517195
-41.300000 13.536707
-41.200000 13.556234
-41.100000 13.575774
-41.000000 13.595329
-40.900000 13.614897
-40.800000 13.634480
-40.700000 13.654077
-40.600000 13.673688
-40.500000 13.693313
-40.400000 13.712952
-40.300000 13.732605
-40.200000 13.752272
-40.100000 13.771953
-40.000000 13.791649
-39.900000 13.811358
-39.800000 13.831082
-39.700000 13.850819
-39.600000 13.870571
-39.500000 13.890336
-39.400000 13.910116
-39.300000 13.929910
-39.200000 13.949718
-39.100000 13.969540
-39.000000 13.989376
-38.900000 14.009226
-38.800000 14.029090
-38.700000 14.048968
-38.600000 14.068861
-38.500000 14.088767
-38.400000 14.108688
-38.300000 14.128622
-38.200000 14.148571
-38.100000 14.168534
-38.000000 14.188510
-37.900000 14.208501
-37.800000 14.228506
-37.700000 14.248525
-37.600000 14.268558
-37.500000 14.288605
-37.400000 14.308667
-37.300000 14.328742
-37.200000 14.348831
-37.100000 14.368935
-37.000000 14.389052
-36.900000 14.409184
-36.800000 14.429329
-36.700000 14.449489
-36.600000 14.469663
-36.500000 14.489851
-36.400000 14.510053
-36.300000 14.530269
-36.200000 14.550499
-36.100000 14.570743
-36.000000 14.591001
-35.900000 14.611274
-35.800000 14.631560
-35.700000 14.651861
-35.600000 14.672175
-35.500000 14.692504
-35.400000 14.712846
-35.300000 14.733203
-35.200000 14.753574
-35.100000 14.773959
-35.000000 14.794358
-34.900000 14.814771
-34.800000 14.835198
-34.700000 14.855639
-34.600000 14.876094
-34.500000 14.896564
-34.400000 14.917047
-34.300000 14.937545
-34.200000 14.958056
-34.100000 14.978582
-34.000000 14.999122
-33.900000 15.019675
-33.800000 15.040243
-33.700000 15.060825
-33.600000 15.081421
-33.500000 15.102031
-33.400000 15.122655
-33.300000 15.143294
-33.200000 15.163946
-33.100000 15.184612
-33.000000 15.205293
-32.900000 15.225987
-32.800000 15.246696
-32.700000 15.267418
-32.600000 15.288155
-32.500000 15.308906
-32.400000 15.329671
-32.300000 15.350450
-32.200000 15.371243
-32.100000 15.392050
-32.000000 15.412871
-31.900000 15.433706
-31.800000 15.454556
-31.700000 15.475419
-31.600000 15.496296
-31.500000 15.517188
-31.400000 15.538094
-31.300000 15.559013
-31.200000 15.579947
-31.100000 15.600895
-31.000000 15.621857
-30.900000 15.642833
-30.800000 15.663823
-30.700000 15.684827
-30.600000 15.705845
-30.500000 15.726877
-30.400000 15.747924
-30.300000 15.768984
-30.200000 15.790059
-30.100000 15.811147
-30.000000 15.832250
-29.900000 15.853366
-29.800000 15.874497
-29.700000 15.895642
-29.600000 15.916801
-29.500000 15.937974
-29.400000 15.959161
-29.300000 15.980362
-29.200000 16.001577
-29.100000 16.022807
-29.000000 16.044050
-28.900000 16.065307
-28.800000 16.086579
-28.700000 16.107865
-28.600000 16.129164
-28.500000 16.150478
-28.400000 16.171806
-28.300000 16.193148
-28.200000 16.214504
-28.100000 16.235874
-28.000000 16.257258
-27.900000 16.278656
-27.800000 16.300068
-27.700000 16.321494
-27.600000 16.342935
-27.500000 16.364389
-27.400000 16.385858
-27.300000 16.407340
-27.200000 16.428837
-27.100000 16.450348
-27.000000 16.471873
-26.900000 16.493412
-26.800000 16.514964
-26.700000 16.536532
-26.600000 16.558113
-26.500000 16.579708
-26.400000 16.601317
-26.300000 16.622940
-26.200000 16.644578
-26.100000 16.666229
-26.000000 16.687895
-25.900000 16.709574
-25.800000 16.731268
-25.700000 16.752976
-25.600000 16.774698
-25.500000 16.796434
-25.400000 16.818184
-25.300000 16.839948
-25.200000 16.861726
-25.100000 16.883518
-25.000000 16.905324
-24.900000 16.927145
-24.800000 16.948979
-24.700000 16.970828
-24.600000 16.992690
-24.500000 17.014567
-24.400000 17.036458
-24.300000 17.058362
-24.200000 17.080281
-24.100000 17.102214
-24.000000 17.124161
-23.900000 17.146122
-23.800000 17.168098
-23.700000 17.190087
-23.600000 17.212090
-23.500000 17.234107
-23.400000 17.256139
-23.300000 17.278184
-23.200000 17.300244
-23.100000 17.322318
-23.000000 17.344405
-22.900000 17.366507
-22.800000 17.388623
-22.700000 17.410753
-22.600000 17.432897
-22.500000 17.455055
-22.400000 17.477228
-22.300000 17.499414
-22.200000 17.521614
-22.100000 17.543829
-22.000000 17.566057
-21.900000 17.588300
-21.800000 17.610556
-21.700000 17.632827
-21.600000 17.655112
-21.500000 17.677410
-21.400000 17.699723
-21.300000 17.722050
-21.200000 17.744391
-21.100000 17.766747
-21.000000 17.789116
-20.900000 17.811499
-20.800000 17.833896
-20.700000 17.856308
-20.600000 17.878733
-20.500000 17.901173
-20.400000 17.923627
-20.300000 17.946094
-20.200000 17.968576
-20.100000 17.991072
-20.000000 18.013582
-19.900000 18.036106
-19.800000 18.058644
-19.700000 18.081196
-19.600000 18.103762
-19.500000 18.126343
-19.400000 18.148937
-19.300000 18.171546
-19.200000 18.194168
-19.100000 18.216805
-19.000000 18.239455
-18.900000 18.262120
-18.800000 18.284799
-18.700000 18.307492
-18.600000 18.330199
-18.500000 18.352920
-18.400000 18.375655
-18.300000 18.398404
-18.200000 18.421167
-18.100000 18.443945
-18.000000 18.466736
-17.900000 18.489542
-17.800000 18.512361
-17.700000 18.535195
-17.600000 18.558042
-17.500000 18.580904
-17.400000 18.603780
-17.300000 18.626670
-17.200000 18.649574
-17.100000 18.672492
-17.000000 18.695424
-16.900000 18.718370
-16.800000 18.741331
-16.700000 18.764305
-16.600000 18.787293
-16.500000 18.810296
-16.400000 18.833312
-16.300000 18.856343
-16.200000 18.879388
-16.100000 18.902447
-16.000000 18.925519
-15.900000 18.948606
-15.800000 18.971707
-15.700000 18.994823
-15.600000 19.017952
-15.500000 19.041095
-15.400000 19.064252
-15.300000 19.087424
-15.200000 19.110609
-15.100000 19.133809
-15.000000 19.157022
-14.900000 19.180250
-14.800000 19.203492
-14.700000 19.226747
-14.600000 19.250017
-14.500000 19.273301
-14.400000 19.296599
-14.300000 19.319911
-14.200000 19.343238
-14.100000 19.366578
-14.000000 19.389932
-13.900000 19.413301
-13.800000 19.436683
-13.700000 19.460080
-13.600000 19.483490
-13.500000 19.506915
-13.400000 19.530354
-13.300000 19.553806
-13.200000 19.577273
-13.100000 19.600754
-13.000000 19.624249
-12.900000 19.647759
-12.800000 19.671282
-12.700000 19.694819
-12.600000 19.718370
-12.500000 19.741936
-12.400000 19.765515
-12.300000 19.789109
-12.200000 19.812717
-12.100000 19.836338
-12.000000 19.859974
-11.900000 19.883624
-11.800000 19.907288
-11.700000 19.930966
-11.600000 19.954658
-11.500000 19.978364
-11.400000 20.002084
-11.300000 20.025819
-11.200000 20.049567
-11.100000 20.073329
-11.000000 20.097106
-10.900000 20.120897
-10.800000 20.144701
-10.700000 20.168520
-10.600000 20.192353
-10.500000 20.216200
-10.400000 20.240061
-10.300000 20.263936
-10.200000 20.287825
-10.100000 20.311728
-10.000000 20.335645
-9.900000 20.359577
-9.800000 20.383522
-9.700000 20.407481
-9.600000 20.431455
-9.500000 20.455443
-9.400000 20.479444
-9.300000 20.503460
-9.200000 20.527490
-9.100000 20.551534
-9.000000 20.575592
-8.900000 20.599664
-8.800000 20.623750
-8.700000 20.647850
-8.600000 20.671964
-8.500000 20.696093
-8.400000 20.720235
-8.300000 20.744392
-8.200000 20.768562
-8.100000 20.792747
-8.000000 20.816946
-7.900000 20.841158
-7.800000 20.865385
-7.700000 20.889626
-7.600000 20.913881
-7.500000 20.938150
-7.400000 20.962433
-7.300000 20.986731
-7.200000 21.011042
-7.100000 21.035367
-7.000000 21.059707
-6.900000 21.084060
-6.800000 21.108428
-6.700000 21.132810
-6.600000 21.157205
-6.500000 21.181615
-6.400000 21.206039
-6.300000 21.230477
-6.200000 21.254929
-6.100000 21.279395
-6.000000 21.303875
-5.900000 21.328369
-5.800000 21.352878
-5.700000 21.377400
-5.600000 21.401937
-5.500000 21.426487
-5.400000 21.451052
-5.300000 21.475631
-5.200000 21.500223
-5.100000 21.524830
-5.000000 21.549451
-4.900000 21.574086
-4.800000 21.598735
-4.700000 21.623398
-4.600000 21.648075
-4.500000 21.672767
-4.400000 21.697472
-4.300000 21.722191
-4.200000 21.746925
-4.100000 21.771672
-4.000000 21.796434
-3.900000 21.821210
-3.800000 21.846000
-3.700000 21.870803
-3.600000 21.895621
-3.500000 21.920453
-3.400000 21.945299
-3.300000 21.970160
-3.200000 21.995034
-3.100000 22.019922
-3.000000 22.044825
-2.900000 22.069741
-2.800000 22.094671
-2.700000 22.119616
-2.600000 22.144575
-2.500000 22.169547
-2.400000 22.194534
-2.300000 22.219535
-2.200000 22.244550
-2.100000 22.269579
-2.000000 22.294622
-1.900000 22.319679
-1.800000 22.344751
-1.700000 22.369836
-1.600000 22.394935
-1.500000 22.420049
-1.400000 22.445176
-1.300000 22.470318
-1.200000 22.495474
-1.100000 22.520643
-1.000000 22.545827
-0.900000 22.571025
-0.800000 22.596237
-0.700000 22.621463
-0.600000 22.646703
-0.500000 22.671958
-0.400000 22.697226
-0.300000 22.722508
-0.200000 22.747805
-0.100000 22.773115
-0.000000 22.798440
0.100000 22.773115
0.200000 22.747805
0.300000 22.722508
0.400000 22.697226
0.500000 22.671958
0.600000 22.646703
0.700000 22.621463
0.800000 22.596237
0.900000 22.571025
1.000000 22.545827
1.100000 22.520643
1.200000 22.495474
1.300000 22.470318
1.400000 22.445176
1.500000 22.420049
1.600000 22.394935
1.700000 22.369836
1.800000 22.344751
1.900000 22.319679
2.000000 22.294622
2.100000 22.269579
2.200000 22.244550
2.300000 22.219535
2.400000 22.194534
2.500000 22.169547
2.600000 22.144575
2.700000 22.119616
2.800000 22.094671
2.900000 22.069741
3.000000 22.044825
3.100000 22.019922
3.200000 21.995034
3.300000 21.970160
3.400000 21.945299
3.500000 21.920453
3.600000 21.895621
3.700000 21.870803
3.800000 21.846000
3.900000 21.821210
4.000000 21.796434
4.100000 21.771672
4.200000 21.746925
4.300000 21.722191
4.400000 21.697472
4.500000 21.672767
4.600000 21.648075
4.700000 21.623398
4.800000 21.598735
4.900000 21.574086
5.000000 21.549451
5.100000 21.524830
5.200000 21.500223
5.300000 21.475631
5.400000 21.451052
5.500000 21.426487
5.600000 21.401937
5.700000 21.377400
5.800000 21.352878
5.900000 21.328369
6.000000 21.303875
6.100000 21.279395
6.200000 21.254929
6.300000 21.230477
6.400000 21.206039
6.500000 21.181615
6.600000 21.157205
6.700000 21.132810
6.800000 21.108428
6.900000 21.084060
7.000000 21.059707
7.100000 21.035367
7.200000 21.011042
7.300000 20.986731
7.400000 20.962433
7.500000 20.938150
7.600000 20.913881
7.700000 20.889626
7.800000 20.865385
7.900000 20.841158
8.000000 20.816946
8.100000 20.792747
8.200000 20.768562
8.300000 20.744392
8.400000 20.720235
8.500000 20.696093
8.600000 20.671964
8.700000 20.647850
8.800000 20.623750
8.900000 20.599664
9.000000 20.575592
9.100000 20.551534
9.200000 20.527490
9.300000 20.503460
9.400000 20.479444
9.500000 20.455443
9.600000 20.431455
9.700000 20.407481
9.800000 20.383522
9.900000 20.359577
10.000000 20.335645
10.100000 20.311728
10.200000 20.287825
10.300000 20.263936
10.400000 20.240061
10.500000 20.216200
10.600000 20.192353
10.700000 20.168520
10.800000 20.144701
10.900000 20.120897
11.000000 20.097106
11.100000 20.073329
11.200000 20.049567
11.300000 20.025819
11.400000 20.002084
11.500000 19.978364
11.600000 19.954658
11.700000 19.930966
11.800000 19.907288
11.900000 19.883624
12.000000 19.859974
12.100000 19.836338
12.200000 19.812717
12.300000 19.789109
12.400000 19.765515
12.500000 19.741936
12.600000 19.718370
12.700000 19.694819
12.800000 19.671282
12.900000 19.647759
13.000000 19.624249
13.100000 19.600754
13.200000 19.577273
13.300000 19.553806
13.400000 19.530354
13.500000 19.506915
13.600000 19.483490
13.700000 19.460080
13.800000 19.436683
13.900000 19.413301
14.000000 19.389932
14.100000 19.366578
14.200000 19.343238
14.300000 19.319911
14.400000 19.296599
14.500000 19.273301
14.600000 19.250017
14.700000 19.226747
14.800000 19.203492
14.900000 19.180250
15.000000 19.157022
15.100000 19.133809
15.200000 19.110609
15.300000 19.087424
15.400000 19.064252
15.500000 19.041095
15.600000 19.017952
15.700000 18.994823
15.800000 18.971707
15.900000 18.948606
16.000000 18.925519
16.100000 18.902447
16.200000 18.879388
16.300000 18.856343
16.400000 18.833312
16.500000 18.810296
16.600000 18.787293
16.700000 18.764305
16.800000 18.741331
16.900000 18.718370
17.000000 18.695424
17.100000 18.672492
17.200000 18.649574
17.300000 18.626670
17.400000 18.603780
17.500000 18.580904
17.600000 18.558042
17.700000 18.535195
17.800000 18.512361
17.900000 18.489542
18.000000 18.466736
18.100000 18.443945
18.200000 18.421167
18.300000 18.398404
18.400000 18.375655
18.500000 18.352920
18.600000 18.330199
18.700000 18.307492
18.800000 18.284799
18.900000 18.262120
19.000000 18.239455
19.100000 18.216805
19.200000 18.194168
19.300000 18.171546
19.400000 18.148937
19.500000 18.126343
19.600000 18.103762
19.700000 18.081196
19.800000 18.058644
19.900000 18.036106
20.000000 18.013582
20.100000 17.991072
20.200000 17.968576
20.300000 17.946094
20.400000 17.923627
20.500000 17.901173
20.600000 17.878733
20.700000 17.856308
20.800000 17.833896
20.900000 17.811499
21.000000 17.789116
21.100000 17.766747
21.200000 17.744391
21.300000 17.722050
21.400000 17.699723
21.500000 17.677410
21.600000 17.655112
21.700000 17.632827
21.800000 17.610556
21.900000 17.588300
22.000000 17.566057
22.100000 17.543829
22.200000 17.521614
22.300000 17.499414
22.400000 17.477228
22.500000 17.455055
22.600000 17.432897
22.700000 17.410753
22.800000 17.388623
22.900000 17.366507
23.000000 17.344405
23.100000 17.322318
23.200000 17.300244
23.300000 17.278184
23.400000 17.256139
23.500000 17.234107
23.600000 17.212090
23.700000 17.190087
23.800000 17.168098
23.900000 17.146122
24.000000 17.124161
24.100000 17.102214
24.200000 17.080281
24.300000 17.058362
24.400000 17.036458
24.500000 17.014567
24.600000 16.992690
24.700000 16.970828
24.800000 16.948979
24.900000 16.927145
25.000000 16.905324
25.100000 16.883518
25.200000 16.861726
25.300000 16.839948
25.400000 16.818184
25.500000 16.796434
25.600000 16.774698
25.700000 16.752976
25.800000 16.731268
25.900000 16.709574
26.000000 16.687895
26.100000 16.666229
26.200000 16.644578
26.300000 16.622940
26.400000 16.601317
26.500000 16.579708
26.600000 16.558113
26.700000 16.536532
26.800000 16.514964
26.900000 16.493412
27.000000 16.471873
27.100000 16.450348
27.200000 16.428837
27.300000 16.407340
27.400000 16.385858
27.500000 16.364389
27.600000 16.342935
27.700000 16.321494
27.800000 16.300068
27.900000 16.278656
28.000000 16.257258
28.100000 16.235874
28.200000 16.214504
28.300000 16.193148
28.400000 16.171806
28.500000 16.150478
28.600000 16.129164
28.700000 16.107865
28.800000 16.086579
28.900000 16.065307
29.000000 16.044050
29.100000 16.022807
29.200000 16.001577
29.300000 15.980362
29.400000 15.959161
29.500000 15.937974
29.600000 15.916801
29.700000 15.895642
29.800000 15.874497
29.900000 15.853366
30.000000 15.832250
30.100000 15.811147
30.200000 15.790059
30.300000 15.768984
30.400000 15.747924
30.500000 15.726877
30.600000 15.705845
30.700000 15.684827
30.800000 15.663823
30.900000 15.642833
31.000000 15.621857
31.100000 15.600895
31.200000 15.579947
31.300000 15.559013
31.400000 15.538094
31.500000 15.517188
31.600000 15.496296
31.700000 15.475419
31.800000 15.454556
31.900000 15.433706
32.000000 15.412871
32.100000 15.392050
32.200000 15.371243
32.300000 15.350450
32.400000 15.329671
32.500000 15.308906
32.600000 15.288155
32.700000 15.267418
32.800000 15.246696
32.900000 15.225987
33.000000 15.205293
33.100000 15.184612
33.200000 15.163946
33.300000 15.143294
33.400000 15.122655
33.500000 15.102031
33.600000 15.081421
33.700000 15.060825
33.800000 15.040243
33.900000 15.019675
34.000000 14.999122
34.100000 14.978582
34.200000 14.958056
34.300000 14.937545
34.400000 14.917047
34.500000 14.896564
34.600000 14.876094
34.700000 14.855639
34.800000 14.835198
34.900000 14.814771
35.000000 14.794358
35.100000 14.773959
35.200000 14.753574
35.300000 14.733203
35.400000 14.712846
35.500000 14.692504
35.600000 14.672175
35.700000 14.651861
35.800000 14.631560
35.900000 14.611274
36.000000 14.591001
36.100000 14.570743
36.200000 14.550499
36.300000 14.530269
36.400000 14.510053
36.500000 14.489851
36.600000 14.469663
36.700000 14.449489
36.800000 14.429329
36.900000 14.409184
37.000000 14.389052
37.100000 14.368935
37.200000 14.348831
37.300000 14.328742
37.400000 14.308667
37.500000 14.288605
37.600000 14.268558
37.700000 14.248525
37.800000 14.228506
37.900000 14.208501
38.000000 14.188510
38.100000 14.168534
38.200000 14.148571
38.300000 14.128622
38.400000 14.108688
38.500000 14.088767
38.600000 14.068861
38.700000 14.048968
38.800000 14.029090
38.900000 14.009226
39.000000 13.989376
39.100000 13.969540
39.200000 13.949718
39.300000 13.929910
39.400000 13.910116
39.500000 13.890336
39.600000 13.870571
39.700000 13.850819
39.800000 13.831082
39.900000 13.811358
40.000000 13.791649
40.100000 13.771953
40.200000 13.752272
40.300000 13.732605
40.400000 13.712952
40.500000 13.693313
40.600000 13.673688
40.700000 13.654077
40.800000 13.634480
40.900000 13.614897
41.000000 13.595329
41.100000 13.575774
41.200000 13.556234
41.300000 13.536707
41.400000 13.517195
41.500000 13.497697
41.600000 13.478212
41.700000 13.458742
41.800000 13.439286
41.900000 13.419844
42.000000 13.400416
42.100000 13.381002
42.200000 13.361603
42.300000 13.342217
42.400000 13.322845
42.500000 13.303488
42.600000 13.284144
42.700000 13.264815
42.800000 13.245499
42.900000 13.226198
43.000000 13.206911
43.100000 13.187638
43.200000 13.168379
43.300000 13.149134
43.400000 13.129903
43.500000 13.110686
43.600000 13.091483
43.700000 13.072295
43.800000 13.053120
43.900000 13.033959
44.000000 13.014813
44.100000 12.995681
44.200000 12.976562
44.300000 12.957458
44.400000 12.938368
44.500000 12.919292
44.600000 12.900230
44.700000 12.881182
44.800000 12.862148
44.900000 12.843128
45.000000 12.824122
45.100000 12.805131
45.200000 12.786153
45.300000 12.767190
45.400000 12.748240
45.500000 12.729305
45.600000 12.710383
45.700000 12.691476
45.800000 12.672583
45.900000 12.653704
46.000000 12.634839
46.100000 12.615988
46.200000 12.597151
46.300000 12.578328
46.400000 12.559520
46.500000 12.540725
46.600000 12.521944
46.700000 12.503178
46.800000 12.484426
46.900000 12.465687
47.000000 12.446963
47.100000 12.428253
47.200000 12.409557
47.300000 12.390875
47.400000 12.372207
47.500000 12.353553
47.600000 12.334913
47.700000 12.316287
47.800000 12.297675
47.900000 12.279078
48.000000 12.260494
48.100000 12.241925
48.200000 12.223369
48.300000 12.204828
48.400000 12.186301
48.500000 12.167788
48.600000 12.149288
48.700000 12.130803
48.800000 12.112332
48.900000 12.093876
49.000000 12.075433
49.100000 12.057004
49.200000 12.038589
49.300000 12.020189
49.400000 12.001802
49.500000 11.983430
49.600000 11.965071
49.700000 11.946727
49.800000 11.928397
49.900000 11.910081
50.000000 11.891779
50.100000 11.873491
50.200000 11.855217
50.300000 11.836957
50.400000 11.818711
50.500000 11.800479
50.600000 11.782262
50.700000 11.764058
50.800000 11.745869
50.900000 11.727693
51.000000 11.709532
51.100000 11.691385
51.200000 11.673251
51.300000 11.655132
51.400000 11.637027
51.500000 11.618936
51.600000 11.600859
51.700000 11.582796
51.800000 11.564748
51.900000 11.546713
52.000000 11.528692
52.100000 11.510686
52.200000 11.492693
52.300000 11.474715
52.400000 11.456751
52.500000 11.438800
52.600000 11.420864
52.700000 11.402942
52.800000 11.385034
52.900000 11.367140
53.000000 11.349260
53.100000 11.331394
53.200000 11.313543
53.300000 11.295705
53.400000 11.277881
53.500000 11.260072
53.600000 11.242276
53.700000 11.224495
53.800000 11.206728
53.900000 11.188975
54.000000 11.171235
54.100000 11.153510
54.200000 11.135799
54.300000 11.118102
54.400000 11.100420
54.500000 11.082751
54.600000 11.065096
54.700000 11.047455
54.800000 11.029829
54.900000 11.012216
55.000000 10.994618
55.100000 10.977034
55.200000 10.959463
55.300000 10.941907
55.400000 10.924365
55.500000 10.906837
55.600000 10.889323
55.700000 10.871823
55.800000 10.854337
55.900000 10.836865
56.000000 10.819408
56.100000 10.801964
56.200000 10.784534
56.300000 10.767119
56.400000 10.749718
56.500000 10.732330
56.600000 10.714957
56.700000 10.697598
56.800000 10.680253
56.900000 10.662922
57.000000 10.645605
57.100000 10.628302
57.200000 10.611013
57.300000 10.593738
57.400000 10.576478
57.500000 10.559231
57.600000 10.541998
57.700000 10.524780
57.800000 10.507576
57.900000 10.490385
58.000000 10.473209
58.100000 10.456047
58.200000 10.438899
58.300000 10.421765
58.400000 10.404645
58.500000 10.387539
58.600000 10.370447
58.700000 10.353370
58.800000 10.336306
58.900000 10.319256
59.000000 10.302221
59.100000 10.285199
59.200000 10.268192
59.300000 10.251199
59.400000 10.234220
59.500000 10.217254
59.600000 10.200303
59.700000 10.183366
59.800000 10.166443
59.900000 10.149535
60.000000 10.132640
60.100000 10.115759
60.200000 10.098893
60.300000 10.082040
60.400000 10.065201
60.500000 10.048377
60.600000 10.031567
60.700000 10.014770
60.800000 9.997988
60.900000 9.981220
61.000000 9.964466
61.100000 9.947726
61.200000 9.931000
61.300000 9.914288
61.400000 9.897591
61.500000 9.880907
61.600000 9.864237
61.700000 9.847582
61.800000 9.830940
61.900000 9.814313
62.000000 9.797700
62.100000 9.781101
62.200000 9.764515
62.300000 9.747944
62.400000 9.731387
62.500000 9.714844
62.600000 9.698315
62.700000 9.681801
62.800000 9.665300
62.900000 9.648813
63.000000 9.632341
63.100000 9.615882
63.200000 9.599438
63.300000 9.583007
63.400000 9.566591
63.500000 9.550189
63.600000 9.533801
63.700000 9.517427
63.800000 9.501067
63.900000 9.484721
64.000000 9.468389
64.100000 9.452071
64.200000 9.435768
64.300000 9.419478
64.400000 9.403202
64.500000 9.386941
64.600000 9.370693
64.700000 9.354460
64.800000 9.338241
64.900000 9.322036
65.000000 9.305845
65.100000 9.289668
65.200000 9.273505
65.300000 9.257356
65.400000 9.241221
65.500000 9.225100
65.600000 9.208993
65.700000 9.192901
65.800000 9.176822
65.900000 9.160758
66.000000 9.144707
66.100000 9.128671
66.200000 9.112649
66.300000 9.096641
66.400000 9.080647
66.500000 9.064667
66.600000 9.048701
66.700000 9.032749
66.800000 9.016811
66.900000 9.000887
67.000000 8.984978
67.100000 8.969082
67.200000 8.953201
67.300000 8.937333
67.400000 8.921480
67.500000 8.905640
67.600000 8.889815
67.700000 8.874004
67.800000 8.858207
67.900000 8.842424
68.000000 8.826655
68.100000 8.810900
68.200000 8.795160
68.300000 8.779433
68.400000 8.763720
68.500000 8.748022
68.600000 8.732337
68.700000 8.716667
68.800000 8.701010
68.900000 8.685368
69.000000 8.669740
69.100000 8.654126
69.200000 8.638526
69.300000 8.622940
69.400000 8.607368
69.500000 8.591810
69.600000 8.576266
69.700000 8.560737
69.800000 8.545221
69.900000 8.529720
70.000000 8.514232
70.100000 8.498759
70.200000 8.483299
70.300000 8.467854
70.400000 8.452423
70.500000 8.437006
70.600000 8.421603
70.700000 8.406214
70.800000 8.390839
70.900000 8.375478
71.000000 8.360132
71.100000 8.344799
71.200000 8.329480
71.300000 8.314176
71.400000 8.298885
71.500000 8.283609
71.600000 8.268347
71.700000 8.253098
71.800000 8.237864
71.900000 8.222644
72.000000 8.207438
72.100000 8.192246
72.200000 8.177068
72.300000 8.161905
72.400000 8.146755
72.500000 8.131619
72.600000 8.116498
72.700000 8.101390
72.800000 8.086297
72.900000 8.071218
73.000000 8.056152
73.100000 8.041101
73.200000 8.026064
73.300000 8.011041
73.400000 7.996032
73.500000 7.981037
73.600000 7.966056
73.700000 7.951090
73.800000 7.936137
73.900000 7.921198
74.000000 7.906274
74.100000 7.891363
74.200000 7.876467
74.300000 7.861585
74.400000 7.846716
74.500000 7.831862
74.600000 7.817022
74.700000 7.802196
74.800000 7.787384
74.900000 7.772586
75.000000 7.757802
75.100000 7.743033
75.200000 7.728277
75.300000 7.713535
75.400000 7.698808
75.500000 7.684094
75.600000 7.669395
75.700000 7.654710
75.800000 7.640039
75.900000 7.625381
76.000000 7.610738
76.100000 7.596109
76.200000 7.581494
76.300000 7.566894
76.400000 7.552307
76.500000 7.537734
76.600000 7.523175
76.700000 7.508631
76.800000 7.494100
76.900000 7.479584
77.000000 7.465082
77.100000 7.450593
77.200000 7.436119
77.300000 7.421659
77.400000 7.407213
77.500000 7.392781
77.600000 7.378363
77.700000 7.363959
77.800000 7.349570
77.900000 7.335194
78.000000 7.320832
78.100000 7.306485
78.200000 7.292151
78.300000 7.277832
78.400000 7.263527
78.500000 7.249235
78.600000 7.234958
78.700000 7.220695
78.800000 7.206446
78.900000 7.192211
79.000000 7.177990
79.100000 7.163783
79.200000 7.149591
79.300000 7.135412
79.400000 7.121247
79.500000 7.107097
79.600000 7.092960
79.700000 7.078838
79.800000 7.064730
79.900000 7.050636
80.000000 7.036555
80.100000 7.022489
80.200000 7.008437
80.300000 6.994399
80.400000 6.980376
80.500000 6.966366
80.600000 6.952370
80.700000 6.938388
80.800000 6.924421
80.900000 6.910467
81.000000 6.896528
81.100000 6.882603
81.200000 6.868691
81.300000 6.854794
81.400000 6.840911
81.500000 6.827042
81.600000 6.813187
81.700000 6.799346
81.800000 6.785519
81.900000 6.771707
82.000000 6.757908
82.100000 6.744123
82.200000 6.730353
82.300000 6.716596
82.400000 6.702854
82.500000 6.689126
82.600000 6.675411
82.700000 6.661711
82.800000 6.648025
82.900000 6.634353
83.000000 6.620695
83.100000 6.607051
83.200000 6.593421
83.300000 6.579806
83.400000 6.566204
83.500000 6.552616
83.600000 6.539043
83.700000 6.525483
83.800000 6.511938
83.900000 6.498407
84.000000 6.484889
84.100000 6.471386
84.200000 6.457897
84.300000 6.444422
84.400000 6.430961
84.500000 6.417514
84.600000 6.404082
84.700000 6.390663
84.800000 6.377258
84.900000 6.363868
85.000000 6.350491
85.100000 6.337129
85.200000 6.323781
85.300000 6.310446
85.400000 6.297126
85.500000 6.283820
85.600000 6.270528
85.700000 6.257250
85.800000 6.243986
85.900000 6.230736
86.000000 6.217500
86.100000 6.204279
86.200000 6.191071
86.300000 6.177878
86.400000 6.164698
86.500000 6.151533
86.600000 6.138381
86.700000 6.125244
86.800000 6.112121
86.900000 6.099012
87.000000 6.085917
87.100000 6.072836
87.200000 6.059769
87.300000 6.046716
87.400000 6.033677
87.500000 6.020653
87.600000 6.007642
87.700000 5.994646
87.800000 5.981663
87.900000 5.968695
88.000000 5.955741
88.100000 5.942800
88.200000 5.929874
88.300000 5.916962
88.400000 5.904064
88.500000 5.891180
88.600000 5.878310
88.700000 5.865454
88.800000 5.852613
88.900000 5.839785
89.000000 5.826972
89.100000 5.814172
89.200000 5.801387
89.300000 5.788615
89.400000 5.775858
89.500000 5.763115
89.600000 5.750386
89.700000 5.737671
89.800000 5.724970
89.900000 5.712283
90.000000 5.699610
90.100000 5.686951
90.200000 5.674306
90.300000 5.661676
90.400000 5.649059
90.500000 5.636457
90.600000 5.623868
90.700000 5.611294
90.800000 5.598734
90.900000 5.586188
91.000000 5.573656
91.100000 5.561138
91.200000 5.548634
91.300000 5.536144
91.400000 5.523668
91.500000 5.511206
91.600000 5.498758
91.700000 5.486325
91.800000 5.473905
91.900000 5.461500
92.000000 5.449109
92.100000 5.436731
92.200000 5.424368
92.300000 5.412019
92.400000 5.399684
92.500000 5.387363
92.600000 5.375056
92.700000 5.362763
92.800000 5.350484
92.900000 5.338219
93.000000 5.325969
93.100000 5.313732
93.200000 5.301510
93.300000 5.289301
93.400000 5.277107
93.500000 5.264927
93.600000 5.252760
93.700000 5.240608
93.800000 5.228470
93.900000 5.216346
94.000000 5.204236
94.100000 5.192141
94.200000 5.180059
94.300000 5.167991
94.400000 5.155937
94.500000 5.143898
94.600000 5.131872
94.700000 5.119861
94.800000 5.107864
94.900000 5.095880
95.000000 5.083911
95.100000 5.071956
95.200000 5.060015
95.300000 5.048088
95.400000 5.036175
95.500000 5.024276
95.600000 5.012392
95.700000 5.000521
95.800000 4.988664
95.900000 4.976822
96.000000 4.964994
96.100000 4.953179
96.200000 4.941379
96.300000 4.929593
96.400000 4.917820
96.500000 4.906062
96.600000 4.894318
96.700000 4.882588
96.800000 4.870873
96.900000 4.859171
97.000000 4.847483
97.100000 4.835809
97.200000 4.824150
97.300000 4.812504
97.400000 4.800873
97.500000 4.789256
97.600000 4.777652
97.700000 4.766063
97.800000 4.754488
97.900000 4.742927
98.000000 4.731380
98.100000 4.719847
98.200000 4.708328
98.300000 4.696823
98.400000 4.685333
98.500000 4.673856
98.600000 4.662393
98.700000 4.650945
98.800000 4.639511
98.900000 4.628090
99.000000 4.616684
99.100000 4.605292
99.200000 4.593914
99.300000 4.582550
99.400000 4.571200
99.500000 4.559864
99.600000 4.548542
99.700000 4.537234
99.800000 4.525941
99.900000 4.514661
100.000000 4.503395
100.100000 4.492144
100.200000 4.480907
100.300000 4.469683
100.400000 4.458474
100.500000 4.447279
100.600000 4.436098
100.700000 4.424931
100.800000 4.413778
100.900000 4.402639
101.000000 4.391514
101.100000 4.380404
101.200000 4.369307
101.300000 4.358224
101.400000 4.347156
101.500000 4.336101
101.600000 4.325061
101.700000 4.314035
101.800000 4.303023
101.900000 4.292024
102.000000 4.281040
102.100000 4.270070
102.200000 4.259114
102.300000 4.248173
102.400000 4.237245
102.500000 4.226331
102.600000 4.215431
102.700000 4.204546
102.800000 4.193674
102.900000 4.182817
103.000000 4.171974
103.100000 4.161144
103.200000 4.150329
103.300000 4.139528
103.400000 4.128741
103.500000 4.117968
103.600000 4.107209
103.700000 4.096464
103.800000 4.085734
103.900000 4.075017
104.000000 4.064314
104.100000 4.053626
104.200000 4.042951
104.300000 4.032291
104.400000 4.021645
104.500000 4.011013
104.600000 4.000394
104.700000 3.989790
104.800000 3.979200
104.900000 3.968624
105.000000 3.958062
105.100000 3.947515
105.200000 3.936981
105.300000 3.926461
105.400000 3.915956
105.500000 3.905464
105.600000 3.894987
105.700000 3.884523
105.800000 3.874074
105.900000 3.863639
106.000000 3.853218
106.100000 3.842811
106.200000 3.832418
106.300000 3.822039
106.400000 3.811674
106.500000 3.801323
106.600000 3.790986
106.700000 3.780664
106.800000 3.770355
106.900000 3.760061
107.000000 3.749780
107.100000 3.739514
107.200000 3.729262
107.300000 3.719024
107.400000 3.708799
107.500000 3.698589
107.600000 3.688393
107.700000 3.678212
107.800000 3.668044
107.900000 3.657890
108.000000 3.647750
108.100000 3.637625
108.200000 3.627513
108.300000 3.617416
108.400000 3.607332
108.500000 3.597263
108.600000 3.587208
108.700000 3.577167
108.800000 3.567140
108.900000 3.557127
109.000000 3.547128
109.100000 3.537143
109.200000 3.527172
109.300000 3.517215
109.400000 3.507273
109.500000 3.497344
109.600000 3.487429
109.700000 3.477529
109.800000 3.467643
109.900000 3.457770
110.000000 3.447912
110.100000 3.438068
110.200000 3.428238
110.300000 3.418422
110.400000 3.408620
110.500000 3.398832
110.600000 3.389058
110.700000 3.379299
110.800000 3.369553
110.900000 3.359822
111.000000 3.350104
111.100000 3.340401
111.200000 3.330711
111.300000 3.321036
111.400000 3.311375
111.500000 3.301728
111.600000 3.292095
111.700000 3.282476
111.800000 3.272871
111.900000 3.263280
112.000000 3.253703
112.100000 3.244141
112.200000 3.234592
112.300000 3.225057
112.400000 3.215537
112.500000 3.206031
112.600000 3.196538
112.700000 3.187060
112.800000 3.177596
112.900000 3.168146
113.000000 3.158710
113.100000 3.149288
113.200000 3.139880
113.300000 3.130486
113.400000 3.121106
113.500000 3.111741
113.600000 3.102389
113.700000 3.093052
113.800000 3.083728
113.900000 3.074419
114.000000 3.065124
114.100000 3.055842
114.200000 3.046575
114.300000 3.037322
114.400000 3.028083
114.500000 3.018858
114.600000 3.009647
114.700000 3.000451
114.800000 2.991268
114.900000 2.982099
115.000000 2.972945
115.100000 2.963804
115.200000 2.954678
115.300000 2.945565
115.400000 2.936467
115.500000 2.927383
115.600000 2.918313
115.700000 2.909257
115.800000 2.900215
115.900000 2.891187
116.000000 2.882173
116.100000 2.873173
116.200000 2.864188
116.300000 2.855216
116.400000 2.846259
116.500000 2.837315
116.600000 2.828386
116.700000 2.819470
116.800000 2.810569
116.900000 2.801682
117.000000 2.792809
117.100000 2.783950
117.200000 2.775105
117.300000 2.766274
117.400000 2.757457
117.500000 2.748654
117.600000 2.739866
117.700000 2.731091
117.800000 2.722331
117.900000 2.713584
118.000000 2.704852
118.100000 2.696134
118.200000 2.687429
118.300000 2.678739
118.400000 2.670063
118.500000 2.661401
118.600000 2.652753
118.700000 2.644119
118.800000 2.635500
118.900000 2.626894
119.000000 2.618302
119.100000 2.609725
119.200000 2.601161
119.300000 2.592612
119.400000 2.584076
119.500000 2.575555
119.600000 2.567048
119.700000 2.558555
119.800000 2.550076
119.900000 2.541611
120.000000 2.533160
120.100000 2.524723
120.200000 2.516300
120.300000 2.507892
120.400000 2.499497
120.500000 2.491117
120.600000 2.482750
120.700000 2.474398
120.800000 2.466059
120.900000 2.457735
121.000000 2.449425
121.100000 2.441129
121.200000 2.432847
121.300000 2.424579
121.400000 2.416325
121.500000 2.408085
121.600000 2.399859
121.700000 2.391648
121.800000 2.383450
121.900000 2.375267
122.000000 2.367097
122.100000 2.358942
122.200000 2.350801
122.300000 2.342673
122.400000 2.334560
122.500000 2.326461
122.600000 2.318376
122.700000 2.310305
122.800000 2.302248
122.900000 2.294206
123.000000 2.286177
123.100000 2.278162
123.200000 2.270162
123.300000 2.262175
123.400000 2.254203
123.500000 2.246244
123.600000 2.238300
123.700000 2.230370
123.800000 2.222454
123.900000 2.214552
124.000000 2.206664
124.100000 2.198790
124.200000 2.190930
124.300000 2.183084
124.400000 2.175253
124.500000 2.167435
124.600000 2.159631
124.700000 2.151842
124.800000 2.144067
124.900000 2.136305
125.000000 2.128558
125.100000 2.120825
125.200000 2.113106
125.300000 2.105401
125.400000 2.097710
125.500000 2.090033
125.600000 2.082370
125.700000 2.074721
125.800000 2.067087
125.900000 2.059466
126.000000 2.051860
126.100000 2.044267
126.200000 2.036689
126.300000 2.029124
126.400000 2.021574
126.500000 2.014038
126.600000 2.006516
126.700000 1.999008
126.800000 1.991514
126.900000 1.984034
127.000000 1.976568
127.100000 1.969117
127.200000 1.961679
127.300000 1.954256
127.400000 1.946846
127.500000 1.939451
127.600000 1.932069
127.700000 1.924702
127.800000 1.917349
127.900000 1.910010
128.000000 1.902685
128.100000 1.895374
128.200000 1.888077
128.300000 1.880794
128.400000 1.873525
128.500000 1.866270
128.600000 1.859030
128.700000 1.851803
128.800000 1.844591
128.900000 1.837392
129.000000 1.830208
129.100000 1.823038
129.200000 1.815882
129.300000 1.808740
129.400000 1.801612
129.500000 1.794498
129.600000 1.787398
129.700000 1.780312
129.800000 1.773240
129.900000 1.766182
130.000000 1.759139
130.100000 1.752109
130.200000 1.745094
130.300000 1.738093
130.400000 1.731105
130.500000 1.724132
130.600000 1.717173
130.700000 1.710228
130.800000 1.703297
130.900000 1.696380
131.000000 1.689477
131.100000 1.682588
131.200000 1.675713
131.300000 1.668853
131.400000 1.662006
131.500000 1.655174
131.600000 1.648355
131.700000 1.641551
131.800000 1.634761
131.900000 1.627985
132.000000 1.621222
132.100000 1.614474
132.200000 1.607740
132.300000 1.601020
132.400000 1.594315
132.500000 1.587623
132.600000 1.580945
132.700000 1.574282
132.800000 1.567632
132.900000 1.560996
133.000000 1.554375
133.100000 1.547768
133.200000 1.541175
133.300000 1.534595
133.400000 1.528030
133.500000 1.521479
133.600000 1.514942
133.700000 1.508419
133.800000 1.501911
133.900000 1.495416
134.000000 1.488935
134.100000 1.482469
134.200000 1.476016
134.300000 1.469578
134.400000 1.463153
134.500000 1.456743
134.600000 1.450347
134.700000 1.443965
134.800000 1.437596
134.900000 1.431242
135.000000 1.424902
135.100000 1.418577
135.200000 1.412265
135.300000 1.405967
135.400000 1.399683
135.500000 1.393414
135.600000 1.387158
135.700000 1.380917
135.800000 1.374690
135.900000 1.368476
136.000000 1.362277
136.100000 1.356092
136.200000 1.349921
136.300000 1.343764
136.400000 1.337621
136.500000 1.331492
136.600000 1.325377
136.700000 1.319277
136.800000 1.313190
136.900000 1.307118
137.000000 1.301059
137.100000 1.295015
137.200000 1.288984
137.300000 1.282968
137.400000 1.276966
137.500000 1.270978
137.600000 1.265004
137.700000 1.259044
137.800000 1.253098
137.900000 1.247166
138.000000 1.241248
138.100000 1.235345
138.200000 1.229455
138.300000 1.223580
138.400000 1.217718
138.500000 1.211871
138.600000 1.206037
138.700000 1.200218
138.800000 1.194413
138.900000 1.188622
139.000000 1.182845
139.100000 1.177082
139.200000 1.171333
139.300000 1.165598
139.400000 1.159878
139.500000 1.154171
139.600000 1.148478
139.700000 1.142800
139.800000 1.137136
139.900000 1.131485
140.000000 1.125849
140.100000 1.120227
140.200000 1.114619
140.300000 1.109024
140.400000 1.103444
140.500000 1.097879
140.600000 1.092327
140.700000 1.086789
140.800000 1.081265
140.900000 1.075756
141.000000 1.070260
141.100000 1.064779
141.200000 1.059311
141.300000 1.053858
141.400000 1.048419
141.500000 1.042993
141.600000 1.037582
141.700000 1.032185
141.800000 1.026802
141.900000 1.021433
142.000000 1.016079
142.100000 1.010738
142.200000 1.005411
142.300000 1.000099
142.400000 0.994800
142.500000 0.989516
142.600000 0.984245
142.700000 0.978989
142.800000 0.973747
142.900000 0.968519
143.000000 0.963304
143.100000 0.958104
143.200000 0.952918
143.300000 0.947747
143.400000 0.942589
143.500000 0.937445
143.600000 0.932315
143.700000 0.927200
143.800000 0.922098
143.900000 0.917011
144.000000 0.911938
144.100000 0.906878
144.200000 0.901833
144.300000 0.896802
144.400000 0.891785
144.500000 0.886782
144.600000 0.881793
144.700000 0.876818
144.800000 0.871857
144.900000 0.866911
145.000000 0.861978
145.100000 0.857059
145.200000 0.852155
145.300000 0.847265
145.400000 0.842388
145.500000 0.837526
145.600000 0.832678
145.700000 0.827844
145.800000 0.823024
145.900000 0.818218
146.000000 0.813426
146.100000 0.808648
146.200000 0.803884
146.300000 0.799135
146.400000 0.794399
146.500000 0.789677
146.600000 0.784970
146.700000 0.780277
146.800000 0.775597
146.900000 0.770932
147.000000 0.766281
147.100000 0.761644
147.200000 0.757021
147.300000 0.752412
147.400000 0.747817
147.500000 0.743236
147.600000 0.738669
147.700000 0.734117
147.800000 0.729578
147.900000 0.725054
148.000000 0.720543
148.100000 0.716047
148.200000 0.711565
148.300000 0.707096
148.400000 0.702642
148.500000 0.698202
148.600000 0.693776
148.700000 0.689364
148.800000 0.684966
148.900000 0.680583
149.000000 0.676213
149.100000 0.671857
149.200000 0.667516
149.300000 0.663188
149.400000 0.658875
149.500000 0.654576
149.600000 0.650290
149.700000 0.646019
149.800000 0.641762
149.900000 0.637519
150.000000 0.633290
150.100000 0.629075
150.200000 0.624874
150.300000 0.620688
150.400000 0.616515
150.500000 0.612356
150.600000 0.608212
150.700000 0.604081
150.800000 0.599965
150.900000 0.595863
151.000000 0.591774
151.100000 0.587700
151.200000 0.583640
151.300000 0.579594
151.400000 0.575562
151.500000 0.571544
151.600000 0.567540
151.700000 0.563551
151.800000 0.559575
151.900000 0.555613
152.000000 0.551666
152.100000 0.547733
152.200000 0.543813
152.300000 0.539908
152.400000 0.536017
152.500000 0.532140
152.600000 0.528276
152.700000 0.524427
152.800000 0.520593
152.900000 0.516772
153.000000 0.512965
153.100000 0.509172
153.200000 0.505394
153.300000 0.501629
153.400000 0.497879
153.500000 0.494142
153.600000 0.490420
153.700000 0.486712
153.800000 0.483017
153.900000 0.479337
154.000000 0.475671
154.100000 0.472019
154.200000 0.468381
154.300000 0.464757
154.400000 0.461148
154.500000 0.457552
154.600000 0.453970
154.700000 0.450403
154.800000 0.446849
154.900000 0.443310
155.000000 0.439785
155.100000 0.436273
155.200000 0.432776
155.300000 0.429293
155.400000 0.425824
155.500000 0.422369
155.600000 0.418928
155.700000 0.415502
155.800000 0.412089
155.900000 0.408690
156.000000 0.405306
156.100000 0.401935
156.200000 0.398579
156.300000 0.395236
156.400000 0.391908
156.500000 0.388594
156.600000 0.385294
156.700000 0.382008
156.800000 0.378736
156.900000 0.375478
157.000000 0.372234
157.100000 0.369004
157.200000 0.365788
157.300000 0.362587
157.400000 0.359399
157.500000 0.356226
157.600000 0.353066
157.700000 0.349921
157.800000 0.346790
157.900000 0.343672
158.000000 0.340569
158.100000 0.337480
158.200000 0.334405
158.300000 0.331344
158.400000 0.328298
158.500000 0.325265
158.600000 0.322246
158.700000 0.319241
158.800000 0.316251
158.900000 0.313274
159.000000 0.310312
159.100000 0.307364
159.200000 0.304430
159.300000 0.301509
159.400000 0.298603
159.500000 0.295711
159.600000 0.292833
159.700000 0.289969
159.800000 0.287120
159.900000 0.284284
160.000000 0.281462
160.100000 0.278655
160.200000 0.275861
160.300000 0.273082
160.400000 0.270316
160.500000 0.267565
160.600000 0.264828
160.700000 0.262105
160.800000 0.259396
160.900000 0.256701
161.000000 0.254020
161.100000 0.251353
161.200000 0.248700
161.300000 0.246061
161.400000 0.243437
161.500000 0.240826
161.600000 0.238230
161.700000 0.235647
161.800000 0.233079
161.900000 0.230525
162.000000 0.227984
162.100000 0.225458
162.200000 0.222946
162.300000 0.220448
162.400000 0.217964
162.500000 0.215495
162.600000 0.213039
162.700000 0.210597
162.800000 0.208169
162.900000 0.205756
163.000000 0.203356
163.100000 0.200971
163.200000 0.198600
163.300000 0.196242
163.400000 0.193899
163.500000 0.191570
163.600000 0.189255
163.700000 0.186954
163.800000 0.184667
163.900000 0.182395
164.000000 0.180136
164.100000 0.177891
164.200000 0.175661
164.300000 0.173444
164.400000 0.171242
164.500000 0.169053
164.600000 0.166879
164.700000 0.164719
164.800000 0.162573
164.900000 0.160441
165.000000 0.158322
165.100000 0.156219
165.200000 0.154129
165.300000 0.152053
165.400000 0.149991
165.500000 0.147944
165.600000 0.145910
165.700000 0.143891
165.800000 0.141885
165.900000 0.139894
166.000000 0.137916
166.100000 0.135953
166.200000 0.134004
166.300000 0.132069
166.400000 0.130148
166.500000 0.128241
166.600000 0.126348
166.700000 0.124470
166.800000 0.122605
166.900000 0.120754
167.000000 0.118918
167.100000 0.117095
167.200000 0.115287
167.300000 0.113493
167.400000 0.111712
167.500000 0.109946
167.600000 0.108194
167.700000 0.106456
167.800000 0.104732
167.900000 0.103022
168.000000 0.101326
168.100000 0.099645
168.200000 0.097977
168.300000 0.096323
168.400000 0.094684
168.500000 0.093058
168.600000 0.091447
168.700000 0.089850
168.800000 0.088267
168.900000 0.086697
169.000000 0.085142
169.100000 0.083601
169.200000 0.082074
169.300000 0.080562
169.400000 0.079063
169.500000 0.077578
169.600000 0.076107
169.700000 0.074651
169.800000 0.073208
169.900000 0.071780
170.000000 0.070366
170.100000 0.068965
170.200000 0.067579
170.300000 0.066207
170.400000 0.064849
170.500000 0.063505
170.600000 0.062175
170.700000 0.060859
170.800000 0.059557
170.900000 0.058270
171.000000 0.056996
171.100000 0.055737
171.200000 0.054491
171.300000 0.053260
171.400000 0.052042
171.500000 0.050839
171.600000 0.049650
171.700000 0.048475
171.800000 0.047314
171.900000 0.046167
172.000000 0.045034
172.100000 0.043915
172.200000 0.042810
172.300000 0.041720
172.400000 0.040643
172.500000 0.039581
172.600000 0.038532
172.700000 0.037498
172.800000 0.036478
172.900000 0.035471
173.000000 0.034479
173.100000 0.033501
173.200000 0.032537
173.300000 0.031587
173.400000 0.030651
173.500000 0.029729
173.600000 0.028822
173.700000 0.027928
173.800000 0.027049
173.900000 0.026183
174.000000 0.025332
174.100000 0.024494
174.200000 0.023671
174.300000 0.022862
174.400000 0.022067
174.500000 0.021286
174.600000 0.020519
174.700000 0.019766
174.800000 0.019027
174.900000 0.018302
175.000000 0.017591
175.100000 0.016895
175.200000 0.016212
175.300000 0.015544
175.400000 0.014889
175.500000 0.014249
175.600000 0.013623
175.700000 0.013011
175.800000 0.012412
175.900000 0.011828
176.000000 0.011258
176.100000 0.010703
176.200000 0.010161
176.300000 0.009633
176.400000 0.009119
176.500000 0.008620
176.600000 0.008134
176.700000 0.007663
176.800000 0.007205
176.900000 0.006762
177.000000 0.006333
177.100000 0.005918
177.200000 0.005517
177.300000 0.005130
177.400000 0.004757
177.500000 0.004398
177.600000 0.004053
177.700000 0.003722
177.800000 0.003406
177.900000 0.003103
178.000000 0.002815
178.100000 0.002540
178.200000 0.002280
178.300000 0.002034
178.400000 0.001801
178.500000 0.001583
178.600000 0.001379
178.700000 0.001189
178.800000 0.001013
178.900000 0.000851
179.000000 0.000704
179.100000 0.000570
179.200000 0.000450
179.300000 0.000345
179.400000 0.000253
179.500000 0.000176
179.600000 0.000113
179.700000 0.000063
179.800000 0.000028
179.900000 0.000007
180.000000 0.000000
