-180.000000 1.521928
-179.900000 1.531805
-179.800000 1.541671
-179.700000 1.551527
-179.600000 1.561371
-179.500000 1.571204
-179.400000 1.581027
-179.300000 1.590837
-179.200000 1.600637
-179.100000 1.610424
-179.000000 1.620200
-178.900000 1.629964
-178.800000 1.639716
-178.700000 1.649456
-178.600000 1.659183
-178.500000 1.668898
-178.400000 1.678601
-178.300000 1.688291
-178.200000 1.697968
-178.100000 1.707632
-178.000000 1.717283
-177.900000 1.726921
-177.800000 1.736546
-177.700000 1.746157
-177.600000 1.755755
-177.500000 1.765340
-177.400000 1.774910
-177.300000 1.784467
-177.200000 1.794010
-177.100000 1.803539
-177.000000 1.813054
-176.900000 1.822554
-176.800000 1.832041
-176.700000 1.841512
-176.600000 1.850970
-176.500000 1.860412
-176.400000 1.869840
-176.300000 1.879253
-176.200000 1.888652
-176.100000 1.898035
-176.000000 1.907403
-175.900000 1.916756
-175.800000 1.926094
-175.700000 1.935416
-175.600000 1.944723
-175.500000 1.954015
-175.400000 1.963290
-175.300000 1.972551
-175.200000 1.981795
-175.100000 1.991024
-175.000000 2.000236
-174.900000 2.009433
-174.800000 2.018614
-174.700000 2.027778
-174.600000 2.036926
-174.500000 2.046058
-174.400000 2.055174
-174.300000 2.064273
-174.200000 2.073356
-174.100000 2.082422
-174.000000 2.091472
-173.900000 2.100504
-173.800000 2.109520
-173.700000 2.118520
-173.600000 2.127502
-173.500000 2.136468
-173.400000 2.145416
-173.300000 2.154347
-173.200000 2.163262
-173.100000 2.172159
-173.000000 2.181039
-172.900000 2.189901
-172.800000 2.198747
-172.700000 2.207575
-172.600000 2.216385
-172.500000 2.225178
-172.400000 2.233954
-172.300000 2.242711
-172.200000 2.251452
-172.100000 2.260174
-172.000000 2.268879
-171.900000 2.277566
-171.800000 2.286235
-171.700000 2.294887
-171.600000 2.303520
-171.500000 2.312136
-171.400000 2.320733
-171.300000 2.329313
-171.200000 2.337874
-171.100000 2.346418
-171.000000 2.354943
-170.900000 2.363450
-170.800000 2.371939
-170.700000 2.380410
-170.600000 2.388862
-170.500000 2.397296
-170.400000 2.405712
-170.300000 2.414109
-170.200000 2.422488
-170.100000 2.430849
-170.000000 2.439191
-169.900000 2.447514
-169.800000 2.455819
-169.700000 2.464106
-169.600000 2.472374
-169.500000 2.480623
-169.400000 2.488854
-169.300000 2.497066
-169.200000 2.505260
-169.100000 2.513435
-169.000000 2.521591
-168.900000 2.529728
-168.800000 2.537847
-168.700000 2.545946
-168.600000 2.554027
-168.500000 2.562090
-168.400000 2.570133
-168.300000 2.578158
-168.200000 2.586164
-168.100000 2.594150
-168.000000 2.602118
-167.900000 2.610068
-167.800000 2.617998
-167.700000 2.625909
-167.600000 2.633801
-167.500000 2.641675
-167.400000 2.649529
-167.300000 2.657365
-167.200000 2.665181
-167.100000 2.672979
-167.000000 2.680757
-166.900000 2.688517
-166.800000 2.696257
-166.700000 2.703979
-166.600000 2.711681
-166.500000 2.719365
-166.400000 2.727029
-166.300000 2.734674
-166.200000 2.742301
-166.100000 2.749908
-166.000000 2.757496
-165.900000 2.765065
-165.800000 2.772615
-165.700000 2.780146
-165.600000 2.787658
-165.500000 2.795151
-165.400000 2.802625
-165.300000 2.810080
-165.200000 2.817516
-165.100000 2.824932
-165.000000 2.832330
-164.900000 2.839708
-164.800000 2.847068
-164.700000 2.854408
-164.600000 2.861730
-164.500000 2.869032
-164.400000 2.876316
-164.300000 2.883580
-164.200000 2.890825
-164.100000 2.898051
-164.000000 2.905259
-163.900000 2.912447
-163.800000 2.919616
-163.700000 2.926767
-163.600000 2.933898
-163.500000 2.941010
-163.400000 2.948104
-163.300000 2.955178
-163.200000 2.962233
-163.100000 2.969270
-163.000000 2.976288
-162.900000 2.983286
-162.800000 2.990266
-162.700000 2.997227
-162.600000 3.004169
-162.500000 3.011092
-162.400000 3.017996
-162.300000 3.024882
-162.200000 3.031748
-162.100000 3.038596
-162.000000 3.045425
-161.900000 3.052235
-161.800000 3.059027
-161.700000 3.065800
-161.600000 3.072554
-161.500000 3.079289
-161.400000 3.086005
-161.300000 3.092703
-161.200000 3.099382
-161.100000 3.106043
-161.000000 3.112685
-160.900000 3.119308
-160.800000 3.125912
-160.700000 3.132498
-160.600000 3.139066
-160.500000 3.145615
-160.400000 3.152145
-160.300000 3.158657
-160.200000 3.165150
-160.100000 3.171625
-160.000000 3.178082
-159.900000 3.184520
-159.800000 3.190939
-159.700000 3.197341
-159.600000 3.203723
-159.500000 3.210088
-159.400000 3.216434
-159.300000 3.222762
-159.200000 3.229071
-159.100000 3.235363
-159.000000 3.241636
-158.900000 3.247891
-158.800000 3.254127
-158.700000 3.260346
-158.600000 3.266546
-158.500000 3.272729
-158.400000 3.278893
-158.300000 3.285039
-158.200000 3.291167
-158.100000 3.297277
-158.000000 3.303369
-157.900000 3.309443
-157.800000 3.315499
-157.700000 3.321537
-157.600000 3.327558
-157.500000 3.333560
-157.400000 3.339545
-157.300000 3.345511
-157.200000 3.351460
-157.100000 3.357392
-157.000000 3.363305
-156.900000 3.369201
-156.800000 3.375079
-156.700000 3.380939
-156.600000 3.386782
-156.500000 3.392608
-156.400000 3.398415
-156.300000 3.404205
-156.200000 3.409978
-156.100000 3.415733
-156.000000 3.421471
-155.900000 3.427191
-155.800000 3.432894
-155.700000 3.438579
-155.600000 3.444248
-155.500000 3.449898
-155.400000 3.455532
-155.300000 3.461148
-155.200000 3.466747
-155.100000 3.472329
-155.000000 3.477894
-154.900000 3.483442
-154.800000 3.488972
-154.700000 3.494486
-154.600000 3.499982
-154.500000 3.505461
-154.400000 3.510924
-154.300000 3.516369
-154.200000 3.521798
-154.100000 3.527210
-154.000000 3.532604
-153.900000 3.537982
-153.800000 3.543344
-153.700000 3.548688
-153.600000 3.554016
-153.500000 3.559327
-153.400000 3.564621
-153.300000 3.569899
-153.200000 3.575160
-153.100000 3.580405
-153.000000 3.585633
-152.900000 3.590845
-152.800000 3.596040
-152.700000 3.601219
-152.600000 3.606381
-152.500000 3.611527
-152.400000 3.616657
-152.300000 3.621770
-152.200000 3.626867
-152.100000 3.631948
-152.000000 3.637013
-151.900000 3.642061
-151.800000 3.647093
-151.700000 3.652110
-151.600000 3.657110
-151.500000 3.662094
-151.400000 3.667062
-151.300000 3.672014
-151.200000 3.676951
-151.100000 3.681871
-151.000000 3.686775
-150.900000 3.691664
-150.800000 3.696537
-150.700000 3.701394
-150.600000 3.706236
-150.500000 3.711061
-150.400000 3.715871
-150.300000 3.720666
-150.200000 3.725445
-150.100000 3.730208
-150.000000 3.734956
-149.900000 3.739688
-149.800000 3.744405
-149.700000 3.749107
-149.600000 3.753793
-149.500000 3.758463
-149.400000 3.763119
-149.300000 3.767759
-149.200000 3.772384
-149.100000 3.776994
-149.000000 3.781588
-148.900000 3.786168
-148.800000 3.790732
-148.700000 3.795281
-148.600000 3.799816
-148.500000 3.804335
-148.400000 3.808839
-148.300000 3.813329
-148.200000 3.817803
-148.100000 3.822263
-148.000000 3.826708
-147.900000 3.831138
-147.800000 3.835553
-147.700000 3.839954
-147.600000 3.844340
-147.500000 3.848711
-147.400000 3.853068
-147.300000 3.857410
-147.200000 3.861738
-147.100000 3.866051
-147.000000 3.870350
-146.900000 3.874634
-146.800000 3.878904
-146.700000 3.883159
-146.600000 3.887401
-146.500000 3.891627
-146.400000 3.895840
-146.300000 3.900039
-146.200000 3.904223
-146.100000 3.908393
-146.000000 3.912549
-145.900000 3.916691
-145.800000 3.920819
-145.700000 3.924933
-145.600000 3.929033
-145.500000 3.933120
-145.400000 3.937192
-145.300000 3.941250
-145.200000 3.945295
-145.100000 3.949326
-145.000000 3.953343
-144.900000 3.957346
-144.800000 3.961336
-144.700000 3.965312
-144.600000 3.969274
-144.500000 3.973223
-144.400000 3.977158
-144.300000 3.981080
-144.200000 3.984989
-144.100000 3.988883
-144.000000 3.992765
-143.900000 3.996633
-143.800000 4.000488
-143.700000 4.004330
-143.600000 4.008158
-143.500000 4.011973
-143.400000 4.015775
-143.300000 4.019564
-143.200000 4.023340
-143.100000 4.027103
-143.000000 4.030852
-142.900000 4.034589
-142.800000 4.038313
-142.700000 4.042024
-142.600000 4.045721
-142.500000 4.049406
-142.400000 4.053079
-142.300000 4.056738
-142.200000 4.060385
-142.100000 4.064019
-142.000000 4.067640
-141.900000 4.071249
-141.800000 4.074845
-141.700000 4.078428
-141.600000 4.081999
-141.500000 4.085557
-141.400000 4.089103
-141.300000 4.092637
-141.200000 4.096158
-141.100000 4.099667
-141.000000 4.103163
-140.900000 4.106647
-140.800000 4.110119
-140.700000 4.113579
-140.600000 4.117026
-140.500000 4.120461
-140.400000 4.123884
-140.300000 4.127295
-140.200000 4.130694
-140.100000 4.134081
-140.000000 4.137456
-139.900000 4.140819
-139.800000 4.144171
-139.700000 4.147510
-139.600000 4.150837
-139.500000 4.154153
-139.400000 4.157457
-139.300000 4.160749
-139.200000 4.164029
-139.100000 4.167298
-139.000000 4.170555
-138.900000 4.173800
-138.800000 4.177034
-138.700000 4.180256
-138.600000 4.183467
-138.500000 4.186666
-138.400000 4.189854
-138.300000 4.193031
-138.200000 4.196196
-138.100000 4.199350
-138.000000 4.202492
-137.900000 4.205623
-137.800000 4.208743
-137.700000 4.211852
-137.600000 4.214950
-137.500000 4.218036
-137.400000 4.221111
-137.300000 4.224176
-137.200000 4.227229
-137.100000 4.230271
-137.000000 4.233302
-136.900000 4.236323
-136.800000 4.239332
-136.700000 4.242331
-136.600000 4.245318
-136.500000 4.248295
-136.400000 4.251261
-136.300000 4.254217
-136.200000 4.257161
-136.100000 4.260095
-136.000000 4.263019
-135.900000 4.265931
-135.800000 4.268833
-135.700000 4.271725
-135.600000 4.274606
-135.500000 4.277477
-135.400000 4.280337
-135.300000 4.283187
-135.200000 4.286026
-135.100000 4.288855
-135.000000 4.291674
-134.900000 4.294482
-134.800000 4.297280
-134.700000 4.300068
-134.600000 4.302846
-134.500000 4.305613
-134.400000 4.308371
-134.300000 4.311118
-134.200000 4.313855
-134.100000 4.316582
-134.000000 4.319299
-133.900000 4.322007
-133.800000 4.324704
-133.700000 4.327391
-133.600000 4.330069
-133.500000 4.332736
-133.400000 4.335394
-133.300000 4.338042
-133.200000 4.340680
-133.100000 4.343309
-133.000000 4.345928
-132.900000 4.348537
-132.800000 4.351136
-132.700000 4.353726
-132.600000 4.356307
-132.500000 4.358878
-132.400000 4.361439
-132.300000 4.363991
-132.200000 4.366533
-132.100000 4.369066
-132.000000 4.371590
-131.900000 4.374104
-131.800000 4.376609
-131.700000 4.379104
-131.600000 4.381590
-131.500000 4.384067
-131.400000 4.386535
-131.300000 4.388994
-131.200000 4.391443
-131.100000 4.393884
-131.000000 4.396315
-130.900000 4.398737
-130.800000 4.401150
-130.700000 4.403555
-130.600000 4.405950
-130.500000 4.408336
-130.400000 4.410713
-130.300000 4.413082
-130.200000 4.415441
-130.100000 4.417792
-130.000000 4.420134
-129.900000 4.422467
-129.800000 4.424792
-129.700000 4.427107
-129.600000 4.429414
-129.500000 4.431713
-129.400000 4.434003
-129.300000 4.436284
-129.200000 4.438556
-129.100000 4.440820
-129.000000 4.443076
-128.900000 4.445323
-128.800000 4.447561
-128.700000 4.449791
-128.600000 4.452013
-128.500000 4.454227
-128.400000 4.456431
-128.300000 4.458628
-128.200000 4.460817
-128.100000 4.462997
-128.000000 4.465168
-127.900000 4.467332
-127.800000 4.469488
-127.700000 4.471635
-127.600000 4.473774
-127.500000 4.475905
-127.400000 4.478028
-127.300000 4.480143
-127.200000 4.482250
-127.100000 4.484349
-127.000000 4.486440
-126.900000 4.488523
-126.800000 4.490598
-126.700000 4.492665
-126.600000 4.494725
-126.500000 4.496776
-126.400000 4.498820
-126.300000 4.500856
-126.200000 4.502884
-126.100000 4.504905
-126.000000 4.506917
-125.900000 4.508922
-125.800000 4.510920
-125.700000 4.512910
-125.600000 4.514892
-125.500000 4.516866
-125.400000 4.518834
-125.300000 4.520793
-125.200000 4.522745
-125.100000 4.524690
-125.000000 4.526627
-124.900000 4.528557
-124.800000 4.530479
-124.700000 4.532394
-124.600000 4.534302
-124.500000 4.536202
-124.400000 4.538095
-124.300000 4.539981
-124.200000 4.541859
-124.100000 4.543731
-124.000000 4.545595
-123.900000 4.547452
-123.800000 4.549301
-123.700000 4.551144
-123.600000 4.552980
-123.500000 4.554808
-123.400000 4.556630
-123.300000 4.558444
-123.200000 4.560252
-123.100000 4.562052
-123.000000 4.563846
-122.900000 4.565632
-122.800000 4.567412
-122.700000 4.569185
-122.600000 4.570951
-122.500000 4.572710
-122.400000 4.574462
-122.300000 4.576208
-122.200000 4.577947
-122.100000 4.579679
-122.000000 4.581404
-121.900000 4.583123
-121.800000 4.584835
-121.700000 4.586540
-121.600000 4.588239
-121.500000 4.589931
-121.400000 4.591617
-121.300000 4.593296
-121.200000 4.594969
-121.100000 4.596635
-121.000000 4.598294
-120.900000 4.599947
-120.800000 4.601594
-120.700000 4.603234
-120.600000 4.604868
-120.500000 4.606496
-120.400000 4.608117
-120.300000 4.609732
-120.200000 4.611340
-120.100000 4.612943
-120.000000 4.614539
-119.900000 4.616128
-119.800000 4.617712
-119.700000 4.619289
-119.600000 4.620861
-119.500000 4.622426
-119.400000 4.623985
-119.300000 4.625538
-119.200000 4.627085
-119.100000 4.628625
-119.000000 4.630160
-118.900000 4.631689
-118.800000 4.633212
-118.700000 4.634728
-118.600000 4.636239
-118.500000 4.637744
-118.400000 4.639243
-118.300000 4.640736
-118.200000 4.642223
-118.100000 4.643705
-118.000000 4.645180
-117.900000 4.646650
-117.800000 4.648114
-117.700000 4.649572
-117.600000 4.651025
-117.500000 4.652472
-117.400000 4.653913
-117.300000 4.655348
-117.200000 4.656778
-117.100000 4.658202
-117.000000 4.659621
-116.900000 4.661033
-116.800000 4.662441
-116.700000 4.663843
-116.600000 4.665239
-116.500000 4.666630
-116.400000 4.668015
-116.300000 4.669395
-116.200000 4.670769
-116.100000 4.672138
-116.000000 4.673501
-115.900000 4.674860
-115.800000 4.676212
-115.700000 4.677560
-115.600000 4.678902
-115.500000 4.680238
-115.400000 4.681570
-115.300000 4.682896
-115.200000 4.684217
-115.100000 4.685532
-115.000000 4.686843
-114.900000 4.688148
-114.800000 4.689448
-114.700000 4.690743
-114.600000 4.692033
-114.500000 4.693317
-114.400000 4.694597
-114.300000 4.695871
-114.200000 4.697141
-114.100000 4.698405
-114.000000 4.699664
-113.900000 4.700918
-113.800000 4.702168
-113.700000 4.703412
-113.600000 4.704651
-113.500000 4.705886
-113.400000 4.707115
-113.300000 4.708340
-113.200000 4.709559
-113.100000 4.710774
-113.000000 4.711984
-112.900000 4.713189
-112.800000 4.714390
-112.700000 4.715585
-112.600000 4.716776
-112.500000 4.717962
-112.400000 4.719143
-112.300000 4.720320
-112.200000 4.721491
-112.100000 4.722658
-112.000000 4.723821
-111.900000 4.724979
-111.800000 4.726132
-111.700000 4.727280
-111.600000 4.728424
-111.500000 4.729564
-111.400000 4.730698
-111.300000 4.731829
-111.200000 4.732954
-111.100000 4.734076
-111.000000 4.735192
-110.900000 4.736304
-110.800000 4.737412
-110.700000 4.738515
-110.600000 4.739614
-110.500000 4.740709
-110.400000 4.741799
-110.300000 4.742884
-110.200000 4.743966
-110.100000 4.745042
-110.000000 4.746115
-109.900000 4.747183
-109.800000 4.748247
-109.700000 4.749307
-109.600000 4.750362
-109.500000 4.751413
-109.400000 4.752460
-109.300000 4.753503
-109.200000 4.754541
-109.100000 4.755576
-109.000000 4.756606
-108.900000 4.757632
-108.800000 4.758654
-108.700000 4.759671
-108.600000 4.760685
-108.500000 4.761694
-108.400000 4.762700
-108.300000 4.763701
-108.200000 4.764698
-108.100000 4.765691
-108.000000 4.766681
-107.900000 4.767666
-107.800000 4.768647
-107.700000 4.769624
-107.600000 4.770598
-107.500000 4.771567
-107.400000 4.772532
-107.300000 4.773494
-107.200000 4.774451
-107.100000 4.775405
-107.000000 4.776355
-106.900000 4.777301
-106.800000 4.778243
-106.700000 4.779181
-106.600000 4.780116
-106.500000 4.781047
-106.400000 4.781974
-106.300000 4.782897
-106.200000 4.783816
-106.100000 4.784732
-106.000000 4.785644
-105.900000 4.786552
-105.800000 4.787456
-105.700000 4.788357
-105.600000 4.789254
-105.500000 4.790148
-105.400000 4.791038
-105.300000 4.791924
-105.200000 4.792807
-105.100000 4.793686
-105.000000 4.794561
-104.900000 4.795433
-104.800000 4.796301
-104.700000 4.797166
-104.600000 4.798027
-104.500000 4.798885
-104.400000 4.799739
-104.300000 4.800590
-104.200000 4.801437
-104.100000 4.802281
-104.000000 4.803122
-103.900000 4.803958
-103.800000 4.804792
-103.700000 4.805622
-103.600000 4.806449
-103.500000 4.807272
-103.400000 4.808092
-103.300000 4.808909
-103.200000 4.809722
-103.100000 4.810532
-103.000000 4.811338
-102.900000 4.812141
-102.800000 4.812941
-102.700000 4.813738
-102.600000 4.814532
-102.500000 4.815322
-102.400000 4.816109
-102.300000 4.816892
-102.200000 4.817673
-102.100000 4.818450
-102.000000 4.819224
-101.900000 4.819995
-101.800000 4.820763
-101.700000 4.821527
-101.600000 4.822289
-101.500000 4.823047
-101.400000 4.823802
-101.300000 4.824554
-101.200000 4.825303
-101.100000 4.826049
-101.000000 4.826792
-100.900000 4.827532
-100.800000 4.828269
-100.700000 4.829002
-100.600000 4.829733
-100.500000 4.830461
-100.400000 4.831185
-100.300000 4.831907
-100.200000 4.832626
-100.100000 4.833341
-100.000000 4.834054
-99.900000 4.834764
-99.800000 4.835471
-99.700000 4.836175
-99.600000 4.836876
-99.500000 4.837574
-99.400000 4.838269
-99.300000 4.838962
-99.200000 4.839651
-99.100000 4.840338
-99.000000 4.841022
-98.900000 4.841703
-98.800000 4.842381
-98.700000 4.843056
-98.600000 4.843729
-98.500000 4.844399
-98.400000 4.845066
-98.300000 4.845730
-98.200000 4.846392
-98.100000 4.847051
-98.000000 4.847707
-97.900000 4.848360
-97.800000 4.849011
-97.700000 4.849659
-97.600000 4.850304
-97.500000 4.850946
-97.400000 4.851586
-97.300000 4.852224
-97.200000 4.852858
-97.100000 4.853490
-97.000000 4.854120
-96.900000 4.854746
-96.800000 4.855370
-96.700000 4.855992
-96.600000 4.856611
-96.500000 4.857227
-96.400000 4.857841
-96.300000 4.858452
-96.200000 4.859061
-96.100000 4.859667
-96.000000 4.860271
-95.900000 4.860872
-95.800000 4.861471
-95.700000 4.862067
-95.600000 4.862661
-95.500000 4.863252
-95.400000 4.863841
-95.300000 4.864427
-95.200000 4.865011
-95.100000 4.865592
-95.000000 4.866171
-94.900000 4.866748
-94.800000 4.867322
-94.700000 4.867894
-94.600000 4.868463
-94.500000 4.869030
-94.400000 4.869595
-94.300000 4.870157
-94.200000 4.870717
-94.100000 4.871275
-94.000000 4.871830
-93.900000 4.872383
-93.800000 4.872933
-93.700000 4.873482
-93.600000 4.874028
-93.500000 4.874572
-93.400000 4.875113
-93.300000 4.875652
-93.200000 4.876189
-93.100000 4.876724
-93.000000 4.877257
-92.900000 4.877787
-92.800000 4.878315
-92.700000 4.878841
-92.600000 4.879364
-92.500000 4.879886
-92.400000 4.880405
-92.300000 4.880922
-92.200000 4.881437
-92.100000 4.881950
-92.000000 4.882460
-91.900000 4.882969
-91.800000 4.883475
-91.700000 4.883979
-91.600000 4.884481
-91.500000 4.884981
-91.400000 4.885479
-91.300000 4.885975
-91.200000 4.886468
-91.100000 4.886960
-91.000000 4.887450
-90.900000 4.887937
-90.800000 4.888423
-90.700000 4.888906
-90.600000 4.889387
-90.500000 4.889867
-90.400000 4.890344
-90.300000 4.890819
-90.200000 4.891293
-90.100000 4.891764
-90.000000 4.892233
-89.900000 4.892701
-89.800000 4.893166
-89.700000 4.893630
-89.600000 4.894091
-89.500000 4.894551
-89.400000 4.895008
-89.300000 4.895464
-89.200000 4.895918
-89.100000 4.896370
-89.000000 4.896819
-88.900000 4.897268
-88.800000 4.897714
-88.700000 4.898158
-88.600000 4.898600
-88.500000 4.899041
-88.400000 4.899480
-88.300000 4.899916
-88.200000 4.900351
-88.100000 4.900784
-88.000000 4.901216
-87.900000 4.901645
-87.800000 4.902073
-87.700000 4.902499
-87.600000 4.902923
-87.500000 4.903345
-87.400000 4.903766
-87.300000 4.904184
-87.200000 4.904601
-87.100000 4.905016
-87.000000 4.905430
-86.900000 4.905842
-86.800000 4.906251
-86.700000 4.906660
-86.600000 4.907066
-86.500000 4.907471
-86.400000 4.907874
-86.300000 4.908275
-86.200000 4.908675
-86.100000 4.909073
-86.000000 4.909469
-85.900000 4.909864
-85.800000 4.910256
-85.700000 4.910648
-85.600000 4.911037
-85.500000 4.911425
-85.400000 4.911811
-85.300000 4.912196
-85.200000 4.912579
-85.100000 4.912960
-85.000000 4.913340
-84.900000 4.913718
-84.800000 4.914095
-84.700000 4.914470
-84.600000 4.914843
-84.500000 4.915215
-84.400000 4.915585
-84.300000 4.915953
-84.200000 4.916321
-84.100000 4.916686
-84.000000 4.917050
-83.900000 4.917412
-83.800000 4.917773
-83.700000 4.918132
-83.600000 4.918490
-83.500000 4.918846
-83.400000 4.919201
-83.300000 4.919554
-83.200000 4.919906
-83.100000 4.920256
-83.000000 4.920605
-82.900000 4.920952
-82.800000 4.921298
-82.700000 4.921642
-82.600000 4.921985
-82.500000 4.922326
-82.400000 4.922666
-82.300000 4.923005
-82.200000 4.923342
-82.100000 4.923677
-82.000000 4.924011
-81.900000 4.924344
-81.800000 4.924675
-81.700000 4.925005
-81.600000 4.925334
-81.500000 4.925661
-81.400000 4.925987
-81.300000 4.926311
-81.200000 4.926634
-81.100000 4.926955
-81.000000 4.927275
-80.900000 4.927594
-80.800000 4.927912
-80.700000 4.928228
-80.600000 4.928542
-80.500000 4.928856
-80.400000 4.929168
-80.300000 4.929478
-80.200000 4.929788
-80.100000 4.930096
-80.000000 4.930402
-79.900000 4.930708
-79.800000 4.931012
-79.700000 4.931315
-79.600000 4.931616
-79.500000 4.931916
-79.400000 4.932215
-79.300000 4.932513
-79.200000 4.932809
-79.100000 4.933104
-79.000000 4.933398
-78.900000 4.933691
-78.800000 4.933982
-78.700000 4.934272
-78.600000 4.934561
-78.500000 4.934849
-78.400000 4.935135
-78.300000 4.935420
-78.200000 4.935704
-78.100000 4.935987
-78.000000 4.936268
-77.900000 4.936548
-77.800000 4.936827
-77.700000 4.937105
-77.600000 4.937382
-77.500000 4.937657
-77.400000 4.937932
-77.300000 4.938205
-77.200000 4.938477
-77.100000 4.938748
-77.000000 4.939017
-76.900000 4.939286
-76.800000 4.939553
-76.700000 4.939819
-76.600000 4.940084
-76.500000 4.940348
-76.400000 4.940611
-76.300000 4.940872
-76.200000 4.941133
-76.100000 4.941392
-76.000000 4.941650
-75.900000 4.941907
-75.800000 4.942164
-75.700000 4.942418
-75.600000 4.942672
-75.500000 4.942925
-75.400000 4.943177
-75.300000 4.943427
-75.200000 4.943677
-75.100000 4.943925
-75.000000 4.944172
-74.900000 4.944419
-74.800000 4.944664
-74.700000 4.944908
-74.600000 4.945151
-74.500000 4.945393
-74.400000 4.945634
-74.300000 4.945874
-74.200000 4.946113
-74.100000 4.946351
-74.000000 4.946588
-73.900000 4.946824
-73.800000 4.947058
-73.700000 4.947292
-73.600000 4.947525
-73.500000 4.947757
-73.400000 4.947988
-73.300000 4.948217
-73.200000 4.948446
-73.100000 4.948674
-73.000000 4.948901
-72.900000 4.949127
-72.800000 4.949352
-72.700000 4.949575
-72.600000 4.949798
-72.500000 4.950020
-72.400000 4.950241
-72.300000 4.950461
-72.200000 4.950681
-72.100000 4.950899
-72.000000 4.951116
-71.900000 4.951332
-71.800000 4.951548
-71.700000 4.951762
-71.600000 4.951975
-71.500000 4.952188
-71.400000 4.952400
-71.300000 4.952610
-71.200000 4.952820
-71.100000 4.953029
-71.000000 4.953237
-70.900000 4.953444
-70.800000 4.953650
-70.700000 4.953856
-70.600000 4.954060
-70.500000 4.954264
-70.400000 4.954466
-70.300000 4.954668
-70.200000 4.954869
-70.100000 4.955069
-70.000000 4.955268
-69.900000 4.955466
-69.800000 4.955664
-69.700000 4.955860
-69.600000 4.956056
-69.500000 4.956251
-69.400000 4.956445
-69.300000 4.956638
-69.200000 4.956830
-69.100000 4.957022
-69.000000 4.957213
-68.900000 4.957402
-68.800000 4.957591
-68.700000 4.957780
-68.600000 4.957967
-68.500000 4.958153
-68.400000 4.958339
-68.300000 4.958524
-68.200000 4.958708
-68.100000 4.958892
-68.000000 4.959074
-67.900000 4.959256
-67.800000 4.959437
-67.700000 4.959617
-67.600000 4.959796
-67.500000 4.959975
-67.400000 4.960153
-67.300000 4.960330
-67.200000 4.960506
-67.100000 4.960682
-67.000000 4.960856
-66.900000 4.961030
-66.800000 4.961204
-66.700000 4.961376
-66.600000 4.961548
-66.500000 4.961719
-66.400000 4.961889
-66.300000 4.962059
-66.200000 4.962227
-66.100000 4.962395
-66.000000 4.962563
-65.900000 4.962729
-65.800000 4.962895
-65.700000 4.963060
-65.600000 4.963225
-65.500000 4.963388
-65.400000 4.963551
-65.300000 4.963713
-65.200000 4.963875
-65.100000 4.964036
-65.000000 4.964196
-64.900000 4.964355
-64.800000 4.964514
-64.700000 4.964672
-64.600000 4.964829
-64.500000 4.964986
-64.400000 4.965142
-64.300000 4.965297
-64.200000 4.965452
-64.100000 4.965606
-64.000000 4.965759
-63.900000 4.965912
-63.800000 4.966064
-63.700000 4.966215
-63.600000 4.966366
-63.500000 4.966516
-63.400000 4.966665
-63.300000 4.966814
-63.200000 4.966962
-63.100000 4.967109
-63.000000 4.967256
-62.900000 4.967402
-62.800000 4.967547
-62.700000 4.967692
-62.600000 4.967836
-62.500000 4.967979
-62.400000 4.968122
-62.300000 4.968265
-62.200000 4.968406
-62.100000 4.968547
-62.000000 4.968688
-61.900000 4.968828
-61.800000 4.968967
-61.700000 4.969105
-61.600000 4.969243
-61.500000 4.969381
-61.400000 4.969517
-61.300000 4.969653
-61.200000 4.969789
-61.100000 4.969924
-61.000000 4.970058
-60.900000 4.970192
-60.800000 4.970325
-60.700000 4.970458
-60.600000 4.970590
-60.500000 4.970721
-60.400000 4.970852
-60.300000 4.970983
-60.200000 4.971112
-60.100000 4.971241
-60.000000 4.971370
-59.900000 4.971498
-59.800000 4.971626
-59.700000 4.971752
-59.600000 4.971879
-59.500000 4.972005
-59.400000 4.972130
-59.300000 4.972255
-59.200000 4.972379
-59.100000 4.972502
-59.000000 4.972625
-58.900000 4.972748
-58.800000 4.972870
-58.700000 4.972991
-58.600000 4.973112
-58.500000 4.973233
-58.400000 4.973352
-58.300000 4.973472
-58.200000 4.973591
-58.100000 4.973709
-58.000000 4.973827
-57.900000 4.973944
-57.800000 4.974060
-57.700000 4.974177
-57.600000 4.974292
-57.500000 4.974408
-57.400000 4.974522
-57.300000 4.974636
-57.200000 4.974750
-57.100000 4.974863
-57.000000 4.974976
-56.900000 4.975088
-56.800000 4.975200
-56.700000 4.975311
-56.600000 4.975422
-56.500000 4.975532
-56.400000 4.975642
-56.300000 4.975751
-56.200000 4.975860
-56.100000 4.975968
-56.000000 4.976076
-55.900000 4.976183
-55.800000 4.976290
-55.700000 4.976396
-55.600000 4.976502
-55.500000 4.976608
-55.400000 4.976713
-55.300000 4.976817
-55.200000 4.976921
-55.100000 4.977025
-55.000000 4.977128
-54.900000 4.977231
-54.800000 4.977333
-54.700000 4.977435
-54.600000 4.977536
-54.500000 4.977637
-54.400000 4.977737
-54.300000 4.977837
-54.200000 4.977937
-54.100000 4.978036
-54.000000 4.978135
-53.900000 4.978233
-53.800000 4.978331
-53.700000 4.978428
-53.600000 4.978525
-53.500000 4.978621
-53.400000 4.978718
-53.300000 4.978813
-53.200000 4.978908
-53.100000 4.979003
-53.000000 4.979098
-52.900000 4.979192
-52.800000 4.979285
-52.700000 4.979378
-52.600000 4.979471
-52.500000 4.979564
-52.400000 4.979655
-52.300000 4.979747
-52.200000 4.979838
-52.100000 4.979929
-52.000000 4.980019
-51.900000 4.980109
-51.800000 4.980199
-51.700000 4.980288
-51.600000 4.980376
-51.500000 4.980465
-51.400000 4.980553
-51.300000 4.980640
-51.200000 4.980727
-51.100000 4.980814
-51.000000 4.980901
-50.900000 4.980987
-50.800000 4.981072
-50.700000 4.981157
-50.600000 4.981242
-50.500000 4.981327
-50.400000 4.981411
-50.300000 4.981495
-50.200000 4.981578
-50.100000 4.981661
-50.000000 4.981744
-49.900000 4.981826
-49.800000 4.981908
-49.700000 4.981989
-49.600000 4.982071
-49.500000 4.982151
-49.400000 4.982232
-49.300000 4.982312
-49.200000 4.982392
-49.100000 4.982471
-49.000000 4.982550
-48.900000 4.982629
-48.800000 4.982707
-48.700000 4.982785
-48.600000 4.982863
-48.500000 4.982940
-48.400000 4.983017
-48.300000 4.983094
-48.200000 4.983170
-48.100000 4.983246
-48.000000 4.983322
-47.900000 4.983397
-47.800000 4.983472
-47.700000 4.983546
-47.600000 4.983621
-47.500000 4.983695
-47.400000 4.983768
-47.300000 4.983841
-47.200000 4.983914
-47.100000 4.983987
-47.000000 4.984059
-46.900000 4.984131
-46.800000 4.984203
-46.700000 4.984274
-46.600000 4.984345
-46.500000 4.984416
-46.400000 4.984486
-46.300000 4.984557
-46.200000 4.984626
-46.100000 4.984696
-46.000000 4.984765
-45.900000 4.984834
-45.800000 4.984902
-45.700000 4.984971
-45.600000 4.985039
-45.500000 4.985106
-45.400000 4.985173
-45.300000 4.985241
-45.200000 4.985307
-45.100000 4.985374
-45.000000 4.985440
-44.900000 4.985506
-44.800000 4.985571
-44.700000 4.985636
-44.600000 4.985701
-44.500000 4.985766
-44.400000 4.985831
-44.300000 4.985895
-44.200000 4.985958
-44.100000 4.986022
-44.000000 4.986085
-43.900000 4.986148
-43.800000 4.986211
-43.700000 4.986273
-43.600000 4.986335
-43.500000 4.986397
-43.400000 4.986459
-43.300000 4.986520
-43.200000 4.986581
-43.100000 4.986642
-43.000000 4.986702
-42.900000 4.986763
-42.800000 4.986823
-42.700000 4.986882
-42.600000 4.986942
-42.500000 4.987001
-42.400000 4.987060
-42.300000 4.987118
-42.200000 4.987177
-42.100000 4.987235
-42.000000 4.987293
-41.900000 4.987350
-41.800000 4.987408
-41.700000 4.987465
-41.600000 4.987521
-41.500000 4.987578
-41.400000 4.987634
-41.300000 4.987690
-41.200000 4.987746
-41.100000 4.987802
-41.000000 4.987857
-40.900000 4.987912
-40.800000 4.987967
-40.700000 4.988021
-40.600000 4.988076
-40.500000 4.988130
-40.400000 4.988184
-40.300000 4.988237
-40.200000 4.988291
-40.100000 4.988344
-40.000000 4.988397
-39.900000 4.988449
-39.800000 4.988502
-39.700000 4.988554
-39.600000 4.988606
-39.500000 4.988658
-39.400000 4.988709
-39.300000 4.988760
-39.200000 4.988811
-39.100000 4.988862
-39.000000 4.988913
-38.900000 4.988963
-38.800000 4.989013
-38.700000 4.989063
-38.600000 4.989113
-38.500000 4.989162
-38.400000 4.989211
-38.300000 4.989260
-38.200000 4.989309
-38.100000 4.989358
-38.000000 4.989406
-37.900000 4.989454
-37.800000 4.989502
-37.700000 4.989550
-37.600000 4.989597
-37.500000 4.989645
-37.400000 4.989692
-37.300000 4.989738
-37.200000 4.989785
-37.100000 4.989832
-37.000000 4.989878
-36.900000 4.989924
-36.800000 4.989970
-36.700000 4.990015
-36.600000 4.990061
-36.500000 4.990106
-36.400000 4.990151
-36.300000 4.990196
-36.200000 4.990240
-36.100000 4.990285
-36.000000 4.990329
-35.900000 4.990373
-35.800000 4.990417
-35.700000 4.990460
-35.600000 4.990504
-35.500000 4.990547
-35.400000 4.990590
-35.300000 4.990633
-35.200000 4.990675
-35.100000 4.990718
-35.000000 4.990760
-34.900000 4.990802
-34.800000 4.990844
-34.700000 4.990885
-34.600000 4.990927
-34.500000 4.990968
-34.400000 4.991009
-34.300000 4.991050
-34.200000 4.991091
-34.100000 4.991132
-34.000000 4.991172
-33.900000 4.991212
-33.800000 4.991252
-33.700000 4.991292
-33.600000 4.991332
-33.500000 4.991371
-33.400000 4.991411
-33.300000 4.991450
-33.200000 4.991489
-33.100000 4.991527
-33.000000 4.991566
-32.900000 4.991604
-32.800000 4.991643
-32.700000 4.991681
-32.600000 4.991719
-32.500000 4.991756
-32.400000 4.991794
-32.300000 4.991831
-32.200000 4.991869
-32.100000 4.991906
-32.000000 4.991943
-31.900000 4.991979
-31.800000 4.992016
-31.700000 4.992052
-31.600000 4.992089
-31.500000 4.992125
-31.400000 4.992161
-31.300000 4.992196
-31.200000 4.992232
-31.100000 4.992267
-31.000000 4.992303
-30.900000 4.992338
-30.800000 4.992373
-30.700000 4.992408
-30.600000 4.992442
-30.500000 4.992477
-30.400000 4.992511
-30.300000 4.992545
-30.200000 4.992579
-30.100000 4.992613
-30.000000 4.992647
-29.900000 4.992680
-29.800000 4.992714
-29.700000 4.992747
-29.600000 4.992780
-29.500000 4.992813
-29.400000 4.992846
-29.300000 4.992879
-29.200000 4.992911
-29.100000 4.992944
-29.000000 4.992976
-28.900000 4.993008
-28.800000 4.993040
-28.700000 4.993072
-28.600000 4.993103
-28.500000 4.993135
-28.400000 4.993166
-28.300000 4.993197
-28.200000 4.993228
-28.100000 4.993259
-28.000000 4.993290
-27.900000 4.993321
-27.800000 4.993351
-27.700000 4.993382
-27.600000 4.993412
-27.500000 4.993442
-27.400000 4.993472
-27.300000 4.993502
-27.200000 4.993532
-27.100000 4.993561
-27.000000 4.993591
-26.900000 4.993620
-26.800000 4.993649
-26.700000 4.993678
-26.600000 4.993707
-26.500000 4.993736
-26.400000 4.993765
-26.300000 4.993793
-26.200000 4.993821
-26.100000 4.993850
-26.000000 4.993878
-25.900000 4.993906
-25.800000 4.993934
-25.700000 4.993962
-25.600000 4.993989
-25.500000 4.994017
-25.400000 4.994044
-25.300000 4.994071
-25.200000 4.994098
-25.100000 4.994125
-25.000000 4.994152
-24.900000 4.994179
-24.800000 4.994191
-24.700000 4.994164
-24.600000 4.994138
-24.500000 4.994111
-24.400000 4.994083
-24.300000 4.994056
-24.200000 4.994029
-24.100000 4.994001
-24.000000 4.993974
-23.900000 4.993946
-23.800000 4.993918
-23.700000 4.993890
-23.600000 4.993862
-23.500000 4.993834
-23.400000 4.993806
-23.300000 4.993777
-23.200000 4.993749
-23.100000 4.993720
-23.000000 4.993691
-22.900000 4.993662
-22.800000 4.993633
-22.700000 4.993604
-22.600000 4.993574
-22.500000 4.993545
-22.400000 4.993515
-22.300000 4.993485
-22.200000 4.993456
-22.100000 4.993426
-22.000000 4.993395
-21.900000 4.993365
-21.800000 4.993335
-21.700000 4.993304
-21.600000 4.993273
-21.500000 4.993242
-21.400000 4.993211
-21.300000 4.993180
-21.200000 4.993149
-21.100000 4.993117
-21.000000 4.993086
-20.900000 4.993054
-20.800000 4.993022
-20.700000 4.992990
-20.600000 4.992958
-20.500000 4.992926
-20.400000 4.992893
-20.300000 4.992861
-20.200000 4.992828
-20.100000 4.992795
-20.000000 4.992762
-19.900000 4.992729
-19.800000 4.992695
-19.700000 4.992662
-19.600000 4.992628
-19.500000 4.992594
-19.400000 4.992561
-19.300000 4.992526
-19.200000 4.992492
-19.100000 4.992458
-19.000000 4.992423
-18.900000 4.992388
-18.800000 4.992354
-18.700000 4.992318
-18.600000 4.992283
-18.500000 4.992248
-18.400000 4.992212
-18.300000 4.992177
-18.200000 4.992141
-18.100000 4.992105
-18.000000 4.992069
-17.900000 4.992032
-17.800000 4.991996
-17.700000 4.991959
-17.600000 4.991922
-17.500000 4.991885
-17.400000 4.991848
-17.300000 4.991811
-17.200000 4.991773
-17.100000 4.991736
-17.000000 4.991698
-16.900000 4.991660
-16.800000 4.991622
-16.700000 4.991583
-16.600000 4.991545
-16.500000 4.991506
-16.400000 4.991467
-16.300000 4.991428
-16.200000 4.991389
-16.100000 4.991349
-16.000000 4.991310
-15.900000 4.991270
-15.800000 4.991230
-15.700000 4.991190
-15.600000 4.991150
-15.500000 4.991109
-15.400000 4.991069
-15.300000 4.991028
-15.200000 4.990987
-15.100000 4.990945
-15.000000 4.990904
-14.900000 4.990862
-14.800000 4.990821
-14.700000 4.990779
-14.600000 4.990737
-14.500000 4.990694
-14.400000 4.990652
-14.300000 4.990609
-14.200000 4.990566
-14.100000 4.990523
-14.000000 4.990480
-13.900000 4.990436
-13.800000 4.990392
-13.700000 4.990348
-13.600000 4.990304
-13.500000 4.990260
-13.400000 4.990216
-13.300000 4.990171
-13.200000 4.990126
-13.100000 4.990081
-13.000000 4.990036
-12.900000 4.989990
-12.800000 4.989944
-12.700000 4.989898
-12.600000 4.989852
-12.500000 4.989806
-12.400000 4.989759
-12.300000 4.989713
-12.200000 4.989666
-12.100000 4.989619
-12.000000 4.989571
-11.900000 4.989524
-11.800000 4.989476
-11.700000 4.989428
-11.600000 4.989379
-11.500000 4.989331
-11.400000 4.989282
-11.300000 4.989233
-11.200000 4.989184
-11.100000 4.989135
-11.000000 4.989085
-10.900000 4.989036
-10.800000 4.988986
-10.700000 4.988935
-10.600000 4.988885
-10.500000 4.988834
-10.400000 4.988783
-10.300000 4.988732
-10.200000 4.988681
-10.100000 4.988629
-10.000000 4.988577
-9.900000 4.988525
-9.800000 4.988473
-9.700000 4.988420
-9.600000 4.988368
-9.500000 4.988315
-9.400000 4.988261
-9.300000 4.988208
-9.200000 4.988154
-9.100000 4.988100
-9.000000 4.988046
-8.900000 4.987991
-8.800000 4.987937
-8.700000 4.987882
-8.600000 4.987827
-8.500000 4.987771
-8.400000 4.987715
-8.300000 4.987659
-8.200000 4.987603
-8.100000 4.987547
-8.000000 4.987490
-7.900000 4.987433
-7.800000 4.987376
-7.700000 4.987319
-7.600000 4.987261
-7.500000 4.987203
-7.400000 4.987145
-7.300000 4.987086
-7.200000 4.987027
-7.100000 4.986968
-7.000000 4.986909
-6.900000 4.986849
-6.800000 4.986790
-6.700000 4.986729
-6.600000 4.986669
-6.500000 4.986608
-6.400000 4.986548
-6.300000 4.986486
-6.200000 4.986425
-6.100000 4.986363
-6.000000 4.986301
-5.900000 4.986239
-5.800000 4.986176
-5.700000 4.986114
-5.600000 4.986050
-5.500000 4.985987
-5.400000 4.985923
-5.300000 4.985859
-5.200000 4.985795
-5.100000 4.985730
-5.000000 4.985666
-4.900000 4.985601
-4.800000 4.985535
-4.700000 4.985469
-4.600000 4.985403
-4.500000 4.985337
-4.400000 4.985270
-4.300000 4.985204
-4.200000 4.985136
-4.100000 4.985069
-4.000000 4.985001
-3.900000 4.984933
-3.800000 4.984865
-3.700000 4.984796
-3.600000 4.984727
-3.500000 4.984658
-3.400000 4.984588
-3.300000 4.984518
-3.200000 4.984448
-3.100000 4.984377
-3.000000 4.984306
-2.900000 4.984235
-2.800000 4.984163
-2.700000 4.984092
-2.600000 4.984019
-2.500000 4.983947
-2.400000 4.983874
-2.300000 4.983801
-2.200000 4.983728
-2.100000 4.983654
-2.000000 4.983580
-1.900000 4.983505
-1.800000 4.983430
-1.700000 4.983355
-1.600000 4.983280
-1.500000 4.983204
-1.400000 4.983128
-1.300000 4.983051
-1.200000 4.982975
-1.100000 4.982897
-1.000000 4.982820
-0.900000 4.982742
-0.800000 4.982664
-0.700000 4.982585
-0.600000 4.982507
-0.500000 4.982427
-0.400000 4.982348
-0.300000 4.982268
-0.200000 4.982187
-0.100000 4.982107
-0.000000 4.982026
0.100000 4.981944
0.200000 4.981863
0.300000 4.981781
0.400000 4.981698
0.500000 4.981615
0.600000 4.981532
0.700000 4.981448
0.800000 4.981365
0.900000 4.981280
1.000000 4.981195
1.100000 4.981110
1.200000 4.981025
1.300000 4.980939
1.400000 4.980853
1.500000 4.980766
1.600000 4.980679
1.700000 4.980592
1.800000 4.980504
1.900000 4.980416
2.000000 4.980327
2.100000 4.980239
2.200000 4.980149
2.300000 4.980059
2.400000 4.979969
2.500000 4.979879
2.600000 4.979788
2.700000 4.979697
2.800000 4.979605
2.900000 4.979513
3.000000 4.979420
3.100000 4.979327
3.200000 4.979234
3.300000 4.979140
3.400000 4.979046
3.500000 4.978951
3.600000 4.978856
3.700000 4.978761
3.800000 4.978665
3.900000 4.978568
4.000000 4.978472
4.100000 4.978374
4.200000 4.978277
4.300000 4.978179
4.400000 4.978080
4.500000 4.977981
4.600000 4.977882
4.700000 4.977782
4.800000 4.977682
4.900000 4.977581
5.000000 4.977480
5.100000 4.977378
5.200000 4.977276
5.300000 4.977174
5.400000 4.977071
5.500000 4.976968
5.600000 4.976864
5.700000 4.976759
5.800000 4.976655
5.900000 4.976549
6.000000 4.976444
6.100000 4.976338
6.200000 4.976231
6.300000 4.976124
6.400000 4.976016
6.500000 4.975908
6.600000 4.975800
6.700000 4.975691
6.800000 4.975581
6.900000 4.975471
7.000000 4.975361
7.100000 4.975250
7.200000 4.975138
7.300000 4.975026
7.400000 4.974914
7.500000 4.974801
7.600000 4.974687
7.700000 4.974573
7.800000 4.974459
7.900000 4.974344
8.000000 4.974229
8.100000 4.974113
8.200000 4.973996
8.300000 4.973879
8.400000 4.973762
8.500000 4.973644
8.600000 4.973525
8.700000 4.973406
8.800000 4.973286
8.900000 4.973166
9.000000 4.973046
9.100000 4.972924
9.200000 4.972803
9.300000 4.972680
9.400000 4.972558
9.500000 4.972434
9.600000 4.972310
9.700000 4.972186
9.800000 4.972061
9.900000 4.971935
10.000000 4.971809
10.100000 4.971683
10.200000 4.971555
10.300000 4.971428
10.400000 4.971299
10.500000 4.971170
10.600000 4.971041
10.700000 4.970911
10.800000 4.970780
10.900000 4.970649
11.000000 4.970517
11.100000 4.970385
11.200000 4.970252
11.300000 4.970118
11.400000 4.969984
11.500000 4.969850
11.600000 4.969714
11.700000 4.969578
11.800000 4.969442
11.900000 4.969305
12.000000 4.969167
12.100000 4.969029
12.200000 4.968890
12.300000 4.968750
12.400000 4.968610
12.500000 4.968470
12.600000 4.968328
12.700000 4.968186
12.800000 4.968044
12.900000 4.967900
13.000000 4.967757
13.100000 4.967612
13.200000 4.967467
13.300000 4.967321
13.400000 4.967175
13.500000 4.967028
13.600000 4.966880
13.700000 4.966732
13.800000 4.966583
13.900000 4.966433
14.000000 4.966283
14.100000 4.966132
14.200000 4.965980
14.300000 4.965828
14.400000 4.965675
14.500000 4.965521
14.600000 4.965367
14.700000 4.965212
14.800000 4.965056
14.900000 4.964900
15.000000 4.964743
15.100000 4.964585
15.200000 4.964427
15.300000 4.964267
15.400000 4.964108
15.500000 4.963947
15.600000 4.963786
15.700000 4.963624
15.800000 4.963461
15.900000 4.963298
16.000000 4.963134
16.100000 4.962969
16.200000 4.962804
16.300000 4.962637
16.400000 4.962470
16.500000 4.962303
16.600000 4.962134
16.700000 4.961965
16.800000 4.961795
16.900000 4.961625
17.000000 4.961453
17.100000 4.961281
17.200000 4.961108
17.300000 4.960935
17.400000 4.960760
17.500000 4.960585
17.600000 4.960409
17.700000 4.960232
17.800000 4.960055
17.900000 4.959877
18.000000 4.959698
18.100000 4.959518
18.200000 4.959337
18.300000 4.959156
18.400000 4.958974
18.500000 4.958791
18.600000 4.958607
18.700000 4.958422
18.800000 4.958237
18.900000 4.958051
19.000000 4.957864
19.100000 4.957676
19.200000 4.957487
19.300000 4.957298
19.400000 4.957107
19.500000 4.956916
19.600000 4.956724
19.700000 4.956532
19.800000 4.956338
19.900000 4.956143
20.000000 4.955948
20.100000 4.955752
20.200000 4.955555
20.300000 4.955357
20.400000 4.955158
20.500000 4.954959
20.600000 4.954758
20.700000 4.954557
20.800000 4.954354
20.900000 4.954151
21.000000 4.953947
21.100000 4.953742
21.200000 4.953537
21.300000 4.953330
21.400000 4.953122
21.500000 4.952914
21.600000 4.952705
21.700000 4.952494
21.800000 4.952283
21.900000 4.952071
22.000000 4.951858
22.100000 4.951644
22.200000 4.951429
22.300000 4.951213
22.400000 4.950996
22.500000 4.950778
22.600000 4.950560
22.700000 4.950340
22.800000 4.950120
22.900000 4.949898
23.000000 4.949676
23.100000 4.949452
23.200000 4.949228
23.300000 4.949002
23.400000 4.948776
23.500000 4.948548
23.600000 4.948320
23.700000 4.948091
23.800000 4.947860
23.900000 4.947629
24.000000 4.947397
24.100000 4.947163
24.200000 4.946929
24.300000 4.946694
24.400000 4.946457
24.500000 4.946220
24.600000 4.945981
24.700000 4.945742
24.800000 4.945501
24.900000 4.945260
25.000000 4.945017
25.100000 4.944773
25.200000 4.944529
25.300000 4.944283
25.400000 4.944036
25.500000 4.943788
25.600000 4.943539
25.700000 4.943289
25.800000 4.943038
25.900000 4.942786
26.000000 4.942532
26.100000 4.942278
26.200000 4.942022
26.300000 4.941766
26.400000 4.941508
26.500000 4.941249
26.600000 4.940989
26.700000 4.940728
26.800000 4.940466
26.900000 4.940203
27.000000 4.939938
27.100000 4.939672
27.200000 4.939406
27.300000 4.939138
27.400000 4.938869
27.500000 4.938598
27.600000 4.938327
27.700000 4.938054
27.800000 4.937781
27.900000 4.937506
28.000000 4.937229
28.100000 4.936952
28.200000 4.936674
28.300000 4.936394
28.400000 4.936113
28.500000 4.935831
28.600000 4.935548
28.700000 4.935263
28.800000 4.934977
28.900000 4.934690
29.000000 4.934402
29.100000 4.934112
29.200000 4.933822
29.300000 4.933530
29.400000 4.933236
29.500000 4.932942
29.600000 4.932646
29.700000 4.932349
29.800000 4.932051
29.900000 4.931751
30.000000 4.931450
30.100000 4.931148
30.200000 4.930844
30.300000 4.930540
30.400000 4.930233
30.500000 4.929926
30.600000 4.929617
30.700000 4.929307
30.800000 4.928996
30.900000 4.928683
31.000000 4.928369
31.100000 4.928053
31.200000 4.927737
31.300000 4.927418
31.400000 4.927099
31.500000 4.926778
31.600000 4.926456
31.700000 4.926132
31.800000 4.925807
31.900000 4.925481
32.000000 4.925153
32.100000 4.924823
32.200000 4.924493
32.300000 4.924161
32.400000 4.923827
32.500000 4.923492
32.600000 4.923156
32.700000 4.922818
32.800000 4.922479
32.900000 4.922138
33.000000 4.921796
33.100000 4.921452
33.200000 4.921107
33.300000 4.920761
33.400000 4.920413
33.500000 4.920063
33.600000 4.919712
33.700000 4.919360
33.800000 4.919006
33.900000 4.918650
34.000000 4.918293
34.100000 4.917934
34.200000 4.917574
34.300000 4.917213
34.400000 4.916849
34.500000 4.916485
34.600000 4.916118
34.700000 4.915750
34.800000 4.915381
34.900000 4.915010
35.000000 4.914637
35.100000 4.914263
35.200000 4.913887
35.300000 4.913510
35.400000 4.913131
35.500000 4.912750
35.600000 4.912368
35.700000 4.911984
35.800000 4.911598
35.900000 4.911211
36.000000 4.910822
36.100000 4.910432
36.200000 4.910040
36.300000 4.909646
36.400000 4.909251
36.500000 4.908853
36.600000 4.908455
36.700000 4.908054
36.800000 4.907652
36.900000 4.907248
37.000000 4.906842
37.100000 4.906435
37.200000 4.906026
37.300000 4.905615
37.400000 4.905202
37.500000 4.904788
37.600000 4.904371
37.700000 4.903954
37.800000 4.903534
37.900000 4.903112
38.000000 4.902689
38.100000 4.902264
38.200000 4.901837
38.300000 4.901409
38.400000 4.900978
38.500000 4.900546
38.600000 4.900112
38.700000 4.899676
38.800000 4.899238
38.900000 4.898798
39.000000 4.898356
39.100000 4.897913
39.200000 4.897468
39.300000 4.897021
39.400000 4.896571
39.500000 4.896120
39.600000 4.895668
39.700000 4.895213
39.800000 4.894756
39.900000 4.894297
40.000000 4.893837
40.100000 4.893374
40.200000 4.892910
40.300000 4.892443
40.400000 4.891975
40.500000 4.891504
40.600000 4.891032
40.700000 4.890557
40.800000 4.890081
40.900000 4.889602
41.000000 4.889122
41.100000 4.888640
41.200000 4.888155
41.300000 4.887668
41.400000 4.887180
41.500000 4.886689
41.600000 4.886196
41.700000 4.885702
41.800000 4.885205
41.900000 4.884706
42.000000 4.884204
42.100000 4.883701
42.200000 4.883196
42.300000 4.882688
42.400000 4.882179
42.500000 4.881667
42.600000 4.881153
42.700000 4.880637
42.800000 4.880119
42.900000 4.879598
43.000000 4.879076
43.100000 4.878551
43.200000 4.878024
43.300000 4.877494
43.400000 4.876963
43.500000 4.876429
43.600000 4.875893
43.700000 4.875355
43.800000 4.874815
43.900000 4.874272
44.000000 4.873727
44.100000 4.873180
44.200000 4.872630
44.300000 4.872078
44.400000 4.871524
44.500000 4.870967
44.600000 4.870408
44.700000 4.869847
44.800000 4.869284
44.900000 4.868718
45.000000 4.868149
45.100000 4.867579
45.200000 4.867005
45.300000 4.866430
45.400000 4.865852
45.500000 4.865272
45.600000 4.864689
45.700000 4.864104
45.800000 4.863516
45.900000 4.862926
46.000000 4.862333
46.100000 4.861738
46.200000 4.861141
46.300000 4.860541
46.400000 4.859938
46.500000 4.859333
46.600000 4.858726
46.700000 4.858116
46.800000 4.857503
46.900000 4.856888
47.000000 4.856270
47.100000 4.855649
47.200000 4.855026
47.300000 4.854401
47.400000 4.853773
47.500000 4.853142
47.600000 4.852508
47.700000 4.851872
47.800000 4.851234
47.900000 4.850592
48.000000 4.849948
48.100000 4.849301
48.200000 4.848652
48.300000 4.848000
48.400000 4.847345
48.500000 4.846687
48.600000 4.846027
48.700000 4.845364
48.800000 4.844698
48.900000 4.844030
49.000000 4.843358
49.100000 4.842684
49.200000 4.842007
49.300000 4.841327
49.400000 4.840645
49.500000 4.839959
49.600000 4.839271
49.700000 4.838580
49.800000 4.837886
49.900000 4.837189
50.000000 4.836489
50.100000 4.835787
50.200000 4.835081
50.300000 4.834373
50.400000 4.833661
50.500000 4.832947
50.600000 4.832229
50.700000 4.831509
50.800000 4.830786
50.900000 4.830059
51.000000 4.829330
51.100000 4.828598
51.200000 4.827862
51.300000 4.827124
51.400000 4.826383
51.500000 4.825638
51.600000 4.824891
51.700000 4.824140
51.800000 4.823386
51.900000 4.822629
52.000000 4.821869
52.100000 4.821106
52.200000 4.820340
52.300000 4.819570
52.400000 4.818798
52.500000 4.818022
52.600000 4.817243
52.700000 4.816460
52.800000 4.815675
52.900000 4.814886
53.000000 4.814094
53.100000 4.813299
53.200000 4.812500
53.300000 4.811699
53.400000 4.810894
53.500000 4.810085
53.600000 4.809273
53.700000 4.808458
53.800000 4.807640
53.900000 4.806818
54.000000 4.805993
54.100000 4.805164
54.200000 4.804333
54.300000 4.803497
54.400000 4.802658
54.500000 4.801816
54.600000 4.800970
54.700000 4.800121
54.800000 4.799269
54.900000 4.798412
55.000000 4.797553
55.100000 4.796690
55.200000 4.795823
55.300000 4.794952
55.400000 4.794079
55.500000 4.793201
55.600000 4.792320
55.700000 4.791436
55.800000 4.790547
55.900000 4.789655
56.000000 4.788760
56.100000 4.787861
56.200000 4.786958
56.300000 4.786051
56.400000 4.785141
56.500000 4.784227
56.600000 4.783309
56.700000 4.782388
56.800000 4.781463
56.900000 4.780534
57.000000 4.779601
57.100000 4.778664
57.200000 4.777724
57.300000 4.776779
57.400000 4.775831
57.500000 4.774879
57.600000 4.773924
57.700000 4.772964
57.800000 4.772000
57.900000 4.771033
58.000000 4.770061
58.100000 4.769086
58.200000 4.768106
58.300000 4.767123
58.400000 4.766135
58.500000 4.765144
58.600000 4.764149
58.700000 4.763149
58.800000 4.762145
58.900000 4.761138
59.000000 4.760126
59.100000 4.759110
59.200000 4.758090
59.300000 4.757066
59.400000 4.756038
59.500000 4.755006
59.600000 4.753969
59.700000 4.752928
59.800000 4.751883
59.900000 4.750834
60.000000 4.749780
60.100000 4.748723
60.200000 4.747661
60.300000 4.746594
60.400000 4.745524
60.500000 4.744449
60.600000 4.743369
60.700000 4.742286
60.800000 4.741198
60.900000 4.740105
61.000000 4.739008
61.100000 4.737907
61.200000 4.736801
61.300000 4.735691
61.400000 4.734577
61.500000 4.733457
61.600000 4.732334
61.700000 4.731206
61.800000 4.730073
61.900000 4.728936
62.000000 4.727794
62.100000 4.726647
62.200000 4.725496
62.300000 4.724340
62.400000 4.723180
62.500000 4.722015
62.600000 4.720845
62.700000 4.719671
62.800000 4.718492
62.900000 4.717308
63.000000 4.716119
63.100000 4.714926
63.200000 4.713728
63.300000 4.712525
63.400000 4.711317
63.500000 4.710104
63.600000 4.708887
63.700000 4.707665
63.800000 4.706437
63.900000 4.705205
64.000000 4.703968
64.100000 4.702726
64.200000 4.701479
64.300000 4.700227
64.400000 4.698970
64.500000 4.697708
64.600000 4.696441
64.700000 4.695169
64.800000 4.693891
64.900000 4.692609
65.000000 4.691322
65.100000 4.690029
65.200000 4.688731
65.300000 4.687429
65.400000 4.686120
65.500000 4.684807
65.600000 4.683489
65.700000 4.682165
65.800000 4.680836
65.900000 4.679501
66.000000 4.678162
66.100000 4.676817
66.200000 4.675467
66.300000 4.674111
66.400000 4.672750
66.500000 4.671383
66.600000 4.670011
66.700000 4.668634
66.800000 4.667251
66.900000 4.665863
67.000000 4.664469
67.100000 4.663070
67.200000 4.661665
67.300000 4.660255
67.400000 4.658839
67.500000 4.657417
67.600000 4.655990
67.700000 4.654557
67.800000 4.653118
67.900000 4.651674
68.000000 4.650224
68.100000 4.648768
68.200000 4.647307
68.300000 4.645840
68.400000 4.644367
68.500000 4.642888
68.600000 4.641404
68.700000 4.639913
68.800000 4.638417
68.900000 4.636914
69.000000 4.635406
69.100000 4.633892
69.200000 4.632372
69.300000 4.630846
69.400000 4.629314
69.500000 4.627776
69.600000 4.626232
69.700000 4.624682
69.800000 4.623125
69.900000 4.621563
70.000000 4.619995
70.100000 4.618420
70.200000 4.616839
70.300000 4.615252
70.400000 4.613659
70.500000 4.612059
70.600000 4.610454
70.700000 4.608842
70.800000 4.607223
70.900000 4.605599
71.000000 4.603967
71.100000 4.602330
71.200000 4.600686
71.300000 4.599036
71.400000 4.597379
71.500000 4.595716
71.600000 4.594047
71.700000 4.592370
71.800000 4.590688
71.900000 4.588999
72.000000 4.587303
72.100000 4.585600
72.200000 4.583891
72.300000 4.582176
72.400000 4.580453
72.500000 4.578724
72.600000 4.576988
72.700000 4.575246
72.800000 4.573496
72.900000 4.571740
73.000000 4.569977
73.100000 4.568208
73.200000 4.566431
73.300000 4.564647
73.400000 4.562857
73.500000 4.561060
73.600000 4.559255
73.700000 4.557444
73.800000 4.555626
73.900000 4.553800
74.000000 4.551968
74.100000 4.550128
74.200000 4.548282
74.300000 4.546428
74.400000 4.544567
74.500000 4.542699
74.600000 4.540824
74.700000 4.538941
74.800000 4.537052
74.900000 4.535154
75.000000 4.533250
75.100000 4.531338
75.200000 4.529419
75.300000 4.527493
75.400000 4.525559
75.500000 4.523618
75.600000 4.521669
75.700000 4.519713
75.800000 4.517749
75.900000 4.515778
76.000000 4.513799
76.100000 4.511813
76.200000 4.509819
76.300000 4.507817
76.400000 4.505808
76.500000 4.503791
76.600000 4.501766
76.700000 4.499734
76.800000 4.497693
76.900000 4.495645
77.000000 4.493589
77.100000 4.491526
77.200000 4.489454
77.300000 4.487375
77.400000 4.485287
77.500000 4.483192
77.600000 4.481089
77.700000 4.478977
77.800000 4.476858
77.900000 4.474730
78.000000 4.472595
78.100000 4.470451
78.200000 4.468299
78.300000 4.466139
78.400000 4.463971
78.500000 4.461795
78.600000 4.459610
78.700000 4.457417
78.800000 4.455216
78.900000 4.453006
79.000000 4.450788
79.100000 4.448562
79.200000 4.446327
79.300000 4.444084
79.400000 4.441832
79.500000 4.439572
79.600000 4.437304
79.700000 4.435026
79.800000 4.432740
79.900000 4.430446
80.000000 4.428143
80.100000 4.425831
80.200000 4.423510
80.300000 4.421181
80.400000 4.418843
80.500000 4.416496
80.600000 4.414141
80.700000 4.411776
80.800000 4.409403
80.900000 4.407021
81.000000 4.404629
81.100000 4.402229
81.200000 4.399820
81.300000 4.397402
81.400000 4.394975
81.500000 4.392538
81.600000 4.390093
81.700000 4.387639
81.800000 4.385175
81.900000 4.382702
82.000000 4.380220
82.100000 4.377728
82.200000 4.375228
82.300000 4.372718
82.400000 4.370198
82.500000 4.367670
82.600000 4.365131
82.700000 4.362584
82.800000 4.360027
82.900000 4.357460
83.000000 4.354884
83.100000 4.352299
83.200000 4.349703
83.300000 4.347099
83.400000 4.344484
83.500000 4.341860
83.600000 4.339226
83.700000 4.336582
83.800000 4.333929
83.900000 4.331266
84.000000 4.328593
84.100000 4.325910
84.200000 4.323217
84.300000 4.320514
84.400000 4.317802
84.500000 4.315079
84.600000 4.312346
84.700000 4.309603
84.800000 4.306850
84.900000 4.304087
85.000000 4.301314
85.100000 4.298531
85.200000 4.295738
85.300000 4.292934
85.400000 4.290120
85.500000 4.287295
85.600000 4.284461
85.700000 4.281616
85.800000 4.278760
85.900000 4.275894
86.000000 4.273018
86.100000 4.270131
86.200000 4.267234
86.300000 4.264326
86.400000 4.261407
86.500000 4.258478
86.600000 4.255538
86.700000 4.252587
86.800000 4.249626
86.900000 4.246654
87.000000 4.243671
87.100000 4.240678
87.200000 4.237673
87.300000 4.234658
87.400000 4.231631
87.500000 4.228594
87.600000 4.225546
87.700000 4.222486
87.800000 4.219416
87.900000 4.216335
88.000000 4.213242
88.100000 4.210138
88.200000 4.207023
88.300000 4.203897
88.400000 4.200760
88.500000 4.197611
88.600000 4.194451
88.700000 4.191280
88.800000 4.188097
88.900000 4.184903
89.000000 4.181697
89.100000 4.178480
89.200000 4.175251
89.300000 4.172011
89.400000 4.168759
89.500000 4.165496
89.600000 4.162221
89.700000 4.158934
89.800000 4.155635
89.900000 4.152325
90.000000 4.149003
90.100000 4.145669
90.200000 4.142323
90.300000 4.138965
90.400000 4.135596
90.500000 4.132214
90.600000 4.128821
90.700000 4.125415
90.800000 4.121997
90.900000 4.118567
91.000000 4.115125
91.100000 4.111671
91.200000 4.108205
91.300000 4.104726
91.400000 4.101235
91.500000 4.097732
91.600000 4.094217
91.700000 4.090689
91.800000 4.087148
91.900000 4.083596
92.000000 4.080030
92.100000 4.076453
92.200000 4.072862
92.300000 4.069259
92.400000 4.065644
92.500000 4.062015
92.600000 4.058374
92.700000 4.054721
92.800000 4.051054
92.900000 4.047375
93.000000 4.043683
93.100000 4.039978
93.200000 4.036260
93.300000 4.032529
93.400000 4.028785
93.500000 4.025028
93.600000 4.021258
93.700000 4.017475
93.800000 4.013679
93.900000 4.009870
94.000000 4.006048
94.100000 4.002212
94.200000 3.998363
94.300000 3.994501
94.400000 3.990625
94.500000 3.986736
94.600000 3.982834
94.700000 3.978918
94.800000 3.974989
94.900000 3.971046
95.000000 3.967090
95.100000 3.963120
95.200000 3.959136
95.300000 3.955139
95.400000 3.951128
95.500000 3.947103
95.600000 3.943065
95.700000 3.939013
95.800000 3.934947
95.900000 3.930867
96.000000 3.926773
96.100000 3.922665
96.200000 3.918544
96.300000 3.914408
96.400000 3.910258
96.500000 3.906094
96.600000 3.901916
96.700000 3.897724
96.800000 3.893518
96.900000 3.889297
97.000000 3.885062
97.100000 3.880813
97.200000 3.876550
97.300000 3.872272
97.400000 3.867980
97.500000 3.863673
97.600000 3.859352
97.700000 3.855016
97.800000 3.850666
97.900000 3.846301
98.000000 3.841922
98.100000 3.837528
98.200000 3.833119
98.300000 3.828695
98.400000 3.824257
98.500000 3.819804
98.600000 3.815336
98.700000 3.810854
98.800000 3.806356
98.900000 3.801843
99.000000 3.797316
99.100000 3.792773
99.200000 3.788216
99.300000 3.783643
99.400000 3.779055
99.500000 3.774452
99.600000 3.769834
99.700000 3.765201
99.800000 3.760552
99.900000 3.755888
100.000000 3.751209
100.100000 3.746515
100.200000 3.741805
100.300000 3.737079
100.400000 3.732338
100.500000 3.727582
100.600000 3.722810
100.700000 3.718023
100.800000 3.713219
100.900000 3.708401
101.000000 3.703566
101.100000 3.698716
101.200000 3.693850
101.300000 3.688969
101.400000 3.684071
101.500000 3.679158
101.600000 3.674229
101.700000 3.669284
101.800000 3.664323
101.900000 3.659346
102.000000 3.654353
102.100000 3.649344
102.200000 3.644319
102.300000 3.639278
102.400000 3.634220
102.500000 3.629147
102.600000 3.624057
102.700000 3.618951
102.800000 3.613829
102.900000 3.608690
103.000000 3.603535
103.100000 3.598364
103.200000 3.593176
103.300000 3.587972
103.400000 3.582751
103.500000 3.577514
103.600000 3.572260
103.700000 3.566989
103.800000 3.561702
103.900000 3.556399
104.000000 3.551079
104.100000 3.545742
104.200000 3.540388
104.300000 3.535017
104.400000 3.529630
104.500000 3.524226
104.600000 3.518805
104.700000 3.513367
104.800000 3.507912
104.900000 3.502440
105.000000 3.496952
105.100000 3.491446
105.200000 3.485923
105.300000 3.480383
105.400000 3.474826
105.500000 3.469252
105.600000 3.463660
105.700000 3.458052
105.800000 3.452426
105.900000 3.446783
106.000000 3.441122
106.100000 3.435445
106.200000 3.429750
106.300000 3.424037
106.400000 3.418307
106.500000 3.412560
106.600000 3.406795
106.700000 3.401013
106.800000 3.395213
106.900000 3.389396
107.000000 3.383561
107.100000 3.377708
107.200000 3.371838
107.300000 3.365950
107.400000 3.360045
107.500000 3.354121
107.600000 3.348180
107.700000 3.342222
107.800000 3.336245
107.900000 3.330251
108.000000 3.324238
108.100000 3.318208
108.200000 3.312160
108.300000 3.306094
108.400000 3.300010
108.500000 3.293908
108.600000 3.287788
108.700000 3.281650
108.800000 3.275494
108.900000 3.269320
109.000000 3.263128
109.100000 3.256917
109.200000 3.250689
109.300000 3.244442
109.400000 3.238177
109.500000 3.231894
109.600000 3.225593
109.700000 3.219273
109.800000 3.212935
109.900000 3.206579
110.000000 3.200204
110.100000 3.193811
110.200000 3.187400
110.300000 3.180970
110.400000 3.174522
110.500000 3.168055
110.600000 3.161570
110.700000 3.155067
110.800000 3.148544
110.900000 3.142004
111.000000 3.135445
111.100000 3.128867
111.200000 3.122271
111.300000 3.115656
111.400000 3.109022
111.500000 3.102370
111.600000 3.095700
111.700000 3.089010
111.800000 3.082302
111.900000 3.075575
112.000000 3.068830
112.100000 3.062065
112.200000 3.055282
112.300000 3.048480
112.400000 3.041660
112.500000 3.034820
112.600000 3.027962
112.700000 3.021085
112.800000 3.014189
112.900000 3.007275
113.000000 3.000341
113.100000 2.993389
113.200000 2.986417
113.300000 2.979427
113.400000 2.972418
113.500000 2.965390
113.600000 2.958343
113.700000 2.951277
113.800000 2.944192
113.900000 2.937089
114.000000 2.929966
114.100000 2.922824
114.200000 2.915663
114.300000 2.908483
114.400000 2.901285
114.500000 2.894067
114.600000 2.886830
114.700000 2.879574
114.800000 2.872300
114.900000 2.865006
115.000000 2.857693
115.100000 2.850361
115.200000 2.843010
115.300000 2.835640
115.400000 2.828251
115.500000 2.820843
115.600000 2.813415
115.700000 2.805969
115.800000 2.798504
115.900000 2.791019
116.000000 2.783516
116.100000 2.775994
116.200000 2.768452
116.300000 2.760891
116.400000 2.753312
116.500000 2.745713
116.600000 2.738095
116.700000 2.730458
116.800000 2.722803
116.900000 2.715128
117.000000 2.707434
117.100000 2.699721
117.200000 2.691989
117.300000 2.684238
117.400000 2.676468
117.500000 2.668679
117.600000 2.660871
117.700000 2.653044
117.800000 2.645198
117.900000 2.637333
118.000000 2.629449
118.100000 2.621547
118.200000 2.613625
118.300000 2.605684
118.400000 2.597725
118.500000 2.589746
118.600000 2.581749
118.700000 2.573733
118.800000 2.565698
118.900000 2.557644
119.000000 2.549571
119.100000 2.541480
119.200000 2.533370
119.300000 2.525241
119.400000 2.517093
119.500000 2.508927
119.600000 2.500742
119.700000 2.492538
119.800000 2.484315
119.900000 2.476074
120.000000 2.467815
120.100000 2.459536
120.200000 2.451240
120.300000 2.442924
120.400000 2.434591
120.500000 2.426238
120.600000 2.417868
120.700000 2.409478
120.800000 2.401071
120.900000 2.392645
121.000000 2.384201
121.100000 2.375738
121.200000 2.367258
121.300000 2.358759
121.400000 2.350242
121.500000 2.341706
121.600000 2.333153
121.700000 2.324582
121.800000 2.315992
121.900000 2.307385
122.000000 2.298759
122.100000 2.290116
122.200000 2.281455
122.300000 2.272775
122.400000 2.264079
122.500000 2.255364
122.600000 2.246632
122.700000 2.237882
122.800000 2.229114
122.900000 2.220329
123.000000 2.211526
123.100000 2.202706
123.200000 2.193869
123.300000 2.185014
123.400000 2.176142
123.500000 2.167252
123.600000 2.158346
123.700000 2.149422
123.800000 2.140481
123.900000 2.131523
124.000000 2.122548
124.100000 2.113557
124.200000 2.104548
124.300000 2.095523
124.400000 2.086481
124.500000 2.077422
124.600000 2.068347
124.700000 2.059255
124.800000 2.050147
124.900000 2.041022
125.000000 2.031881
125.100000 2.022724
125.200000 2.013550
125.300000 2.004361
125.400000 1.995155
125.500000 1.985934
125.600000 1.976697
125.700000 1.967443
125.800000 1.958175
125.900000 1.948890
126.000000 1.939590
126.100000 1.930275
126.200000 1.920944
126.300000 1.911598
126.400000 1.902236
126.500000 1.892860
126.600000 1.883468
126.700000 1.874062
126.800000 1.864640
126.900000 1.855204
127.000000 1.845754
127.100000 1.836288
127.200000 1.826809
127.300000 1.817314
127.400000 1.807806
127.500000 1.798283
127.600000 1.788747
127.700000 1.779196
127.800000 1.769632
127.900000 1.760053
128.000000 1.750462
128.100000 1.740856
128.200000 1.731237
128.300000 1.721605
128.400000 1.711960
128.500000 1.702302
128.600000 1.692630
128.700000 1.682946
128.800000 1.673249
128.900000 1.663540
129.000000 1.653818
129.100000 1.644084
129.200000 1.634337
129.300000 1.624578
129.400000 1.614808
129.500000 1.605026
129.600000 1.595231
129.700000 1.585426
129.800000 1.575609
129.900000 1.565781
130.000000 1.555941
130.100000 1.546091
130.200000 1.536229
130.300000 1.526357
130.400000 1.516475
130.500000 1.506582
130.600000 1.496678
130.700000 1.486765
130.800000 1.476842
130.900000 1.466909
131.000000 1.456966
131.100000 1.447014
131.200000 1.437052
131.300000 1.427082
131.400000 1.417102
131.500000 1.407113
131.600000 1.397116
131.700000 1.387111
131.800000 1.377097
131.900000 1.367075
132.000000 1.357045
132.100000 1.347007
132.200000 1.336962
132.300000 1.326909
132.400000 1.316849
132.500000 1.306782
132.600000 1.296708
132.700000 1.286628
132.800000 1.276541
132.900000 1.266448
133.000000 1.256348
133.100000 1.246243
133.200000 1.236132
133.300000 1.226016
133.400000 1.215895
133.500000 1.205768
133.600000 1.195637
133.700000 1.185501
133.800000 1.175361
133.900000 1.165217
134.000000 1.155068
134.100000 1.144916
134.200000 1.134761
134.300000 1.124602
134.400000 1.114440
134.500000 1.104275
134.600000 1.094108
134.700000 1.083938
134.800000 1.073767
134.900000 1.063593
135.000000 1.053418
135.100000 1.043242
135.200000 1.033064
135.300000 1.022886
135.400000 1.012707
135.500000 1.002527
135.600000 0.992361
135.700000 0.982247
135.800000 0.972184
135.900000 0.962173
136.000000 0.952214
136.100000 0.942307
136.200000 0.932451
136.300000 0.922647
136.400000 0.912896
136.500000 0.903196
136.600000 0.893547
136.700000 0.883951
136.800000 0.874406
136.900000 0.864913
137.000000 0.855472
137.100000 0.846083
137.200000 0.836746
137.300000 0.827460
137.400000 0.818227
137.500000 0.809045
137.600000 0.799915
137.700000 0.790836
137.800000 0.781810
137.900000 0.772835
138.000000 0.763912
138.100000 0.755041
138.200000 0.746222
138.300000 0.737454
138.400000 0.728739
138.500000 0.720075
138.600000 0.711463
138.700000 0.702902
138.800000 0.694394
138.900000 0.685937
139.000000 0.677533
139.100000 0.669180
139.200000 0.660878
139.300000 0.652629
139.400000 0.644432
139.500000 0.636286
139.600000 0.628192
139.700000 0.620150
139.800000 0.612159
139.900000 0.604221
140.000000 0.596334
140.100000 0.588499
140.200000 0.580716
140.300000 0.572985
140.400000 0.565306
140.500000 0.557678
140.600000 0.550102
140.700000 0.542578
140.800000 0.535106
140.900000 0.527685
141.000000 0.520317
141.100000 0.513000
141.200000 0.505735
141.300000 0.498522
141.400000 0.491360
141.500000 0.484251
141.600000 0.477193
141.700000 0.470187
141.800000 0.463233
141.900000 0.456331
142.000000 0.449480
142.100000 0.442682
142.200000 0.435935
142.300000 0.429240
142.400000 0.422596
142.500000 0.416005
142.600000 0.409465
142.700000 0.402977
142.800000 0.396541
142.900000 0.390157
143.000000 0.383825
143.100000 0.377544
143.200000 0.371315
143.300000 0.365138
143.400000 0.359013
143.500000 0.352940
143.600000 0.346918
143.700000 0.340949
143.800000 0.335031
143.900000 0.329165
144.000000 0.323350
144.100000 0.317588
144.200000 0.311877
144.300000 0.306218
144.400000 0.300611
144.500000 0.295056
144.600000 0.289552
144.700000 0.284101
144.800000 0.278701
144.900000 0.273353
145.000000 0.268057
145.100000 0.262812
145.200000 0.257620
145.300000 0.252479
145.400000 0.247390
145.500000 0.242353
145.600000 0.237367
145.700000 0.232434
145.800000 0.227552
145.900000 0.222722
146.000000 0.217944
146.100000 0.213218
146.200000 0.208543
146.300000 0.203921
146.400000 0.199350
146.500000 0.194831
146.600000 0.190363
146.700000 0.185948
146.800000 0.181584
146.900000 0.177273
147.000000 0.173013
147.100000 0.168804
147.200000 0.164648
147.300000 0.160543
147.400000 0.156491
147.500000 0.152490
147.600000 0.148540
147.700000 0.144643
147.800000 0.140798
147.900000 0.137004
148.000000 0.133262
148.100000 0.129572
148.200000 0.125934
148.300000 0.122347
148.400000 0.118812
148.500000 0.115329
148.600000 0.111898
148.700000 0.108519
148.800000 0.105192
148.900000 0.101916
149.000000 0.098692
149.100000 0.095520
149.200000 0.092400
149.300000 0.089332
149.400000 0.086315
149.500000 0.083350
149.600000 0.080437
149.700000 0.077576
149.800000 0.074767
149.900000 0.072009
150.000000 0.069304
150.100000 0.066650
150.200000 0.064048
150.300000 0.061497
150.400000 0.058999
150.500000 0.056552
150.600000 0.054157
150.700000 0.051814
150.800000 0.049523
150.900000 0.047284
151.000000 0.045096
151.100000 0.042960
151.200000 0.040876
151.300000 0.038844
151.400000 0.036864
151.500000 0.034935
151.600000 0.033058
151.700000 0.031233
151.800000 0.029460
151.900000 0.027739
152.000000 0.026069
152.100000 0.024452
152.200000 0.022886
152.300000 0.021372
152.400000 0.019909
152.500000 0.018499
152.600000 0.017140
152.700000 0.015833
152.800000 0.014578
152.900000 0.013375
153.000000 0.012224
153.100000 0.011124
153.200000 0.010076
153.300000 0.009080
153.400000 0.008136
153.500000 0.007244
153.600000 0.006403
153.700000 0.005614
153.800000 0.004877
153.900000 0.004192
154.000000 0.003559
154.100000 0.002977
154.200000 0.002448
154.300000 0.001970
154.400000 0.001544
154.500000 0.001169
154.600000 0.000847
154.700000 0.000576
154.800000 0.000357
154.900000 0.000190
155.000000 0.000075
155.100000 0.000012
155.200000 0.000000
155.300000 0.000040
155.400000 0.000132
155.500000 0.000276
155.600000 0.000472
155.700000 0.000719
155.800000 0.001018
155.900000 0.001369
156.000000 0.001772
156.100000 0.002227
156.200000 0.002733
156.300000 0.003292
156.400000 0.003902
156.500000 0.004564
156.600000 0.005277
156.700000 0.006043
156.800000 0.006860
156.900000 0.007729
157.000000 0.008650
157.100000 0.009623
157.200000 0.010648
157.300000 0.011724
157.400000 0.012852
157.500000 0.014032
157.600000 0.015264
157.700000 0.016548
157.800000 0.017883
157.900000 0.019271
158.000000 0.020710
158.100000 0.022200
158.200000 0.023743
158.300000 0.025338
158.400000 0.026984
158.500000 0.028682
158.600000 0.030432
158.700000 0.032234
158.800000 0.034087
158.900000 0.035993
159.000000 0.037950
159.100000 0.039959
159.200000 0.042020
159.300000 0.044132
159.400000 0.046297
159.500000 0.048513
159.600000 0.050781
159.700000 0.053101
159.800000 0.055472
159.900000 0.057896
160.000000 0.060371
160.100000 0.062898
160.200000 0.065477
160.300000 0.068108
160.400000 0.070790
160.500000 0.073524
160.600000 0.076310
160.700000 0.079148
160.800000 0.082038
160.900000 0.084980
161.000000 0.087973
161.100000 0.091018
161.200000 0.094115
161.300000 0.097264
161.400000 0.100465
161.500000 0.103717
161.600000 0.107021
161.700000 0.110377
161.800000 0.113785
161.900000 0.117245
162.000000 0.120756
162.100000 0.124319
162.200000 0.127934
162.300000 0.131601
162.400000 0.135320
162.500000 0.139091
162.600000 0.142913
162.700000 0.146787
162.800000 0.150713
162.900000 0.154691
163.000000 0.158720
163.100000 0.162802
163.200000 0.166935
163.300000 0.171120
163.400000 0.175356
163.500000 0.179645
163.600000 0.183985
163.700000 0.188378
163.800000 0.192822
163.900000 0.197318
164.000000 0.201865
164.100000 0.206465
164.200000 0.211116
164.300000 0.215819
164.400000 0.220574
164.500000 0.225381
164.600000 0.230239
164.700000 0.235149
164.800000 0.240112
164.900000 0.245126
165.000000 0.250191
165.100000 0.255309
165.200000 0.260478
165.300000 0.265699
165.400000 0.270972
165.500000 0.276297
165.600000 0.281674
165.700000 0.287102
165.800000 0.292582
165.900000 0.298114
166.000000 0.303698
166.100000 0.309334
166.200000 0.315021
166.300000 0.320761
166.400000 0.326552
166.500000 0.332395
166.600000 0.338289
166.700000 0.344236
166.800000 0.350234
166.900000 0.356284
167.000000 0.362386
167.100000 0.368540
167.200000 0.374746
167.300000 0.381003
167.400000 0.387312
167.500000 0.393673
167.600000 0.400086
167.700000 0.406551
167.800000 0.413067
167.900000 0.419635
168.000000 0.426255
168.100000 0.432927
168.200000 0.439651
168.300000 0.446426
168.400000 0.453253
168.500000 0.460133
168.600000 0.467063
168.700000 0.474046
168.800000 0.481081
168.900000 0.488167
169.000000 0.495305
169.100000 0.502495
169.200000 0.509737
169.300000 0.517030
169.400000 0.524376
169.500000 0.531773
169.600000 0.539222
169.700000 0.546723
169.800000 0.554275
169.900000 0.561880
170.000000 0.569536
170.100000 0.577244
170.200000 0.585004
170.300000 0.592816
170.400000 0.600679
170.500000 0.608594
170.600000 0.616561
170.700000 0.624580
170.800000 0.632651
170.900000 0.640774
171.000000 0.648948
171.100000 0.657174
171.200000 0.665452
171.300000 0.673782
171.400000 0.682163
171.500000 0.690597
171.600000 0.699082
171.700000 0.707619
171.800000 0.716208
171.900000 0.724848
172.000000 0.733541
172.100000 0.742285
172.200000 0.751081
172.300000 0.759929
172.400000 0.768829
172.500000 0.777780
172.600000 0.786783
172.700000 0.795839
172.800000 0.804945
172.900000 0.814104
173.000000 0.823315
173.100000 0.832577
173.200000 0.841891
173.300000 0.851257
173.400000 0.860675
173.500000 0.870144
173.600000 0.879666
173.700000 0.889239
173.800000 0.898864
173.900000 0.908541
174.000000 0.918270
174.100000 0.928050
174.200000 0.937882
174.300000 0.947766
174.400000 0.957702
174.500000 0.967690
174.600000 0.977729
174.700000 0.987821
174.800000 0.997964
174.900000 1.008143
175.000000 1.018322
175.100000 1.028501
175.200000 1.038679
175.300000 1.048856
175.400000 1.059032
175.500000 1.069206
175.600000 1.079378
175.700000 1.089549
175.800000 1.099717
175.900000 1.109883
176.000000 1.120046
176.100000 1.130206
176.200000 1.140363
176.300000 1.150517
176.400000 1.160667
176.500000 1.170813
176.600000 1.180956
176.700000 1.191093
176.800000 1.201227
176.900000 1.211355
177.000000 1.221479
177.100000 1.231598
177.200000 1.241711
177.300000 1.251819
177.400000 1.261920
177.500000 1.272016
177.600000 1.282106
177.700000 1.292190
177.800000 1.302266
177.900000 1.312336
178.000000 1.322400
178.100000 1.332456
178.200000 1.342504
178.300000 1.352545
178.400000 1.362579
178.500000 1.372605
178.600000 1.382622
178.700000 1.392631
178.800000 1.402632
178.900000 1.412625
179.000000 1.422608
179.100000 1.432583
179.200000 1.442549
179.300000 1.452505
179.400000 1.462452
179.500000 1.472390
179.600000 1.482317
179.700000 1.492235
179.800000 1.502143
179.900000 1.512041
180.000000 1.521928
