0.000000000000000000e+00 2.539465905135130868e+02
1.000000000000000056e-01 2.500597155135130834e+02
2.000000000000000111e-01 2.462028405135131379e+02
3.000000000000000444e-01 2.423759655135130799e+02
4.000000000000000222e-01 2.385790905135130799e+02
5.000000000000000000e-01 2.348122155135130811e+02
6.000000000000000888e-01 2.310753405135131402e+02
7.000000000000000666e-01 2.273684655135131152e+02
8.000000000000000444e-01 2.236915905135130629e+02
9.000000000000000222e-01 2.200447155135130970e+02
1.000000000000000000e+00 2.164278405135131038e+02
1.100000000000000089e+00 2.128409655135131402e+02
1.200000000000000178e+00 2.092840905135131209e+02
1.300000000000000044e+00 2.057572155135130743e+02
1.400000000000000133e+00 2.022603405135131140e+02
1.500000000000000000e+00 1.987934655135131266e+02
1.600000000000000089e+00 1.953565905135131402e+02
1.700000000000000178e+00 1.919497155135131266e+02
1.800000000000000044e+00 1.885728405135130856e+02
1.900000000000000133e+00 1.852259655135130743e+02
2.000000000000000000e+00 1.819090905135130924e+02
2.100000000000000089e+00 1.786222155135131118e+02
2.200000000000000178e+00 1.753653405135131322e+02
2.300000000000000266e+00 1.721384655135130686e+02
2.400000000000000355e+00 1.689415905135131197e+02
2.500000000000000000e+00 1.657747155135131152e+02
2.600000000000000089e+00 1.626378405135131402e+02
2.700000000000000178e+00 1.595309655135131095e+02
2.800000000000000266e+00 1.564540905135130799e+02
2.900000000000000355e+00 1.534072155135130799e+02
3.000000000000000000e+00 1.503903405135130811e+02
3.100000000000000089e+00 1.474034655135131118e+02
3.200000000000000178e+00 1.444465905135131152e+02
3.300000000000000266e+00 1.415197155135130913e+02
3.400000000000000355e+00 1.386228405135130970e+02
3.500000000000000000e+00 1.357559655135131038e+02
3.600000000000000089e+00 1.329190905135131402e+02
3.700000000000000178e+00 1.301122155135131209e+02
3.800000000000000266e+00 1.273353405135130885e+02
3.900000000000000355e+00 1.245884655135130714e+02
4.000000000000000000e+00 1.218715905135130981e+02
4.100000000000000533e+00 1.191847155135130549e+02
4.200000000000000178e+00 1.165278405135131123e+02
4.299999999999999822e+00 1.139009655135130714e+02
4.400000000000000355e+00 1.113040905135130885e+02
4.500000000000000000e+00 1.087372155135130924e+02
4.600000000000000533e+00 1.062003405135130549e+02
4.700000000000000178e+00 1.036934655135131322e+02
4.800000000000000711e+00 1.012165905135130970e+02
4.900000000000000355e+00 9.876971551351310552e+01
5.000000000000000000e+00 9.635284051351311518e+01
5.100000000000000533e+00 9.396596551351308335e+01
5.200000000000000178e+00 9.160909051351309529e+01
5.300000000000000711e+00 8.928221551351309415e+01
5.400000000000000355e+00 8.698534051351310836e+01
5.500000000000000000e+00 8.471846551351309529e+01
5.600000000000000533e+00 8.248159051351308335e+01
5.700000000000000178e+00 8.027471551351310097e+01
5.800000000000000711e+00 7.809784051351309131e+01
5.900000000000000355e+00 7.595096551351309699e+01
6.000000000000000000e+00 7.383409051351310382e+01
6.100000000000000533e+00 7.174721551351308335e+01
6.200000000000000178e+00 6.969034051351309245e+01
6.300000000000000711e+00 6.766346551351308847e+01
6.400000000000000355e+00 6.566659051351308563e+01
6.500000000000000000e+00 6.369971551351309813e+01
6.600000000000000533e+00 6.176284051351309756e+01
6.700000000000000178e+00 5.985596551351309103e+01
6.800000000000000711e+00 5.797909051351308563e+01
6.900000000000000355e+00 5.613221551351308847e+01
7.000000000000000000e+00 5.431534051351309955e+01
7.100000000000000533e+00 5.252846551351309756e+01
7.200000000000000178e+00 5.077159051351310382e+01
7.300000000000000711e+00 4.904471551351309699e+01
7.400000000000000355e+00 4.734784051351309131e+01
7.500000000000000000e+00 4.568096551351310097e+01
7.600000000000000533e+00 4.404409051351309046e+01
7.700000000000000178e+00 4.243721551351310239e+01
7.800000000000000711e+00 4.086034051351308705e+01
7.900000000000000355e+00 3.931346551351309415e+01
8.000000000000000000e+00 3.779659051351310239e+01
8.099999999999999645e+00 3.630971551351311177e+01
8.200000000000001066e+00 3.485284051351307966e+01
8.300000000000000711e+00 3.342596551351309131e+01
8.400000000000000355e+00 3.202909051351309699e+01
8.500000000000000000e+00 3.066221551351309671e+01
8.599999999999999645e+00 2.932534051351310467e+01
8.700000000000001066e+00 2.801846551351308889e+01
8.800000000000000711e+00 2.674159051351308847e+01
8.900000000000000355e+00 2.549471551351309984e+01
9.000000000000000000e+00 2.427784051351310168e+01
9.099999999999999645e+00 2.309096551351310467e+01
9.200000000000001066e+00 2.193409051351308747e+01
9.300000000000000711e+00 2.080721551351308918e+01
9.400000000000000355e+00 1.971034051351309557e+01
9.500000000000000000e+00 1.864346551351309955e+01
9.600000000000001421e+00 1.760659051351308335e+01
9.700000000000001066e+00 1.659971551351308960e+01
9.800000000000000711e+00 1.562284051351309166e+01
9.900000000000000355e+00 1.467596551351309841e+01
1.000000000000000000e+01 1.375909051351310097e+01
1.010000000000000142e+01 1.287221551351308690e+01
1.020000000000000107e+01 1.201534051351308996e+01
1.030000000000000071e+01 1.118846551351309415e+01
1.040000000000000036e+01 1.039159051351309770e+01
1.050000000000000000e+01 9.624715513513098841e+00
1.060000000000000142e+01 8.887840513513090457e+00
1.070000000000000107e+01 8.180965513513092091e+00
1.080000000000000071e+01 7.504090513513094862e+00
1.090000000000000036e+01 6.857215513513096994e+00
1.100000000000000000e+01 6.240340513513100262e+00
1.110000000000000142e+01 5.653465513513090457e+00
1.120000000000000107e+01 5.096590513513093335e+00
1.130000000000000071e+01 4.569715513513095573e+00
1.140000000000000036e+01 4.072840513513097171e+00
1.150000000000000000e+01 3.605965513513099019e+00
1.160000000000000142e+01 3.169090513513093121e+00
1.170000000000000107e+01 2.762215513513095022e+00
1.180000000000000071e+01 2.385340513513096727e+00
1.190000000000000036e+01 2.038465513513098237e+00
1.200000000000000000e+01 1.721590513513098886e+00
1.210000000000000142e+01 1.434715513513095120e+00
1.220000000000000107e+01 1.177840513513096488e+00
1.230000000000000071e+01 9.509655135130974379e-01
1.240000000000000036e+01 7.540905135130985260e-01
1.250000000000000000e+01 5.872155135130991965e-01
1.260000000000000142e+01 4.503405135130974513e-01
1.270000000000000107e+01 3.434655135130981751e-01
1.280000000000000071e+01 2.665905135130987036e-01
1.290000000000000036e+01 2.197155135130990089e-01
1.300000000000000000e+01 2.028405135130991188e-01
1.310000000000000142e+01 2.009655135130991033e-01
1.320000000000000107e+01 1.990905135130991155e-01
1.330000000000000071e+01 1.972155135130991277e-01
1.340000000000000036e+01 1.953405135130991677e-01
1.350000000000000000e+01 1.934655135130992076e-01
1.360000000000000142e+01 1.915905135130991921e-01
1.370000000000000107e+01 1.897155135130991765e-01
1.380000000000000071e+01 1.878405135130991888e-01
1.390000000000000036e+01 1.859655135130991732e-01
1.400000000000000000e+01 1.840905135130991854e-01
1.410000000000000142e+01 1.822155135130991699e-01
1.420000000000000107e+01 1.803405135130991543e-01
1.430000000000000071e+01 1.784655135130991943e-01
1.440000000000000036e+01 1.765905135130992065e-01
1.450000000000000000e+01 1.747155135130991910e-01
1.460000000000000142e+01 1.728405135130991754e-01
1.470000000000000107e+01 1.709655135130991876e-01
1.480000000000000071e+01 1.690905135130991721e-01
1.490000000000000036e+01 1.672155135130991566e-01
1.500000000000000000e+01 1.653405135130991688e-01
1.510000000000000142e+01 1.634655135130991532e-01
1.520000000000000107e+01 1.615905135130991377e-01
1.530000000000000071e+01 1.597155135130991499e-01
1.540000000000000036e+01 1.578405135130991899e-01
1.550000000000000000e+01 1.559655135130991743e-01
1.560000000000000142e+01 1.540905135130991588e-01
1.570000000000000107e+01 1.522155135130991710e-01
1.580000000000000071e+01 1.503405135130991832e-01
1.590000000000000036e+01 1.484655135130991677e-01
1.600000000000000000e+01 1.465905135130991799e-01
1.610000000000000142e+01 1.447155135130991366e-01
1.619999999999999929e+01 1.428405135130991765e-01
1.630000000000000071e+01 1.409655135130991610e-01
1.640000000000000213e+01 1.390905135130991455e-01
1.650000000000000000e+01 1.372155135130992132e-01
1.660000000000000142e+01 1.353405135130991699e-01
1.669999999999999929e+01 1.334655135130992099e-01
1.680000000000000071e+01 1.315905135130991943e-01
1.690000000000000213e+01 1.297155135130991510e-01
1.700000000000000000e+01 1.278405135130991632e-01
1.710000000000000142e+01 1.259655135130991477e-01
1.719999999999999929e+01 1.240905135130991876e-01
1.730000000000000071e+01 1.222155135130991721e-01
1.740000000000000213e+01 1.203405135130991566e-01
1.750000000000000000e+01 1.184655135130992104e-01
1.760000000000000142e+01 1.165905135130991671e-01
1.769999999999999929e+01 1.147155135130991932e-01
1.780000000000000071e+01 1.128405135130991638e-01
1.790000000000000213e+01 1.109655135130991344e-01
1.800000000000000000e+01 1.090912025277833153e-01
1.810000000000000142e+01 1.072168915424674129e-01
1.819999999999999929e+01 1.053579925030116854e-01
1.830000000000000071e+01 1.034990934635558746e-01
1.840000000000000213e+01 1.016477834335570152e-01
1.850000000000000000e+01 9.979647340355821128e-02
1.860000000000000142e+01 9.794594550503796238e-02
1.869999999999999929e+01 9.609541760651776898e-02
1.880000000000000071e+01 9.423980246624891199e-02
1.890000000000000213e+01 9.238418732598011052e-02
1.900000000000000000e+01 9.051848998041976679e-02
1.910000000000000142e+01 8.865279263485936756e-02
1.920000000000000284e+01 8.677284315774118351e-02
1.930000000000000071e+01 8.489289368062305496e-02
1.940000000000000213e+01 8.299529758969850790e-02
1.950000000000000000e+01 8.109770149877403023e-02
1.960000000000000142e+01 7.917980431777535411e-02
1.970000000000000284e+01 7.726190713677667798e-02
1.980000000000000071e+01 7.532175845855784702e-02
1.990000000000000213e+01 7.338160978033894666e-02
2.000000000000000000e+01 7.141793427473994149e-02
2.010000000000000142e+01 6.945425876914088081e-02
2.020000000000000284e+01 6.746674123317783489e-02
2.030000000000000071e+01 6.547922369721487224e-02
2.040000000000000213e+01 6.350666540532262649e-02
2.050000000000000000e+01 6.153410711343047790e-02
2.060000000000000142e+01 5.963615896581848930e-02
2.070000000000000284e+01 5.773821081820649376e-02
2.080000000000000071e+01 5.593224433745080937e-02
2.090000000000000213e+01 5.412627785669504865e-02
2.100000000000000000e+01 5.240636812134621958e-02
2.110000000000000142e+01 5.068645838599733500e-02
2.120000000000000284e+01 4.904773072300670778e-02
2.130000000000000071e+01 4.740900306001612913e-02
2.140000000000000213e+01 4.584758134330090690e-02
2.150000000000000000e+01 4.428615962658574712e-02
2.160000000000000142e+01 4.279911738710352048e-02
2.170000000000000284e+01 4.131207514762129385e-02
2.180000000000000071e+01 3.989738928332337009e-02
2.190000000000000213e+01 3.848270341902540470e-02
2.200000000000000000e+01 3.713921152573341350e-02
2.210000000000000142e+01 3.579571963244138760e-02
2.220000000000000284e+01 3.452307996111490807e-02
2.230000000000000071e+01 3.325044028978847016e-02
2.240000000000000213e+01 3.204909393852602151e-02
2.250000000000000000e+01 3.084774758726361449e-02
2.260000000000000142e+01 2.971888300403358746e-02
2.270000000000000284e+01 2.859001842080356737e-02
2.280000000000000071e+01 2.753553783664755561e-02
2.290000000000000213e+01 2.648105725249151610e-02
2.300000000000000000e+01 2.550251572430755481e-02
2.310000000000000142e+01 2.452397419612355189e-02
2.320000000000000284e+01 2.360177590226988226e-02
2.330000000000000071e+01 2.267957760841624731e-02
2.340000000000000213e+01 2.181021527201016524e-02
2.350000000000000000e+01 2.094085293560411440e-02
2.360000000000000142e+01 2.012105777725669772e-02
2.370000000000000284e+01 1.930126261890928452e-02
2.380000000000000071e+01 1.852799118865940467e-02
2.390000000000000213e+01 1.775471975840950400e-02
2.400000000000000000e+01 1.702514093332943915e-02
2.410000000000000142e+01 1.629556210824935347e-02
2.420000000000000284e+01 1.560704015138634354e-02
2.430000000000000071e+01 1.491851819452335096e-02
2.440000000000000213e+01 1.426860495426501146e-02
2.450000000000000000e+01 1.361869171400669279e-02
2.460000000000000142e+01 1.300511191988678629e-02
2.470000000000000284e+01 1.239153212576687979e-02
2.480000000000000071e+01 1.181217417471154552e-02
2.490000000000000213e+01 1.123281622365618695e-02
2.500000000000000000e+01 1.068571954565586575e-02
2.510000000000000142e+01 1.013862286765552373e-02
2.520000000000000284e+01 9.621498468605107005e-03
2.530000000000000071e+01 9.104374069554707627e-03
2.540000000000000213e+01 8.615399091933345632e-03
2.550000000000000000e+01 8.126424114312002719e-03
2.560000000000000142e+01 7.663892026847611214e-03
2.570000000000000284e+01 7.201359939383220575e-03
2.580000000000000071e+01 6.763675287363803135e-03
2.590000000000000213e+01 6.325990635344373551e-03
2.600000000000000000e+01 5.911661188320788130e-03
2.610000000000000142e+01 5.497331741297187963e-03
2.620000000000000284e+01 5.104961057810089922e-03
2.630000000000000071e+01 4.712590374323005760e-03
2.640000000000000213e+01 4.340871102084318048e-03
2.650000000000000000e+01 3.969151829845643346e-03
2.660000000000000142e+01 3.616860632144972172e-03
2.670000000000000284e+01 3.264569434444301865e-03
2.680000000000000071e+01 2.930561243578308061e-03
2.690000000000000213e+01 2.596553052712302981e-03
2.700000000000000000e+01 2.279755423436110890e-03
2.710000000000000142e+01 1.962957794159907524e-03
2.720000000000000284e+01 1.662366374188730756e-03
2.730000000000000071e+01 1.361774954217564396e-03
2.740000000000000213e+01 1.076120278752065122e-03
2.750000000000000000e+01 7.904656032865762551e-04
2.760000000000000142e+01 5.190263161551724770e-04
2.770000000000000284e+01 2.475870290237685905e-04
2.780000000000000071e+01 -1.032009821159221416e-05
2.790000000000000213e+01 -2.682272254469616145e-04
2.800000000000000000e+01 -5.132491863092713061e-04
2.810000000000000142e+01 -7.582711471715898339e-04
2.820000000000000284e+01 -9.927851633992270265e-04
2.830000000000000071e+01 -1.227299179626855979e-03
2.840000000000000213e+01 -1.451975867284877476e-03
2.850000000000000000e+01 -1.676652554942890515e-03
2.860000000000000142e+01 -1.891724773769398607e-03
2.870000000000000284e+01 -2.106796992595906699e-03
2.880000000000000071e+01 -2.312699342783547298e-03
2.890000000000000213e+01 -2.518601692971194836e-03
2.900000000000000000e+01 -2.715202399788494304e-03
2.910000000000000142e+01 -2.911803106605800710e-03
2.920000000000000284e+01 -3.098144896591344295e-03
2.930000000000000071e+01 -3.284486686576880941e-03
2.940000000000000213e+01 -3.458461047645577935e-03
2.950000000000000000e+01 -3.632435408714268857e-03
2.960000000000000142e+01 -3.793574941749382982e-03
2.970000000000000284e+01 -3.954714474784497107e-03
2.980000000000000071e+01 -4.101836851443483624e-03
2.990000000000000213e+01 -4.248959228102475345e-03
3.000000000000000000e+01 -4.386241656165860286e-03
3.010000000000000142e+01 -4.523524084229249564e-03
3.020000000000000284e+01 -4.652174108755193459e-03
3.030000000000000071e+01 -4.780824133281133016e-03
3.040000000000000213e+01 -4.900932035826899812e-03
3.050000000000000000e+01 -5.021039938372661403e-03
3.060000000000000142e+01 -5.121381427376591952e-03
3.070000000000000284e+01 -5.221722916380522501e-03
3.080000000000000071e+01 -5.294284763349752995e-03
3.090000000000000213e+01 -5.366846610318985224e-03
3.100000000000000000e+01 -5.407732349771190473e-03
3.110000000000000142e+01 -5.448618089223396591e-03
3.120000000000000284e+01 -5.453610357955633245e-03
3.130000000000000071e+01 -5.458602626687869899e-03
3.140000000000000213e+01 -5.425487124328848970e-03
3.150000000000000000e+01 -5.392371621969828041e-03
3.160000000000000142e+01 -5.320680399925548781e-03
3.170000000000000284e+01 -5.248989177881268654e-03
3.180000000000000071e+01 -5.139784524222106368e-03
3.190000000000000213e+01 -5.030579870562938011e-03
3.200000000000000000e+01 -4.886275025864019947e-03
3.210000000000000142e+01 -4.741970181165097546e-03
3.220000000000000284e+01 -4.566175892703409900e-03
3.230000000000000426e+01 -4.390381604241720519e-03
3.239999999999999858e+01 -4.187286770535104605e-03
3.250000000000000000e+01 -3.984191936828473946e-03
3.260000000000000142e+01 -3.759327572011780631e-03
3.270000000000000284e+01 -3.534463207195086883e-03
3.280000000000000426e+01 -3.294170092783741538e-03
3.289999999999999858e+01 -3.053876978372412673e-03
3.300000000000000000e+01 -2.805130640024780866e-03
3.310000000000000142e+01 -2.556384301677149060e-03
3.320000000000000284e+01 -2.304081189930798877e-03
3.330000000000000426e+01 -2.051778078184448260e-03
3.339999999999999858e+01 -1.801666683978470594e-03
3.350000000000000000e+01 -1.551555289772475147e-03
3.360000000000000142e+01 -1.309377584435340424e-03
3.370000000000000284e+01 -1.067199879098205484e-03
3.380000000000000426e+01 -8.378005528882101309e-04
3.389999999999999858e+01 -6.084012266782309322e-04
3.400000000000000000e+01 -3.962578735881585289e-04
3.410000000000000142e+01 -1.841145204980873995e-04
3.420000000000000284e+01 6.175801326397926085e-06
3.430000000000000426e+01 1.964661231508813780e-04
3.439999999999999858e+01 3.591990716124545064e-04
3.450000000000000000e+01 5.219320200740392357e-04
3.460000000000000142e+01 6.532318880956515918e-04
3.470000000000000284e+01 7.845317561172638395e-04
3.480000000000000426e+01 8.804137917078383143e-04
3.489999999999999858e+01 9.762958272984059585e-04
3.500000000000000000e+01 1.041151295960104223e-03
3.510000000000000142e+01 1.106006764621800210e-03
3.520000000000000284e+01 1.146640473697327660e-03
3.530000000000000426e+01 1.187274182772854242e-03
3.539999999999999858e+01 1.214806459484355427e-03
3.550000000000000000e+01 1.242338736195858565e-03
3.560000000000000142e+01 1.257723083247247291e-03
3.570000000000000284e+01 1.273107430298636017e-03
3.580000000000000426e+01 1.277351949303529802e-03
3.589999999999999858e+01 1.281596468308423371e-03
3.600000000000000000e+01 1.277999319837625717e-03
3.610000000000000142e+01 1.274402171366827629e-03
3.620000000000000284e+01 1.264389425591724283e-03
3.630000000000000426e+01 1.254376679816620720e-03
3.639999999999999858e+01 1.239247817323109978e-03
3.650000000000000000e+01 1.224118954829598151e-03
3.660000000000000142e+01 1.205031493614268671e-03
3.670000000000000284e+01 1.185944032398939191e-03
3.680000000000000426e+01 1.163898548787370597e-03
3.689999999999999858e+01 1.141853065175803521e-03
3.700000000000000000e+01 1.117689219793611966e-03
3.710000000000000142e+01 1.093525374411420843e-03
3.720000000000000284e+01 1.067923031415612001e-03
3.730000000000000426e+01 1.042320688419803376e-03
3.739999999999999858e+01 1.015820408627141633e-03
3.750000000000000000e+01 9.893201288344777213e-04
3.760000000000000142e+01 9.624404786233321102e-04
3.770000000000000284e+01 9.355608284121864991e-04
3.780000000000000426e+01 9.087865523810569881e-04
3.789999999999999858e+01 8.820122763499294288e-04
3.800000000000000000e+01 8.557370652655322055e-04
3.810000000000000142e+01 8.294618541811348738e-04
3.820000000000000284e+01 8.039916008511758822e-04
3.830000000000000426e+01 7.785213475212169991e-04
3.840000000000000568e+01 7.540751655974399417e-04
3.850000000000000000e+01 7.296289836736648358e-04
3.860000000000000142e+01 7.063419725064380966e-04
3.870000000000000284e+01 6.830549613392112489e-04
3.880000000000000426e+01 6.609870295613188120e-04
3.890000000000000568e+01 6.389190977834264835e-04
3.900000000000000000e+01 6.180742121949893680e-04
3.910000000000000142e+01 5.972293266065506262e-04
3.920000000000000284e+01 5.775790595270107559e-04
3.930000000000000426e+01 5.579287924474707772e-04
3.940000000000000568e+01 5.394058498806138724e-04
3.950000000000000000e+01 5.208829073137582685e-04
3.960000000000000142e+01 5.034083409776481371e-04
3.970000000000000284e+01 4.859337746415381683e-04
3.980000000000000426e+01 4.694345911988210369e-04
3.990000000000000568e+01 4.529354077561040682e-04
4.000000000000000000e+01 4.373567042673848259e-04
4.010000000000000142e+01 4.217780007786646078e-04
4.020000000000000284e+01 4.070600118903297537e-04
4.030000000000000426e+01 3.923420230019948997e-04
4.040000000000000568e+01 3.784208444168398627e-04
4.050000000000000000e+01 3.644996658316859098e-04
4.060000000000000142e+01 3.513234311959726559e-04
4.070000000000000284e+01 3.381471965602594019e-04
4.080000000000000426e+01 3.256849069447665421e-04
4.090000000000000568e+01 3.132226173292736822e-04
4.100000000000000000e+01 3.014470575342977359e-04
4.110000000000000142e+01 2.896714977393210306e-04
4.120000000000000284e+01 2.785565511736630331e-04
4.130000000000000426e+01 2.674416046080051439e-04
4.140000000000000568e+01 2.569620710716425597e-04
4.150000000000000000e+01 2.464825375352807887e-04
4.160000000000000142e+01 2.366140144045921379e-04
4.170000000000000284e+01 2.267454912739035413e-04
4.180000000000000426e+01 2.174640394429058949e-04
4.190000000000000568e+01 2.081825876119081944e-04
4.200000000000000000e+01 1.994652753444980855e-04
4.210000000000000142e+01 1.907479630770873261e-04
4.220000000000000284e+01 1.825722424333878311e-04
4.230000000000000426e+01 1.743965217896883632e-04
4.240000000000000568e+01 1.667404537221255643e-04
4.250000000000000000e+01 1.590843856545633074e-04
4.260000000000000142e+01 1.519267604097082180e-04
4.270000000000000284e+01 1.447691351648531014e-04
4.280000000000000426e+01 1.380888328421447735e-04
4.290000000000000568e+01 1.314085305194364456e-04
4.300000000000000000e+01 1.251856275680218158e-04
4.310000000000000142e+01 1.189627246166067524e-04
4.320000000000000284e+01 1.131767985738163154e-04
4.330000000000000426e+01 1.073908725310258785e-04
4.340000000000000568e+01 1.020232347614409411e-04
4.350000000000000000e+01 9.665559699185641025e-05
4.360000000000000142e+01 9.168659201288161822e-05
4.370000000000000284e+01 8.671758703390683974e-05
4.380000000000000426e+01 8.212948407836266683e-05
4.390000000000000568e+01 7.754138112281849392e-05
4.400000000000000000e+01 7.331546809689987675e-05
4.410000000000000142e+01 6.908955507098094788e-05
4.420000000000000284e+01 6.520863471420926770e-05
4.430000000000000426e+01 6.132771435743760108e-05
4.440000000000000568e+01 5.777404467483736951e-05
4.450000000000000000e+01 5.422037499223738189e-05
4.460000000000000142e+01 5.097711768844548596e-05
4.470000000000000284e+01 4.773386038465359004e-05
4.480000000000000426e+01 4.478431971433812381e-05
4.490000000000000568e+01 4.183477904402265081e-05
4.500000000000000000e+01 3.916259641040595449e-05
4.510000000000000142e+01 3.649041377678906165e-05
4.520000000000000284e+01 3.407970372141716823e-05
4.530000000000000426e+01 3.166899366604526803e-05
4.540000000000000568e+01 2.950411173327304216e-05
4.550000000000000000e+01 2.733922980050097214e-05
4.560000000000000142e+01 2.540472007295175842e-05
4.570000000000000284e+01 2.347021034540253793e-05
4.580000000000000426e+01 2.175113543608527526e-05
4.590000000000000568e+01 2.003206052676801598e-05
4.600000000000000000e+01 1.851341185749595365e-05
4.610000000000000142e+01 1.699476318822378630e-05
4.620000000000000284e+01 1.566228753338732820e-05
4.630000000000000426e+01 1.432981187855087010e-05
4.640000000000000568e+01 1.316938157984288995e-05
4.650000000000000000e+01 1.200895128113498943e-05
4.660000000000000142e+01 1.100601543071832419e-05
4.670000000000000284e+01 1.000307958030165727e-05
4.680000000000000426e+01 9.143936791556166042e-06
4.690000000000000568e+01 8.284794002810674817e-06
4.700000000000000000e+01 7.554886979265728385e-06
4.710000000000000142e+01 6.824979955720727743e-06
4.720000000000000284e+01 6.210558649594591417e-06
4.730000000000000426e+01 5.596137343468455938e-06
4.740000000000000568e+01 5.083345860650696657e-06
4.750000000000000000e+01 4.570554377832973799e-06
4.760000000000000142e+01 4.154028830682022597e-06
4.770000000000000284e+01 3.737503283531071818e-06
4.780000000000000426e+01 3.403442609574136060e-06
4.790000000000000568e+01 3.069381935617199879e-06
4.800000000000000000e+01 2.805660940439432501e-06
4.810000000000000142e+01 2.541939945261645641e-06
4.820000000000000284e+01 2.336483589259128625e-06
4.830000000000000426e+01 2.131027233256612456e-06
4.840000000000000568e+01 1.971807327063443103e-06
4.850000000000000000e+01 1.812587420870285184e-06
4.860000000000000142e+01 1.687619538515439757e-06
4.870000000000000284e+01 1.562651656160593693e-06
4.880000000000000426e+01 1.459992251609083974e-06
4.890000000000000568e+01 1.357332847057574467e-06
4.900000000000000000e+01 1.265076560735384328e-06
4.910000000000000142e+01 1.172820274413187837e-06
4.920000000000000284e+01 1.079097417198399067e-06
4.930000000000000426e+01 9.853745599836102958e-07
4.940000000000000568e+01 8.783487629710209777e-07
4.950000000000000000e+01 7.713229659584392829e-07
4.960000000000000142e+01 6.391889850751588403e-07
4.970000000000000284e+01 5.070550041918783978e-07
4.980000000000000426e+01 3.380366694612482065e-07
4.990000000000000568e+01 1.690183347306181211e-07
5.000000000000000000e+01 0.000000000000000000e+00
