0.000000000000000000e+00 1.692977270090087131e+03
1.000000000000000056e-01 1.667064770090087222e+03
2.000000000000000111e-01 1.641352270090087586e+03
3.000000000000000444e-01 1.615839770090087313e+03
4.000000000000000222e-01 1.590527270090087313e+03
5.000000000000000000e-01 1.565414770090087359e+03
6.000000000000000888e-01 1.540502270090087450e+03
7.000000000000000666e-01 1.515789770090087586e+03
8.000000000000000444e-01 1.491277270090087086e+03
9.000000000000000222e-01 1.466964770090087313e+03
1.000000000000000000e+00 1.442852270090087359e+03
1.100000000000000089e+00 1.418939770090087450e+03
1.200000000000000178e+00 1.395227270090087586e+03
1.300000000000000044e+00 1.371714770090087313e+03
1.400000000000000133e+00 1.348402270090087313e+03
1.500000000000000000e+00 1.325289770090087359e+03
1.600000000000000089e+00 1.302377270090087450e+03
1.700000000000000178e+00 1.279664770090087359e+03
1.800000000000000044e+00 1.257152270090087086e+03
1.900000000000000133e+00 1.234839770090087313e+03
2.000000000000000000e+00 1.212727270090087359e+03
2.100000000000000089e+00 1.190814770090087450e+03
2.200000000000000178e+00 1.169102270090087586e+03
2.300000000000000266e+00 1.147589770090087086e+03
2.400000000000000355e+00 1.126277270090087313e+03
2.500000000000000000e+00 1.105164770090087359e+03
2.600000000000000089e+00 1.084252270090087450e+03
2.700000000000000178e+00 1.063539770090087359e+03
2.800000000000000266e+00 1.043027270090087313e+03
2.900000000000000355e+00 1.022714770090087200e+03
3.000000000000000000e+00 1.002602270090087359e+03
3.100000000000000089e+00 9.826897700900873360e+02
3.200000000000000178e+00 9.629772700900875861e+02
3.300000000000000266e+00 9.434647700900871996e+02
3.400000000000000355e+00 9.241522700900873133e+02
3.500000000000000000e+00 9.050397700900873588e+02
3.600000000000000089e+00 8.861272700900874497e+02
3.700000000000000178e+00 8.674147700900874725e+02
3.800000000000000266e+00 8.489022700900873133e+02
3.900000000000000355e+00 8.305897700900870859e+02
4.000000000000000000e+00 8.124772700900872451e+02
4.100000000000000533e+00 7.945647700900871087e+02
4.200000000000000178e+00 7.768522700900873588e+02
4.299999999999999822e+00 7.593397700900870859e+02
4.400000000000000355e+00 7.420272700900873133e+02
4.500000000000000000e+00 7.249147700900873588e+02
4.600000000000000533e+00 7.080022700900871087e+02
4.700000000000000178e+00 6.912897700900874725e+02
4.800000000000000711e+00 6.747772700900873133e+02
4.900000000000000355e+00 6.584647700900873133e+02
5.000000000000000000e+00 6.423522700900873588e+02
5.100000000000000533e+00 6.264397700900872223e+02
5.200000000000000178e+00 6.107272700900873588e+02
5.300000000000000711e+00 5.952147700900873133e+02
5.400000000000000355e+00 5.799022700900873133e+02
5.500000000000000000e+00 5.647897700900873588e+02
5.600000000000000533e+00 5.498772700900872223e+02
5.700000000000000178e+00 5.351647700900873588e+02
5.800000000000000711e+00 5.206522700900871996e+02
5.900000000000000355e+00 5.063397700900873133e+02
6.000000000000000000e+00 4.922272700900873588e+02
6.100000000000000533e+00 4.783147700900872223e+02
6.200000000000000178e+00 4.646022700900872451e+02
6.300000000000000711e+00 4.510897700900872564e+02
6.400000000000000355e+00 4.377772700900873133e+02
6.500000000000000000e+00 4.246647700900873588e+02
6.600000000000000533e+00 4.117522700900872792e+02
6.700000000000000178e+00 3.990397700900872451e+02
6.800000000000000711e+00 3.865272700900871996e+02
6.900000000000000355e+00 3.742147700900872564e+02
7.000000000000000000e+00 3.621022700900873588e+02
7.100000000000000533e+00 3.501897700900872792e+02
7.200000000000000178e+00 3.384772700900873588e+02
7.300000000000000711e+00 3.269647700900873133e+02
7.400000000000000355e+00 3.156522700900873133e+02
7.500000000000000000e+00 3.045397700900873019e+02
7.600000000000000533e+00 2.936272700900872792e+02
7.700000000000000178e+00 2.829147700900873588e+02
7.800000000000000711e+00 2.724022700900872564e+02
7.900000000000000355e+00 2.620897700900873133e+02
8.000000000000000000e+00 2.519772700900873303e+02
8.099999999999999645e+00 2.420647700900873929e+02
8.200000000000001066e+00 2.323522700900872167e+02
8.300000000000000711e+00 2.228397700900872564e+02
8.400000000000000355e+00 2.135272700900873133e+02
8.500000000000000000e+00 2.044147700900873303e+02
8.599999999999999645e+00 1.955022700900873645e+02
8.700000000000001066e+00 1.867897700900872451e+02
8.800000000000000711e+00 1.782772700900872564e+02
8.900000000000000355e+00 1.699647700900873133e+02
9.000000000000000000e+00 1.618522700900873588e+02
9.099999999999999645e+00 1.539397700900873645e+02
9.200000000000001066e+00 1.462272700900872451e+02
9.300000000000000711e+00 1.387147700900872564e+02
9.400000000000000355e+00 1.314022700900873133e+02
9.500000000000000000e+00 1.242897700900873303e+02
9.600000000000001421e+00 1.173772700900872223e+02
9.700000000000001066e+00 1.106647700900872735e+02
9.800000000000000711e+00 1.041522700900872849e+02
9.900000000000000355e+00 9.783977009008731329e+01
1.000000000000000000e+01 9.172727009008733035e+01
1.010000000000000142e+01 8.581477009008723655e+01
1.020000000000000107e+01 8.010227009008727350e+01
1.030000000000000071e+01 7.458977009008729908e+01
1.040000000000000036e+01 6.927727009008731329e+01
1.050000000000000000e+01 6.416477009008733035e+01
1.060000000000000142e+01 5.925227009008726498e+01
1.070000000000000107e+01 5.453977009008728061e+01
1.080000000000000071e+01 5.002727009008729908e+01
1.090000000000000036e+01 4.571477009008731329e+01
1.100000000000000000e+01 4.160227009008733035e+01
1.110000000000000142e+01 3.768977009008727208e+01
1.120000000000000107e+01 3.397727009008728771e+01
1.130000000000000071e+01 3.046477009008729908e+01
1.140000000000000036e+01 2.715227009008731685e+01
1.150000000000000000e+01 2.403977009008732679e+01
1.160000000000000142e+01 2.112727009008728984e+01
1.170000000000000107e+01 1.841477009008730192e+01
1.180000000000000071e+01 1.590227009008731152e+01
1.190000000000000036e+01 1.358977009008732040e+01
1.200000000000000000e+01 1.147727009008732679e+01
1.210000000000000142e+01 9.564770090087300503e+00
1.220000000000000107e+01 7.852270090087309917e+00
1.230000000000000071e+01 6.339770090087316845e+00
1.240000000000000036e+01 5.027270090087323950e+00
1.250000000000000000e+01 3.914770090087327681e+00
1.260000000000000142e+01 3.002270090087316046e+00
1.270000000000000107e+01 2.289770090087321019e+00
1.280000000000000071e+01 1.777270090087324395e+00
1.290000000000000036e+01 1.464770090087326615e+00
1.300000000000000000e+01 1.352270090087327459e+00
1.310000000000000142e+01 1.339770090087327503e+00
1.320000000000000107e+01 1.327270090087327326e+00
1.330000000000000071e+01 1.314770090087327370e+00
1.340000000000000036e+01 1.302270090087327636e+00
1.350000000000000000e+01 1.289770090087327903e+00
1.360000000000000142e+01 1.277270090087327947e+00
1.370000000000000107e+01 1.264770090087327992e+00
1.380000000000000071e+01 1.252270090087328036e+00
1.390000000000000036e+01 1.239770090087327858e+00
1.400000000000000000e+01 1.227270090087327903e+00
1.410000000000000142e+01 1.214770090087327725e+00
1.420000000000000107e+01 1.202270090087327770e+00
1.430000000000000071e+01 1.189770090087327814e+00
1.440000000000000036e+01 1.177270090087328080e+00
1.450000000000000000e+01 1.164770090087327903e+00
1.460000000000000142e+01 1.152270090087327947e+00
1.470000000000000107e+01 1.139770090087327770e+00
1.480000000000000071e+01 1.127270090087327814e+00
1.490000000000000036e+01 1.114770090087327858e+00
1.500000000000000000e+01 1.102270090087327681e+00
1.510000000000000142e+01 1.089770090087327725e+00
1.520000000000000107e+01 1.077270090087327548e+00
1.530000000000000071e+01 1.064770090087327814e+00
1.540000000000000036e+01 1.052270090087327858e+00
1.550000000000000000e+01 1.039770090087327903e+00
1.560000000000000142e+01 1.027270090087327725e+00
1.570000000000000107e+01 1.014770090087327770e+00
1.580000000000000071e+01 1.002270090087327814e+00
1.590000000000000036e+01 9.897700900873278584e-01
1.600000000000000000e+01 9.772700900873277918e-01
1.610000000000000142e+01 9.647700900873275032e-01
1.619999999999999929e+01 9.522700900873279917e-01
1.630000000000000071e+01 9.397700900873278140e-01
1.640000000000000213e+01 9.272700900873276364e-01
1.650000000000000000e+01 9.147700900873280139e-01
1.660000000000000142e+01 9.022700900873277252e-01
1.669999999999999929e+01 8.897700900873279917e-01
1.680000000000000071e+01 8.772700900873278140e-01
1.690000000000000213e+01 8.647700900873277474e-01
1.700000000000000000e+01 8.522700900873279029e-01
1.710000000000000142e+01 8.397700900873275032e-01
1.719999999999999929e+01 8.272700900873279917e-01
1.730000000000000071e+01 8.147700900873278140e-01
1.740000000000000213e+01 8.022700900873276364e-01
1.750000000000000000e+01 7.897700900873281249e-01
1.760000000000000142e+01 7.772700900873277252e-01
1.769999999999999929e+01 7.647700900873278806e-01
1.780000000000000071e+01 7.522700900873278140e-01
1.790000000000000213e+01 7.397700900873276364e-01
1.800000000000000000e+01 7.272746835185555092e-01
1.810000000000000142e+01 7.147792769497828269e-01
1.819999999999999929e+01 7.023866166867445138e-01
1.830000000000000071e+01 6.899939564237057565e-01
1.840000000000000213e+01 6.776518895570466938e-01
1.850000000000000000e+01 6.653098226903880752e-01
1.860000000000000142e+01 6.529729700335863418e-01
1.869999999999999929e+01 6.406361173767850525e-01
1.880000000000000071e+01 6.282653497749928206e-01
1.890000000000000213e+01 6.158945821732006998e-01
1.900000000000000000e+01 6.034565998694650935e-01
1.910000000000000142e+01 5.910186175657291541e-01
1.920000000000000284e+01 5.784856210516078345e-01
1.930000000000000071e+01 5.659526245374870701e-01
1.940000000000000213e+01 5.533019839313234600e-01
1.950000000000000000e+01 5.406513433251601830e-01
1.960000000000000142e+01 5.278653621185023237e-01
1.970000000000000284e+01 5.150793809118445754e-01
1.980000000000000071e+01 5.021450563903856468e-01
1.990000000000000213e+01 4.892107318689262740e-01
2.000000000000000000e+01 4.761195618315996470e-01
2.010000000000000142e+01 4.630283917942724647e-01
2.020000000000000284e+01 4.497782748878522696e-01
2.030000000000000071e+01 4.365281579814324076e-01
2.040000000000000213e+01 4.233777693688175470e-01
2.050000000000000000e+01 4.102273807562031860e-01
2.060000000000000142e+01 3.975743931054565583e-01
2.070000000000000284e+01 3.849214054547099861e-01
2.080000000000000071e+01 3.728816289163386921e-01
2.090000000000000213e+01 3.608418523779669540e-01
2.100000000000000000e+01 3.493757874756414639e-01
2.110000000000000142e+01 3.379097225733155296e-01
2.120000000000000284e+01 3.269848714867113482e-01
2.130000000000000071e+01 3.160600204001074998e-01
2.140000000000000213e+01 3.056505422886727219e-01
2.150000000000000000e+01 2.952410641772383326e-01
2.160000000000000142e+01 2.853274492473568125e-01
2.170000000000000284e+01 2.754138343174752923e-01
2.180000000000000071e+01 2.659825952221557821e-01
2.190000000000000213e+01 2.565513561268359943e-01
2.200000000000000000e+01 2.475947435048894418e-01
2.210000000000000142e+01 2.386381308829425840e-01
2.220000000000000284e+01 2.301538664074326834e-01
2.230000000000000071e+01 2.216696019319231159e-01
2.240000000000000213e+01 2.136606262568401249e-01
2.250000000000000000e+01 2.056516505817574114e-01
2.260000000000000142e+01 1.981258866935572682e-01
2.270000000000000284e+01 1.906001228053570973e-01
2.280000000000000071e+01 1.835702522443170559e-01
2.290000000000000213e+01 1.765403816832767925e-01
2.300000000000000000e+01 1.700167714953837172e-01
2.310000000000000142e+01 1.634931613074903645e-01
2.320000000000000284e+01 1.573451726817992335e-01
2.330000000000000071e+01 1.511971840561082969e-01
2.340000000000000213e+01 1.454014351467344257e-01
2.350000000000000000e+01 1.396056862373607488e-01
2.360000000000000142e+01 1.341403851817113135e-01
2.370000000000000284e+01 1.286750841260618783e-01
2.380000000000000071e+01 1.235199412577293737e-01
2.390000000000000213e+01 1.183647983893966749e-01
2.400000000000000000e+01 1.135009395555296036e-01
2.410000000000000142e+01 1.086370807216623657e-01
2.420000000000000284e+01 1.040469343425756144e-01
2.430000000000000071e+01 9.945678796348901562e-02
2.440000000000000213e+01 9.512403302843341901e-02
2.450000000000000000e+01 9.079127809337796118e-02
2.460000000000000142e+01 8.670074613257858220e-02
2.470000000000000284e+01 8.261021417177918935e-02
2.480000000000000071e+01 7.874782783141029419e-02
2.490000000000000213e+01 7.488544149104124636e-02
2.500000000000000000e+01 7.123813030437244065e-02
2.510000000000000142e+01 6.759081911770348228e-02
2.520000000000000284e+01 6.414332312403404901e-02
2.530000000000000071e+01 6.069582713036472676e-02
2.540000000000000213e+01 5.743599394622231347e-02
2.550000000000000000e+01 5.417616076208001813e-02
2.560000000000000142e+01 5.109261351231741272e-02
2.570000000000000284e+01 4.800906626255480036e-02
2.580000000000000071e+01 4.509116858242535886e-02
2.590000000000000213e+01 4.217327090229582021e-02
2.600000000000000000e+01 3.941107458880525882e-02
2.610000000000000142e+01 3.664887827531458642e-02
2.620000000000000284e+01 3.403307371873393050e-02
2.630000000000000071e+01 3.141726916215337173e-02
2.640000000000000213e+01 2.893914068056211569e-02
2.650000000000000000e+01 2.646101219897095333e-02
2.660000000000000142e+01 2.411240421429981448e-02
2.670000000000000284e+01 2.176379622962867910e-02
2.680000000000000071e+01 1.953707495718871867e-02
2.690000000000000213e+01 1.731035368474868885e-02
2.700000000000000000e+01 1.519836948957407376e-02
2.710000000000000142e+01 1.308638529439938580e-02
2.720000000000000284e+01 1.108244249459153924e-02
2.730000000000000071e+01 9.078499694783762064e-03
2.740000000000000213e+01 7.174135191680433565e-03
2.750000000000000000e+01 5.269770688577174456e-03
2.760000000000000142e+01 3.460175441034482602e-03
2.770000000000000284e+01 1.650580193491790314e-03
2.780000000000000071e+01 -6.880065474394809664e-05
2.790000000000000213e+01 -1.788181502979744241e-03
2.800000000000000000e+01 -3.421661242061808418e-03
2.810000000000000142e+01 -5.055140981143932226e-03
2.820000000000000284e+01 -6.618567755994846265e-03
2.830000000000000071e+01 -8.181994530845705660e-03
2.840000000000000213e+01 -9.679839115232517083e-03
2.850000000000000000e+01 -1.117768369961927126e-02
2.860000000000000142e+01 -1.261149849179599158e-02
2.870000000000000284e+01 -1.404531328397271017e-02
2.880000000000000071e+01 -1.541799561855698199e-02
2.890000000000000213e+01 -1.679067795314129891e-02
2.900000000000000000e+01 -1.810134933192329709e-02
2.910000000000000142e+01 -1.941202071070533691e-02
2.920000000000000284e+01 -2.065429931060895966e-02
2.930000000000000071e+01 -2.189657791051253730e-02
2.940000000000000213e+01 -2.305640698430385521e-02
2.950000000000000000e+01 -2.421623605809512803e-02
2.960000000000000142e+01 -2.529049961166255495e-02
2.970000000000000284e+01 -2.636476316522997840e-02
2.980000000000000071e+01 -2.734557900962322416e-02
2.990000000000000213e+01 -2.832639485401650462e-02
3.000000000000000000e+01 -2.924161104110573756e-02
3.010000000000000142e+01 -3.015682722819500172e-02
3.020000000000000284e+01 -3.101449405836795639e-02
3.030000000000000071e+01 -3.187216088854089024e-02
3.040000000000000213e+01 -3.267288023884599990e-02
3.050000000000000000e+01 -3.347359958915107486e-02
3.060000000000000142e+01 -3.414254284917728199e-02
3.070000000000000284e+01 -3.481148610920348219e-02
3.080000000000000071e+01 -3.529523175566501997e-02
3.090000000000000213e+01 -3.577897740212657163e-02
3.100000000000000000e+01 -3.605154899847460431e-02
3.110000000000000142e+01 -3.632412059482264394e-02
3.120000000000000284e+01 -3.635740238637089061e-02
3.130000000000000071e+01 -3.639068417791913729e-02
3.140000000000000213e+01 -3.616991416219232647e-02
3.150000000000000000e+01 -3.594914414646552259e-02
3.160000000000000142e+01 -3.547120266617032058e-02
3.170000000000000284e+01 -3.499326118587512552e-02
3.180000000000000071e+01 -3.426523016148070450e-02
3.190000000000000213e+01 -3.353719913708624878e-02
3.200000000000000000e+01 -3.257516683909347094e-02
3.210000000000000142e+01 -3.161313454110065146e-02
3.220000000000000284e+01 -3.044117261802273267e-02
3.230000000000000426e+01 -2.926921069494480346e-02
3.239999999999999858e+01 -2.791524513690069736e-02
3.250000000000000000e+01 -2.656127957885649760e-02
3.260000000000000142e+01 -2.506218381341187088e-02
3.270000000000000284e+01 -2.356308804796724415e-02
3.280000000000000426e+01 -2.196113395189160794e-02
3.289999999999999858e+01 -2.035917985581608275e-02
3.300000000000000000e+01 -1.870087093349854027e-02
3.310000000000000142e+01 -1.704256201118099431e-02
3.320000000000000284e+01 -1.536054126620532354e-02
3.330000000000000426e+01 -1.367852052122965623e-02
3.339999999999999858e+01 -1.201111122652313845e-02
3.350000000000000000e+01 -1.034370193181650098e-02
3.360000000000000142e+01 -8.729183896235602827e-03
3.370000000000000284e+01 -7.114665860654703806e-03
3.380000000000000426e+01 -5.585337019254734206e-03
3.389999999999999858e+01 -4.056008177854873026e-03
3.400000000000000000e+01 -2.641719157254389903e-03
3.410000000000000142e+01 -1.227430136653915888e-03
3.420000000000000284e+01 4.117200884265284508e-05
3.430000000000000426e+01 1.309774154339209042e-03
3.439999999999999858e+01 2.394660477416363665e-03
3.450000000000000000e+01 3.479546800493594615e-03
3.460000000000000142e+01 4.354879253971010757e-03
3.470000000000000284e+01 5.230211707448425597e-03
3.480000000000000426e+01 5.869425278052255862e-03
3.489999999999999858e+01 6.508638848656040157e-03
3.500000000000000000e+01 6.941008639734028152e-03
3.510000000000000142e+01 7.373378430812001401e-03
3.520000000000000284e+01 7.644269824648850485e-03
3.530000000000000426e+01 7.915161218485695233e-03
3.539999999999999858e+01 8.098709729895701981e-03
3.550000000000000000e+01 8.282258241305724342e-03
3.560000000000000142e+01 8.384820554981648605e-03
3.570000000000000284e+01 8.487382868657572868e-03
3.580000000000000426e+01 8.515679662023531438e-03
3.589999999999999858e+01 8.543976455389488273e-03
3.600000000000000000e+01 8.519995465584172603e-03
3.610000000000000142e+01 8.496014475778849995e-03
3.620000000000000284e+01 8.429262837278161599e-03
3.630000000000000426e+01 8.362511198777471469e-03
3.639999999999999858e+01 8.261652115487400430e-03
3.650000000000000000e+01 8.160793032197320718e-03
3.660000000000000142e+01 8.033543290761790273e-03
3.670000000000000284e+01 7.906293549326261563e-03
3.680000000000000426e+01 7.759323658582470071e-03
3.689999999999999858e+01 7.612353767838688987e-03
3.700000000000000000e+01 7.451261465290747593e-03
3.710000000000000142e+01 7.290169162742804465e-03
3.720000000000000284e+01 7.119486876104081166e-03
3.730000000000000426e+01 6.948804589465355265e-03
3.739999999999999858e+01 6.772136057514276976e-03
3.750000000000000000e+01 6.595467525563184809e-03
3.760000000000000142e+01 6.416269857488880735e-03
3.770000000000000284e+01 6.237072189414576660e-03
3.780000000000000426e+01 6.058577015873712820e-03
3.789999999999999858e+01 5.880081842332862858e-03
3.800000000000000000e+01 5.704913768436880792e-03
3.810000000000000142e+01 5.529745694540899592e-03
3.820000000000000284e+01 5.359944005674505303e-03
3.830000000000000426e+01 5.190142316808112749e-03
3.840000000000000568e+01 5.027167770649599611e-03
3.850000000000000000e+01 4.864193224491099483e-03
3.860000000000000142e+01 4.708946483376254266e-03
3.870000000000000284e+01 4.553699742261408182e-03
3.880000000000000426e+01 4.406580197075458602e-03
3.890000000000000568e+01 4.259460651889509890e-03
3.900000000000000000e+01 4.120494747966595497e-03
3.910000000000000142e+01 3.981528844043670697e-03
3.920000000000000284e+01 3.850527063513405329e-03
3.930000000000000426e+01 3.719525282983139093e-03
3.940000000000000568e+01 3.596038999204092482e-03
3.950000000000000000e+01 3.472552715425054545e-03
3.960000000000000142e+01 3.356055606517654825e-03
3.970000000000000284e+01 3.239558497610254238e-03
3.980000000000000426e+01 3.129563941325473869e-03
3.990000000000000568e+01 3.019569385040693499e-03
4.000000000000000000e+01 2.915711361782565795e-03
4.010000000000000142e+01 2.811853338524430718e-03
4.020000000000000284e+01 2.713733412602198358e-03
4.030000000000000426e+01 2.615613486679965998e-03
4.040000000000000568e+01 2.522805629445599301e-03
4.050000000000000000e+01 2.429997772211239110e-03
4.060000000000000142e+01 2.342156207973151039e-03
4.070000000000000284e+01 2.254314643735062535e-03
4.080000000000000426e+01 2.171232712965110064e-03
4.090000000000000568e+01 2.088150782195157592e-03
4.100000000000000000e+01 2.009647050228651789e-03
4.110000000000000142e+01 1.931143318262139915e-03
4.120000000000000284e+01 1.857043674491087176e-03
4.130000000000000426e+01 1.782944030720034004e-03
4.140000000000000568e+01 1.713080473810950398e-03
4.150000000000000000e+01 1.643216916901871780e-03
4.160000000000000142e+01 1.577426762697281028e-03
4.170000000000000284e+01 1.511636608492690275e-03
4.180000000000000426e+01 1.449760262952706075e-03
4.190000000000000568e+01 1.387883917412721440e-03
4.200000000000000000e+01 1.329768502296653759e-03
4.210000000000000142e+01 1.271653087180582174e-03
4.220000000000000284e+01 1.217148282889252316e-03
4.230000000000000426e+01 1.162643478597922457e-03
4.240000000000000568e+01 1.111603024814170320e-03
4.250000000000000000e+01 1.060562571030422086e-03
4.260000000000000142e+01 1.012845069398054642e-03
4.270000000000000284e+01 9.651275677656874150e-04
4.280000000000000426e+01 9.205922189476317512e-04
4.290000000000000568e+01 8.760568701295763042e-04
4.300000000000000000e+01 8.345708504534787723e-04
4.310000000000000142e+01 7.930848307773784214e-04
4.320000000000000284e+01 7.545119904921087153e-04
4.330000000000000426e+01 7.159391502068391177e-04
4.340000000000000568e+01 6.801548984096063462e-04
4.350000000000000000e+01 6.443706466123760683e-04
4.360000000000000142e+01 6.112439467525441214e-04
4.370000000000000284e+01 5.781172468927122830e-04
4.380000000000000426e+01 5.475298938557510760e-04
4.390000000000000568e+01 5.169425408187899775e-04
4.400000000000000000e+01 4.887697873126658089e-04
4.410000000000000142e+01 4.605970338065396887e-04
4.420000000000000284e+01 4.347242314280618208e-04
4.430000000000000426e+01 4.088514290495840072e-04
4.440000000000000568e+01 3.851602978322491572e-04
4.450000000000000000e+01 3.614691666149158792e-04
4.460000000000000142e+01 3.398474512563032669e-04
4.470000000000000284e+01 3.182257358976906003e-04
4.480000000000000426e+01 2.985621314289208525e-04
4.490000000000000568e+01 2.788985269601509964e-04
4.500000000000000000e+01 2.610839760693730118e-04
4.510000000000000142e+01 2.432694251785937805e-04
4.520000000000000284e+01 2.271980248094477520e-04
4.530000000000000426e+01 2.111266244403018049e-04
4.540000000000000568e+01 1.966940782218202675e-04
4.550000000000000000e+01 1.822615320033398143e-04
4.560000000000000142e+01 1.693648004863450426e-04
4.570000000000000284e+01 1.564680689693502709e-04
4.580000000000000426e+01 1.450075695739018531e-04
4.590000000000000568e+01 1.335470701784534353e-04
4.600000000000000000e+01 1.234227457166397091e-04
4.610000000000000142e+01 1.132984212548252239e-04
4.620000000000000284e+01 1.044152502225821790e-04
4.630000000000000426e+01 9.553207919033913399e-05
4.640000000000000568e+01 8.779587719895259065e-05
4.650000000000000000e+01 8.005967520756658942e-05
4.660000000000000142e+01 7.337343620478883248e-05
4.670000000000000284e+01 6.668719720201104844e-05
4.680000000000000426e+01 6.095957861037444028e-05
4.690000000000000568e+01 5.523196001873783212e-05
4.700000000000000000e+01 5.036591319510485139e-05
4.710000000000000142e+01 4.549986637147151829e-05
4.720000000000000284e+01 4.140372433063061396e-05
4.730000000000000426e+01 3.730758228978970964e-05
4.740000000000000568e+01 3.388897240433797771e-05
4.750000000000000000e+01 3.047036251888648973e-05
4.760000000000000142e+01 2.769352553788015516e-05
4.770000000000000284e+01 2.491668855687381381e-05
4.780000000000000426e+01 2.268961739716090481e-05
4.790000000000000568e+01 2.046254623744799919e-05
4.800000000000000000e+01 1.870440626959621441e-05
4.810000000000000142e+01 1.694626630174430427e-05
4.820000000000000284e+01 1.557655726172752416e-05
4.830000000000000426e+01 1.420684822171074745e-05
4.840000000000000568e+01 1.314538218042295628e-05
4.850000000000000000e+01 1.208391613913523456e-05
4.860000000000000142e+01 1.125079692343626420e-05
4.870000000000000284e+01 1.041767770773729214e-05
4.880000000000000426e+01 9.733281677393893161e-06
4.890000000000000568e+01 9.048885647050495881e-06
4.900000000000000000e+01 8.433843738235896652e-06
4.910000000000000142e+01 7.818801829421251684e-06
4.920000000000000284e+01 7.193982781322660444e-06
4.930000000000000426e+01 6.569163733224069203e-06
4.940000000000000568e+01 5.855658419806807083e-06
4.950000000000000000e+01 5.142153106389595784e-06
4.960000000000000142e+01 4.261259900501058936e-06
4.970000000000000284e+01 3.380366694612522087e-06
4.980000000000000426e+01 2.253577796408321377e-06
4.990000000000000568e+01 1.126788898204120666e-06
5.000000000000000000e+01 0.000000000000000000e+00
