0.000000000000000000e+00 1.354381816072069796e+03
1.000000000000000056e-01 1.333651816072069778e+03
2.000000000000000111e-01 1.313081816072070069e+03
3.000000000000000444e-01 1.292671816072069760e+03
4.000000000000000222e-01 1.272421816072069760e+03
5.000000000000000000e-01 1.252331816072069842e+03
6.000000000000000888e-01 1.232401816072070005e+03
7.000000000000000666e-01 1.212631816072070023e+03
8.000000000000000444e-01 1.193021816072069669e+03
9.000000000000000222e-01 1.173571816072069851e+03
1.000000000000000000e+00 1.154281816072069887e+03
1.100000000000000089e+00 1.135151816072070005e+03
1.200000000000000178e+00 1.116181816072069978e+03
1.300000000000000044e+00 1.097371816072069805e+03
1.400000000000000133e+00 1.078721816072069942e+03
1.500000000000000000e+00 1.060231816072069932e+03
1.600000000000000089e+00 1.041901816072070005e+03
1.700000000000000178e+00 1.023731816072069932e+03
1.800000000000000044e+00 1.005721816072069714e+03
1.900000000000000133e+00 9.878718160720698052e+02
2.000000000000000000e+00 9.701818160720698643e+02
2.100000000000000089e+00 9.526518160720698916e+02
2.200000000000000178e+00 9.352818160720700007e+02
2.300000000000000266e+00 9.180718160720697369e+02
2.400000000000000355e+00 9.010218160720698961e+02
2.500000000000000000e+00 8.841318160720699098e+02
2.600000000000000089e+00 8.674018160720700052e+02
2.700000000000000178e+00 8.508318160720699552e+02
2.800000000000000266e+00 8.344218160720697597e+02
2.900000000000000355e+00 8.181718160720697597e+02
3.000000000000000000e+00 8.020818160720698415e+02
3.100000000000000089e+00 7.861518160720698916e+02
3.200000000000000178e+00 7.703818160720700234e+02
3.300000000000000266e+00 7.547718160720697824e+02
3.400000000000000355e+00 7.393218160720698506e+02
3.500000000000000000e+00 7.240318160720698870e+02
3.600000000000000089e+00 7.089018160720700052e+02
3.700000000000000178e+00 6.939318160720699780e+02
3.800000000000000266e+00 6.791218160720698052e+02
3.900000000000000355e+00 6.644718160720697142e+02
4.000000000000000000e+00 6.499818160720698188e+02
4.100000000000000533e+00 6.356518160720696642e+02
4.200000000000000178e+00 6.214818160720699325e+02
4.299999999999999822e+00 6.074718160720697142e+02
4.400000000000000355e+00 5.936218160720698052e+02
4.500000000000000000e+00 5.799318160720698643e+02
4.600000000000000533e+00 5.664018160720696642e+02
4.700000000000000178e+00 5.530318160720700007e+02
4.800000000000000711e+00 5.398218160720698506e+02
4.900000000000000355e+00 5.267718160720698961e+02
5.000000000000000000e+00 5.138818160720699098e+02
5.100000000000000533e+00 5.011518160720697779e+02
5.200000000000000178e+00 4.885818160720698415e+02
5.300000000000000711e+00 4.761718160720698165e+02
5.400000000000000355e+00 4.639218160720698734e+02
5.500000000000000000e+00 4.518318160720698415e+02
5.600000000000000533e+00 4.399018160720697779e+02
5.700000000000000178e+00 4.281318160720698529e+02
5.800000000000000711e+00 4.165218160720697824e+02
5.900000000000000355e+00 4.050718160720698506e+02
6.000000000000000000e+00 3.937818160720698870e+02
6.100000000000000533e+00 3.826518160720697779e+02
6.200000000000000178e+00 3.716818160720698074e+02
6.300000000000000711e+00 3.608718160720698052e+02
6.400000000000000355e+00 3.502218160720698279e+02
6.500000000000000000e+00 3.397318160720698756e+02
6.600000000000000533e+00 3.294018160720698347e+02
6.700000000000000178e+00 3.192318160720698188e+02
6.800000000000000711e+00 3.092218160720697711e+02
6.900000000000000355e+00 2.993718160720698052e+02
7.000000000000000000e+00 2.896818160720698643e+02
7.100000000000000533e+00 2.801518160720698347e+02
7.200000000000000178e+00 2.707818160720698870e+02
7.300000000000000711e+00 2.615718160720698506e+02
7.400000000000000355e+00 2.525218160720698393e+02
7.500000000000000000e+00 2.436318160720698529e+02
7.600000000000000533e+00 2.349018160720698063e+02
7.700000000000000178e+00 2.263318160720698700e+02
7.800000000000000711e+00 2.179218160720697881e+02
7.900000000000000355e+00 2.096718160720698449e+02
8.000000000000000000e+00 2.015818160720698700e+02
8.099999999999999645e+00 1.936518160720699200e+02
8.200000000000001066e+00 1.858818160720697676e+02
8.300000000000000711e+00 1.782718160720698108e+02
8.400000000000000355e+00 1.708218160720698506e+02
8.500000000000000000e+00 1.635318160720698586e+02
8.599999999999999645e+00 1.564018160720698916e+02
8.700000000000001066e+00 1.494318160720698074e+02
8.800000000000000711e+00 1.426218160720698052e+02
8.900000000000000355e+00 1.359718160720698563e+02
9.000000000000000000e+00 1.294818160720698756e+02
9.099999999999999645e+00 1.231518160720698916e+02
9.200000000000001066e+00 1.169818160720698046e+02
9.300000000000000711e+00 1.109718160720698137e+02
9.400000000000000355e+00 1.051218160720698478e+02
9.500000000000000000e+00 9.943181607206986428e+01
9.600000000000001421e+00 9.390181607206977787e+01
9.700000000000001066e+00 8.853181607206981596e+01
9.800000000000000711e+00 8.332181607206982221e+01
9.900000000000000355e+00 7.827181607206985348e+01
1.000000000000000000e+01 7.338181607206986712e+01
1.010000000000000142e+01 6.865181607206979209e+01
1.020000000000000107e+01 6.408181607206981312e+01
1.030000000000000071e+01 5.967181607206983784e+01
1.040000000000000036e+01 5.542181607206985205e+01
1.050000000000000000e+01 5.133181607206986286e+01
1.060000000000000142e+01 4.740181607206981340e+01
1.070000000000000107e+01 4.363181607206982449e+01
1.080000000000000071e+01 4.002181607206983927e+01
1.090000000000000036e+01 3.657181607206985063e+01
1.100000000000000000e+01 3.328181607206986570e+01
1.110000000000000142e+01 3.015181607206981695e+01
1.120000000000000107e+01 2.718181607206983230e+01
1.130000000000000071e+01 2.437181607206984069e+01
1.140000000000000036e+01 2.172181607206985277e+01
1.150000000000000000e+01 1.923181607206986143e+01
1.160000000000000142e+01 1.690181607206983116e+01
1.170000000000000107e+01 1.473181607206984012e+01
1.180000000000000071e+01 1.272181607206984921e+01
1.190000000000000036e+01 1.087181607206985667e+01
1.200000000000000000e+01 9.181816072069860724e+00
1.210000000000000142e+01 7.651816072069840935e+00
1.220000000000000107e+01 6.281816072069847934e+00
1.230000000000000071e+01 5.071816072069853298e+00
1.240000000000000036e+01 4.021816072069858805e+00
1.250000000000000000e+01 3.131816072069862233e+00
1.260000000000000142e+01 2.401816072069852925e+00
1.270000000000000107e+01 1.831816072069856860e+00
1.280000000000000071e+01 1.421816072069859604e+00
1.290000000000000036e+01 1.171816072069861381e+00
1.300000000000000000e+01 1.081816072069861967e+00
1.310000000000000142e+01 1.071816072069861958e+00
1.320000000000000107e+01 1.061816072069861949e+00
1.330000000000000071e+01 1.051816072069861940e+00
1.340000000000000036e+01 1.041816072069862154e+00
1.350000000000000000e+01 1.031816072069862367e+00
1.360000000000000142e+01 1.021816072069862358e+00
1.370000000000000107e+01 1.011816072069862349e+00
1.380000000000000071e+01 1.001816072069862340e+00
1.390000000000000036e+01 9.918160720698622201e-01
1.400000000000000000e+01 9.818160720698623223e-01
1.410000000000000142e+01 9.718160720698622024e-01
1.420000000000000107e+01 9.618160720698621935e-01
1.430000000000000071e+01 9.518160720698622956e-01
1.440000000000000036e+01 9.418160720698623978e-01
1.450000000000000000e+01 9.318160720698623889e-01
1.460000000000000142e+01 9.218160720698622690e-01
1.470000000000000107e+01 9.118160720698622601e-01
1.480000000000000071e+01 9.018160720698622512e-01
1.490000000000000036e+01 8.918160720698622423e-01
1.500000000000000000e+01 8.818160720698622335e-01
1.510000000000000142e+01 8.718160720698621136e-01
1.520000000000000107e+01 8.618160720698621047e-01
1.530000000000000071e+01 8.518160720698622068e-01
1.540000000000000036e+01 8.418160720698623090e-01
1.550000000000000000e+01 8.318160720698623001e-01
1.560000000000000142e+01 8.218160720698621802e-01
1.570000000000000107e+01 8.118160720698622823e-01
1.580000000000000071e+01 8.018160720698622734e-01
1.590000000000000036e+01 7.918160720698622645e-01
1.600000000000000000e+01 7.818160720698622557e-01
1.610000000000000142e+01 7.718160720698620247e-01
1.619999999999999929e+01 7.618160720698623489e-01
1.630000000000000071e+01 7.518160720698622290e-01
1.640000000000000213e+01 7.418160720698621091e-01
1.650000000000000000e+01 7.318160720698624333e-01
1.660000000000000142e+01 7.218160720698622024e-01
1.669999999999999929e+01 7.118160720698624155e-01
1.680000000000000071e+01 7.018160720698622956e-01
1.690000000000000213e+01 6.918160720698621757e-01
1.700000000000000000e+01 6.818160720698622779e-01
1.710000000000000142e+01 6.718160720698620469e-01
1.719999999999999929e+01 6.618160720698623711e-01
1.730000000000000071e+01 6.518160720698622512e-01
1.740000000000000213e+01 6.418160720698621313e-01
1.750000000000000000e+01 6.318160720698624555e-01
1.760000000000000142e+01 6.218160720698622246e-01
1.769999999999999929e+01 6.118160720698623267e-01
1.780000000000000071e+01 6.018160720698622068e-01
1.790000000000000213e+01 5.918160720698620869e-01
1.800000000000000000e+01 5.818197468148443852e-01
1.810000000000000142e+01 5.718234215598262393e-01
1.819999999999999929e+01 5.619092933493956554e-01
1.830000000000000071e+01 5.519951651389646274e-01
1.840000000000000213e+01 5.421215116456373773e-01
1.850000000000000000e+01 5.322478581523104602e-01
1.860000000000000142e+01 5.223783760268690957e-01
1.869999999999999929e+01 5.125088939014280642e-01
1.880000000000000071e+01 5.026122798199942343e-01
1.890000000000000213e+01 4.927156657385605709e-01
1.900000000000000000e+01 4.827652798955721081e-01
1.910000000000000142e+01 4.728148940525833122e-01
1.920000000000000284e+01 4.627884968412863120e-01
1.930000000000000071e+01 4.527620996299896450e-01
1.940000000000000213e+01 4.426415871450587458e-01
1.950000000000000000e+01 4.325210746601281797e-01
1.960000000000000142e+01 4.222922896948018701e-01
1.970000000000000284e+01 4.120635047294756159e-01
1.980000000000000071e+01 4.017160451123085174e-01
1.990000000000000213e+01 3.913685854951410303e-01
2.000000000000000000e+01 3.808956494652797065e-01
2.010000000000000142e+01 3.704227134354179940e-01
2.020000000000000284e+01 3.598226199102818046e-01
2.030000000000000071e+01 3.492225263851459482e-01
2.040000000000000213e+01 3.387022154950540265e-01
2.050000000000000000e+01 3.281819046049625488e-01
2.060000000000000142e+01 3.180595144843652577e-01
2.070000000000000284e+01 3.079371243637679667e-01
2.080000000000000071e+01 2.983053031330709648e-01
2.090000000000000213e+01 2.886734819023735743e-01
2.100000000000000000e+01 2.795006299805131711e-01
2.110000000000000142e+01 2.703277780586524348e-01
2.120000000000000284e+01 2.615878971893690896e-01
2.130000000000000071e+01 2.528480163200860220e-01
2.140000000000000213e+01 2.445204338309381609e-01
2.150000000000000000e+01 2.361928513417906605e-01
2.160000000000000142e+01 2.282619593978854333e-01
2.170000000000000284e+01 2.203310674539802339e-01
2.180000000000000071e+01 2.127860761777246312e-01
2.190000000000000213e+01 2.052410849014688066e-01
2.200000000000000000e+01 1.980757948039115479e-01
2.210000000000000142e+01 1.909105047063540672e-01
2.220000000000000284e+01 1.841230931259461578e-01
2.230000000000000071e+01 1.773356815455384983e-01
2.240000000000000213e+01 1.709285010054721055e-01
2.250000000000000000e+01 1.645213204654059347e-01
2.260000000000000142e+01 1.585007093548458090e-01
2.270000000000000284e+01 1.524800982442856834e-01
2.280000000000000071e+01 1.468562017954536392e-01
2.290000000000000213e+01 1.412323053466214284e-01
2.300000000000000000e+01 1.360134171963069682e-01
2.310000000000000142e+01 1.307945290459922860e-01
2.320000000000000284e+01 1.258761381454393813e-01
2.330000000000000071e+01 1.209577472448866431e-01
2.340000000000000213e+01 1.163211481173875433e-01
2.350000000000000000e+01 1.116845489898886101e-01
2.360000000000000142e+01 1.073123081453690592e-01
2.370000000000000284e+01 1.029400673008495082e-01
2.380000000000000071e+01 9.881595300618349620e-02
2.390000000000000213e+01 9.469183871151734544e-02
2.400000000000000000e+01 9.080075164442368008e-02
2.410000000000000142e+01 8.690966457732988981e-02
2.420000000000000284e+01 8.323754747406049426e-02
2.430000000000000071e+01 7.956543037079120972e-02
2.440000000000000213e+01 7.609922642274673243e-02
2.450000000000000000e+01 7.263302247470236617e-02
2.460000000000000142e+01 6.936059690606286021e-02
2.470000000000000284e+01 6.608817133742335426e-02
2.480000000000000071e+01 6.299826226512823812e-02
2.490000000000000213e+01 5.990835319283299709e-02
2.500000000000000000e+01 5.699050424349794836e-02
2.510000000000000142e+01 5.407265529416278860e-02
2.520000000000000284e+01 5.131465849922723504e-02
2.530000000000000071e+01 4.855666170429177864e-02
2.540000000000000213e+01 4.594879515697784800e-02
2.550000000000000000e+01 4.334092860966401450e-02
2.560000000000000142e+01 4.087409080985392879e-02
2.570000000000000284e+01 3.840725301004384307e-02
2.580000000000000071e+01 3.607293486594028570e-02
2.590000000000000213e+01 3.373861672183665894e-02
2.600000000000000000e+01 3.152885967104420567e-02
2.610000000000000142e+01 2.931910262025166913e-02
2.620000000000000284e+01 2.722645897498714510e-02
2.630000000000000071e+01 2.513381532972269738e-02
2.640000000000000213e+01 2.315131254444969394e-02
2.650000000000000000e+01 2.116880975917676336e-02
2.660000000000000142e+01 1.928992337143985158e-02
2.670000000000000284e+01 1.741103698370294328e-02
2.680000000000000071e+01 1.562965996575097632e-02
2.690000000000000213e+01 1.384828294779895039e-02
2.700000000000000000e+01 1.215869559165925866e-02
2.710000000000000142e+01 1.046910823551950795e-02
2.720000000000000284e+01 8.865953995673230698e-03
2.730000000000000071e+01 7.262799755827009825e-03
2.740000000000000213e+01 5.739308153344347026e-03
2.750000000000000000e+01 4.215816550861739738e-03
2.760000000000000142e+01 2.768140352827586255e-03
2.770000000000000284e+01 1.320464154793432338e-03
2.780000000000000071e+01 -5.504052379515847324e-05
2.790000000000000213e+01 -1.430545202383795350e-03
2.800000000000000000e+01 -2.737328993649446821e-03
2.810000000000000142e+01 -4.044112784915145781e-03
2.820000000000000284e+01 -5.294854204795877185e-03
2.830000000000000071e+01 -6.545595624676565222e-03
2.840000000000000213e+01 -7.743871292186013493e-03
2.850000000000000000e+01 -8.942146959695416661e-03
2.860000000000000142e+01 -1.008919879343679257e-02
2.870000000000000284e+01 -1.123625062717816848e-02
2.880000000000000071e+01 -1.233439649484558559e-02
2.890000000000000213e+01 -1.343254236251303912e-02
2.900000000000000000e+01 -1.448107946553863629e-02
2.910000000000000142e+01 -1.552961656856426988e-02
2.920000000000000284e+01 -1.652343944848716842e-02
2.930000000000000071e+01 -1.751726232841003053e-02
2.940000000000000213e+01 -1.844512558744308348e-02
2.950000000000000000e+01 -1.937298884647610173e-02
2.960000000000000142e+01 -2.023239968933004257e-02
2.970000000000000284e+01 -2.109181053218398341e-02
2.980000000000000071e+01 -2.187646320769857933e-02
2.990000000000000213e+01 -2.266111588321320300e-02
3.000000000000000000e+01 -2.339328883288458935e-02
3.010000000000000142e+01 -2.412546178255599999e-02
3.020000000000000284e+01 -2.481159524669436511e-02
3.030000000000000071e+01 -2.549772871083270942e-02
3.040000000000000213e+01 -2.613830419107679784e-02
3.050000000000000000e+01 -2.677887967132086197e-02
3.060000000000000142e+01 -2.731403427934182490e-02
3.070000000000000284e+01 -2.784918888736278783e-02
3.080000000000000071e+01 -2.823618540453201597e-02
3.090000000000000213e+01 -2.862318192170125453e-02
3.100000000000000000e+01 -2.884123919877968137e-02
3.110000000000000142e+01 -2.905929647585811515e-02
3.120000000000000284e+01 -2.908592190909671180e-02
3.130000000000000071e+01 -2.911254734233530844e-02
3.140000000000000213e+01 -2.893593132975386117e-02
3.150000000000000000e+01 -2.875931531717241738e-02
3.160000000000000142e+01 -2.837696213293625785e-02
3.170000000000000284e+01 -2.799460894870009833e-02
3.180000000000000071e+01 -2.741218412918456498e-02
3.190000000000000213e+01 -2.682975930966900041e-02
3.200000000000000000e+01 -2.606013347127477536e-02
3.210000000000000142e+01 -2.529050763288051909e-02
3.220000000000000284e+01 -2.435293809441818613e-02
3.230000000000000426e+01 -2.341536855595584277e-02
3.239999999999999858e+01 -2.233219610952055789e-02
3.250000000000000000e+01 -2.124902366308519669e-02
3.260000000000000142e+01 -2.004974705072949670e-02
3.270000000000000284e+01 -1.885047043837379671e-02
3.280000000000000426e+01 -1.756890716151328705e-02
3.289999999999999858e+01 -1.628734388465286759e-02
3.300000000000000000e+01 -1.496069674679883187e-02
3.310000000000000142e+01 -1.363404960894479441e-02
3.320000000000000284e+01 -1.228843301296425952e-02
3.330000000000000426e+01 -1.094281641698372463e-02
3.339999999999999858e+01 -9.608888981218510414e-03
3.350000000000000000e+01 -8.274961545453200784e-03
3.360000000000000142e+01 -6.983347116988482262e-03
3.370000000000000284e+01 -5.691732688523762872e-03
3.380000000000000426e+01 -4.468269615403787365e-03
3.389999999999999858e+01 -3.244806542283898160e-03
3.400000000000000000e+01 -2.113375325803512009e-03
3.410000000000000142e+01 -9.819441093231327973e-04
3.420000000000000284e+01 3.293760707412227471e-05
3.430000000000000426e+01 1.047819323471367277e-03
3.439999999999999858e+01 1.915728381933090845e-03
3.450000000000000000e+01 2.783637440394875779e-03
3.460000000000000142e+01 3.483903403176808345e-03
3.470000000000000284e+01 4.184169365958740477e-03
3.480000000000000426e+01 4.695540222441804343e-03
3.489999999999999858e+01 5.206911078924831779e-03
3.500000000000000000e+01 5.552806911787222521e-03
3.510000000000000142e+01 5.898702744649601121e-03
3.520000000000000284e+01 6.115415859719080562e-03
3.530000000000000426e+01 6.332128974788555666e-03
3.539999999999999858e+01 6.478967783916562279e-03
3.550000000000000000e+01 6.625806593044579300e-03
3.560000000000000142e+01 6.707856443985318884e-03
3.570000000000000284e+01 6.789906294926058468e-03
3.580000000000000426e+01 6.812543729618825324e-03
3.589999999999999858e+01 6.835181164311591312e-03
3.600000000000000000e+01 6.815996372467337736e-03
3.610000000000000142e+01 6.796811580623080690e-03
3.620000000000000284e+01 6.743410269822529800e-03
3.630000000000000426e+01 6.690008959021977175e-03
3.639999999999999858e+01 6.609321692389920171e-03
3.650000000000000000e+01 6.528634425757857095e-03
3.660000000000000142e+01 6.426834632609432912e-03
3.670000000000000284e+01 6.325034839461008730e-03
3.680000000000000426e+01 6.207458926865976230e-03
3.689999999999999858e+01 6.089883014270951536e-03
3.700000000000000000e+01 5.961009172232597728e-03
3.710000000000000142e+01 5.832135330194243919e-03
3.720000000000000284e+01 5.695589500883264586e-03
3.730000000000000426e+01 5.559043671572284386e-03
3.739999999999999858e+01 5.417708846011421754e-03
3.750000000000000000e+01 5.276374020450547847e-03
3.760000000000000142e+01 5.133015885991104588e-03
3.770000000000000284e+01 4.989657751531661328e-03
3.780000000000000426e+01 4.846861612698970603e-03
3.789999999999999858e+01 4.704065473866290287e-03
3.800000000000000000e+01 4.563931014749504807e-03
3.810000000000000142e+01 4.423796555632719327e-03
3.820000000000000284e+01 4.287955204539604416e-03
3.830000000000000426e+01 4.152113853446490373e-03
3.840000000000000568e+01 4.021734216519679689e-03
3.850000000000000000e+01 3.891354579592879413e-03
3.860000000000000142e+01 3.767157186701003326e-03
3.870000000000000284e+01 3.642959793809126805e-03
3.880000000000000426e+01 3.525264157660367142e-03
3.890000000000000568e+01 3.407568521511607912e-03
3.900000000000000000e+01 3.296395798373276485e-03
3.910000000000000142e+01 3.185223075234936817e-03
3.920000000000000284e+01 3.080421650810724176e-03
3.930000000000000426e+01 2.975620226386511101e-03
3.940000000000000568e+01 2.876831199363273986e-03
3.950000000000000000e+01 2.778042172340043810e-03
3.960000000000000142e+01 2.684844485214123687e-03
3.970000000000000284e+01 2.591646798088203564e-03
3.980000000000000426e+01 2.503651153060379008e-03
3.990000000000000568e+01 2.415655508032554886e-03
4.000000000000000000e+01 2.332569089426052549e-03
4.010000000000000142e+01 2.249482670819544575e-03
4.020000000000000284e+01 2.170986730081758687e-03
4.030000000000000426e+01 2.092490789343972798e-03
4.040000000000000568e+01 2.018244503556479268e-03
4.050000000000000000e+01 1.943998217768991375e-03
4.060000000000000142e+01 1.873724966378520831e-03
4.070000000000000284e+01 1.803451714988050071e-03
4.080000000000000426e+01 1.736986170372088224e-03
4.090000000000000568e+01 1.670520625756126160e-03
4.100000000000000000e+01 1.607717640182921258e-03
4.110000000000000142e+01 1.544914654609712019e-03
4.120000000000000284e+01 1.485634939592869654e-03
4.130000000000000426e+01 1.426355224576027290e-03
4.140000000000000568e+01 1.370464379048760319e-03
4.150000000000000000e+01 1.314573533521497467e-03
4.160000000000000142e+01 1.261941410157824735e-03
4.170000000000000284e+01 1.209309286794152220e-03
4.180000000000000426e+01 1.159808210362164773e-03
4.190000000000000568e+01 1.110307133930177109e-03
4.200000000000000000e+01 1.063814801837323050e-03
4.210000000000000142e+01 1.017322469744465739e-03
4.220000000000000284e+01 9.737186263114017658e-04
4.230000000000000426e+01 9.301147828783379009e-04
4.240000000000000568e+01 8.892824198513363428e-04
4.250000000000000000e+01 8.484500568243376036e-04
4.260000000000000142e+01 8.102760555184437569e-04
4.270000000000000284e+01 7.721020542125499103e-04
4.280000000000000426e+01 7.364737751581054226e-04
4.290000000000000568e+01 7.008454961036610434e-04
4.300000000000000000e+01 6.676566803627830178e-04
4.310000000000000142e+01 6.344678646219027154e-04
4.320000000000000284e+01 6.036095923936870156e-04
4.330000000000000426e+01 5.727513201654713159e-04
4.340000000000000568e+01 5.441239187276850553e-04
4.350000000000000000e+01 5.154965172899008546e-04
4.360000000000000142e+01 4.889951574020352972e-04
4.370000000000000284e+01 4.624937975141697939e-04
4.380000000000000426e+01 4.380239150846008717e-04
4.390000000000000568e+01 4.135540326550319495e-04
4.400000000000000000e+01 3.910158298501326579e-04
4.410000000000000142e+01 3.684776270452317401e-04
4.420000000000000284e+01 3.477793851424494458e-04
4.430000000000000426e+01 3.270811432396672058e-04
4.440000000000000568e+01 3.081282382657993041e-04
4.450000000000000000e+01 2.891753332919327034e-04
4.460000000000000142e+01 2.718779610050425918e-04
4.470000000000000284e+01 2.545805887181524802e-04
4.480000000000000426e+01 2.388497051431366603e-04
4.490000000000000568e+01 2.231188215681208134e-04
4.500000000000000000e+01 2.088671808554984149e-04
4.510000000000000142e+01 1.946155401428750135e-04
4.520000000000000284e+01 1.817584198475582125e-04
4.530000000000000426e+01 1.689012995522414385e-04
4.540000000000000568e+01 1.573552625774562248e-04
4.550000000000000000e+01 1.458092256026718514e-04
4.560000000000000142e+01 1.354918403890760449e-04
4.570000000000000284e+01 1.251744551754802113e-04
4.580000000000000426e+01 1.160060556591214771e-04
4.590000000000000568e+01 1.068376561427627564e-04
4.600000000000000000e+01 9.873819657331176186e-05
4.610000000000000142e+01 9.063873700386018456e-05
4.620000000000000284e+01 8.353220017806574588e-05
4.630000000000000426e+01 7.642566335227130719e-05
4.640000000000000568e+01 7.023670175916207523e-05
4.650000000000000000e+01 6.404774016605327695e-05
4.660000000000000142e+01 5.869874896383106463e-05
4.670000000000000284e+01 5.334975776160883875e-05
4.680000000000000426e+01 4.876766288829955222e-05
4.690000000000000568e+01 4.418556801499026569e-05
4.700000000000000000e+01 4.029273055608388246e-05
4.710000000000000142e+01 3.639989309717721463e-05
4.720000000000000284e+01 3.312297946450448982e-05
4.730000000000000426e+01 2.984606583183176500e-05
4.740000000000000568e+01 2.711117792347038217e-05
4.750000000000000000e+01 2.437629001510919246e-05
4.760000000000000142e+01 2.215482043030412277e-05
4.770000000000000284e+01 1.993335084549904970e-05
4.780000000000000426e+01 1.815169391772872452e-05
4.790000000000000568e+01 1.637003698995839935e-05
4.800000000000000000e+01 1.496352501567697221e-05
4.810000000000000142e+01 1.355701304139544342e-05
4.820000000000000284e+01 1.246124580938201933e-05
4.830000000000000426e+01 1.136547857736859864e-05
4.840000000000000568e+01 1.051630574433836434e-05
4.850000000000000000e+01 9.667132911308187651e-06
4.860000000000000142e+01 9.000637538749012035e-06
4.870000000000000284e+01 8.334142166189833031e-06
4.880000000000000426e+01 7.786625341915114529e-06
4.890000000000000568e+01 7.239108517640396874e-06
4.900000000000000000e+01 6.747074990588716983e-06
4.910000000000000142e+01 6.255041463537001517e-06
4.920000000000000284e+01 5.755186225058128355e-06
4.930000000000000426e+01 5.255330986579255193e-06
4.940000000000000568e+01 4.684526735845445497e-06
4.950000000000000000e+01 4.113722485111676458e-06
4.960000000000000142e+01 3.409007920400847149e-06
4.970000000000000284e+01 2.704293355690017839e-06
4.980000000000000426e+01 1.802862237126657101e-06
4.990000000000000568e+01 9.014311185632965752e-07
5.000000000000000000e+01 0.000000000000000000e+00
