0.000000 353.259932
0.100000 352.867530
0.200000 352.475346
0.300000 352.083380
0.400000 351.691632
0.500000 351.300103
0.600000 350.908791
0.700000 350.517697
0.800000 350.126822
0.900000 349.736164
1.000000 349.345725
1.100000 348.955503
1.200000 348.565500
1.300000 348.175715
1.400000 347.786148
1.500000 347.396799
1.600000 347.007667
1.700000 346.618754
1.800000 346.230059
1.900000 345.841583
2.000000 345.453324
2.100000 345.065283
2.200000 344.677460
2.300000 344.289856
2.400000 343.902469
2.500000 343.515301
2.600000 343.128350
2.700000 342.741618
2.800000 342.355103
2.900000 341.968807
3.000000 341.582729
3.100000 341.196869
3.200000 340.811227
3.300000 340.425803
3.400000 340.040597
3.500000 339.655609
3.600000 339.270839
3.700000 338.886287
3.800000 338.501953
3.900000 338.117838
4.000000 337.733940
4.100000 337.350261
4.200000 336.966799
4.300000 336.583556
4.400000 336.200530
4.500000 335.817723
4.600000 335.435134
4.700000 335.052763
4.800000 334.670609
4.900000 334.288674
5.000000 333.906957
5.100000 333.525459
5.200000 333.144178
5.300000 332.763115
5.400000 332.382270
5.500000 332.001643
5.600000 331.621235
5.700000 331.241044
5.800000 330.861072
5.900000 330.481317
6.000000 330.101781
6.100000 329.722463
6.200000 329.343362
6.300000 328.964480
6.400000 328.585816
6.500000 328.207370
6.600000 327.829142
6.700000 327.451132
6.800000 327.073340
6.900000 326.695767
7.000000 326.318411
7.100000 325.941273
7.200000 325.564353
7.300000 325.187652
7.400000 324.811168
7.500000 324.434903
7.600000 324.058856
7.700000 323.683026
7.800000 323.307415
7.900000 322.932022
8.000000 322.556847
8.100000 322.181890
8.200000 321.807151
8.300000 321.432630
8.400000 321.058327
8.500000 320.684242
8.600000 320.310375
8.700000 319.936726
8.800000 319.563296
8.900000 319.190083
9.000000 318.817089
9.100000 318.444312
9.200000 318.071754
9.300000 317.699414
9.400000 317.327291
9.500000 316.955387
9.600000 316.583701
9.700000 316.212233
9.800000 315.840983
9.900000 315.469951
10.000000 315.099137
10.100000 314.728541
10.200000 314.358163
10.300000 313.988004
10.400000 313.618062
10.500000 313.248338
10.600000 312.878833
10.700000 312.509545
10.800000 312.140476
10.900000 311.771625
11.000000 311.402991
11.100000 311.034576
11.200000 310.666379
11.300000 310.298400
11.400000 309.930639
11.500000 309.563096
11.600000 309.195771
11.700000 308.828664
11.800000 308.461775
11.900000 308.095105
12.000000 307.728652
12.100000 307.362417
12.200000 306.996401
12.300000 306.630602
12.400000 306.265022
12.500000 305.899660
12.600000 305.534515
12.700000 305.169589
12.800000 304.804881
12.900000 304.440391
13.000000 304.076119
13.100000 303.712065
13.200000 303.348229
13.300000 302.984611
13.400000 302.621211
13.500000 302.258029
13.600000 301.895066
13.700000 301.532320
13.800000 301.169793
13.900000 300.807483
14.000000 300.445392
14.100000 300.083518
14.200000 299.721863
14.300000 299.360426
14.400000 298.999207
14.500000 298.638205
14.600000 298.277422
14.700000 297.916857
14.800000 297.556510
14.900000 297.196382
15.000000 296.836471
15.100000 296.476778
15.200000 296.117303
15.300000 295.758047
15.400000 295.399008
15.500000 295.040188
15.600000 294.681585
15.700000 294.323201
15.800000 293.965034
15.900000 293.607086
16.000000 293.249356
16.100000 292.891844
16.200000 292.534550
16.300000 292.177474
16.400000 291.820616
16.500000 291.463976
16.600000 291.107554
16.700000 290.751350
16.800000 290.395365
16.900000 290.039597
17.000000 289.684047
17.100000 289.328716
17.200000 288.973602
17.300000 288.618707
17.400000 288.264030
17.500000 287.909570
17.600000 287.555329
17.700000 287.201306
17.800000 286.847501
17.900000 286.493914
18.000000 286.140545
18.100000 285.787394
18.200000 285.434461
18.300000 285.081747
18.400000 284.729250
18.500000 284.376971
18.600000 284.024911
18.700000 283.673068
18.800000 283.321444
18.900000 282.970037
19.000000 282.618849
19.100000 282.267879
19.200000 281.917126
19.300000 281.566592
19.400000 281.216276
19.500000 280.866178
19.600000 280.516298
19.700000 280.166636
19.800000 279.817192
19.900000 279.467966
20.000000 279.118959
20.100000 278.770169
20.200000 278.421597
20.300000 278.073244
20.400000 277.725108
20.500000 277.377191
20.600000 277.029492
20.700000 276.682010
20.800000 276.334747
20.900000 275.987702
21.000000 275.640875
21.100000 275.294266
21.200000 274.947875
21.300000 274.601702
21.400000 274.255747
21.500000 273.910010
21.600000 273.564491
21.700000 273.219191
21.800000 272.874108
21.900000 272.529244
22.000000 272.184597
22.100000 271.840169
22.200000 271.495958
22.300000 271.151966
22.400000 270.808192
22.500000 270.464636
22.600000 270.121297
22.700000 269.778177
22.800000 269.435275
22.900000 269.092591
23.000000 268.750126
23.100000 268.407878
23.200000 268.065848
23.300000 267.724036
23.400000 267.382443
23.500000 267.041067
23.600000 266.699910
23.700000 266.358970
23.800000 266.018249
23.900000 265.677745
24.000000 265.337460
24.100000 264.997393
24.200000 264.657544
24.300000 264.317913
24.400000 263.978500
24.500000 263.639305
24.600000 263.300328
24.700000 262.961569
24.800000 262.623028
24.900000 262.284706
25.000000 261.946601
25.100000 261.608714
25.200000 261.271046
25.300000 260.933595
25.400000 260.596363
25.500000 260.259349
25.600000 259.922552
25.700000 259.585974
25.800000 259.249614
25.900000 258.913472
26.000000 258.577548
26.100000 258.241842
26.200000 257.906354
26.300000 257.571084
26.400000 257.236032
26.500000 256.901199
26.600000 256.566583
26.700000 256.232185
26.800000 255.898006
26.900000 255.564044
27.000000 255.230301
27.100000 254.896776
27.200000 254.563468
27.300000 254.230379
27.400000 253.897508
27.500000 253.564855
27.600000 253.232420
27.700000 252.900203
27.800000 252.568204
27.900000 252.236423
28.000000 251.904860
28.100000 251.573516
28.200000 251.242389
28.300000 250.911480
28.400000 250.580790
28.500000 250.250317
28.600000 249.920063
28.700000 249.590026
28.800000 249.260208
28.900000 248.930608
29.000000 248.601226
29.100000 248.272062
29.200000 247.943116
29.300000 247.614388
29.400000 247.285878
29.500000 246.957586
29.600000 246.629512
29.700000 246.301656
29.800000 245.974018
29.900000 245.646599
30.000000 245.319397
30.100000 244.992414
30.200000 244.665648
30.300000 244.339101
30.400000 244.012772
30.500000 243.686660
30.600000 243.360767
30.700000 243.035092
30.800000 242.709635
30.900000 242.384396
31.000000 242.059375
31.100000 241.734572
31.200000 241.409987
31.300000 241.085621
31.400000 240.761472
31.500000 240.437541
31.600000 240.113829
31.700000 239.790334
31.800000 239.467058
31.900000 239.143999
32.000000 238.821159
32.100000 238.498537
32.200000 238.176133
32.300000 237.853946
32.400000 237.531978
32.500000 237.210228
32.600000 236.888696
32.700000 236.567382
32.800000 236.246287
32.900000 235.925409
33.000000 235.604749
33.100000 235.284308
33.200000 234.964084
33.300000 234.644078
33.400000 234.324291
33.500000 234.004722
33.600000 233.685370
33.700000 233.366237
33.800000 233.047322
33.900000 232.728625
34.000000 232.410145
34.100000 232.091884
34.200000 231.773841
34.300000 231.456017
34.400000 231.138410
34.500000 230.821021
34.600000 230.503850
34.700000 230.186898
34.800000 229.870163
34.900000 229.553646
35.000000 229.237348
35.100000 228.921268
35.200000 228.605405
35.300000 228.289761
35.400000 227.974335
35.500000 227.659126
35.600000 227.344136
35.700000 227.029364
35.800000 226.714810
35.900000 226.400474
36.000000 226.086357
36.100000 225.772457
36.200000 225.458775
36.300000 225.145311
36.400000 224.832066
36.500000 224.519038
36.600000 224.206229
36.700000 223.893637
36.800000 223.581264
36.900000 223.269109
37.000000 222.957171
37.100000 222.645452
37.200000 222.333951
37.300000 222.022668
37.400000 221.711603
37.500000 221.400756
37.600000 221.090127
37.700000 220.779716
37.800000 220.469524
37.900000 220.159549
38.000000 219.849792
38.100000 219.540254
38.200000 219.230933
38.300000 218.921831
38.400000 218.612946
38.500000 218.304280
38.600000 217.995832
38.700000 217.687602
38.800000 217.379590
38.900000 217.071795
39.000000 216.764219
39.100000 216.456862
39.200000 216.149722
39.300000 215.842800
39.400000 215.536096
39.500000 215.229610
39.600000 214.923343
39.700000 214.617293
39.800000 214.311462
39.900000 214.005848
40.000000 213.700453
40.100000 213.395275
40.200000 213.090316
40.300000 212.785575
40.400000 212.481052
40.500000 212.176747
40.600000 211.872660
40.700000 211.568791
40.800000 211.265140
40.900000 210.961707
41.000000 210.658492
41.100000 210.355496
41.200000 210.052717
41.300000 209.750156
41.400000 209.447814
41.500000 209.145689
41.600000 208.843783
41.700000 208.542095
41.800000 208.240624
41.900000 207.939372
42.000000 207.638338
42.100000 207.337522
42.200000 207.036924
42.300000 206.736544
42.400000 206.436382
42.500000 206.136438
42.600000 205.836712
42.700000 205.537205
42.800000 205.237915
42.900000 204.938843
43.000000 204.639990
43.100000 204.341354
43.200000 204.042937
43.300000 203.744737
43.400000 203.446756
43.500000 203.148993
43.600000 202.851448
43.700000 202.554121
43.800000 202.257012
43.900000 201.960121
44.000000 201.663448
44.100000 201.366993
44.200000 201.070756
44.300000 200.774737
44.400000 200.478937
44.500000 200.183354
44.600000 199.887989
44.700000 199.592843
44.800000 199.297914
44.900000 199.003204
45.000000 198.708712
45.100000 198.414438
45.200000 198.120381
45.300000 197.826543
45.400000 197.532923
45.500000 197.239521
45.600000 196.946337
45.700000 196.653371
45.800000 196.360624
45.900000 196.068094
46.000000 195.775782
46.100000 195.483689
46.200000 195.191813
46.300000 194.900155
46.400000 194.608716
46.500000 194.317495
46.600000 194.026491
46.700000 193.735706
46.800000 193.445139
46.900000 193.154790
47.000000 192.864659
47.100000 192.574746
47.200000 192.285051
47.300000 191.995574
47.400000 191.706315
47.500000 191.417274
47.600000 191.128451
47.700000 190.839847
47.800000 190.551460
47.900000 190.263292
48.000000 189.975341
48.100000 189.687609
48.200000 189.400095
48.300000 189.112798
48.400000 188.825720
48.500000 188.538860
48.600000 188.252218
48.700000 187.965794
48.800000 187.679588
48.900000 187.393600
49.000000 187.107830
49.100000 186.822278
49.200000 186.536945
49.300000 186.251829
49.400000 185.966931
49.500000 185.682252
49.600000 185.397790
49.700000 185.113547
49.800000 184.829522
49.900000 184.545714
50.000000 184.262125
50.100000 183.978754
50.200000 183.695601
50.300000 183.412666
50.400000 183.129949
50.500000 182.847450
50.600000 182.565169
50.700000 182.283106
50.800000 182.001262
50.900000 181.719635
51.000000 181.438226
51.100000 181.157036
51.200000 180.876063
51.300000 180.595309
51.400000 180.314772
51.500000 180.034454
51.600000 179.754354
51.700000 179.474472
51.800000 179.194808
51.900000 178.915362
52.000000 178.636134
52.100000 178.357124
52.200000 178.078332
52.300000 177.799758
52.400000 177.521402
52.500000 177.243265
52.600000 176.965345
52.700000 176.687643
52.800000 176.410160
52.900000 176.132894
53.000000 175.855847
53.100000 175.579018
53.200000 175.302407
53.300000 175.026013
53.400000 174.749838
53.500000 174.473881
53.600000 174.198142
53.700000 173.922621
53.800000 173.647318
53.900000 173.372233
54.000000 173.097367
54.100000 172.822718
54.200000 172.548287
54.300000 172.274075
54.400000 172.000080
54.500000 171.726304
54.600000 171.452746
54.700000 171.179405
54.800000 170.906283
54.900000 170.633379
55.000000 170.360693
55.100000 170.088224
55.200000 169.815974
55.300000 169.543943
55.400000 169.272129
55.500000 169.000533
55.600000 168.729155
55.700000 168.457995
55.800000 168.187054
55.900000 167.916330
56.000000 167.645825
56.100000 167.375537
56.200000 167.105468
56.300000 166.835616
56.400000 166.565983
56.500000 166.296568
56.600000 166.027371
56.700000 165.758392
56.800000 165.489631
56.900000 165.221088
57.000000 164.952763
57.100000 164.684656
57.200000 164.416767
57.300000 164.149096
57.400000 163.881644
57.500000 163.614409
57.600000 163.347393
57.700000 163.080594
57.800000 162.814014
57.900000 162.547651
58.000000 162.281507
58.100000 162.015581
58.200000 161.749873
58.300000 161.484383
58.400000 161.219111
58.500000 160.954057
58.600000 160.689221
58.700000 160.424603
58.800000 160.160203
58.900000 159.896021
59.000000 159.632058
59.100000 159.368312
59.200000 159.104784
59.300000 158.841475
59.400000 158.578384
59.500000 158.315510
59.600000 158.052855
59.700000 157.790418
59.800000 157.528198
59.900000 157.266197
60.000000 157.004414
60.100000 156.742849
60.200000 156.481502
60.300000 156.220373
60.400000 155.959463
60.500000 155.698770
60.600000 155.438295
60.700000 155.178039
60.800000 154.918000
60.900000 154.658180
61.000000 154.398577
61.100000 154.139193
61.200000 153.880026
61.300000 153.621078
61.400000 153.362348
61.500000 153.103836
61.600000 152.845542
61.700000 152.587466
61.800000 152.329608
61.900000 152.071968
62.000000 151.814546
62.100000 151.557342
62.200000 151.300357
62.300000 151.043589
62.400000 150.787039
62.500000 150.530708
62.600000 150.274595
62.700000 150.018699
62.800000 149.763022
62.900000 149.507563
63.000000 149.252321
63.100000 148.997298
63.200000 148.742493
63.300000 148.487906
63.400000 148.233537
63.500000 147.979386
63.600000 147.725453
63.700000 147.471739
63.800000 147.218242
63.900000 146.964963
64.000000 146.711903
64.100000 146.459060
64.200000 146.206436
64.300000 145.954029
64.400000 145.701841
64.500000 145.449871
64.600000 145.198118
64.700000 144.946584
64.800000 144.695268
64.900000 144.444170
65.000000 144.193290
65.100000 143.942628
65.200000 143.692184
65.300000 143.441959
65.400000 143.191951
65.500000 142.942161
65.600000 142.692590
65.700000 142.443236
65.800000 142.194101
65.900000 141.945183
66.000000 141.696484
66.100000 141.448003
66.200000 141.199739
66.300000 140.951694
66.400000 140.703867
66.500000 140.456258
66.600000 140.208867
66.700000 139.961694
66.800000 139.714739
66.900000 139.468002
67.000000 139.221484
67.100000 138.975183
67.200000 138.729100
67.300000 138.483236
67.400000 138.237589
67.500000 137.992161
67.600000 137.746951
67.700000 137.501958
67.800000 137.257184
67.900000 137.012628
68.000000 136.768290
68.100000 136.524170
68.200000 136.280268
68.300000 136.036584
68.400000 135.793118
68.500000 135.549870
68.600000 135.306840
68.700000 135.064029
68.800000 134.821435
68.900000 134.579059
69.000000 134.336902
69.100000 134.094963
69.200000 133.853241
69.300000 133.611738
69.400000 133.370453
69.500000 133.129385
69.600000 132.888536
69.700000 132.647905
69.800000 132.407492
69.900000 132.167297
70.000000 131.927320
70.100000 131.687562
70.200000 131.448021
70.300000 131.208698
70.400000 130.969593
70.500000 130.730707
70.600000 130.492038
70.700000 130.253588
70.800000 130.015355
70.900000 129.777341
71.000000 129.539545
71.100000 129.301967
71.200000 129.064607
71.300000 128.827464
71.400000 128.590540
71.500000 128.353834
71.600000 128.117347
71.700000 127.881077
71.800000 127.645025
71.900000 127.409191
72.000000 127.173576
72.100000 126.938178
72.200000 126.702998
72.300000 126.468037
72.400000 126.233294
72.500000 125.998768
72.600000 125.764461
72.700000 125.530372
72.800000 125.296501
72.900000 125.062847
73.000000 124.829412
73.100000 124.596195
73.200000 124.363197
73.300000 124.130416
73.400000 123.897853
73.500000 123.665508
73.600000 123.433382
73.700000 123.201473
73.800000 122.969782
73.900000 122.738310
74.000000 122.507055
74.100000 122.276019
74.200000 122.045201
74.300000 121.814601
74.400000 121.584218
74.500000 121.354054
74.600000 121.124108
74.700000 120.894380
74.800000 120.664870
74.900000 120.435578
75.000000 120.206505
75.100000 119.977649
75.200000 119.749011
75.300000 119.520592
75.400000 119.292390
75.500000 119.064407
75.600000 118.836641
75.700000 118.609094
75.800000 118.381764
75.900000 118.154653
76.000000 117.927760
76.100000 117.701085
76.200000 117.474628
76.300000 117.248389
76.400000 117.022368
76.500000 116.796565
76.600000 116.570980
76.700000 116.345613
76.800000 116.120465
76.900000 115.895534
77.000000 115.670822
77.100000 115.446327
77.200000 115.222051
77.300000 114.997992
77.400000 114.774152
77.500000 114.550530
77.600000 114.327125
77.700000 114.103939
77.800000 113.880971
77.900000 113.658221
78.000000 113.435689
78.100000 113.213375
78.200000 112.991280
78.300000 112.769402
78.400000 112.547742
78.500000 112.326300
78.600000 112.105077
78.700000 111.884071
78.800000 111.663284
78.900000 111.442715
79.000000 111.222363
79.100000 111.002230
79.200000 110.782315
79.300000 110.562618
79.400000 110.343138
79.500000 110.123877
79.600000 109.904834
79.700000 109.686010
79.800000 109.467403
79.900000 109.249014
80.000000 109.030843
80.100000 108.812891
80.200000 108.595156
80.300000 108.377639
80.400000 108.160341
80.500000 107.943261
80.600000 107.726398
80.700000 107.509754
80.800000 107.293328
80.900000 107.077120
81.000000 106.861129
81.100000 106.645357
81.200000 106.429803
81.300000 106.214468
81.400000 105.999350
81.500000 105.784450
81.600000 105.569768
81.700000 105.355304
81.800000 105.141059
81.900000 104.927031
82.000000 104.713222
82.100000 104.499630
82.200000 104.286257
82.300000 104.073102
82.400000 103.860165
82.500000 103.647445
82.600000 103.434944
82.700000 103.222661
82.800000 103.010596
82.900000 102.798749
83.000000 102.587120
83.100000 102.375710
83.200000 102.164517
83.300000 101.953542
83.400000 101.742786
83.500000 101.532247
83.600000 101.321927
83.700000 101.111824
83.800000 100.901940
83.900000 100.692273
84.000000 100.482825
84.100000 100.273595
84.200000 100.064583
84.300000 99.855789
84.400000 99.647213
84.500000 99.438855
84.600000 99.230715
84.700000 99.022793
84.800000 98.815089
84.900000 98.607604
85.000000 98.400336
85.100000 98.193286
85.200000 97.986455
85.300000 97.779842
85.400000 97.573446
85.500000 97.367269
85.600000 97.161310
85.700000 96.955568
85.800000 96.750045
85.900000 96.544740
86.000000 96.339653
86.100000 96.134784
86.200000 95.930133
86.300000 95.725700
86.400000 95.521486
86.500000 95.317489
86.600000 95.113710
86.700000 94.910150
86.800000 94.706807
86.900000 94.503683
87.000000 94.300776
87.100000 94.098088
87.200000 93.895618
87.300000 93.693365
87.400000 93.491331
87.500000 93.289515
87.600000 93.087917
87.700000 92.886537
87.800000 92.685375
87.900000 92.484432
88.000000 92.283706
88.100000 92.083198
88.200000 91.882908
88.300000 91.682837
88.400000 91.482983
88.500000 91.283348
88.600000 91.083930
88.700000 90.884731
88.800000 90.685750
88.900000 90.486986
89.000000 90.288441
89.100000 90.090114
89.200000 89.892005
89.300000 89.694114
89.400000 89.496441
89.500000 89.298986
89.600000 89.101750
89.700000 88.904731
89.800000 88.707930
89.900000 88.511348
90.000000 88.314983
90.100000 88.118837
90.200000 87.922908
90.300000 87.727198
90.400000 87.531705
90.500000 87.336431
90.600000 87.141375
90.700000 86.946537
90.800000 86.751917
90.900000 86.557515
91.000000 86.363331
91.100000 86.169365
91.200000 85.975617
91.300000 85.782088
91.400000 85.588776
91.500000 85.395682
91.600000 85.202807
91.700000 85.010149
91.800000 84.817710
91.900000 84.625488
92.000000 84.433485
92.100000 84.241700
92.200000 84.050133
92.300000 83.858783
92.400000 83.667652
92.500000 83.476739
92.600000 83.286044
92.700000 83.095568
92.800000 82.905309
92.900000 82.715268
93.000000 82.525445
93.100000 82.335841
93.200000 82.146454
93.300000 81.957286
93.400000 81.768335
93.500000 81.579603
93.600000 81.391088
93.700000 81.202792
93.800000 81.014714
93.900000 80.826854
94.000000 80.639212
94.100000 80.451788
94.200000 80.264582
94.300000 80.077594
94.400000 79.890824
94.500000 79.704272
94.600000 79.517938
94.700000 79.331823
94.800000 79.145925
94.900000 78.960246
95.000000 78.774784
95.100000 78.589541
95.200000 78.404516
95.300000 78.219708
95.400000 78.035119
95.500000 77.850748
95.600000 77.666595
95.700000 77.482660
95.800000 77.298943
95.900000 77.115444
96.000000 76.932163
96.100000 76.749100
96.200000 76.566255
96.300000 76.383629
96.400000 76.201220
96.500000 76.019030
96.600000 75.837057
96.700000 75.655303
96.800000 75.473766
96.900000 75.292448
97.000000 75.111348
97.100000 74.930466
97.200000 74.749802
97.300000 74.569356
97.400000 74.389128
97.500000 74.209118
97.600000 74.029326
97.700000 73.849752
97.800000 73.670396
97.900000 73.491259
98.000000 73.312339
98.100000 73.133637
98.200000 72.955154
98.300000 72.776889
98.400000 72.598841
98.500000 72.421012
98.600000 72.243401
98.700000 72.066007
98.800000 71.888832
98.900000 71.711875
99.000000 71.535136
99.100000 71.358615
99.200000 71.182312
99.300000 71.006228
99.400000 70.830361
99.500000 70.654712
99.600000 70.479282
99.700000 70.304069
99.800000 70.129075
99.900000 69.954298
100.000000 69.779740
100.100000 69.605399
100.200000 69.431277
100.300000 69.257373
100.400000 69.083687
100.500000 68.910219
100.600000 68.736969
100.700000 68.563937
100.800000 68.391123
100.900000 68.218527
101.000000 68.046149
101.100000 67.873990
101.200000 67.702048
101.300000 67.530324
101.400000 67.358819
101.500000 67.187531
101.600000 67.016462
101.700000 66.845611
101.800000 66.674977
101.900000 66.504562
102.000000 66.334365
102.100000 66.164386
102.200000 65.994625
102.300000 65.825082
102.400000 65.655757
102.500000 65.486650
102.600000 65.317761
102.700000 65.149091
102.800000 64.980638
102.900000 64.812403
103.000000 64.644387
103.100000 64.476588
103.200000 64.309008
103.300000 64.141646
103.400000 63.974501
103.500000 63.807575
103.600000 63.640867
103.700000 63.474377
103.800000 63.308105
103.900000 63.142051
104.000000 62.976215
104.100000 62.810597
104.200000 62.645197
104.300000 62.480016
104.400000 62.315052
104.500000 62.150306
104.600000 61.985779
104.700000 61.821469
104.800000 61.657378
104.900000 61.493505
105.000000 61.329849
105.100000 61.166412
105.200000 61.003193
105.300000 60.840192
105.400000 60.677409
105.500000 60.514844
105.600000 60.352497
105.700000 60.190368
105.800000 60.028457
105.900000 59.866764
106.000000 59.705290
106.100000 59.544033
106.200000 59.382995
106.300000 59.222174
106.400000 59.061572
106.500000 58.901187
106.600000 58.741021
106.700000 58.581073
106.800000 58.421343
106.900000 58.261830
107.000000 58.102536
107.100000 57.943460
107.200000 57.784602
107.300000 57.625963
107.400000 57.467541
107.500000 57.309337
107.600000 57.151351
107.700000 56.993584
107.800000 56.836034
107.900000 56.678703
108.000000 56.521589
108.100000 56.364694
108.200000 56.208016
108.300000 56.051557
108.400000 55.895316
108.500000 55.739293
108.600000 55.583488
108.700000 55.427901
108.800000 55.272532
108.900000 55.117381
109.000000 54.962448
109.100000 54.807733
109.200000 54.653237
109.300000 54.498958
109.400000 54.344897
109.500000 54.191055
109.600000 54.037430
109.700000 53.884024
109.800000 53.730836
109.900000 53.577865
110.000000 53.425113
110.100000 53.272579
110.200000 53.120263
110.300000 52.968165
110.400000 52.816285
110.500000 52.664623
110.600000 52.513179
110.700000 52.361953
110.800000 52.210946
110.900000 52.060156
111.000000 51.909584
111.100000 51.759231
111.200000 51.609095
111.300000 51.459178
111.400000 51.309479
111.500000 51.159997
111.600000 51.010734
111.700000 50.861689
111.800000 50.712862
111.900000 50.564253
112.000000 50.415862
112.100000 50.267689
112.200000 50.119734
112.300000 49.971997
112.400000 49.824479
112.500000 49.677178
112.600000 49.530095
112.700000 49.383231
112.800000 49.236584
112.900000 49.090156
113.000000 48.943946
113.100000 48.797953
113.200000 48.652179
113.300000 48.506623
113.400000 48.361285
113.500000 48.216165
113.600000 48.071263
113.700000 47.926579
113.800000 47.782113
113.900000 47.637865
114.000000 47.493835
114.100000 47.350024
114.200000 47.206430
114.300000 47.063054
114.400000 46.919897
114.500000 46.776958
114.600000 46.634236
114.700000 46.491733
114.800000 46.349448
114.900000 46.207380
115.000000 46.065531
115.100000 45.923900
115.200000 45.782487
115.300000 45.641292
115.400000 45.500315
115.500000 45.359557
115.600000 45.219016
115.700000 45.078693
115.800000 44.938588
115.900000 44.798702
116.000000 44.659033
116.100000 44.519583
116.200000 44.380351
116.300000 44.241336
116.400000 44.102540
116.500000 43.963962
116.600000 43.825602
116.700000 43.687460
116.800000 43.549536
116.900000 43.411830
117.000000 43.274342
117.100000 43.137072
117.200000 43.000020
117.300000 42.863186
117.400000 42.726571
117.500000 42.590173
117.600000 42.453994
117.700000 42.318032
117.800000 42.182289
117.900000 42.046763
118.000000 41.911456
118.100000 41.776367
118.200000 41.641496
118.300000 41.506843
118.400000 41.372408
118.500000 41.238191
118.600000 41.104192
118.700000 40.970411
118.800000 40.836848
118.900000 40.703503
119.000000 40.570377
119.100000 40.437468
119.200000 40.304778
119.300000 40.172305
119.400000 40.040051
119.500000 39.908014
119.600000 39.776196
119.700000 39.644596
119.800000 39.513214
119.900000 39.382050
120.000000 39.251104
120.100000 39.120376
120.200000 38.989866
120.300000 38.859574
120.400000 38.729500
120.500000 38.599644
120.600000 38.470007
120.700000 38.340587
120.800000 38.211385
120.900000 38.082402
121.000000 37.953637
121.100000 37.825089
121.200000 37.696760
121.300000 37.568649
121.400000 37.440755
121.500000 37.313080
121.600000 37.185623
121.700000 37.058384
121.800000 36.931363
121.900000 36.804560
122.000000 36.677976
122.100000 36.551609
122.200000 36.425460
122.300000 36.299530
122.400000 36.173817
122.500000 36.048323
122.600000 35.923046
122.700000 35.797988
122.800000 35.673147
122.900000 35.548525
123.000000 35.424121
123.100000 35.299935
123.200000 35.175967
123.300000 35.052217
123.400000 34.928685
123.500000 34.805371
123.600000 34.682275
123.700000 34.559397
123.800000 34.436738
123.900000 34.314296
124.000000 34.192072
124.100000 34.070067
124.200000 33.948279
124.300000 33.826710
124.400000 33.705359
124.500000 33.584225
124.600000 33.463310
124.700000 33.342613
124.800000 33.222134
124.900000 33.101873
125.000000 32.981830
125.100000 32.862005
125.200000 32.742398
125.300000 32.623010
125.400000 32.503839
125.500000 32.384886
125.600000 32.266152
125.700000 32.147635
125.800000 32.029337
125.900000 31.911256
126.000000 31.793394
126.100000 31.675750
126.200000 31.558323
126.300000 31.441115
126.400000 31.324125
126.500000 31.207353
126.600000 31.090799
126.700000 30.974463
126.800000 30.858345
126.900000 30.742446
127.000000 30.626764
127.100000 30.511300
127.200000 30.396055
127.300000 30.281027
127.400000 30.166218
127.500000 30.051626
127.600000 29.937253
127.700000 29.823098
127.800000 29.709160
127.900000 29.595441
128.000000 29.481940
128.100000 29.368657
128.200000 29.255592
128.300000 29.142745
128.400000 29.030116
128.500000 28.917705
128.600000 28.805513
128.700000 28.693538
128.800000 28.581781
128.900000 28.470243
129.000000 28.358922
129.100000 28.247820
129.200000 28.136936
129.300000 28.026269
129.400000 27.915821
129.500000 27.805591
129.600000 27.695579
129.700000 27.585785
129.800000 27.476209
129.900000 27.366851
130.000000 27.257711
130.100000 27.148789
130.200000 27.040085
130.300000 26.931600
130.400000 26.823332
130.500000 26.715282
130.600000 26.607451
130.700000 26.499837
130.800000 26.392442
130.900000 26.285265
131.000000 26.178305
131.100000 26.071564
131.200000 25.965041
131.300000 25.858736
131.400000 25.752649
131.500000 25.646780
131.600000 25.541129
131.700000 25.435696
131.800000 25.330482
131.900000 25.225485
132.000000 25.120706
132.100000 25.016146
132.200000 24.911803
132.300000 24.807679
132.400000 24.703772
132.500000 24.600084
132.600000 24.496614
132.700000 24.393362
132.800000 24.290327
132.900000 24.187511
133.000000 24.084913
133.100000 23.982533
133.200000 23.880371
133.300000 23.778428
133.400000 23.676702
133.500000 23.575194
133.600000 23.473904
133.700000 23.372833
133.800000 23.271979
133.900000 23.171344
134.000000 23.070926
134.100000 22.970727
134.200000 22.870746
134.300000 22.770983
134.400000 22.671437
134.500000 22.572110
134.600000 22.473001
134.700000 22.374110
134.800000 22.275437
134.900000 22.176983
135.000000 22.078746
135.100000 21.980727
135.200000 21.882926
135.300000 21.785344
135.400000 21.687979
135.500000 21.590833
135.600000 21.493904
135.700000 21.397194
135.800000 21.300702
135.900000 21.204427
136.000000 21.108371
136.100000 21.012533
136.200000 20.916913
136.300000 20.821511
136.400000 20.726327
136.500000 20.631361
136.600000 20.536614
136.700000 20.442084
136.800000 20.347772
136.900000 20.253678
137.000000 20.159803
137.100000 20.066145
137.200000 19.972706
137.300000 19.879485
137.400000 19.786481
137.500000 19.693696
137.600000 19.601129
137.700000 19.508780
137.800000 19.416649
137.900000 19.324736
138.000000 19.233041
138.100000 19.141564
138.200000 19.050305
138.300000 18.959264
138.400000 18.868442
138.500000 18.777837
138.600000 18.687450
138.700000 18.597282
138.800000 18.507331
138.900000 18.417599
139.000000 18.328085
139.100000 18.238788
139.200000 18.149710
139.300000 18.060850
139.400000 17.972208
139.500000 17.883784
139.600000 17.795578
139.700000 17.707590
139.800000 17.619820
139.900000 17.532269
140.000000 17.444935
140.100000 17.357819
140.200000 17.270922
140.300000 17.184242
140.400000 17.097781
140.500000 17.011537
140.600000 16.925512
140.700000 16.839705
140.800000 16.754115
140.900000 16.668744
141.000000 16.583591
141.100000 16.498656
141.200000 16.413939
141.300000 16.329440
141.400000 16.245160
141.500000 16.161097
141.600000 16.077252
141.700000 15.993625
141.800000 15.910217
141.900000 15.827026
142.000000 15.744054
142.100000 15.661299
142.200000 15.578763
142.300000 15.496445
142.400000 15.414344
142.500000 15.332462
142.600000 15.250798
142.700000 15.169352
142.800000 15.088124
142.900000 15.007114
143.000000 14.926322
143.100000 14.845749
143.200000 14.765393
143.300000 14.685255
143.400000 14.605336
143.500000 14.525634
143.600000 14.446151
143.700000 14.366885
143.800000 14.287838
143.900000 14.209009
144.000000 14.130397
144.100000 14.052004
144.200000 13.973829
144.300000 13.895872
144.400000 13.818133
144.500000 13.740612
144.600000 13.663309
144.700000 13.586224
144.800000 13.509358
144.900000 13.432709
145.000000 13.356278
145.100000 13.280066
145.200000 13.204071
145.300000 13.128295
145.400000 13.052736
145.500000 12.977396
145.600000 12.902274
145.700000 12.827370
145.800000 12.752684
145.900000 12.678215
146.000000 12.603965
146.100000 12.529934
146.200000 12.456120
146.300000 12.382524
146.400000 12.309146
146.500000 12.235986
146.600000 12.163045
146.700000 12.090321
146.800000 12.017816
146.900000 11.945528
147.000000 11.873459
147.100000 11.801608
147.200000 11.729974
147.300000 11.658559
147.400000 11.587362
147.500000 11.516383
147.600000 11.445622
147.700000 11.375079
147.800000 11.304754
147.900000 11.234647
148.000000 11.164758
148.100000 11.095088
148.200000 11.025635
148.300000 10.956400
148.400000 10.887384
148.500000 10.818585
148.600000 10.750005
148.700000 10.681643
148.800000 10.613498
148.900000 10.545572
149.000000 10.477864
149.100000 10.410374
149.200000 10.343102
149.300000 10.276048
149.400000 10.209212
149.500000 10.142594
149.600000 10.076194
149.700000 10.010013
149.800000 9.944049
149.900000 9.878303
150.000000 9.812776
150.100000 9.747466
150.200000 9.682375
150.300000 9.617502
150.400000 9.552846
150.500000 9.488409
150.600000 9.424190
150.700000 9.360189
150.800000 9.296406
150.900000 9.232841
151.000000 9.169494
151.100000 9.106365
151.200000 9.043454
151.300000 8.980762
151.400000 8.918287
151.500000 8.856030
151.600000 8.793992
151.700000 8.732171
151.800000 8.670569
151.900000 8.609184
152.000000 8.548018
152.100000 8.487070
152.200000 8.426340
152.300000 8.365828
152.400000 8.305534
152.500000 8.245458
152.600000 8.185600
152.700000 8.125960
152.800000 8.066538
152.900000 8.007334
153.000000 7.948348
153.100000 7.889581
153.200000 7.831031
153.300000 7.772700
153.400000 7.714586
153.500000 7.656691
153.600000 7.599014
153.700000 7.541554
153.800000 7.484313
153.900000 7.427290
154.000000 7.370485
154.100000 7.313898
154.200000 7.257529
154.300000 7.201378
154.400000 7.145445
154.500000 7.089731
154.600000 7.034234
154.700000 6.978955
154.800000 6.923895
154.900000 6.869052
155.000000 6.814428
155.100000 6.760021
155.200000 6.705833
155.300000 6.651863
155.400000 6.598111
155.500000 6.544576
155.600000 6.491260
155.700000 6.438162
155.800000 6.385282
155.900000 6.332620
156.000000 6.280177
156.100000 6.227951
156.200000 6.175943
156.300000 6.124153
156.400000 6.072582
156.500000 6.021228
156.600000 5.970093
156.700000 5.919175
156.800000 5.868476
156.900000 5.817995
157.000000 5.767732
157.100000 5.717686
157.200000 5.667859
157.300000 5.618250
157.400000 5.568859
157.500000 5.519686
157.600000 5.470732
157.700000 5.421995
157.800000 5.373476
157.900000 5.325175
158.000000 5.277093
158.100000 5.229228
158.200000 5.181582
158.300000 5.134153
158.400000 5.086943
158.500000 5.039951
158.600000 4.993176
158.700000 4.946620
158.800000 4.900282
158.900000 4.854162
159.000000 4.808260
159.100000 4.762576
159.200000 4.717110
159.300000 4.671863
159.400000 4.626833
159.500000 4.582021
159.600000 4.537428
159.700000 4.493052
159.800000 4.448895
159.900000 4.404955
160.000000 4.361234
160.100000 4.317730
160.200000 4.274445
160.300000 4.231378
160.400000 4.188529
160.500000 4.145898
160.600000 4.103485
160.700000 4.061290
160.800000 4.019313
160.900000 3.977554
161.000000 3.936013
161.100000 3.894691
161.200000 3.853586
161.300000 3.812700
161.400000 3.772031
161.500000 3.731581
161.600000 3.691348
161.700000 3.651334
161.800000 3.611538
161.900000 3.571959
162.000000 3.532599
162.100000 3.493457
162.200000 3.454533
162.300000 3.415827
162.400000 3.377339
162.500000 3.339070
162.600000 3.301018
162.700000 3.263184
162.800000 3.225568
162.900000 3.188171
163.000000 3.150991
163.100000 3.114030
163.200000 3.077287
163.300000 3.040761
163.400000 3.004454
163.500000 2.968365
163.600000 2.932494
163.700000 2.896840
163.800000 2.861405
163.900000 2.826188
164.000000 2.791190
164.100000 2.756409
164.200000 2.721846
164.300000 2.687501
164.400000 2.653375
164.500000 2.619466
164.600000 2.585775
164.700000 2.552303
164.800000 2.519049
164.900000 2.486012
165.000000 2.453194
165.100000 2.420594
165.200000 2.388212
165.300000 2.356047
165.400000 2.324101
165.500000 2.292373
165.600000 2.260864
165.700000 2.229572
165.800000 2.198498
165.900000 2.167642
166.000000 2.137005
166.100000 2.106585
166.200000 2.076383
166.300000 2.046400
166.400000 2.016634
166.500000 1.987087
166.600000 1.957758
166.700000 1.928647
166.800000 1.899753
166.900000 1.871078
167.000000 1.842621
167.100000 1.814382
167.200000 1.786361
167.300000 1.758558
167.400000 1.730974
167.500000 1.703607
167.600000 1.676458
167.700000 1.649528
167.800000 1.622815
167.900000 1.596321
168.000000 1.570044
168.100000 1.543986
168.200000 1.518145
168.300000 1.492523
168.400000 1.467119
168.500000 1.441933
168.600000 1.416965
168.700000 1.392215
168.800000 1.367683
168.900000 1.343369
169.000000 1.319273
169.100000 1.295395
169.200000 1.271736
169.300000 1.248294
169.400000 1.225071
169.500000 1.202065
169.600000 1.179278
169.700000 1.156708
169.800000 1.134357
169.900000 1.112224
170.000000 1.090308
170.100000 1.068611
170.200000 1.047132
170.300000 1.025871
170.400000 1.004828
170.500000 0.984003
170.600000 0.963397
170.700000 0.943008
170.800000 0.922837
170.900000 0.902884
171.000000 0.883150
171.100000 0.863633
171.200000 0.844335
171.300000 0.825254
171.400000 0.806392
171.500000 0.787748
171.600000 0.769322
171.700000 0.751113
171.800000 0.733123
171.900000 0.715351
172.000000 0.697797
172.100000 0.680461
172.200000 0.663344
172.300000 0.646444
172.400000 0.629762
172.500000 0.613298
172.600000 0.597053
172.700000 0.581025
172.800000 0.565216
172.900000 0.549624
173.000000 0.534251
173.100000 0.519096
173.200000 0.504159
173.300000 0.489439
173.400000 0.474938
173.500000 0.460655
173.600000 0.446590
173.700000 0.432743
173.800000 0.419115
173.900000 0.405704
174.000000 0.392511
174.100000 0.379536
174.200000 0.366780
174.300000 0.354241
174.400000 0.341921
174.500000 0.329818
174.600000 0.317934
174.700000 0.306268
174.800000 0.294819
174.900000 0.283589
175.000000 0.272577
175.100000 0.261783
175.200000 0.251207
175.300000 0.240849
175.400000 0.230709
175.500000 0.220787
175.600000 0.211084
175.700000 0.201598
175.800000 0.192330
175.900000 0.183281
176.000000 0.174449
176.100000 0.165836
176.200000 0.157441
176.300000 0.149263
176.400000 0.141304
176.500000 0.133563
176.600000 0.126040
176.700000 0.118735
176.800000 0.111648
176.900000 0.104779
177.000000 0.098128
177.100000 0.091695
177.200000 0.085480
177.300000 0.079483
177.400000 0.073705
177.500000 0.068144
177.600000 0.062802
177.700000 0.057677
177.800000 0.052771
177.900000 0.048083
178.000000 0.043612
178.100000 0.039360
178.200000 0.035326
178.300000 0.031510
178.400000 0.027912
178.500000 0.024532
178.600000 0.021370
178.700000 0.018426
178.800000 0.015700
178.900000 0.013193
179.000000 0.010903
179.100000 0.008831
179.200000 0.006978
179.300000 0.005343
179.400000 0.003925
179.500000 0.002726
179.600000 0.001744
179.700000 0.000981
179.800000 0.000436
179.900000 0.000109
180.000000 0.000000
180.100000 0.000109
180.200000 0.000436
180.300000 0.000981
180.400000 0.001744
180.500000 0.002726
180.600000 0.003925
180.700000 0.005343
180.800000 0.006978
180.900000 0.008831
181.000000 0.010903
