0.000000000000000000e+00 4.867309550599691761e+02
1.000000000000000056e-01 4.792811114644197232e+02
2.000000000000000111e-01 4.718887678676782684e+02
3.000000000000000444e-01 4.645539242697444706e+02
4.000000000000000222e-01 4.572765806706187277e+02
5.000000000000000000e-01 4.500567370703009829e+02
6.000000000000000888e-01 4.428943934687910655e+02
7.000000000000000666e-01 4.357895498660890325e+02
8.000000000000000444e-01 4.287422062621948271e+02
9.000000000000000222e-01 4.217523626571087334e+02
1.000000000000000000e+00 4.148200190508304104e+02
1.100000000000000089e+00 4.079451754433600286e+02
1.200000000000000178e+00 4.011278318346975880e+02
1.300000000000000044e+00 3.943679882248429180e+02
1.400000000000000133e+00 3.876656446137963030e+02
1.500000000000000000e+00 3.810208010015575155e+02
1.600000000000000089e+00 3.744334573881266692e+02
1.700000000000000178e+00 3.679036137735037073e+02
1.800000000000000044e+00 3.614312701576886298e+02
1.900000000000000133e+00 3.550164265406814934e+02
2.000000000000000000e+00 3.486590829224822983e+02
2.100000000000000089e+00 3.423592393030909875e+02
2.200000000000000178e+00 3.361168956825076179e+02
2.300000000000000266e+00 3.299320520607319622e+02
2.400000000000000355e+00 3.238047084377644182e+02
2.500000000000000000e+00 3.177348648136047586e+02
2.600000000000000089e+00 3.117225211882530402e+02
2.700000000000000178e+00 3.057676775617091494e+02
2.800000000000000266e+00 2.998703339339730860e+02
2.900000000000000355e+00 2.940304903050450207e+02
3.000000000000000000e+00 2.882481466749248966e+02
3.100000000000000089e+00 2.825233030436126569e+02
3.200000000000000178e+00 2.768559594111083584e+02
3.300000000000000266e+00 2.712461157774118305e+02
3.400000000000000355e+00 2.656937721425233008e+02
3.500000000000000000e+00 2.601989285064427122e+02
3.600000000000000089e+00 2.547615848691700364e+02
3.700000000000000178e+00 2.493817412307052166e+02
3.800000000000000266e+00 2.440593975910482527e+02
3.900000000000000355e+00 2.387945539501992585e+02
4.000000000000000000e+00 2.335872103081581770e+02
4.100000000000000533e+00 2.284373666649249799e+02
4.200000000000000178e+00 2.233450230204997524e+02
4.299999999999999822e+00 2.183101793748823525e+02
4.400000000000000355e+00 2.133328357280728937e+02
4.500000000000000000e+00 2.084129920800713762e+02
4.600000000000000533e+00 2.035506484308776862e+02
4.700000000000000178e+00 1.987458047804920511e+02
4.800000000000000711e+00 1.939984611289141299e+02
4.900000000000000355e+00 1.893086174761442635e+02
5.000000000000000000e+00 1.846762738221822531e+02
5.100000000000000533e+00 1.801014301670280986e+02
5.200000000000000178e+00 1.755840865106819138e+02
5.300000000000000711e+00 1.711242428531436133e+02
5.400000000000000355e+00 1.667218991944132256e+02
5.500000000000000000e+00 1.623770555344907507e+02
5.600000000000000533e+00 1.580897118733761317e+02
5.700000000000000178e+00 1.538598682110695108e+02
5.800000000000000711e+00 1.496875245475707175e+02
5.900000000000000355e+00 1.455726808828798937e+02
6.000000000000000000e+00 1.415153372169969543e+02
6.100000000000000533e+00 1.375154935499218709e+02
6.200000000000000178e+00 1.335731498816547571e+02
6.300000000000000711e+00 1.296883062121955277e+02
6.400000000000000355e+00 1.258609625415442395e+02
6.500000000000000000e+00 1.220911188697008356e+02
6.600000000000000533e+00 1.183787751966653161e+02
6.700000000000000178e+00 1.147239315224377094e+02
6.800000000000000711e+00 1.111265878470180155e+02
6.900000000000000355e+00 1.075867441704062344e+02
7.000000000000000000e+00 1.041044004926023945e+02
7.100000000000000533e+00 1.006795568136064105e+02
7.200000000000000178e+00 9.731221313341836776e+01
7.300000000000000711e+00 9.400236945203820937e+01
7.400000000000000355e+00 9.075002576946594957e+01
7.500000000000000000e+00 8.755518208570163097e+01
7.600000000000000533e+00 8.441783840074518253e+01
7.700000000000000178e+00 8.133799471459667529e+01
7.800000000000000711e+00 7.831565102725602401e+01
7.900000000000000355e+00 7.535080733872332814e+01
8.000000000000000000e+00 7.244346364899854507e+01
8.099999999999999645e+00 6.959361995808166057e+01
8.200000000000001066e+00 6.680127626597261781e+01
8.300000000000000711e+00 6.406643257267155889e+01
8.400000000000000355e+00 6.138908887817839855e+01
8.500000000000000000e+00 5.876924518249312257e+01
8.599999999999999645e+00 5.620690148561578070e+01
8.700000000000001066e+00 5.370205778754630188e+01
8.800000000000000711e+00 5.125471408828475006e+01
8.900000000000000355e+00 4.886487038783113235e+01
9.000000000000000000e+00 4.653252668618540611e+01
9.099999999999999645e+00 4.425768298334758555e+01
9.200000000000001066e+00 4.204033927931763515e+01
9.300000000000000711e+00 3.988049557409563306e+01
9.400000000000000355e+00 3.777815186768153666e+01
9.500000000000000000e+00 3.573330816007534594e+01
9.600000000000001421e+00 3.374596445127702538e+01
9.700000000000001066e+00 3.181612074128665668e+01
9.800000000000000711e+00 2.994377703010418657e+01
9.900000000000000355e+00 2.812893331772962568e+01
1.000000000000000000e+01 2.637158960416297404e+01
1.010000000000000142e+01 2.467174588940419255e+01
1.020000000000000107e+01 2.302940217345335583e+01
1.030000000000000071e+01 2.144455845631042479e+01
1.040000000000000036e+01 1.991721473797539588e+01
1.050000000000000000e+01 1.844737101844827265e+01
1.060000000000000142e+01 1.703502729772903734e+01
1.070000000000000107e+01 1.568018357581772904e+01
1.080000000000000071e+01 1.438283985271433352e+01
1.090000000000000036e+01 1.314299612841884013e+01
1.100000000000000000e+01 1.196065240293125598e+01
1.110000000000000142e+01 1.083580867625155442e+01
1.120000000000000107e+01 9.768464948379785184e+00
1.130000000000000071e+01 8.758621219315918083e+00
1.140000000000000036e+01 7.806277489059961994e+00
1.150000000000000000e+01 6.911433757611911588e+00
1.160000000000000142e+01 6.074090024971752655e+00
1.170000000000000107e+01 5.294246291139516281e+00
1.180000000000000071e+01 4.571902556115185590e+00
1.190000000000000036e+01 3.907058819898762803e+00
1.200000000000000000e+01 3.299715082490245699e+00
1.210000000000000142e+01 2.749871343889626729e+00
1.220000000000000107e+01 2.257527604096924545e+00
1.230000000000000071e+01 1.822683863112129155e+00
1.240000000000000036e+01 1.445340120935240780e+00
1.250000000000000000e+01 1.125496377566258754e+00
1.260000000000000142e+01 8.631526330051791929e-01
1.270000000000000107e+01 6.583088872520115320e-01
1.280000000000000071e+01 5.109651403067505537e-01
1.290000000000000036e+01 4.211213921693963136e-01
1.300000000000000000e+01 3.887776428399487560e-01
1.310000000000000142e+01 3.851838929144545953e-01
1.320000000000000107e+01 3.815901429889604346e-01
1.330000000000000071e+01 3.779963930634662184e-01
1.340000000000000036e+01 3.744026431379721132e-01
1.350000000000000000e+01 3.708088932124780079e-01
1.360000000000000142e+01 3.672151432869837917e-01
1.370000000000000107e+01 3.636213933614895755e-01
1.380000000000000071e+01 3.600276434359953592e-01
1.390000000000000036e+01 3.564338935105011430e-01
1.400000000000000000e+01 3.528401435850069823e-01
1.410000000000000142e+01 3.492463936595127660e-01
1.420000000000000107e+01 3.456526437340185498e-01
1.430000000000000071e+01 3.420588938085244446e-01
1.440000000000000036e+01 3.384651438830302284e-01
1.450000000000000000e+01 3.348713939575360121e-01
1.460000000000000142e+01 3.312776440320418514e-01
1.470000000000000107e+01 3.276838941065476352e-01
1.480000000000000071e+01 3.240901441810534189e-01
1.490000000000000036e+01 3.204963942555592027e-01
1.500000000000000000e+01 3.169026443300649865e-01
1.510000000000000142e+01 3.133088944045708257e-01
1.520000000000000107e+01 3.097151444790765540e-01
1.530000000000000071e+01 3.061213945535824488e-01
1.540000000000000036e+01 3.025276446280882880e-01
1.550000000000000000e+01 2.989338947025940718e-01
1.560000000000000142e+01 2.953401447770998556e-01
1.570000000000000107e+01 2.917463948516056949e-01
1.580000000000000071e+01 2.881526449261114786e-01
1.590000000000000036e+01 2.845588950006173179e-01
1.600000000000000000e+01 2.809651450751231017e-01
1.610000000000000142e+01 2.773713951496288299e-01
1.619999999999999929e+01 2.737776452241347247e-01
1.630000000000000071e+01 2.701838952986405085e-01
1.640000000000000213e+01 2.665901453731462367e-01
1.650000000000000000e+01 2.629963954476521870e-01
1.660000000000000142e+01 2.594026455221579153e-01
1.669999999999999929e+01 2.558088955966637545e-01
1.680000000000000071e+01 2.522151456711695383e-01
1.690000000000000213e+01 2.486213957456753221e-01
1.700000000000000000e+01 2.450276458201811614e-01
1.710000000000000142e+01 2.414338958946868618e-01
1.719999999999999929e+01 2.378401459691928121e-01
1.730000000000000071e+01 2.342463960436985682e-01
1.740000000000000213e+01 2.306526461182043242e-01
1.750000000000000000e+01 2.270588961927102745e-01
1.760000000000000142e+01 2.234651462672159750e-01
1.769999999999999929e+01 2.198713963417218142e-01
1.780000000000000071e+01 2.162776464162275980e-01
1.790000000000000213e+01 2.126838964907333540e-01
1.800000000000000000e+01 2.090914671766898048e-01
1.810000000000000142e+01 2.054990378626460612e-01
1.819999999999999929e+01 2.019361481108885858e-01
1.830000000000000071e+01 1.983732583591309440e-01
1.840000000000000213e+01 1.948249142085309304e-01
1.850000000000000000e+01 1.912765700579310280e-01
1.860000000000000142e+01 1.877297249926339062e-01
1.869999999999999929e+01 1.841828799273368955e-01
1.880000000000000071e+01 1.806262843155571063e-01
1.890000000000000213e+01 1.770696887037774281e-01
1.900000000000000000e+01 1.734937688655896204e-01
1.910000000000000142e+01 1.699178490274016740e-01
1.920000000000000284e+01 1.663146126042942818e-01
1.930000000000000071e+01 1.627113761811870007e-01
1.940000000000000213e+01 1.590743170823186448e-01
1.950000000000000000e+01 1.554372579834504275e-01
1.960000000000000142e+01 1.517612884627466963e-01
1.970000000000000284e+01 1.480853189420429650e-01
1.980000000000000071e+01 1.443667007192181162e-01
1.990000000000000213e+01 1.406480824963931286e-01
2.000000000000000000e+01 1.368843711886911507e-01
2.010000000000000142e+01 1.331206598809890618e-01
2.020000000000000284e+01 1.293112513493701043e-01
2.030000000000000071e+01 1.255018428177512579e-01
2.040000000000000213e+01 1.217211061700068792e-01
2.050000000000000000e+01 1.179403695222626947e-01
2.060000000000000142e+01 1.143026356480907196e-01
2.070000000000000284e+01 1.106649017739187585e-01
2.080000000000000071e+01 1.072034660908996739e-01
2.090000000000000213e+01 1.037420304078804645e-01
2.100000000000000000e+01 1.004455368168049451e-01
2.110000000000000142e+01 9.714904322572931461e-02
2.120000000000000284e+01 9.400814860344780532e-02
2.130000000000000071e+01 9.086725398116639318e-02
2.140000000000000213e+01 8.787452908617419955e-02
2.150000000000000000e+01 8.488180419118213083e-02
2.160000000000000142e+01 8.203163995793094632e-02
2.170000000000000284e+01 7.918147572467976181e-02
2.180000000000000071e+01 7.646999454098997451e-02
2.190000000000000213e+01 7.375851335730010394e-02
2.200000000000000000e+01 7.118348728187604002e-02
2.210000000000000142e+01 6.860846120645189283e-02
2.220000000000000284e+01 6.616923522031295524e-02
2.230000000000000071e+01 6.373000923417411478e-02
2.240000000000000213e+01 6.142742877532497009e-02
2.250000000000000000e+01 5.912484831647590172e-02
2.260000000000000142e+01 5.696119124347540086e-02
2.270000000000000284e+01 5.479753417047490693e-02
2.280000000000000071e+01 5.277644642607718511e-02
2.290000000000000213e+01 5.075535868167940085e-02
2.300000000000000000e+01 4.887982079154389037e-02
2.310000000000000142e+01 4.700428290140830356e-02
2.320000000000000284e+01 4.523673620816696245e-02
2.330000000000000071e+01 4.346918951492569766e-02
2.340000000000000213e+01 4.180291173802606203e-02
2.350000000000000000e+01 4.013663396112648885e-02
2.360000000000000142e+01 3.856535994020300617e-02
2.370000000000000284e+01 3.699408591927952350e-02
2.380000000000000071e+01 3.551198237536097591e-02
2.390000000000000213e+01 3.402987883144237280e-02
2.400000000000000000e+01 3.263151944569644275e-02
2.410000000000000142e+01 3.123316005995047107e-02
2.420000000000000284e+01 2.991349300332243194e-02
2.430000000000000071e+01 2.859382594669444139e-02
2.440000000000000213e+01 2.734815892869118734e-02
2.450000000000000000e+01 2.610249191068797492e-02
2.460000000000000142e+01 2.492646399633962478e-02
2.470000000000000284e+01 2.375043608199127118e-02
2.480000000000000071e+01 2.264000003215682968e-02
2.490000000000000213e+01 2.152956398232234655e-02
2.500000000000000000e+01 2.048096203789472741e-02
2.510000000000000142e+01 1.943236009346707704e-02
2.520000000000000284e+01 1.844120501583578625e-02
2.530000000000000071e+01 1.745004993820453709e-02
2.540000000000000213e+01 1.651284791719371398e-02
2.550000000000000000e+01 1.557564589618292382e-02
2.560000000000000142e+01 1.468912608025554727e-02
2.570000000000000284e+01 1.380260626432817245e-02
2.580000000000000071e+01 1.296371069868298108e-02
2.590000000000000213e+01 1.212481513303776716e-02
2.600000000000000000e+01 1.133068370937320192e-02
2.610000000000000142e+01 1.053655228570860719e-02
2.620000000000000284e+01 9.784508491283079243e-03
2.630000000000000071e+01 9.032464696857577316e-03
2.640000000000000213e+01 8.320002773170888377e-03
2.650000000000000000e+01 7.607540849484226327e-03
2.660000000000000142e+01 6.932316067890068566e-03
2.670000000000000284e+01 6.257091286295911672e-03
2.680000000000000071e+01 5.616908933741716209e-03
2.690000000000000213e+01 4.976726581187499061e-03
2.700000000000000000e+01 4.369531137663204036e-03
2.710000000000000142e+01 3.762335694138888194e-03
2.720000000000000284e+01 3.186202151138562561e-03
2.730000000000000071e+01 2.610068608138256877e-03
2.740000000000000213e+01 2.062563824846946718e-03
2.750000000000000000e+01 1.515059041555656726e-03
2.760000000000000142e+01 9.948004186731609216e-04
2.770000000000000284e+01 4.745417957906651173e-04
2.780000000000000071e+01 -1.978018782880121889e-05
2.790000000000000213e+01 -5.141021714482841773e-04
2.800000000000000000e+01 -9.837275866980796542e-04
2.810000000000000142e+01 -1.453353001947892478e-03
2.820000000000000284e+01 -1.902838190398780521e-03
2.830000000000000071e+01 -2.352323378849652952e-03
2.840000000000000213e+01 -2.782953687933011240e-03
2.850000000000000000e+01 -3.213583997016353916e-03
2.860000000000000142e+01 -3.625805741220958917e-03
2.870000000000000284e+01 -4.038027485425563050e-03
2.880000000000000071e+01 -4.432673648436717337e-03
2.890000000000000213e+01 -4.827319811447883767e-03
2.900000000000000000e+01 -5.204137825035497558e-03
2.910000000000000142e+01 -5.580955838623124360e-03
2.920000000000000284e+01 -5.938110928690858506e-03
2.930000000000000071e+01 -6.295266018758580509e-03
2.940000000000000213e+01 -6.628716870560463770e-03
2.950000000000000000e+01 -6.962167722362334887e-03
2.960000000000000142e+01 -7.271018487609859360e-03
2.970000000000000284e+01 -7.579869252857383832e-03
2.980000000000000071e+01 -7.861853802274325342e-03
2.990000000000000213e+01 -8.143838351691273791e-03
3.000000000000000000e+01 -8.406963000024315555e-03
3.010000000000000142e+01 -8.670087648357364257e-03
3.020000000000000284e+01 -8.916666856919996942e-03
3.030000000000000071e+01 -9.163246065482622688e-03
3.040000000000000213e+01 -9.393452873922682536e-03
3.050000000000000000e+01 -9.623659682362733711e-03
3.060000000000000142e+01 -9.815980865633055011e-03
3.070000000000000284e+01 -1.000830204890337631e-02
3.080000000000000071e+01 -1.014737891937771835e-02
3.090000000000000213e+01 -1.028645578985206560e-02
3.100000000000000000e+01 -1.036482012217746981e-02
3.110000000000000142e+01 -1.044318445450288096e-02
3.120000000000000284e+01 -1.045275296937462489e-02
3.130000000000000071e+01 -1.046232148424637229e-02
3.140000000000000213e+01 -1.039885010604080576e-02
3.150000000000000000e+01 -1.033537872783523923e-02
3.160000000000000142e+01 -1.019797055509912356e-02
3.170000000000000284e+01 -1.006056238236300616e-02
3.180000000000000071e+01 -9.851253467189015692e-03
3.190000000000000213e+01 -9.641944552015013076e-03
3.200000000000000000e+01 -9.365360272076248341e-03
3.210000000000000142e+01 -9.088775992137471463e-03
3.220000000000000284e+01 -8.751836946238007037e-03
3.230000000000000426e+01 -8.414897900338540876e-03
3.239999999999999858e+01 -8.025632810471122064e-03
3.250000000000000000e+01 -7.636367720603678966e-03
3.260000000000000142e+01 -7.205377696973656529e-03
3.270000000000000284e+01 -6.774387673343634092e-03
3.280000000000000426e+01 -6.313825880270278884e-03
3.289999999999999858e+01 -5.853264087196956636e-03
3.300000000000000000e+01 -5.376500281914953390e-03
3.310000000000000142e+01 -4.899736476632949277e-03
3.320000000000000284e+01 -4.416155522478070090e-03
3.330000000000000426e+01 -3.932574568323190037e-03
3.339999999999999858e+01 -3.453194406033600113e-03
3.350000000000000000e+01 -2.973814243743975929e-03
3.360000000000000142e+01 -2.509640318137745362e-03
3.370000000000000284e+01 -2.045466392531514362e-03
3.380000000000000426e+01 -1.605784359744533282e-03
3.389999999999999858e+01 -1.166102326957583210e-03
3.400000000000000000e+01 -7.594942419647639697e-04
3.410000000000000142e+01 -3.528861569719471142e-04
3.420000000000000284e+01 1.183695229685839598e-05
3.430000000000000426e+01 3.765600615656602979e-04
3.439999999999999858e+01 6.884648729839158016e-04
3.450000000000000000e+01 1.000369684402193423e-03
3.460000000000000142e+01 1.252027759559562340e-03
3.470000000000000284e+01 1.503685834716931256e-03
3.480000000000000426e+01 1.687459732455522544e-03
3.489999999999999858e+01 1.871233630194100821e-03
3.500000000000000000e+01 1.995539942551897376e-03
3.510000000000000142e+01 2.119846254909690027e-03
3.520000000000000284e+01 2.197727529023145616e-03
3.530000000000000426e+01 2.275608803136599904e-03
3.539999999999999858e+01 2.328378999072942736e-03
3.550000000000000000e+01 2.381149195009289905e-03
3.560000000000000142e+01 2.410635859579798781e-03
3.570000000000000284e+01 2.440122524150308090e-03
3.580000000000000426e+01 2.448257852074359111e-03
3.589999999999999858e+01 2.456393179998410132e-03
3.600000000000000000e+01 2.449498645572319167e-03
3.610000000000000142e+01 2.442604111146226900e-03
3.620000000000000284e+01 2.423413015475149937e-03
3.630000000000000426e+01 2.404221919804072106e-03
3.639999999999999858e+01 2.375224933959343889e-03
3.650000000000000000e+01 2.346227948114612636e-03
3.660000000000000142e+01 2.309643648210365705e-03
3.670000000000000284e+01 2.273059348306118339e-03
3.680000000000000426e+01 2.230805505593287056e-03
3.689999999999999858e+01 2.188551662880458808e-03
3.700000000000000000e+01 2.142237626858110519e-03
3.710000000000000142e+01 2.095923590835761796e-03
3.720000000000000284e+01 2.046852434444474365e-03
3.730000000000000426e+01 1.997781278053186501e-03
3.739999999999999858e+01 1.946989076170278299e-03
3.750000000000000000e+01 1.896196874287365761e-03
3.760000000000000142e+01 1.844677545784104405e-03
3.770000000000000284e+01 1.793158217280843483e-03
3.780000000000000426e+01 1.741840855951759266e-03
3.789999999999999858e+01 1.690523494622678952e-03
3.800000000000000000e+01 1.640162674421667298e-03
3.810000000000000142e+01 1.589801854220655860e-03
3.820000000000000284e+01 1.540983869683664603e-03
3.830000000000000426e+01 1.492165885146673563e-03
3.840000000000000568e+01 1.445310704097505124e-03
3.850000000000000000e+01 1.398455523048340154e-03
3.860000000000000142e+01 1.353822085903164975e-03
3.870000000000000284e+01 1.309188648757989362e-03
3.880000000000000426e+01 1.266891780393929624e-03
3.890000000000000568e+01 1.224594912029870319e-03
3.900000000000000000e+01 1.184642215480333520e-03
3.910000000000000142e+01 1.144689518930794118e-03
3.920000000000000284e+01 1.107026507809174155e-03
3.930000000000000426e+01 1.069363496687554191e-03
3.940000000000000568e+01 1.033861190837113975e-03
3.950000000000000000e+01 9.983588849866761438e-04
3.960000000000000142e+01 9.648659668701753660e-04
3.970000000000000284e+01 9.313730487536748051e-04
3.980000000000000426e+01 8.997496144774189608e-04
3.990000000000000568e+01 8.681261802011633333e-04
4.000000000000000000e+01 8.382669991334935509e-04
4.010000000000000142e+01 8.084078180658219254e-04
4.020000000000000284e+01 7.801983399480204306e-04
4.030000000000000426e+01 7.519888618302189359e-04
4.040000000000000568e+01 7.253066034285164622e-04
4.050000000000000000e+01 6.986243450268158316e-04
4.060000000000000142e+01 6.733698958319420981e-04
4.070000000000000284e+01 6.481154466370681478e-04
4.080000000000000426e+01 6.242293920359137313e-04
4.090000000000000568e+01 6.003433374347592064e-04
4.100000000000000000e+01 5.777735149623074553e-04
4.110000000000000142e+01 5.552036924898540778e-04
4.120000000000000284e+01 5.339000453473447157e-04
4.130000000000000426e+01 5.125963982048352451e-04
4.140000000000000568e+01 4.925106260098929432e-04
4.150000000000000000e+01 4.724248538149521050e-04
4.160000000000000142e+01 4.535101848732720864e-04
4.170000000000000284e+01 4.345955159315921220e-04
4.180000000000000426e+01 4.168060669576584189e-04
4.190000000000000568e+01 3.990166179837246075e-04
4.200000000000000000e+01 3.823084364842500426e-04
4.210000000000000142e+01 3.656002549847742851e-04
4.220000000000000284e+01 3.499301240758909246e-04
4.230000000000000426e+01 3.342599931670075099e-04
4.240000000000000568e+01 3.195858630084036150e-04
4.250000000000000000e+01 3.049117328498008044e-04
4.260000000000000142e+01 2.911929514149136627e-04
4.270000000000000284e+01 2.774741699800265210e-04
4.280000000000000426e+01 2.646702574602869209e-04
4.290000000000000568e+01 2.518663449405473750e-04
4.300000000000000000e+01 2.399391145309452147e-04
4.310000000000000142e+01 2.280118841213423224e-04
4.320000000000000284e+01 2.169221927692393539e-04
4.330000000000000426e+01 2.058325014171363582e-04
4.340000000000000568e+01 1.955445292387227214e-04
4.350000000000000000e+01 1.852565570603097623e-04
4.360000000000000142e+01 1.757326310480586201e-04
4.370000000000000284e+01 1.662087050358074507e-04
4.380000000000000426e+01 1.574148412199959590e-04
4.390000000000000568e+01 1.486209774041844672e-04
4.400000000000000000e+01 1.405213109390964703e-04
4.410000000000000142e+01 1.324216444740079041e-04
4.420000000000000284e+01 1.249832139444094492e-04
4.430000000000000426e+01 1.175447834148109807e-04
4.440000000000000568e+01 1.107335833310373486e-04
4.450000000000000000e+01 1.039223832472641908e-04
4.460000000000000142e+01 9.770614021053852186e-05
4.470000000000000284e+01 9.148989717381285293e-05
4.480000000000000426e+01 8.583661100624575754e-05
4.490000000000000568e+01 8.018332483867866216e-05
4.500000000000000000e+01 7.506164156376297664e-05
4.510000000000000142e+01 6.993995828884693876e-05
4.520000000000000284e+01 6.531943077851048106e-05
4.530000000000000426e+01 6.069890326817402337e-05
4.540000000000000568e+01 5.654954631638526815e-05
4.550000000000000000e+01 5.240018936459681109e-05
4.560000000000000142e+01 4.869237913033133068e-05
4.570000000000000284e+01 4.498456889606582994e-05
4.580000000000000426e+01 4.168967538818431020e-05
4.590000000000000568e+01 3.839478188030279724e-05
4.600000000000000000e+01 3.548403865787702404e-05
4.610000000000000142e+01 3.257329543545103400e-05
4.620000000000000284e+01 3.001938381662898702e-05
4.630000000000000426e+01 2.746547219780693327e-05
4.640000000000000568e+01 2.524131417139466728e-05
4.650000000000000000e+01 2.301715614498254359e-05
4.660000000000000142e+01 2.109486247153702753e-05
4.670000000000000284e+01 1.917256879809150469e-05
4.680000000000000426e+01 1.752587848713524891e-05
4.690000000000000568e+01 1.587918817617899313e-05
4.700000000000000000e+01 1.448019974338840812e-05
4.710000000000000142e+01 1.308121131059772485e-05
4.720000000000000284e+01 1.190357049827087200e-05
4.730000000000000426e+01 1.072592968594402254e-05
4.740000000000000568e+01 9.743079364253153630e-06
4.750000000000000000e+01 8.760229042562352479e-06
4.760000000000000142e+01 7.961888427074269124e-06
4.770000000000000284e+01 7.163547811586184076e-06
4.780000000000000426e+01 6.523264866443101679e-06
4.790000000000000568e+01 5.882981921300019283e-06
4.800000000000000000e+01 5.377516691021962990e-06
4.810000000000000142e+01 4.872051460743869426e-06
4.820000000000000284e+01 4.478260119903147009e-06
4.830000000000000426e+01 4.084468779062426285e-06
4.840000000000000568e+01 3.779297298519016168e-06
4.850000000000000000e+01 3.474125817975626804e-06
4.860000000000000142e+01 3.234604048427950889e-06
4.870000000000000284e+01 2.995082278880273281e-06
4.880000000000000426e+01 2.798318424235864669e-06
4.890000000000000568e+01 2.601554569591456058e-06
4.900000000000000000e+01 2.424730024473194442e-06
4.910000000000000142e+01 2.247905479354919697e-06
4.920000000000000284e+01 2.068270006750786287e-06
4.930000000000000426e+01 1.888634534146652877e-06
4.940000000000000568e+01 1.683501760792012743e-06
4.950000000000000000e+01 1.478368987437387856e-06
4.960000000000000142e+01 1.225112195994966204e-06
4.970000000000000284e+01 9.718554045525445518e-07
4.980000000000000426e+01 6.479036030350219720e-07
4.990000000000000568e+01 3.239518015174995511e-07
5.000000000000000000e+01 0.000000000000000000e+00
