0.000000 307.495566
0.100000 307.153999
0.200000 306.812622
0.300000 306.471435
0.400000 306.130437
0.500000 305.789630
0.600000 305.449012
0.700000 305.108584
0.800000 304.768346
0.900000 304.428298
1.000000 304.088439
1.100000 303.748770
1.200000 303.409291
1.300000 303.070002
1.400000 302.730903
1.500000 302.391994
1.600000 302.053274
1.700000 301.714744
1.800000 301.376404
1.900000 301.038254
2.000000 300.700293
2.100000 300.362523
2.200000 300.024942
2.300000 299.687551
2.400000 299.350350
2.500000 299.013339
2.600000 298.676517
2.700000 298.339885
2.800000 298.003443
2.900000 297.667191
3.000000 297.331129
3.100000 296.995257
3.200000 296.659574
3.300000 296.324081
3.400000 295.988778
3.500000 295.653665
3.600000 295.318741
3.700000 294.984008
3.800000 294.649464
3.900000 294.315110
4.000000 293.980946
4.100000 293.646972
4.200000 293.313187
4.300000 292.979592
4.400000 292.646187
4.500000 292.312972
4.600000 291.979947
4.700000 291.647112
4.800000 291.314466
4.900000 290.982010
5.000000 290.649744
5.100000 290.317668
5.200000 289.985781
5.300000 289.654085
5.400000 289.322578
5.500000 288.991261
5.600000 288.660134
5.700000 288.329196
5.800000 287.998449
5.900000 287.667891
6.000000 287.337523
6.100000 287.007345
6.200000 286.677357
6.300000 286.347558
6.400000 286.017950
6.500000 285.688531
6.600000 285.359302
6.700000 285.030263
6.800000 284.701413
6.900000 284.372753
7.000000 284.044284
7.100000 283.716004
7.200000 283.387914
7.300000 283.060013
7.400000 282.732303
7.500000 282.404782
7.600000 282.077451
7.700000 281.750310
7.800000 281.423359
7.900000 281.096597
8.000000 280.770025
8.100000 280.443643
8.200000 280.117451
8.300000 279.791449
8.400000 279.465637
8.500000 279.140014
8.600000 278.814581
8.700000 278.489338
8.800000 278.164285
8.900000 277.839422
9.000000 277.514748
9.100000 277.190264
9.200000 276.865971
9.300000 276.541866
9.400000 276.217952
9.500000 275.894228
9.600000 275.570693
9.700000 275.247348
9.800000 274.924193
9.900000 274.601228
10.000000 274.278452
10.100000 273.955867
10.200000 273.633471
10.300000 273.311265
10.400000 272.989249
10.500000 272.667422
10.600000 272.345786
10.700000 272.024339
10.800000 271.703082
10.900000 271.382015
11.000000 271.061138
11.100000 270.740450
11.200000 270.419952
11.300000 270.099644
11.400000 269.779526
11.500000 269.459598
11.600000 269.139860
11.700000 268.820311
11.800000 268.500952
11.900000 268.181783
12.000000 267.862804
12.100000 267.544015
12.200000 267.225415
12.300000 266.907005
12.400000 266.588785
12.500000 266.270755
12.600000 265.952915
12.700000 265.635264
12.800000 265.317804
12.900000 265.000533
13.000000 264.683452
13.100000 264.366560
13.200000 264.049859
13.300000 263.733347
13.400000 263.417026
13.500000 263.100894
13.600000 262.784951
13.700000 262.469199
13.800000 262.153636
13.900000 261.838264
14.000000 261.523081
14.100000 261.208088
14.200000 260.893284
14.300000 260.578671
14.400000 260.264247
14.500000 259.950013
14.600000 259.635969
14.700000 259.322115
14.800000 259.008450
14.900000 258.694976
15.000000 258.381691
15.100000 258.068596
15.200000 257.755691
15.300000 257.442975
15.400000 257.130450
15.500000 256.818114
15.600000 256.505968
15.700000 256.194012
15.800000 255.882245
15.900000 255.570669
16.000000 255.259282
16.100000 254.948085
16.200000 254.637078
16.300000 254.326261
16.400000 254.015633
16.500000 253.705196
16.600000 253.394948
16.700000 253.084890
16.800000 252.775022
16.900000 252.465343
17.000000 252.155855
17.100000 251.846556
17.200000 251.537447
17.300000 251.228528
17.400000 250.919798
17.500000 250.611259
17.600000 250.302909
17.700000 249.994749
17.800000 249.686779
17.900000 249.378999
18.000000 249.071408
18.100000 248.764008
18.200000 248.456797
18.300000 248.149776
18.400000 247.842945
18.500000 247.536303
18.600000 247.229852
18.700000 246.923590
18.800000 246.617518
18.900000 246.311636
19.000000 246.005943
19.100000 245.700441
19.200000 245.395128
19.300000 245.090005
19.400000 244.785072
19.500000 244.480329
19.600000 244.175775
19.700000 243.871412
19.800000 243.567238
19.900000 243.263254
20.000000 242.959459
20.100000 242.655855
20.200000 242.352440
20.300000 242.049216
20.400000 241.746181
20.500000 241.443335
20.600000 241.140680
20.700000 240.838215
20.800000 240.535939
20.900000 240.233853
21.000000 239.931957
21.100000 239.630251
21.200000 239.328734
21.300000 239.027407
21.400000 238.726270
21.500000 238.425323
21.600000 238.124566
21.700000 237.823999
21.800000 237.523621
21.900000 237.223433
22.000000 236.923435
22.100000 236.623627
22.200000 236.324009
22.300000 236.024580
22.400000 235.725342
22.500000 235.426293
22.600000 235.127434
22.700000 234.828764
22.800000 234.530285
22.900000 234.231995
23.000000 233.933895
23.100000 233.635985
23.200000 233.338265
23.300000 233.040734
23.400000 232.743394
23.500000 232.446243
23.600000 232.149282
23.700000 231.852511
23.800000 231.555929
23.900000 231.259538
24.000000 230.963336
24.100000 230.667324
24.200000 230.371502
24.300000 230.075870
24.400000 229.780427
24.500000 229.485175
24.600000 229.190112
24.700000 228.895239
24.800000 228.600555
24.900000 228.306062
25.000000 228.011758
25.100000 227.717645
25.200000 227.423721
25.300000 227.129986
25.400000 226.836442
25.500000 226.543087
25.600000 226.249923
25.700000 225.956948
25.800000 225.664163
25.900000 225.371567
26.000000 225.079162
26.100000 224.786946
26.200000 224.494920
26.300000 224.203084
26.400000 223.911438
26.500000 223.619981
26.600000 223.328715
26.700000 223.037638
26.800000 222.746751
26.900000 222.456054
27.000000 222.165546
27.100000 221.875229
27.200000 221.585101
27.300000 221.295163
27.400000 221.005415
27.500000 220.715857
27.600000 220.426488
27.700000 220.137309
27.800000 219.848320
27.900000 219.559521
28.000000 219.270912
28.100000 218.982493
28.200000 218.694263
28.300000 218.406223
28.400000 218.118373
28.500000 217.830713
28.600000 217.543243
28.700000 217.255962
28.800000 216.968871
28.900000 216.681970
29.000000 216.395259
29.100000 216.108738
29.200000 215.822406
29.300000 215.536265
29.400000 215.250313
29.500000 214.964551
29.600000 214.678978
29.700000 214.393596
29.800000 214.108403
29.900000 213.823400
30.000000 213.538587
30.100000 213.253964
30.200000 212.969531
30.300000 212.685287
30.400000 212.401233
30.500000 212.117369
30.600000 211.833695
30.700000 211.550211
30.800000 211.266916
30.900000 210.983812
31.000000 210.700897
31.100000 210.418172
31.200000 210.135636
31.300000 209.853291
31.400000 209.571135
31.500000 209.289170
31.600000 209.007393
31.700000 208.725807
31.800000 208.444411
31.900000 208.163204
32.000000 207.882187
32.100000 207.601361
32.200000 207.320723
32.300000 207.040276
32.400000 206.760018
32.500000 206.479951
32.600000 206.200073
32.700000 205.920385
32.800000 205.640886
32.900000 205.361578
33.000000 205.082459
33.100000 204.803531
33.200000 204.524791
33.300000 204.246242
33.400000 203.967883
33.500000 203.689713
33.600000 203.411733
33.700000 203.133943
33.800000 202.856343
33.900000 202.578933
34.000000 202.301712
34.100000 202.024682
34.200000 201.747841
34.300000 201.471190
34.400000 201.194728
34.500000 200.918457
34.600000 200.642375
34.700000 200.366483
34.800000 200.090781
34.900000 199.815269
35.000000 199.539947
35.100000 199.264814
35.200000 198.989871
35.300000 198.715118
35.400000 198.440555
35.500000 198.166182
35.600000 197.891998
35.700000 197.618004
35.800000 197.344201
35.900000 197.070586
36.000000 196.797162
36.100000 196.523928
36.200000 196.250883
36.300000 195.978028
36.400000 195.705363
36.500000 195.432888
36.600000 195.160602
36.700000 194.888507
36.800000 194.616601
36.900000 194.344885
37.000000 194.073359
37.100000 193.802022
37.200000 193.530876
37.300000 193.259919
37.400000 192.989152
37.500000 192.718575
37.600000 192.448188
37.700000 192.177990
37.800000 191.907983
37.900000 191.638165
38.000000 191.368537
38.100000 191.099098
38.200000 190.829850
38.300000 190.560791
38.400000 190.291923
38.500000 190.023244
38.600000 189.754754
38.700000 189.486455
38.800000 189.218346
38.900000 188.950426
39.000000 188.682696
39.100000 188.415156
39.200000 188.147805
39.300000 187.880645
39.400000 187.613674
39.500000 187.346893
39.600000 187.080302
39.700000 186.813901
39.800000 186.547690
39.900000 186.281668
40.000000 186.015836
40.100000 185.750194
40.200000 185.484742
40.300000 185.219480
40.400000 184.954407
40.500000 184.689524
40.600000 184.424831
40.700000 184.160328
40.800000 183.896015
40.900000 183.631891
41.000000 183.367958
41.100000 183.104214
41.200000 182.840660
41.300000 182.577295
41.400000 182.314121
41.500000 182.051136
41.600000 181.788342
41.700000 181.525737
41.800000 181.263321
41.900000 181.001096
42.000000 180.739060
42.100000 180.477215
42.200000 180.215559
42.300000 179.954093
42.400000 179.692816
42.500000 179.431730
42.600000 179.170833
42.700000 178.910126
42.800000 178.649609
42.900000 178.389282
43.000000 178.129144
43.100000 177.869197
43.200000 177.609439
43.300000 177.349871
43.400000 177.090493
43.500000 176.831304
43.600000 176.572306
43.700000 176.313497
43.800000 176.054878
43.900000 175.796449
44.000000 175.538209
44.100000 175.280160
44.200000 175.022300
44.300000 174.764630
44.400000 174.507150
44.500000 174.249860
44.600000 173.992760
44.700000 173.735849
44.800000 173.479128
44.900000 173.222597
45.000000 172.966256
45.100000 172.710104
45.200000 172.454143
45.300000 172.198371
45.400000 171.942789
45.500000 171.687397
45.600000 171.432195
45.700000 171.177182
45.800000 170.922359
45.900000 170.667726
46.000000 170.413283
46.100000 170.159030
46.200000 169.904967
46.300000 169.651093
46.400000 169.397409
46.500000 169.143915
46.600000 168.890611
46.700000 168.637496
46.800000 168.384572
46.900000 168.131837
47.000000 167.879292
47.100000 167.626937
47.200000 167.374772
47.300000 167.122796
47.400000 166.871010
47.500000 166.619414
47.600000 166.368008
47.700000 166.116792
47.800000 165.865766
47.900000 165.614929
48.000000 165.364282
48.100000 165.113825
48.200000 164.863558
48.300000 164.613480
48.400000 164.363593
48.500000 164.113895
48.600000 163.864387
48.700000 163.615069
48.800000 163.365941
48.900000 163.117002
49.000000 162.868253
49.100000 162.619694
49.200000 162.371325
49.300000 162.123146
49.400000 161.875156
49.500000 161.627357
49.600000 161.379747
49.700000 161.132327
49.800000 160.885097
49.900000 160.638056
50.000000 160.391206
50.100000 160.144545
50.200000 159.898074
50.300000 159.651793
50.400000 159.405701
50.500000 159.159800
50.600000 158.914088
50.700000 158.668566
50.800000 158.423234
50.900000 158.178092
51.000000 157.933139
51.100000 157.688377
51.200000 157.443804
51.300000 157.199421
51.400000 156.955227
51.500000 156.711224
51.600000 156.467410
51.700000 156.223787
51.800000 155.980353
51.900000 155.737108
52.000000 155.494054
52.100000 155.251189
52.200000 155.008515
52.300000 154.766030
52.400000 154.523735
52.500000 154.281629
52.600000 154.039714
52.700000 153.797988
52.800000 153.556452
52.900000 153.315106
53.000000 153.073950
53.100000 152.832984
53.200000 152.592207
53.300000 152.351620
53.400000 152.111223
53.500000 151.871016
53.600000 151.630999
53.700000 151.391171
53.800000 151.151533
53.900000 150.912085
54.000000 150.672827
54.100000 150.433759
54.200000 150.194880
54.300000 149.956192
54.400000 149.717693
54.500000 149.479384
54.600000 149.241265
54.700000 149.003335
54.800000 148.765596
54.900000 148.528046
55.000000 148.290686
55.100000 148.053516
55.200000 147.816535
55.300000 147.579745
55.400000 147.343144
55.500000 147.106733
55.600000 146.870512
55.700000 146.634480
55.800000 146.398639
55.900000 146.162987
56.000000 145.927525
56.100000 145.692253
56.200000 145.457171
56.300000 145.222279
56.400000 144.987576
56.500000 144.753063
56.600000 144.518740
56.700000 144.284607
56.800000 144.050664
56.900000 143.816910
57.000000 143.583346
57.100000 143.349972
57.200000 143.116788
57.300000 142.883794
57.400000 142.650989
57.500000 142.418375
57.600000 142.185950
57.700000 141.953715
57.800000 141.721669
57.900000 141.489814
58.000000 141.258148
58.100000 141.026672
58.200000 140.795386
58.300000 140.564290
58.400000 140.333384
58.500000 140.102667
58.600000 139.872140
58.700000 139.641803
58.800000 139.411656
58.900000 139.181699
59.000000 138.951931
59.100000 138.722354
59.200000 138.492966
59.300000 138.263768
59.400000 138.034760
59.500000 137.805941
59.600000 137.577312
59.700000 137.348874
59.800000 137.120625
59.900000 136.892565
60.000000 136.664696
60.100000 136.437016
60.200000 136.209527
60.300000 135.982227
60.400000 135.755116
60.500000 135.528196
60.600000 135.301466
60.700000 135.074925
60.800000 134.848574
60.900000 134.622413
61.000000 134.396442
61.100000 134.170660
61.200000 133.945068
61.300000 133.719667
61.400000 133.494455
61.500000 133.269432
61.600000 133.044600
61.700000 132.819957
61.800000 132.595505
61.900000 132.371242
62.000000 132.147168
62.100000 131.923285
62.200000 131.699592
62.300000 131.476088
62.400000 131.252774
62.500000 131.029650
62.600000 130.806716
62.700000 130.583971
62.800000 130.361416
62.900000 130.139052
63.000000 129.916877
63.100000 129.694891
63.200000 129.473096
63.300000 129.251490
63.400000 129.030075
63.500000 128.808849
63.600000 128.587812
63.700000 128.366966
63.800000 128.146310
63.900000 127.925843
64.000000 127.705566
64.100000 127.485479
64.200000 127.265581
64.300000 127.045874
64.400000 126.826356
64.500000 126.607028
64.600000 126.387890
64.700000 126.168942
64.800000 125.950184
64.900000 125.731615
65.000000 125.513236
65.100000 125.295047
65.200000 125.077048
65.300000 124.859239
65.400000 124.641619
65.500000 124.424190
65.600000 124.206950
65.700000 123.989900
65.800000 123.773039
65.900000 123.556369
66.000000 123.339888
66.100000 123.123597
66.200000 122.907496
66.300000 122.691585
66.400000 122.475864
66.500000 122.260332
66.600000 122.044990
66.700000 121.829838
66.800000 121.614876
66.900000 121.400104
67.000000 121.185521
67.100000 120.971128
67.200000 120.756925
67.300000 120.542912
67.400000 120.329089
67.500000 120.115455
67.600000 119.902012
67.700000 119.688758
67.800000 119.475694
67.900000 119.262820
68.000000 119.050135
68.100000 118.837641
68.200000 118.625336
68.300000 118.413221
68.400000 118.201296
68.500000 117.989560
68.600000 117.778015
68.700000 117.566659
68.800000 117.355493
68.900000 117.144517
69.000000 116.933730
69.100000 116.723134
69.200000 116.512727
69.300000 116.302510
69.400000 116.092483
69.500000 115.882646
69.600000 115.672999
69.700000 115.463541
69.800000 115.254273
69.900000 115.045195
70.000000 114.836307
70.100000 114.627609
70.200000 114.419100
70.300000 114.210781
70.400000 114.002652
70.500000 113.794713
70.600000 113.586964
70.700000 113.379404
70.800000 113.172035
70.900000 112.964855
71.000000 112.757865
71.100000 112.551064
71.200000 112.344454
71.300000 112.138033
71.400000 111.931803
71.500000 111.725762
71.600000 111.519910
71.700000 111.314249
71.800000 111.108777
71.900000 110.903496
72.000000 110.698404
72.100000 110.493502
72.200000 110.288789
72.300000 110.084267
72.400000 109.879934
72.500000 109.675791
72.600000 109.471838
72.700000 109.268075
72.800000 109.064501
72.900000 108.861118
73.000000 108.657924
73.100000 108.454920
73.200000 108.252106
73.300000 108.049481
73.400000 107.847047
73.500000 107.644802
73.600000 107.442747
73.700000 107.240882
73.800000 107.039206
73.900000 106.837721
74.000000 106.636425
74.100000 106.435319
74.200000 106.234403
74.300000 106.033677
74.400000 105.833141
74.500000 105.632794
74.600000 105.432637
74.700000 105.232670
74.800000 105.032893
74.900000 104.833305
75.000000 104.633908
75.100000 104.434700
75.200000 104.235682
75.300000 104.036854
75.400000 103.838216
75.500000 103.639767
75.600000 103.441508
75.700000 103.243439
75.800000 103.045560
75.900000 102.847871
76.000000 102.650372
76.100000 102.453062
76.200000 102.255942
76.300000 102.059012
76.400000 101.862272
76.500000 101.665721
76.600000 101.469361
76.700000 101.273190
76.800000 101.077209
76.900000 100.881418
77.000000 100.685817
77.100000 100.490405
77.200000 100.295183
77.300000 100.100151
77.400000 99.905309
77.500000 99.710657
77.600000 99.516195
77.700000 99.321922
77.800000 99.127839
77.900000 98.933946
78.000000 98.740243
78.100000 98.546729
78.200000 98.353406
78.300000 98.160272
78.400000 97.967328
78.500000 97.774574
78.600000 97.582010
78.700000 97.389635
78.800000 97.197450
78.900000 97.005455
79.000000 96.813650
79.100000 96.622035
79.200000 96.430609
79.300000 96.239374
79.400000 96.048328
79.500000 95.857472
79.600000 95.666806
79.700000 95.476329
79.800000 95.286043
79.900000 95.095946
80.000000 94.906039
80.100000 94.716322
80.200000 94.526794
80.300000 94.337457
80.400000 94.148309
80.500000 93.959351
80.600000 93.770583
80.700000 93.582005
80.800000 93.393616
80.900000 93.205418
81.000000 93.017409
81.100000 92.829590
81.200000 92.641960
81.300000 92.454521
81.400000 92.267271
81.500000 92.080212
81.600000 91.893342
81.700000 91.706661
81.800000 91.520171
81.900000 91.333870
82.000000 91.147760
82.100000 90.961839
82.200000 90.776108
82.300000 90.590566
82.400000 90.405215
82.500000 90.220053
82.600000 90.035081
82.700000 89.850299
82.800000 89.665707
82.900000 89.481305
83.000000 89.297092
83.100000 89.113069
83.200000 88.929236
83.300000 88.745593
83.400000 88.562140
83.500000 88.378876
83.600000 88.195802
83.700000 88.012918
83.800000 87.830224
83.900000 87.647720
84.000000 87.465405
84.100000 87.283281
84.200000 87.101346
84.300000 86.919601
84.400000 86.738046
84.500000 86.556680
84.600000 86.375504
84.700000 86.194519
84.800000 86.013723
84.900000 85.833116
85.000000 85.652700
85.100000 85.472473
85.200000 85.292437
85.300000 85.112590
85.400000 84.932933
85.500000 84.753465
85.600000 84.574188
85.700000 84.395100
85.800000 84.216202
85.900000 84.037494
86.000000 83.858976
86.100000 83.680647
86.200000 83.502509
86.300000 83.324560
86.400000 83.146801
86.500000 82.969232
86.600000 82.791852
86.700000 82.614663
86.800000 82.437663
86.900000 82.260853
87.000000 82.084233
87.100000 81.907803
87.200000 81.731562
87.300000 81.555511
87.400000 81.379651
87.500000 81.203979
87.600000 81.028498
87.700000 80.853207
87.800000 80.678105
87.900000 80.503193
88.000000 80.328471
88.100000 80.153939
88.200000 79.979597
88.300000 79.805444
88.400000 79.631481
88.500000 79.457708
88.600000 79.284125
88.700000 79.110732
88.800000 78.937528
88.900000 78.764515
89.000000 78.591691
89.100000 78.419057
89.200000 78.246612
89.300000 78.074358
89.400000 77.902293
89.500000 77.730418
89.600000 77.558733
89.700000 77.387238
89.800000 77.215933
89.900000 77.044817
90.000000 76.873891
90.100000 76.703156
90.200000 76.532609
90.300000 76.362253
90.400000 76.192086
90.500000 76.022110
90.600000 75.852323
90.700000 75.682726
90.800000 75.513318
90.900000 75.344101
91.000000 75.175073
91.100000 75.006236
91.200000 74.837587
91.300000 74.669129
91.400000 74.500861
91.500000 74.332782
91.600000 74.164893
91.700000 73.997195
91.800000 73.829685
91.900000 73.662366
92.000000 73.495236
92.100000 73.328297
92.200000 73.161547
92.300000 72.994987
92.400000 72.828616
92.500000 72.662436
92.600000 72.496445
92.700000 72.330644
92.800000 72.165033
92.900000 71.999612
93.000000 71.834381
93.100000 71.669339
93.200000 71.504487
93.300000 71.339825
93.400000 71.175353
93.500000 71.011071
93.600000 70.846978
93.700000 70.683076
93.800000 70.519363
93.900000 70.355840
94.000000 70.192506
94.100000 70.029363
94.200000 69.866409
94.300000 69.703645
94.400000 69.541071
94.500000 69.378687
94.600000 69.216493
94.700000 69.054488
94.800000 68.892673
94.900000 68.731048
95.000000 68.569613
95.100000 68.408368
95.200000 68.247312
95.300000 68.086446
95.400000 67.925771
95.500000 67.765284
95.600000 67.604988
95.700000 67.444882
95.800000 67.284965
95.900000 67.125238
96.000000 66.965701
96.100000 66.806354
96.200000 66.647196
96.300000 66.488229
96.400000 66.329451
96.500000 66.170863
96.600000 66.012465
96.700000 65.854256
96.800000 65.696238
96.900000 65.538409
97.000000 65.380770
97.100000 65.223321
97.200000 65.066062
97.300000 64.908992
97.400000 64.752113
97.500000 64.595423
97.600000 64.438923
97.700000 64.282612
97.800000 64.126492
97.900000 63.970561
98.000000 63.814821
98.100000 63.659270
98.200000 63.503908
98.300000 63.348737
98.400000 63.193755
98.500000 63.038964
98.600000 62.884362
98.700000 62.729950
98.800000 62.575727
98.900000 62.421695
99.000000 62.267852
99.100000 62.114199
99.200000 61.960736
99.300000 61.807463
99.400000 61.654379
99.500000 61.501486
99.600000 61.348782
99.700000 61.196268
99.800000 61.043944
99.900000 60.891809
100.000000 60.739865
100.100000 60.588110
100.200000 60.436545
100.300000 60.285170
100.400000 60.133985
100.500000 59.982989
100.600000 59.832184
100.700000 59.681568
100.800000 59.531142
100.900000 59.380905
101.000000 59.230859
101.100000 59.081002
101.200000 58.931335
101.300000 58.781858
101.400000 58.632571
101.500000 58.483474
101.600000 58.334566
101.700000 58.185848
101.800000 58.037321
101.900000 57.888982
102.000000 57.740834
102.100000 57.592876
102.200000 57.445107
102.300000 57.297528
102.400000 57.150139
102.500000 57.002940
102.600000 56.855930
102.700000 56.709110
102.800000 56.562481
102.900000 56.416041
103.000000 56.269790
103.100000 56.123730
103.200000 55.977859
103.300000 55.832179
103.400000 55.686688
103.500000 55.541387
103.600000 55.396275
103.700000 55.251354
103.800000 55.106622
103.900000 54.962080
104.000000 54.817728
104.100000 54.673566
104.200000 54.529593
104.300000 54.385811
104.400000 54.242218
104.500000 54.098815
104.600000 53.955602
104.700000 53.812578
104.800000 53.669745
104.900000 53.527101
105.000000 53.384647
105.100000 53.242383
105.200000 53.100308
105.300000 52.958424
105.400000 52.816729
105.500000 52.675224
105.600000 52.533909
105.700000 52.392784
105.800000 52.251848
105.900000 52.111103
106.000000 51.970547
106.100000 51.830181
106.200000 51.690005
106.300000 51.550018
106.400000 51.410222
106.500000 51.270615
106.600000 51.131198
106.700000 50.991971
106.800000 50.852933
106.900000 50.714086
107.000000 50.575428
107.100000 50.436960
107.200000 50.298682
107.300000 50.160594
107.400000 50.022695
107.500000 49.884987
107.600000 49.747468
107.700000 49.610139
107.800000 49.473000
107.900000 49.336050
108.000000 49.199291
108.100000 49.062721
108.200000 48.926341
108.300000 48.790151
108.400000 48.654150
108.500000 48.518340
108.600000 48.382719
108.700000 48.247288
108.800000 48.112047
108.900000 47.976996
109.000000 47.842134
109.100000 47.707463
109.200000 47.572981
109.300000 47.438689
109.400000 47.304586
109.500000 47.170674
109.600000 47.036951
109.700000 46.903419
109.800000 46.770076
109.900000 46.636922
110.000000 46.503959
110.100000 46.371185
110.200000 46.238602
110.300000 46.106208
110.400000 45.974004
110.500000 45.841989
110.600000 45.710165
110.700000 45.578530
110.800000 45.447085
110.900000 45.315830
111.000000 45.184765
111.100000 45.053890
111.200000 44.923204
111.300000 44.792708
111.400000 44.662402
111.500000 44.532286
111.600000 44.402360
111.700000 44.272623
111.800000 44.143076
111.900000 44.013719
112.000000 43.884552
112.100000 43.755575
112.200000 43.626788
112.300000 43.498190
112.400000 43.369782
112.500000 43.241564
112.600000 43.113536
112.700000 42.985697
112.800000 42.858049
112.900000 42.730590
113.000000 42.603321
113.100000 42.476242
113.200000 42.349352
113.300000 42.222653
113.400000 42.096143
113.500000 41.969823
113.600000 41.843693
113.700000 41.717753
113.800000 41.592002
113.900000 41.466441
114.000000 41.341071
114.100000 41.215889
114.200000 41.090898
114.300000 40.966097
114.400000 40.841485
114.500000 40.717063
114.600000 40.592831
114.700000 40.468789
114.800000 40.344937
114.900000 40.221274
115.000000 40.097801
115.100000 39.974518
115.200000 39.851425
115.300000 39.728522
115.400000 39.605809
115.500000 39.483285
115.600000 39.360951
115.700000 39.238807
115.800000 39.116853
115.900000 38.995088
116.000000 38.873514
116.100000 38.752129
116.200000 38.630934
116.300000 38.509928
116.400000 38.389113
116.500000 38.268488
116.600000 38.148052
116.700000 38.027806
116.800000 37.907750
116.900000 37.787883
117.000000 37.668207
117.100000 37.548720
117.200000 37.429423
117.300000 37.310316
117.400000 37.191399
117.500000 37.072671
117.600000 36.954134
117.700000 36.835786
117.800000 36.717628
117.900000 36.599660
118.000000 36.481881
118.100000 36.364293
118.200000 36.246894
118.300000 36.129685
118.400000 36.012666
118.500000 35.895837
118.600000 35.779197
118.700000 35.662747
118.800000 35.546487
118.900000 35.430417
119.000000 35.314537
119.100000 35.198847
119.200000 35.083346
119.300000 34.968035
119.400000 34.852914
119.500000 34.737983
119.600000 34.623241
119.700000 34.508690
119.800000 34.394328
119.900000 34.280156
120.000000 34.166174
120.100000 34.052382
120.200000 33.938779
120.300000 33.825366
120.400000 33.712143
120.500000 33.599110
120.600000 33.486267
120.700000 33.373614
120.800000 33.261150
120.900000 33.148876
121.000000 33.036792
121.100000 32.924898
121.200000 32.813193
121.300000 32.701679
121.400000 32.590354
121.500000 32.479219
121.600000 32.368274
121.700000 32.257519
121.800000 32.146953
121.900000 32.036577
122.000000 31.926391
122.100000 31.816395
122.200000 31.706589
122.300000 31.596973
122.400000 31.487546
122.500000 31.378309
122.600000 31.269262
122.700000 31.160405
122.800000 31.051737
122.900000 30.943260
123.000000 30.834972
123.100000 30.726874
123.200000 30.618966
123.300000 30.511248
123.400000 30.403719
123.500000 30.296380
123.600000 30.189231
123.700000 30.082272
123.800000 29.975503
123.900000 29.868923
124.000000 29.762534
124.100000 29.656334
124.200000 29.550324
124.300000 29.444504
124.400000 29.338873
124.500000 29.233433
124.600000 29.128182
124.700000 29.023121
124.800000 28.918250
124.900000 28.813568
125.000000 28.709077
125.100000 28.604775
125.200000 28.500663
125.300000 28.396741
125.400000 28.293009
125.500000 28.189466
125.600000 28.086114
125.700000 27.982951
125.800000 27.879978
125.900000 27.777194
126.000000 27.674601
126.100000 27.572197
126.200000 27.469984
126.300000 27.367960
126.400000 27.266125
126.500000 27.164481
126.600000 27.063026
126.700000 26.961762
126.800000 26.860687
126.900000 26.759802
127.000000 26.659106
127.100000 26.558601
127.200000 26.458285
127.300000 26.358159
127.400000 26.258223
127.500000 26.158477
127.600000 26.058921
127.700000 25.959554
127.800000 25.860377
127.900000 25.761390
128.000000 25.662593
128.100000 25.563986
128.200000 25.465568
128.300000 25.367340
128.400000 25.269302
128.500000 25.171454
128.600000 25.073796
128.700000 24.976327
128.800000 24.879049
128.900000 24.781960
129.000000 24.685061
129.100000 24.588351
129.200000 24.491832
129.300000 24.395502
129.400000 24.299363
129.500000 24.203413
129.600000 24.107652
129.700000 24.012082
129.800000 23.916701
129.900000 23.821511
130.000000 23.726510
130.100000 23.631699
130.200000 23.537077
130.300000 23.442646
130.400000 23.348404
130.500000 23.254352
130.600000 23.160490
130.700000 23.066818
130.800000 22.973335
130.900000 22.880043
131.000000 22.786940
131.100000 22.694027
131.200000 22.601304
131.300000 22.508770
131.400000 22.416427
131.500000 22.324273
131.600000 22.232309
131.700000 22.140535
131.800000 22.048951
131.900000 21.957556
132.000000 21.866351
132.100000 21.775336
132.200000 21.684511
132.300000 21.593876
132.400000 21.503431
132.500000 21.413175
132.600000 21.323109
132.700000 21.233233
132.800000 21.143547
132.900000 21.054051
133.000000 20.964744
133.100000 20.875627
133.200000 20.786700
133.300000 20.697963
133.400000 20.609416
133.500000 20.521058
133.600000 20.432891
133.700000 20.344913
133.800000 20.257125
133.900000 20.169526
134.000000 20.082118
134.100000 19.994899
134.200000 19.907870
134.300000 19.821031
134.400000 19.734382
134.500000 19.647923
134.600000 19.561653
134.700000 19.475573
134.800000 19.389683
134.900000 19.303983
135.000000 19.218473
135.100000 19.133152
135.200000 19.048022
135.300000 18.963081
135.400000 18.878330
135.500000 18.793768
135.600000 18.709397
135.700000 18.625215
135.800000 18.541223
135.900000 18.457421
136.000000 18.373809
136.100000 18.290387
136.200000 18.207154
136.300000 18.124111
136.400000 18.041258
136.500000 17.958595
136.600000 17.876122
136.700000 17.793838
136.800000 17.711745
136.900000 17.629841
137.000000 17.548127
137.100000 17.466602
137.200000 17.385268
137.300000 17.304123
137.400000 17.223168
137.500000 17.142403
137.600000 17.061828
137.700000 16.981443
137.800000 16.901247
137.900000 16.821241
138.000000 16.741425
138.100000 16.661799
138.200000 16.582363
138.300000 16.503116
138.400000 16.424059
138.500000 16.345193
138.600000 16.266515
138.700000 16.188028
138.800000 16.109731
138.900000 16.031623
139.000000 15.953705
139.100000 15.875977
139.200000 15.798439
139.300000 15.721090
139.400000 15.643932
139.500000 15.566963
139.600000 15.490184
139.700000 15.413595
139.800000 15.337196
139.900000 15.260986
140.000000 15.184966
140.100000 15.109136
140.200000 15.033496
140.300000 14.958046
140.400000 14.882785
140.500000 14.807715
140.600000 14.732834
140.700000 14.658143
140.800000 14.583642
140.900000 14.509330
141.000000 14.435209
141.100000 14.361277
141.200000 14.287535
141.300000 14.213983
141.400000 14.140620
141.500000 14.067448
141.600000 13.994465
141.700000 13.921672
141.800000 13.849069
141.900000 13.776656
142.000000 13.704432
142.100000 13.632398
142.200000 13.560554
142.300000 13.488900
142.400000 13.417436
142.500000 13.346162
142.600000 13.275077
142.700000 13.204182
142.800000 13.133477
142.900000 13.062962
143.000000 12.992637
143.100000 12.922501
143.200000 12.852555
143.300000 12.782799
143.400000 12.713233
143.500000 12.643857
143.600000 12.574671
143.700000 12.505674
143.800000 12.436867
143.900000 12.368250
144.000000 12.299823
144.100000 12.231585
144.200000 12.163538
144.300000 12.095680
144.400000 12.028012
144.500000 11.960534
144.600000 11.893245
144.700000 11.826147
144.800000 11.759238
144.900000 11.692519
145.000000 11.625990
145.100000 11.559650
145.200000 11.493501
145.300000 11.427541
145.400000 11.361771
145.500000 11.296191
145.600000 11.230801
145.700000 11.165601
145.800000 11.100590
145.900000 11.035769
146.000000 10.971138
146.100000 10.906697
146.200000 10.842446
146.300000 10.778384
146.400000 10.714512
146.500000 10.650830
146.600000 10.587338
146.700000 10.524036
146.800000 10.460923
146.900000 10.398001
147.000000 10.335268
147.100000 10.272725
147.200000 10.210371
147.300000 10.148208
147.400000 10.086234
147.500000 10.024450
147.600000 9.962856
147.700000 9.901452
147.800000 9.840238
147.900000 9.779213
148.000000 9.718378
148.100000 9.657733
148.200000 9.597278
148.300000 9.537013
148.400000 9.476937
148.500000 9.417052
148.600000 9.357356
148.700000 9.297850
148.800000 9.238533
148.900000 9.179407
149.000000 9.120470
149.100000 9.061723
149.200000 9.003166
149.300000 8.944799
149.400000 8.886622
149.500000 8.828634
149.600000 8.770836
149.700000 8.713229
149.800000 8.655810
149.900000 8.598582
150.000000 8.541543
150.100000 8.484695
150.200000 8.428036
150.300000 8.371567
150.400000 8.315287
150.500000 8.259198
150.600000 8.203298
150.700000 8.147589
150.800000 8.092068
150.900000 8.036738
151.000000 7.981598
151.100000 7.926647
151.200000 7.871886
151.300000 7.817316
151.400000 7.762934
151.500000 7.708743
151.600000 7.654741
151.700000 7.600930
151.800000 7.547308
151.900000 7.493876
152.000000 7.440633
152.100000 7.387581
152.200000 7.334718
152.300000 7.282045
152.400000 7.229562
152.500000 7.177269
152.600000 7.125166
152.700000 7.073252
152.800000 7.021528
152.900000 6.969994
153.000000 6.918650
153.100000 6.867496
153.200000 6.816531
153.300000 6.765757
153.400000 6.715172
153.500000 6.664777
153.600000 6.614571
153.700000 6.564556
153.800000 6.514730
153.900000 6.465094
154.000000 6.415648
154.100000 6.366392
154.200000 6.317326
154.300000 6.268449
154.400000 6.219762
154.500000 6.171265
154.600000 6.122958
154.700000 6.074841
154.800000 6.026913
154.900000 5.979175
155.000000 5.931627
155.100000 5.884269
155.200000 5.837101
155.300000 5.790123
155.400000 5.743334
155.500000 5.696735
155.600000 5.650326
155.700000 5.604107
155.800000 5.558077
155.900000 5.512238
156.000000 5.466588
156.100000 5.421128
156.200000 5.375858
156.300000 5.330777
156.400000 5.285887
156.500000 5.241186
156.600000 5.196675
156.700000 5.152354
156.800000 5.108223
156.900000 5.064281
157.000000 5.020529
157.100000 4.976968
157.200000 4.933596
157.300000 4.890413
157.400000 4.847421
157.500000 4.804618
157.600000 4.762005
157.700000 4.719582
157.800000 4.677349
157.900000 4.635306
158.000000 4.593452
158.100000 4.551789
158.200000 4.510315
158.300000 4.469030
158.400000 4.427936
158.500000 4.387032
158.600000 4.346317
158.700000 4.305792
158.800000 4.265457
158.900000 4.225312
159.000000 4.185356
159.100000 4.145591
159.200000 4.106015
159.300000 4.066629
159.400000 4.027433
159.500000 3.988426
159.600000 3.949610
159.700000 3.910983
159.800000 3.872546
159.900000 3.834299
160.000000 3.796242
160.100000 3.758374
160.200000 3.720696
160.300000 3.683208
160.400000 3.645910
160.500000 3.608802
160.600000 3.571884
160.700000 3.535155
160.800000 3.498616
160.900000 3.462267
161.000000 3.426108
161.100000 3.390139
161.200000 3.354359
161.300000 3.318769
161.400000 3.283369
161.500000 3.248159
161.600000 3.213139
161.700000 3.178308
161.800000 3.143668
161.900000 3.109217
162.000000 3.074956
162.100000 3.040884
162.200000 3.007003
162.300000 2.973311
162.400000 2.939809
162.500000 2.906497
162.600000 2.873375
162.700000 2.840443
162.800000 2.807700
162.900000 2.775147
163.000000 2.742785
163.100000 2.710611
163.200000 2.678628
163.300000 2.646835
163.400000 2.615231
163.500000 2.583817
163.600000 2.552593
163.700000 2.521559
163.800000 2.490714
163.900000 2.460059
164.000000 2.429595
164.100000 2.399320
164.200000 2.369234
164.300000 2.339339
164.400000 2.309633
164.500000 2.280118
164.600000 2.250792
164.700000 2.221655
164.800000 2.192709
164.900000 2.163953
165.000000 2.135386
165.100000 2.107009
165.200000 2.078822
165.300000 2.050825
165.400000 2.023017
165.500000 1.995399
165.600000 1.967972
165.700000 1.940734
165.800000 1.913685
165.900000 1.886827
166.000000 1.860158
166.100000 1.833680
166.200000 1.807391
166.300000 1.781291
166.400000 1.755382
166.500000 1.729663
166.600000 1.704133
166.700000 1.678793
166.800000 1.653643
166.900000 1.628683
167.000000 1.603912
167.100000 1.579331
167.200000 1.554941
167.300000 1.530740
167.400000 1.506728
167.500000 1.482907
167.600000 1.459275
167.700000 1.435833
167.800000 1.412581
167.900000 1.389519
168.000000 1.366647
168.100000 1.343964
168.200000 1.321472
168.300000 1.299169
168.400000 1.277056
168.500000 1.255132
168.600000 1.233399
168.700000 1.211855
168.800000 1.190501
168.900000 1.169337
169.000000 1.148363
169.100000 1.127579
169.200000 1.106984
169.300000 1.086579
169.400000 1.066364
169.500000 1.046339
169.600000 1.026504
169.700000 1.006858
169.800000 0.987402
169.900000 0.968137
170.000000 0.949060
170.100000 0.930174
170.200000 0.911478
170.300000 0.892971
170.400000 0.874654
170.500000 0.856527
170.600000 0.838590
170.700000 0.820842
170.800000 0.803285
170.900000 0.785917
171.000000 0.768739
171.100000 0.751751
171.200000 0.734952
171.300000 0.718344
171.400000 0.701925
171.500000 0.685696
171.600000 0.669657
171.700000 0.653808
171.800000 0.638148
171.900000 0.622679
172.000000 0.607399
172.100000 0.592309
172.200000 0.577408
172.300000 0.562698
172.400000 0.548177
172.500000 0.533846
172.600000 0.519705
172.700000 0.505754
172.800000 0.491993
172.900000 0.478421
173.000000 0.465040
173.100000 0.451848
173.200000 0.438846
173.300000 0.426033
173.400000 0.413411
173.500000 0.400978
173.600000 0.388735
173.700000 0.376682
173.800000 0.364819
173.900000 0.353145
174.000000 0.341662
174.100000 0.330368
174.200000 0.319264
174.300000 0.308350
174.400000 0.297625
174.500000 0.287091
174.600000 0.276746
174.700000 0.266591
174.800000 0.256626
174.900000 0.246851
175.000000 0.237265
175.100000 0.227869
175.200000 0.218664
175.300000 0.209647
175.400000 0.200821
175.500000 0.192185
175.600000 0.183738
175.700000 0.175481
175.800000 0.167414
175.900000 0.159537
176.000000 0.151850
176.100000 0.144352
176.200000 0.137044
176.300000 0.129926
176.400000 0.122998
176.500000 0.116260
176.600000 0.109711
176.700000 0.103353
176.800000 0.097184
176.900000 0.091205
177.000000 0.085415
177.100000 0.079816
177.200000 0.074406
177.300000 0.069187
177.400000 0.064156
177.500000 0.059316
177.600000 0.054666
177.700000 0.050205
177.800000 0.045935
177.900000 0.041854
178.000000 0.037962
178.100000 0.034261
178.200000 0.030750
178.300000 0.027428
178.400000 0.024296
178.500000 0.021354
178.600000 0.018602
178.700000 0.016039
178.800000 0.013666
178.900000 0.011484
179.000000 0.009491
179.100000 0.007687
179.200000 0.006074
179.300000 0.004650
179.400000 0.003417
179.500000 0.002373
179.600000 0.001518
179.700000 0.000854
179.800000 0.000380
179.900000 0.000095
180.000000 0.000000
180.100000 0.000095
180.200000 0.000380
180.300000 0.000854
180.400000 0.001518
180.500000 0.002373
180.600000 0.003417
180.700000 0.004650
180.800000 0.006074
180.900000 0.007687
181.000000 0.009491
