0.000000 79.618354
0.100000 79.529914
0.200000 79.441523
0.300000 79.353181
0.400000 79.264888
0.500000 79.176644
0.600000 79.088450
0.700000 79.000304
0.800000 78.912208
0.900000 78.824161
1.000000 78.736163
1.100000 78.648214
1.200000 78.560315
1.300000 78.472464
1.400000 78.384663
1.500000 78.296911
1.600000 78.209207
1.700000 78.121554
1.800000 78.033949
1.900000 77.946393
2.000000 77.858887
2.100000 77.771429
2.200000 77.684021
2.300000 77.596662
2.400000 77.509352
2.500000 77.422092
2.600000 77.334880
2.700000 77.247718
2.800000 77.160604
2.900000 77.073540
3.000000 76.986525
3.100000 76.899559
3.200000 76.812643
3.300000 76.725775
3.400000 76.638957
3.500000 76.552187
3.600000 76.465467
3.700000 76.378796
3.800000 76.292174
3.900000 76.205602
4.000000 76.119078
4.100000 76.032604
4.200000 75.946179
4.300000 75.859803
4.400000 75.773476
4.500000 75.687198
4.600000 75.600969
4.700000 75.514790
4.800000 75.428659
4.900000 75.342578
5.000000 75.256546
5.100000 75.170563
5.200000 75.084629
5.300000 74.998745
5.400000 74.912909
5.500000 74.827123
5.600000 74.741386
5.700000 74.655698
5.800000 74.570059
5.900000 74.484469
6.000000 74.398929
6.100000 74.313437
6.200000 74.227995
6.300000 74.142602
6.400000 74.057258
6.500000 73.971963
6.600000 73.886717
6.700000 73.801521
6.800000 73.716373
6.900000 73.631275
7.000000 73.546226
7.100000 73.461226
7.200000 73.376275
7.300000 73.291373
7.400000 73.206521
7.500000 73.121718
7.600000 73.036963
7.700000 72.952258
7.800000 72.867602
7.900000 72.782995
8.000000 72.698438
8.100000 72.613929
8.200000 72.529470
8.300000 72.445060
8.400000 72.360699
8.500000 72.276387
8.600000 72.192124
8.700000 72.107910
8.800000 72.023746
8.900000 71.939631
9.000000 71.855565
9.100000 71.771547
9.200000 71.687580
9.300000 71.603661
9.400000 71.519791
9.500000 71.435971
9.600000 71.352200
9.700000 71.268477
9.800000 71.184804
9.900000 71.101181
10.000000 71.017606
10.100000 70.934080
10.200000 70.850604
10.300000 70.767177
10.400000 70.683799
10.500000 70.600470
10.600000 70.517190
10.700000 70.433959
10.800000 70.350778
10.900000 70.267645
11.000000 70.184562
11.100000 70.101528
11.200000 70.018543
11.300000 69.935607
11.400000 69.852721
11.500000 69.769883
11.600000 69.687095
11.700000 69.604356
11.800000 69.521665
11.900000 69.439025
12.000000 69.356433
12.100000 69.273890
12.200000 69.191397
12.300000 69.108952
12.400000 69.026557
12.500000 68.944211
12.600000 68.861914
12.700000 68.779667
12.800000 68.697468
12.900000 68.615319
13.000000 68.533218
13.100000 68.451167
13.200000 68.369165
13.300000 68.287212
13.400000 68.205309
13.500000 68.123454
13.600000 68.041649
13.700000 67.959893
13.800000 67.878185
13.900000 67.796527
14.000000 67.714919
14.100000 67.633359
14.200000 67.551848
14.300000 67.470387
14.400000 67.388975
14.500000 67.307612
14.600000 67.226298
14.700000 67.145033
14.800000 67.063817
14.900000 66.982651
15.000000 66.901534
15.100000 66.820465
15.200000 66.739446
15.300000 66.658476
15.400000 66.577556
15.500000 66.496684
15.600000 66.415862
15.700000 66.335088
15.800000 66.254364
15.900000 66.173689
16.000000 66.093063
16.100000 66.012487
16.200000 65.931959
16.300000 65.851481
16.400000 65.771051
16.500000 65.690671
16.600000 65.610340
16.700000 65.530058
16.800000 65.449826
16.900000 65.369642
17.000000 65.289508
17.100000 65.209422
17.200000 65.129386
17.300000 65.049399
17.400000 64.969462
17.500000 64.889573
17.600000 64.809733
17.700000 64.729943
17.800000 64.650202
17.900000 64.570510
18.000000 64.490867
18.100000 64.411273
18.200000 64.331728
18.300000 64.252233
18.400000 64.172787
18.500000 64.093389
18.600000 64.014041
18.700000 63.934742
18.800000 63.855493
18.900000 63.776292
19.000000 63.697141
19.100000 63.618038
19.200000 63.538985
19.300000 63.459981
19.400000 63.381026
19.500000 63.302121
19.600000 63.223264
19.700000 63.144457
19.800000 63.065698
19.900000 62.986989
20.000000 62.908329
20.100000 62.829718
20.200000 62.751157
20.300000 62.672644
20.400000 62.594181
20.500000 62.515766
20.600000 62.437401
20.700000 62.359085
20.800000 62.280819
20.900000 62.202601
21.000000 62.124432
21.100000 62.046313
21.200000 61.968243
21.300000 61.890222
21.400000 61.812250
21.500000 61.734327
21.600000 61.656453
21.700000 61.578629
21.800000 61.500854
21.900000 61.423127
22.000000 61.345450
22.100000 61.267822
22.200000 61.190244
22.300000 61.112714
22.400000 61.035234
22.500000 60.957802
22.600000 60.880420
22.700000 60.803087
22.800000 60.725803
22.900000 60.648569
23.000000 60.571383
23.100000 60.494247
23.200000 60.417159
23.300000 60.340121
23.400000 60.263132
23.500000 60.186192
23.600000 60.109302
23.700000 60.032460
23.800000 59.955668
23.900000 59.878924
24.000000 59.802230
24.100000 59.725585
24.200000 59.648990
24.300000 59.572443
24.400000 59.495945
24.500000 59.419497
24.600000 59.343098
24.700000 59.266748
24.800000 59.190447
24.900000 59.114195
25.000000 59.037992
25.100000 58.961839
25.200000 58.885735
25.300000 58.809679
25.400000 58.733673
25.500000 58.657717
25.600000 58.581809
25.700000 58.505950
25.800000 58.430141
25.900000 58.354380
26.000000 58.278669
26.100000 58.203007
26.200000 58.127394
26.300000 58.051831
26.400000 57.976316
26.500000 57.900851
26.600000 57.825434
26.700000 57.750067
26.800000 57.674749
26.900000 57.599480
27.000000 57.524261
27.100000 57.449090
27.200000 57.373969
27.300000 57.298897
27.400000 57.223874
27.500000 57.148900
27.600000 57.073975
27.700000 56.999099
27.800000 56.924273
27.900000 56.849495
28.000000 56.774767
28.100000 56.700088
28.200000 56.625458
28.300000 56.550877
28.400000 56.476346
28.500000 56.401863
28.600000 56.327430
28.700000 56.253046
28.800000 56.178711
28.900000 56.104425
29.000000 56.030188
29.100000 55.956000
29.200000 55.881862
29.300000 55.807773
29.400000 55.733732
29.500000 55.659741
29.600000 55.585800
29.700000 55.511907
29.800000 55.438063
29.900000 55.364269
30.000000 55.290524
30.100000 55.216828
30.200000 55.143181
30.300000 55.069583
30.400000 54.996034
30.500000 54.922534
30.600000 54.849084
30.700000 54.775683
30.800000 54.702331
30.900000 54.629028
31.000000 54.555774
31.100000 54.482569
31.200000 54.409414
31.300000 54.336307
31.400000 54.263250
31.500000 54.190242
31.600000 54.117283
31.700000 54.044374
31.800000 53.971513
31.900000 53.898701
32.000000 53.825939
32.100000 53.753226
32.200000 53.680562
32.300000 53.607947
32.400000 53.535381
32.500000 53.462865
32.600000 53.390397
32.700000 53.317979
32.800000 53.245610
32.900000 53.173290
33.000000 53.101019
33.100000 53.028797
33.200000 52.956625
33.300000 52.884501
33.400000 52.812427
33.500000 52.740402
33.600000 52.668426
33.700000 52.596499
33.800000 52.524621
33.900000 52.452793
34.000000 52.381013
34.100000 52.309283
34.200000 52.237602
34.300000 52.165970
34.400000 52.094387
34.500000 52.022854
34.600000 51.951369
34.700000 51.879934
34.800000 51.808548
34.900000 51.737211
35.000000 51.665923
35.100000 51.594684
35.200000 51.523494
35.300000 51.452354
35.400000 51.381262
35.500000 51.310220
35.600000 51.239227
35.700000 51.168283
35.800000 51.097389
35.900000 51.026543
36.000000 50.955747
36.100000 50.884999
36.200000 50.814301
36.300000 50.743652
36.400000 50.673052
36.500000 50.602502
36.600000 50.532000
36.700000 50.461548
36.800000 50.391144
36.900000 50.320790
37.000000 50.250485
37.100000 50.180229
37.200000 50.110023
37.300000 50.039865
37.400000 49.969757
37.500000 49.899698
37.600000 49.829687
37.700000 49.759727
37.800000 49.689815
37.900000 49.619952
38.000000 49.550139
38.100000 49.480374
38.200000 49.410659
38.300000 49.340993
38.400000 49.271376
38.500000 49.201808
38.600000 49.132290
38.700000 49.062820
38.800000 48.993400
38.900000 48.924029
39.000000 48.854707
39.100000 48.785434
39.200000 48.716210
39.300000 48.647035
39.400000 48.577910
39.500000 48.508834
39.600000 48.439807
39.700000 48.370829
39.800000 48.301900
39.900000 48.233020
40.000000 48.164189
40.100000 48.095408
40.200000 48.026676
40.300000 47.957993
40.400000 47.889359
40.500000 47.820774
40.600000 47.752238
40.700000 47.683752
40.800000 47.615314
40.900000 47.546926
41.000000 47.478587
41.100000 47.410297
41.200000 47.342056
41.300000 47.273865
41.400000 47.205722
41.500000 47.137629
41.600000 47.069585
41.700000 47.001589
41.800000 46.933644
41.900000 46.865747
42.000000 46.797899
42.100000 46.730101
42.200000 46.662351
42.300000 46.594651
42.400000 46.527000
42.500000 46.459398
42.600000 46.391846
42.700000 46.324342
42.800000 46.256888
42.900000 46.189482
43.000000 46.122126
43.100000 46.054819
43.200000 45.987561
43.300000 45.920353
43.400000 45.853193
43.500000 45.786083
43.600000 45.719021
43.700000 45.652009
43.800000 45.585046
43.900000 45.518132
44.000000 45.451268
44.100000 45.384452
44.200000 45.317686
44.300000 45.250969
44.400000 45.184301
44.500000 45.117682
44.600000 45.051112
44.700000 44.984591
44.800000 44.918120
44.900000 44.851697
45.000000 44.785324
45.100000 44.719000
45.200000 44.652725
45.300000 44.586499
45.400000 44.520323
45.500000 44.454195
45.600000 44.388117
45.700000 44.322088
45.800000 44.256108
45.900000 44.190177
46.000000 44.124295
46.100000 44.058463
46.200000 43.992679
46.300000 43.926945
46.400000 43.861260
46.500000 43.795624
46.600000 43.730037
46.700000 43.664499
46.800000 43.599011
46.900000 43.533571
47.000000 43.468181
47.100000 43.402840
47.200000 43.337548
47.300000 43.272305
47.400000 43.207111
47.500000 43.141967
47.600000 43.076872
47.700000 43.011825
47.800000 42.946828
47.900000 42.881880
48.000000 42.816981
48.100000 42.752132
48.200000 42.687331
48.300000 42.622580
48.400000 42.557878
48.500000 42.493225
48.600000 42.428621
48.700000 42.364066
48.800000 42.299560
48.900000 42.235104
49.000000 42.170697
49.100000 42.106339
49.200000 42.042030
49.300000 41.977770
49.400000 41.913559
49.500000 41.849397
49.600000 41.785285
49.700000 41.721222
49.800000 41.657207
49.900000 41.593242
50.000000 41.529327
50.100000 41.465460
50.200000 41.401642
50.300000 41.337874
50.400000 41.274155
50.500000 41.210485
50.600000 41.146864
50.700000 41.083292
50.800000 41.019769
50.900000 40.956296
51.000000 40.892871
51.100000 40.829496
51.200000 40.766170
51.300000 40.702893
51.400000 40.639665
51.500000 40.576487
51.600000 40.513357
51.700000 40.450277
51.800000 40.387246
51.900000 40.324264
52.000000 40.261331
52.100000 40.198447
52.200000 40.135612
52.300000 40.072827
52.400000 40.010090
52.500000 39.947403
52.600000 39.884765
52.700000 39.822176
52.800000 39.759637
52.900000 39.697146
53.000000 39.634705
53.100000 39.572312
53.200000 39.509969
53.300000 39.447675
53.400000 39.385430
53.500000 39.323235
53.600000 39.261088
53.700000 39.198991
53.800000 39.136943
53.900000 39.074943
54.000000 39.012993
54.100000 38.951093
54.200000 38.889241
54.300000 38.827438
54.400000 38.765685
54.500000 38.703981
54.600000 38.642326
54.700000 38.580720
54.800000 38.519163
54.900000 38.457655
55.000000 38.396197
55.100000 38.334788
55.200000 38.273427
55.300000 38.212116
55.400000 38.150854
55.500000 38.089642
55.600000 38.028478
55.700000 37.967364
55.800000 37.906298
55.900000 37.845282
56.000000 37.784315
56.100000 37.723397
56.200000 37.662529
56.300000 37.601709
56.400000 37.540939
56.500000 37.480217
56.600000 37.419545
56.700000 37.358922
56.800000 37.298348
56.900000 37.237824
57.000000 37.177348
57.100000 37.116922
57.200000 37.056544
57.300000 36.996216
57.400000 36.935937
57.500000 36.875708
57.600000 36.815527
57.700000 36.755395
57.800000 36.695313
57.900000 36.635280
58.000000 36.575296
58.100000 36.515361
58.200000 36.455475
58.300000 36.395638
58.400000 36.335851
58.500000 36.276113
58.600000 36.216423
58.700000 36.156783
58.800000 36.097192
58.900000 36.037651
59.000000 35.978158
59.100000 35.918715
59.200000 35.859320
59.300000 35.799975
59.400000 35.740679
59.500000 35.681432
59.600000 35.622235
59.700000 35.563086
59.800000 35.503987
59.900000 35.444936
60.000000 35.385935
60.100000 35.326983
60.200000 35.268080
60.300000 35.209227
60.400000 35.150422
60.500000 35.091667
60.600000 35.032960
60.700000 34.974303
60.800000 34.915695
60.900000 34.857137
61.000000 34.798627
61.100000 34.740166
61.200000 34.681755
61.300000 34.623393
61.400000 34.565080
61.500000 34.506816
61.600000 34.448601
61.700000 34.390435
61.800000 34.332319
61.900000 34.274252
62.000000 34.216233
62.100000 34.158264
62.200000 34.100344
62.300000 34.042474
62.400000 33.984652
62.500000 33.926880
62.600000 33.869156
62.700000 33.811482
62.800000 33.753857
62.900000 33.696281
63.000000 33.638755
63.100000 33.581277
63.200000 33.523849
63.300000 33.466469
63.400000 33.409139
63.500000 33.351858
63.600000 33.294626
63.700000 33.237444
63.800000 33.180310
63.900000 33.123226
64.000000 33.066190
64.100000 33.009204
64.200000 32.952267
64.300000 32.895380
64.400000 32.838541
64.500000 32.781751
64.600000 32.725011
64.700000 32.668320
64.800000 32.611678
64.900000 32.555085
65.000000 32.498541
65.100000 32.442046
65.200000 32.385601
65.300000 32.329205
65.400000 32.272857
65.500000 32.216559
65.600000 32.160311
65.700000 32.104111
65.800000 32.047960
65.900000 31.991859
66.000000 31.935806
66.100000 31.879803
66.200000 31.823849
66.300000 31.767944
66.400000 31.712089
66.500000 31.656282
66.600000 31.600525
66.700000 31.544816
66.800000 31.489157
66.900000 31.433547
67.000000 31.377986
67.100000 31.322475
67.200000 31.267012
67.300000 31.211599
67.400000 31.156235
67.500000 31.100920
67.600000 31.045654
67.700000 30.990437
67.800000 30.935269
67.900000 30.880151
68.000000 30.825081
68.100000 30.770061
68.200000 30.715090
68.300000 30.660168
68.400000 30.605295
68.500000 30.550472
68.600000 30.495697
68.700000 30.440972
68.800000 30.386296
68.900000 30.331669
69.000000 30.277091
69.100000 30.222562
69.200000 30.168082
69.300000 30.113652
69.400000 30.059271
69.500000 30.004938
69.600000 29.950655
69.700000 29.896422
69.800000 29.842237
69.900000 29.788101
70.000000 29.734015
70.100000 29.679978
70.200000 29.625990
70.300000 29.572051
70.400000 29.518161
70.500000 29.464320
70.600000 29.410529
70.700000 29.356786
70.800000 29.303093
70.900000 29.249449
71.000000 29.195854
71.100000 29.142308
71.200000 29.088811
71.300000 29.035364
71.400000 28.981966
71.500000 28.928616
71.600000 28.875316
71.700000 28.822065
71.800000 28.768864
71.900000 28.715711
72.000000 28.662607
72.100000 28.609553
72.200000 28.556548
72.300000 28.503592
72.400000 28.450685
72.500000 28.397827
72.600000 28.345019
72.700000 28.292259
72.800000 28.239549
72.900000 28.186888
73.000000 28.134276
73.100000 28.081713
73.200000 28.029199
73.300000 27.976735
73.400000 27.924319
73.500000 27.871953
73.600000 27.819636
73.700000 27.767368
73.800000 27.715149
73.900000 27.662979
74.000000 27.610859
74.100000 27.558787
74.200000 27.506765
74.300000 27.454792
74.400000 27.402868
74.500000 27.350993
74.600000 27.299168
74.700000 27.247391
74.800000 27.195664
74.900000 27.143986
75.000000 27.092357
75.100000 27.040777
75.200000 26.989246
75.300000 26.937764
75.400000 26.886332
75.500000 26.834948
75.600000 26.783614
75.700000 26.732329
75.800000 26.681093
75.900000 26.629907
76.000000 26.578769
76.100000 26.527681
76.200000 26.476641
76.300000 26.425651
76.400000 26.374710
76.500000 26.323818
76.600000 26.272976
76.700000 26.222182
76.800000 26.171438
76.900000 26.120742
77.000000 26.070096
77.100000 26.019499
77.200000 25.968951
77.300000 25.918453
77.400000 25.868003
77.500000 25.817603
77.600000 25.767252
77.700000 25.716950
77.800000 25.666697
77.900000 25.616493
78.000000 25.566338
78.100000 25.516233
78.200000 25.466176
78.300000 25.416169
78.400000 25.366211
78.500000 25.316302
78.600000 25.266442
78.700000 25.216632
78.800000 25.166870
78.900000 25.117158
79.000000 25.067495
79.100000 25.017881
79.200000 24.968316
79.300000 24.918800
79.400000 24.869333
79.500000 24.819916
79.600000 24.770548
79.700000 24.721229
79.800000 24.671959
79.900000 24.622738
80.000000 24.573566
80.100000 24.524443
80.200000 24.475370
80.300000 24.426346
80.400000 24.377371
80.500000 24.328445
80.600000 24.279568
80.700000 24.230740
80.800000 24.181962
80.900000 24.133232
81.000000 24.084552
81.100000 24.035921
81.200000 23.987339
81.300000 23.938806
81.400000 23.890323
81.500000 23.841888
81.600000 23.793503
81.700000 23.745167
81.800000 23.696880
81.900000 23.648642
82.000000 23.600453
82.100000 23.552313
82.200000 23.504223
82.300000 23.456181
82.400000 23.408189
82.500000 23.360246
82.600000 23.312352
82.700000 23.264508
82.800000 23.216712
82.900000 23.168966
83.000000 23.121268
83.100000 23.073620
83.200000 23.026021
83.300000 22.978471
83.400000 22.930971
83.500000 22.883519
83.600000 22.836117
83.700000 22.788763
83.800000 22.741459
83.900000 22.694204
84.000000 22.646998
84.100000 22.599842
84.200000 22.552734
84.300000 22.505676
84.400000 22.458667
84.500000 22.411707
84.600000 22.364796
84.700000 22.317934
84.800000 22.271121
84.900000 22.224358
85.000000 22.177643
85.100000 22.130978
85.200000 22.084362
85.300000 22.037795
85.400000 21.991277
85.500000 21.944809
85.600000 21.898389
85.700000 21.852019
85.800000 21.805698
85.900000 21.759426
86.000000 21.713203
86.100000 21.667029
86.200000 21.620905
86.300000 21.574829
86.400000 21.528803
86.500000 21.482826
86.600000 21.436898
86.700000 21.391019
86.800000 21.345189
86.900000 21.299409
87.000000 21.253677
87.100000 21.207995
87.200000 21.162362
87.300000 21.116778
87.400000 21.071243
87.500000 21.025757
87.600000 20.980321
87.700000 20.934934
87.800000 20.889595
87.900000 20.844306
88.000000 20.799066
88.100000 20.753876
88.200000 20.708734
88.300000 20.663641
88.400000 20.618598
88.500000 20.573604
88.600000 20.528659
88.700000 20.483763
88.800000 20.438916
88.900000 20.394119
89.000000 20.349370
89.100000 20.304671
89.200000 20.260021
89.300000 20.215420
89.400000 20.170868
89.500000 20.126365
89.600000 20.081911
89.700000 20.037507
89.800000 19.993152
89.900000 19.948845
90.000000 19.904589
90.100000 19.860381
90.200000 19.816222
90.300000 19.772112
90.400000 19.728052
90.500000 19.684041
90.600000 19.640079
90.700000 19.596166
90.800000 19.552302
90.900000 19.508487
91.000000 19.464722
91.100000 19.421005
91.200000 19.377338
91.300000 19.333720
91.400000 19.290151
91.500000 19.246631
91.600000 19.203161
91.700000 19.159739
91.800000 19.116367
91.900000 19.073044
92.000000 19.029770
92.100000 18.986545
92.200000 18.943369
92.300000 18.900242
92.400000 18.857165
92.500000 18.814137
92.600000 18.771157
92.700000 18.728227
92.800000 18.685346
92.900000 18.642515
93.000000 18.599732
93.100000 18.556999
93.200000 18.514314
93.300000 18.471679
93.400000 18.429093
93.500000 18.386556
93.600000 18.344069
93.700000 18.301630
93.800000 18.259241
93.900000 18.216901
94.000000 18.174609
94.100000 18.132367
94.200000 18.090175
94.300000 18.048031
94.400000 18.005936
94.500000 17.963891
94.600000 17.921895
94.700000 17.879948
94.800000 17.838050
94.900000 17.796201
95.000000 17.754401
95.100000 17.712651
95.200000 17.670950
95.300000 17.629297
95.400000 17.587694
95.500000 17.546141
95.600000 17.504636
95.700000 17.463180
95.800000 17.421774
95.900000 17.380416
96.000000 17.339108
96.100000 17.297849
96.200000 17.256639
96.300000 17.215479
96.400000 17.174367
96.500000 17.133305
96.600000 17.092291
96.700000 17.051327
96.800000 17.010412
96.900000 16.969546
97.000000 16.928730
97.100000 16.887962
97.200000 16.847244
97.300000 16.806574
97.400000 16.765954
97.500000 16.725383
97.600000 16.684862
97.700000 16.644389
97.800000 16.603965
97.900000 16.563591
98.000000 16.523266
98.100000 16.482990
98.200000 16.442763
98.300000 16.402585
98.400000 16.362456
98.500000 16.322377
98.600000 16.282347
98.700000 16.242365
98.800000 16.202433
98.900000 16.162550
99.000000 16.122717
99.100000 16.082932
99.200000 16.043197
99.300000 16.003510
99.400000 15.963873
99.500000 15.924285
99.600000 15.884746
99.700000 15.845257
99.800000 15.805816
99.900000 15.766425
100.000000 15.727082
100.100000 15.687789
100.200000 15.648545
100.300000 15.609350
100.400000 15.570205
100.500000 15.531108
100.600000 15.492061
100.700000 15.453062
100.800000 15.414113
100.900000 15.375213
101.000000 15.336363
101.100000 15.297561
101.200000 15.258808
101.300000 15.220105
101.400000 15.181451
101.500000 15.142846
101.600000 15.104290
101.700000 15.065783
101.800000 15.027325
101.900000 14.988917
102.000000 14.950558
102.100000 14.912247
102.200000 14.873986
102.300000 14.835774
102.400000 14.797612
102.500000 14.759498
102.600000 14.721434
102.700000 14.683418
102.800000 14.645452
102.900000 14.607535
103.000000 14.569667
103.100000 14.531849
103.200000 14.494079
103.300000 14.456359
103.400000 14.418687
103.500000 14.381065
103.600000 14.343492
103.700000 14.305968
103.800000 14.268494
103.900000 14.231068
104.000000 14.193692
104.100000 14.156365
104.200000 14.119086
104.300000 14.081857
104.400000 14.044678
104.500000 14.007547
104.600000 13.970465
104.700000 13.933433
104.800000 13.896450
104.900000 13.859516
105.000000 13.822631
105.100000 13.785795
105.200000 13.749009
105.300000 13.712271
105.400000 13.675583
105.500000 13.638944
105.600000 13.602353
105.700000 13.565813
105.800000 13.529321
105.900000 13.492878
106.000000 13.456485
106.100000 13.420140
106.200000 13.383845
106.300000 13.347599
106.400000 13.311402
106.500000 13.275255
106.600000 13.239156
106.700000 13.203107
106.800000 13.167106
106.900000 13.131155
107.000000 13.095253
107.100000 13.059401
107.200000 13.023597
107.300000 12.987842
107.400000 12.952137
107.500000 12.916481
107.600000 12.880874
107.700000 12.845316
107.800000 12.809807
107.900000 12.774347
108.000000 12.738937
108.100000 12.703575
108.200000 12.668263
108.300000 12.633000
108.400000 12.597786
108.500000 12.562621
108.600000 12.527506
108.700000 12.492439
108.800000 12.457422
108.900000 12.422454
109.000000 12.387535
109.100000 12.352665
109.200000 12.317844
109.300000 12.283072
109.400000 12.248350
109.500000 12.213677
109.600000 12.179053
109.700000 12.144478
109.800000 12.109952
109.900000 12.075475
110.000000 12.041047
110.100000 12.006669
110.200000 11.972340
110.300000 11.938060
110.400000 11.903829
110.500000 11.869647
110.600000 11.835514
110.700000 11.801431
110.800000 11.767396
110.900000 11.733411
111.000000 11.699475
111.100000 11.665588
111.200000 11.631750
111.300000 11.597961
111.400000 11.564222
111.500000 11.530532
111.600000 11.496890
111.700000 11.463298
111.800000 11.429755
111.900000 11.396262
112.000000 11.362817
112.100000 11.329421
112.200000 11.296075
112.300000 11.262778
112.400000 11.229530
112.500000 11.196331
112.600000 11.163181
112.700000 11.130081
112.800000 11.097029
112.900000 11.064027
113.000000 11.031074
113.100000 10.998170
113.200000 10.965315
113.300000 10.932509
113.400000 10.899753
113.500000 10.867045
113.600000 10.834387
113.700000 10.801778
113.800000 10.769218
113.900000 10.736707
114.000000 10.704245
114.100000 10.671833
114.200000 10.639469
114.300000 10.607155
114.400000 10.574890
114.500000 10.542674
114.600000 10.510507
114.700000 10.478390
114.800000 10.446321
114.900000 10.414302
115.000000 10.382332
115.100000 10.350411
115.200000 10.318539
115.300000 10.286716
115.400000 10.254942
115.500000 10.223218
115.600000 10.191542
115.700000 10.159916
115.800000 10.128339
115.900000 10.096811
116.000000 10.065333
116.100000 10.033903
116.200000 10.002523
116.300000 9.971191
116.400000 9.939909
116.500000 9.908676
116.600000 9.877492
116.700000 9.846358
116.800000 9.815272
116.900000 9.784236
117.000000 9.753248
117.100000 9.722310
117.200000 9.691421
117.300000 9.660581
117.400000 9.629791
117.500000 9.599049
117.600000 9.568357
117.700000 9.537714
117.800000 9.507120
117.900000 9.476575
118.000000 9.446079
118.100000 9.415632
118.200000 9.385235
118.300000 9.354886
118.400000 9.324587
118.500000 9.294337
118.600000 9.264136
118.700000 9.233984
118.800000 9.203882
118.900000 9.173828
119.000000 9.143824
119.100000 9.113869
119.200000 9.083963
119.300000 9.054106
119.400000 9.024298
119.500000 8.994540
119.600000 8.964830
119.700000 8.935170
119.800000 8.905559
119.900000 8.875997
120.000000 8.846484
120.100000 8.817020
120.200000 8.787606
120.300000 8.758240
120.400000 8.728924
120.500000 8.699657
120.600000 8.670439
120.700000 8.641270
120.800000 8.612150
120.900000 8.583080
121.000000 8.554058
121.100000 8.525086
121.200000 8.496163
121.300000 8.467289
121.400000 8.438464
121.500000 8.409689
121.600000 8.380962
121.700000 8.352285
121.800000 8.323657
121.900000 8.295078
122.000000 8.266548
122.100000 8.238067
122.200000 8.209635
122.300000 8.181253
122.400000 8.152919
122.500000 8.124635
122.600000 8.096400
122.700000 8.068214
122.800000 8.040078
122.900000 8.011990
123.000000 7.983952
123.100000 7.955962
123.200000 7.928022
123.300000 7.900131
123.400000 7.872289
123.500000 7.844497
123.600000 7.816753
123.700000 7.789059
123.800000 7.761413
123.900000 7.733817
124.000000 7.706270
124.100000 7.678772
124.200000 7.651324
124.300000 7.623924
124.400000 7.596574
124.500000 7.569273
124.600000 7.542021
124.700000 7.514818
124.800000 7.487664
124.900000 7.460559
125.000000 7.433504
125.100000 7.406497
125.200000 7.379540
125.300000 7.352632
125.400000 7.325773
125.500000 7.298963
125.600000 7.272203
125.700000 7.245491
125.800000 7.218829
125.900000 7.192216
126.000000 7.165652
126.100000 7.139137
126.200000 7.112671
126.300000 7.086255
126.400000 7.059887
126.500000 7.033569
126.600000 7.007300
126.700000 6.981080
126.800000 6.954909
126.900000 6.928787
127.000000 6.902715
127.100000 6.876691
127.200000 6.850717
127.300000 6.824792
127.400000 6.798916
127.500000 6.773089
127.600000 6.747311
127.700000 6.721583
127.800000 6.695904
127.900000 6.670273
128.000000 6.644692
128.100000 6.619160
128.200000 6.593678
128.300000 6.568244
128.400000 6.542859
128.500000 6.517524
128.600000 6.492238
128.700000 6.467001
128.800000 6.441813
128.900000 6.416674
129.000000 6.391585
129.100000 6.366544
129.200000 6.341553
129.300000 6.316611
129.400000 6.291718
129.500000 6.266874
129.600000 6.242079
129.700000 6.217333
129.800000 6.192637
129.900000 6.167990
130.000000 6.143392
130.100000 6.118843
130.200000 6.094343
130.300000 6.069892
130.400000 6.045490
130.500000 6.021138
130.600000 5.996835
130.700000 5.972581
130.800000 5.948376
130.900000 5.924220
131.000000 5.900113
131.100000 5.876056
131.200000 5.852047
131.300000 5.828088
131.400000 5.804178
131.500000 5.780317
131.600000 5.756505
131.700000 5.732743
131.800000 5.709029
131.900000 5.685365
132.000000 5.661750
132.100000 5.638184
132.200000 5.614667
132.300000 5.591199
132.400000 5.567780
132.500000 5.544411
132.600000 5.521091
132.700000 5.497819
132.800000 5.474597
132.900000 5.451424
133.000000 5.428301
133.100000 5.405226
133.200000 5.382201
133.300000 5.359224
133.400000 5.336297
133.500000 5.313419
133.600000 5.290590
133.700000 5.267811
133.800000 5.245080
133.900000 5.222399
134.000000 5.199767
134.100000 5.177183
134.200000 5.154650
134.300000 5.132165
134.400000 5.109729
134.500000 5.087343
134.600000 5.065005
134.700000 5.042717
134.800000 5.020478
134.900000 4.998288
135.000000 4.976147
135.100000 4.954055
135.200000 4.932013
135.300000 4.910020
135.400000 4.888075
135.500000 4.866180
135.600000 4.844335
135.700000 4.822538
135.800000 4.800790
135.900000 4.779092
136.000000 4.757442
136.100000 4.735842
136.200000 4.714291
136.300000 4.692789
136.400000 4.671337
136.500000 4.649933
136.600000 4.628579
136.700000 4.607273
136.800000 4.586017
136.900000 4.564810
137.000000 4.543652
137.100000 4.522544
137.200000 4.501484
137.300000 4.480474
137.400000 4.459512
137.500000 4.438600
137.600000 4.417737
137.700000 4.396924
137.800000 4.376159
137.900000 4.355443
138.000000 4.334777
138.100000 4.314160
138.200000 4.293592
138.300000 4.273073
138.400000 4.252603
138.500000 4.232182
138.600000 4.211811
138.700000 4.191489
138.800000 4.171215
138.900000 4.150991
139.000000 4.130816
139.100000 4.110691
139.200000 4.090614
139.300000 4.070587
139.400000 4.050608
139.500000 4.030679
139.600000 4.010799
139.700000 3.990968
139.800000 3.971187
139.900000 3.951454
140.000000 3.931771
140.100000 3.912136
140.200000 3.892551
140.300000 3.873015
140.400000 3.853528
140.500000 3.834091
140.600000 3.814702
140.700000 3.795363
140.800000 3.776072
140.900000 3.756831
141.000000 3.737639
141.100000 3.718497
141.200000 3.699403
141.300000 3.680358
141.400000 3.661363
141.500000 3.642417
141.600000 3.623520
141.700000 3.604672
141.800000 3.585873
141.900000 3.567123
142.000000 3.548423
142.100000 3.529772
142.200000 3.511169
142.300000 3.492616
142.400000 3.474112
142.500000 3.455658
142.600000 3.437252
142.700000 3.418896
142.800000 3.400588
142.900000 3.382330
143.000000 3.364121
143.100000 3.345961
143.200000 3.327851
143.300000 3.309789
143.400000 3.291777
143.500000 3.273813
143.600000 3.255899
143.700000 3.238034
143.800000 3.220218
143.900000 3.202452
144.000000 3.184734
144.100000 3.167066
144.200000 3.149447
144.300000 3.131876
144.400000 3.114355
144.500000 3.096884
144.600000 3.079461
144.700000 3.062087
144.800000 3.044763
144.900000 3.027488
145.000000 3.010262
145.100000 2.993085
145.200000 2.975957
145.300000 2.958879
145.400000 2.941849
145.500000 2.924869
145.600000 2.907938
145.700000 2.891055
145.800000 2.874223
145.900000 2.857439
146.000000 2.840704
146.100000 2.824019
146.200000 2.807382
146.300000 2.790795
146.400000 2.774257
146.500000 2.757768
146.600000 2.741329
146.700000 2.724938
146.800000 2.708597
146.900000 2.692304
147.000000 2.676061
147.100000 2.659867
147.200000 2.643723
147.300000 2.627627
147.400000 2.611580
147.500000 2.595583
147.600000 2.579635
147.700000 2.563736
147.800000 2.547886
147.900000 2.532085
148.000000 2.516333
148.100000 2.500631
148.200000 2.484977
148.300000 2.469373
148.400000 2.453818
148.500000 2.438312
148.600000 2.422855
148.700000 2.407448
148.800000 2.392089
148.900000 2.376780
149.000000 2.361520
149.100000 2.346309
149.200000 2.331147
149.300000 2.316034
149.400000 2.300970
149.500000 2.285956
149.600000 2.270991
149.700000 2.256075
149.800000 2.241208
149.900000 2.226390
150.000000 2.211621
150.100000 2.196901
150.200000 2.182231
150.300000 2.167610
150.400000 2.153038
150.500000 2.138515
150.600000 2.124041
150.700000 2.109616
150.800000 2.095241
150.900000 2.080914
151.000000 2.066637
151.100000 2.052409
151.200000 2.038230
151.300000 2.024100
151.400000 2.010019
151.500000 1.995988
151.600000 1.982006
151.700000 1.968072
151.800000 1.954188
151.900000 1.940353
152.000000 1.926568
152.100000 1.912831
152.200000 1.899143
152.300000 1.885505
152.400000 1.871916
152.500000 1.858376
152.600000 1.844885
152.700000 1.831443
152.800000 1.818051
152.900000 1.804707
153.000000 1.791413
153.100000 1.778168
153.200000 1.764972
153.300000 1.751825
153.400000 1.738727
153.500000 1.725679
153.600000 1.712679
153.700000 1.699729
153.800000 1.686828
153.900000 1.673976
154.000000 1.661173
154.100000 1.648419
154.200000 1.635715
154.300000 1.623059
154.400000 1.610453
154.500000 1.597896
154.600000 1.585388
154.700000 1.572929
154.800000 1.560520
154.900000 1.548159
155.000000 1.535848
155.100000 1.523586
155.200000 1.511373
155.300000 1.499209
155.400000 1.487094
155.500000 1.475028
155.600000 1.463012
155.700000 1.451045
155.800000 1.439126
155.900000 1.427257
156.000000 1.415437
156.100000 1.403667
156.200000 1.391945
156.300000 1.380273
156.400000 1.368649
156.500000 1.357075
156.600000 1.345550
156.700000 1.334074
156.800000 1.322648
156.900000 1.311270
157.000000 1.299942
157.100000 1.288662
157.200000 1.277432
157.300000 1.266251
157.400000 1.255119
157.500000 1.244037
157.600000 1.233003
157.700000 1.222019
157.800000 1.211084
157.900000 1.200198
158.000000 1.189361
158.100000 1.178573
158.200000 1.167834
158.300000 1.157145
158.400000 1.146504
158.500000 1.135913
158.600000 1.125371
158.700000 1.114878
158.800000 1.104434
158.900000 1.094040
159.000000 1.083694
159.100000 1.073398
159.200000 1.063151
159.300000 1.052953
159.400000 1.042804
159.500000 1.032704
159.600000 1.022654
159.700000 1.012652
159.800000 1.002700
159.900000 0.992797
160.000000 0.982943
160.100000 0.973138
160.200000 0.963382
160.300000 0.953676
160.400000 0.944018
160.500000 0.934410
160.600000 0.924851
160.700000 0.915341
160.800000 0.905880
160.900000 0.896468
161.000000 0.887106
161.100000 0.877792
161.200000 0.868528
161.300000 0.859313
161.400000 0.850147
161.500000 0.841030
161.600000 0.831963
161.700000 0.822944
161.800000 0.813975
161.900000 0.805055
162.000000 0.796184
162.100000 0.787362
162.200000 0.778589
162.300000 0.769865
162.400000 0.761191
162.500000 0.752565
162.600000 0.743989
162.700000 0.735462
162.800000 0.726984
162.900000 0.718556
163.000000 0.710176
163.100000 0.701846
163.200000 0.693564
163.300000 0.685332
163.400000 0.677149
163.500000 0.669015
163.600000 0.660931
163.700000 0.652895
163.800000 0.644909
163.900000 0.636971
164.000000 0.629083
164.100000 0.621244
164.200000 0.613455
164.300000 0.605714
164.400000 0.598022
164.500000 0.590380
164.600000 0.582787
164.700000 0.575243
164.800000 0.567748
164.900000 0.560302
165.000000 0.552905
165.100000 0.545558
165.200000 0.538259
165.300000 0.531010
165.400000 0.523810
165.500000 0.516659
165.600000 0.509557
165.700000 0.502505
165.800000 0.495501
165.900000 0.488547
166.000000 0.481642
166.100000 0.474786
166.200000 0.467979
166.300000 0.461221
166.400000 0.454513
166.500000 0.447853
166.600000 0.441243
166.700000 0.434682
166.800000 0.428170
166.900000 0.421707
167.000000 0.415293
167.100000 0.408929
167.200000 0.402613
167.300000 0.396347
167.400000 0.390130
167.500000 0.383962
167.600000 0.377843
167.700000 0.371773
167.800000 0.365753
167.900000 0.359782
168.000000 0.353859
168.100000 0.347986
168.200000 0.342162
168.300000 0.336388
168.400000 0.330662
168.500000 0.324985
168.600000 0.319358
168.700000 0.313780
168.800000 0.308251
168.900000 0.302771
169.000000 0.297340
169.100000 0.291959
169.200000 0.286626
169.300000 0.281343
169.400000 0.276109
169.500000 0.270924
169.600000 0.265788
169.700000 0.260701
169.800000 0.255663
169.900000 0.250675
170.000000 0.245736
170.100000 0.240846
170.200000 0.236005
170.300000 0.231213
170.400000 0.226470
170.500000 0.221776
170.600000 0.217132
170.700000 0.212537
170.800000 0.207991
170.900000 0.203494
171.000000 0.199046
171.100000 0.194647
171.200000 0.190298
171.300000 0.185997
171.400000 0.181746
171.500000 0.177544
171.600000 0.173391
171.700000 0.169287
171.800000 0.165233
171.900000 0.161227
172.000000 0.157271
172.100000 0.153364
172.200000 0.149506
172.300000 0.145697
172.400000 0.141937
172.500000 0.138226
172.600000 0.134565
172.700000 0.130953
172.800000 0.127389
172.900000 0.123875
173.000000 0.120410
173.100000 0.116995
173.200000 0.113628
173.300000 0.110311
173.400000 0.107042
173.500000 0.103823
173.600000 0.100653
173.700000 0.097532
173.800000 0.094461
173.900000 0.091438
174.000000 0.088465
174.100000 0.085541
174.200000 0.082665
174.300000 0.079840
174.400000 0.077063
174.500000 0.074335
174.600000 0.071657
174.700000 0.069027
174.800000 0.066447
174.900000 0.063916
175.000000 0.061434
175.100000 0.059001
175.200000 0.056617
175.300000 0.054283
175.400000 0.051998
175.500000 0.049761
175.600000 0.047574
175.700000 0.045437
175.800000 0.043348
175.900000 0.041308
176.000000 0.039318
176.100000 0.037376
176.200000 0.035484
176.300000 0.033641
176.400000 0.031847
176.500000 0.030103
176.600000 0.028407
176.700000 0.026761
176.800000 0.025163
176.900000 0.023615
177.000000 0.022116
177.100000 0.020666
177.200000 0.019266
177.300000 0.017914
177.400000 0.016612
177.500000 0.015358
177.600000 0.014154
177.700000 0.012999
177.800000 0.011894
177.900000 0.010837
178.000000 0.009829
178.100000 0.008871
178.200000 0.007962
178.300000 0.007102
178.400000 0.006291
178.500000 0.005529
178.600000 0.004816
178.700000 0.004153
178.800000 0.003539
178.900000 0.002973
179.000000 0.002457
179.100000 0.001990
179.200000 0.001573
179.300000 0.001204
179.400000 0.000885
179.500000 0.000614
179.600000 0.000393
179.700000 0.000221
179.800000 0.000098
179.900000 0.000025
180.000000 0.000000
180.100000 0.000025
180.200000 0.000098
180.300000 0.000221
180.400000 0.000393
180.500000 0.000614
180.600000 0.000885
180.700000 0.001204
180.800000 0.001573
180.900000 0.001990
181.000000 0.002457
