0.000000 98.331171
0.100000 98.221944
0.200000 98.112778
0.300000 98.003673
0.400000 97.894629
0.500000 97.785645
0.600000 97.676722
0.700000 97.567860
0.800000 97.459058
0.900000 97.350317
1.000000 97.241637
1.100000 97.133017
1.200000 97.024459
1.300000 96.915960
1.400000 96.807523
1.500000 96.699146
1.600000 96.590830
1.700000 96.482575
1.800000 96.374380
1.900000 96.266246
2.000000 96.158173
2.100000 96.050161
2.200000 95.942209
2.300000 95.834318
2.400000 95.726487
2.500000 95.618717
2.600000 95.511008
2.700000 95.403360
2.800000 95.295772
2.900000 95.188245
3.000000 95.080779
3.100000 94.973374
3.200000 94.866029
3.300000 94.758745
3.400000 94.651521
3.500000 94.544358
3.600000 94.437256
3.700000 94.330215
3.800000 94.223234
3.900000 94.116314
4.000000 94.009455
4.100000 93.902656
4.200000 93.795918
4.300000 93.689241
4.400000 93.582625
4.500000 93.476069
4.600000 93.369574
4.700000 93.263140
4.800000 93.156766
4.900000 93.050453
5.000000 92.944201
5.100000 92.838009
5.200000 92.731878
5.300000 92.625808
5.400000 92.519798
5.500000 92.413850
5.600000 92.307961
5.700000 92.202134
5.800000 92.096367
5.900000 91.990661
6.000000 91.885016
6.100000 91.779431
6.200000 91.673908
6.300000 91.568444
6.400000 91.463042
6.500000 91.357700
6.600000 91.252419
6.700000 91.147198
6.800000 91.042039
6.900000 90.936940
7.000000 90.831901
7.100000 90.726924
7.200000 90.622007
7.300000 90.517151
7.400000 90.412355
7.500000 90.307620
7.600000 90.202946
7.700000 90.098333
7.800000 89.993780
7.900000 89.889288
8.000000 89.784856
8.100000 89.680486
8.200000 89.576176
8.300000 89.471927
8.400000 89.367738
8.500000 89.263610
8.600000 89.159543
8.700000 89.055537
8.800000 88.951591
8.900000 88.847706
9.000000 88.743881
9.100000 88.640118
9.200000 88.536415
9.300000 88.432773
9.400000 88.329191
9.500000 88.225670
9.600000 88.122210
9.700000 88.018810
9.800000 87.915472
9.900000 87.812194
10.000000 87.708976
10.100000 87.605820
10.200000 87.502724
10.300000 87.399688
10.400000 87.296714
10.500000 87.193800
10.600000 87.090947
10.700000 86.988154
10.800000 86.885422
10.900000 86.782751
11.000000 86.680141
11.100000 86.577591
11.200000 86.475102
11.300000 86.372674
11.400000 86.270306
11.500000 86.167999
11.600000 86.065753
11.700000 85.963568
11.800000 85.861443
11.900000 85.759379
12.000000 85.657375
12.100000 85.555433
12.200000 85.453551
12.300000 85.351729
12.400000 85.249969
12.500000 85.148269
12.600000 85.046629
12.700000 84.945051
12.800000 84.843533
12.900000 84.742076
13.000000 84.640680
13.100000 84.539344
13.200000 84.438069
13.300000 84.336854
13.400000 84.235701
13.500000 84.134608
13.600000 84.033576
13.700000 83.932604
13.800000 83.831693
13.900000 83.730843
14.000000 83.630054
14.100000 83.529325
14.200000 83.428657
14.300000 83.328049
14.400000 83.227503
14.500000 83.127017
14.600000 83.026592
14.700000 82.926227
14.800000 82.825923
14.900000 82.725680
15.000000 82.625497
15.100000 82.525376
15.200000 82.425315
15.300000 82.325314
15.400000 82.225375
15.500000 82.125496
15.600000 82.025677
15.700000 81.925920
15.800000 81.826223
15.900000 81.726587
16.000000 81.627011
16.100000 81.527496
16.200000 81.428042
16.300000 81.328649
16.400000 81.229316
16.500000 81.130044
16.600000 81.030833
16.700000 80.931682
16.800000 80.832592
16.900000 80.733563
17.000000 80.634595
17.100000 80.535687
17.200000 80.436840
17.300000 80.338053
17.400000 80.239328
17.500000 80.140663
17.600000 80.042058
17.700000 79.943515
17.800000 79.845032
17.900000 79.746610
18.000000 79.648248
18.100000 79.549947
18.200000 79.451707
18.300000 79.353528
18.400000 79.255409
18.500000 79.157351
18.600000 79.059354
18.700000 78.961417
18.800000 78.863541
18.900000 78.765726
19.000000 78.667971
19.100000 78.570278
19.200000 78.472644
19.300000 78.375072
19.400000 78.277560
19.500000 78.180109
19.600000 78.082719
19.700000 77.985389
19.800000 77.888120
19.900000 77.790912
20.000000 77.693764
20.100000 77.596678
20.200000 77.499651
20.300000 77.402686
20.400000 77.305781
20.500000 77.208937
20.600000 77.112154
20.700000 77.015431
20.800000 76.918769
20.900000 76.822168
21.000000 76.725627
21.100000 76.629147
21.200000 76.532728
21.300000 76.436370
21.400000 76.340072
21.500000 76.243835
21.600000 76.147658
21.700000 76.051543
21.800000 75.955488
21.900000 75.859494
22.000000 75.763560
22.100000 75.667687
22.200000 75.571875
22.300000 75.476123
22.400000 75.380433
22.500000 75.284802
22.600000 75.189233
22.700000 75.093724
22.800000 74.998276
22.900000 74.902889
23.000000 74.807562
23.100000 74.712297
23.200000 74.617091
23.300000 74.521947
23.400000 74.426863
23.500000 74.331840
23.600000 74.236877
23.700000 74.141976
23.800000 74.047135
23.900000 73.952354
24.000000 73.857635
24.100000 73.762976
24.200000 73.668378
24.300000 73.573840
24.400000 73.479363
24.500000 73.384947
24.600000 73.290592
24.700000 73.196297
24.800000 73.102063
24.900000 73.007890
25.000000 72.913777
25.100000 72.819725
25.200000 72.725734
25.300000 72.631803
25.400000 72.537933
25.500000 72.444124
25.600000 72.350376
25.700000 72.256688
25.800000 72.163061
25.900000 72.069495
26.000000 71.975989
26.100000 71.882544
26.200000 71.789160
26.300000 71.695836
26.400000 71.602573
26.500000 71.509371
26.600000 71.416230
26.700000 71.323149
26.800000 71.230129
26.900000 71.137169
27.000000 71.044271
27.100000 70.951433
27.200000 70.858655
27.300000 70.765939
27.400000 70.673283
27.500000 70.580688
27.600000 70.488153
27.700000 70.395680
27.800000 70.303266
27.900000 70.210914
28.000000 70.118622
28.100000 70.026391
28.200000 69.934221
28.300000 69.842111
28.400000 69.750063
28.500000 69.658074
28.600000 69.566147
28.700000 69.474280
28.800000 69.382474
28.900000 69.290729
29.000000 69.199044
29.100000 69.107420
29.200000 69.015857
29.300000 68.924354
29.400000 68.832912
29.500000 68.741531
29.600000 68.650210
29.700000 68.558950
29.800000 68.467751
29.900000 68.376613
30.000000 68.285535
30.100000 68.194518
30.200000 68.103562
30.300000 68.012666
30.400000 67.921831
30.500000 67.831057
30.600000 67.740343
30.700000 67.649691
30.800000 67.559098
30.900000 67.468567
31.000000 67.378096
31.100000 67.287686
31.200000 67.197337
31.300000 67.107048
31.400000 67.016820
31.500000 66.926653
31.600000 66.836546
31.700000 66.746501
31.800000 66.656515
31.900000 66.566591
32.000000 66.476727
32.100000 66.386924
32.200000 66.297182
32.300000 66.207500
32.400000 66.117879
32.500000 66.028319
32.600000 65.938819
32.700000 65.849380
32.800000 65.760002
32.900000 65.670685
33.000000 65.581428
33.100000 65.492232
33.200000 65.403096
33.300000 65.314022
33.400000 65.225008
33.500000 65.136054
33.600000 65.047162
33.700000 64.958330
33.800000 64.869559
33.900000 64.780848
34.000000 64.692199
34.100000 64.603609
34.200000 64.515081
34.300000 64.426613
34.400000 64.338206
34.500000 64.249860
34.600000 64.161574
34.700000 64.073349
34.800000 63.985185
34.900000 63.897082
35.000000 63.809039
35.100000 63.721057
35.200000 63.633135
35.300000 63.545275
35.400000 63.457475
35.500000 63.369735
35.600000 63.282057
35.700000 63.194439
35.800000 63.106882
35.900000 63.019385
36.000000 62.931949
36.100000 62.844574
36.200000 62.757260
36.300000 62.670006
36.400000 62.582813
36.500000 62.495680
36.600000 62.408609
36.700000 62.321598
36.800000 62.234648
36.900000 62.147758
37.000000 62.060929
37.100000 61.974161
37.200000 61.887454
37.300000 61.800807
37.400000 61.714221
37.500000 61.627695
37.600000 61.541231
37.700000 61.454827
37.800000 61.368484
37.900000 61.282201
38.000000 61.195979
38.100000 61.109818
38.200000 61.023717
38.300000 60.937678
38.400000 60.851699
38.500000 60.765780
38.600000 60.679923
38.700000 60.594126
38.800000 60.508389
38.900000 60.422714
39.000000 60.337099
39.100000 60.251545
39.200000 60.166051
39.300000 60.080618
39.400000 59.995246
39.500000 59.909935
39.600000 59.824684
39.700000 59.739494
39.800000 59.654365
39.900000 59.569296
40.000000 59.484288
40.100000 59.399341
40.200000 59.314455
40.300000 59.229629
40.400000 59.144864
40.500000 59.060159
40.600000 58.975516
40.700000 58.890933
40.800000 58.806410
40.900000 58.721949
41.000000 58.637548
41.100000 58.553208
41.200000 58.468928
41.300000 58.384709
41.400000 58.300551
41.500000 58.216454
41.600000 58.132417
41.700000 58.048441
41.800000 57.964526
41.900000 57.880671
42.000000 57.796877
42.100000 57.713144
42.200000 57.629471
42.300000 57.545859
42.400000 57.462308
42.500000 57.378818
42.600000 57.295388
42.700000 57.212019
42.800000 57.128711
42.900000 57.045463
43.000000 56.962276
43.100000 56.879150
43.200000 56.796084
43.300000 56.713079
43.400000 56.630135
43.500000 56.547252
43.600000 56.464429
43.700000 56.381667
43.800000 56.298965
43.900000 56.216325
44.000000 56.133745
44.100000 56.051226
44.200000 55.968767
44.300000 55.886369
44.400000 55.804032
44.500000 55.721755
44.600000 55.639540
44.700000 55.557385
44.800000 55.475290
44.900000 55.393256
45.000000 55.311283
45.100000 55.229371
45.200000 55.147520
45.300000 55.065729
45.400000 54.983998
45.500000 54.902329
45.600000 54.820720
45.700000 54.739172
45.800000 54.657685
45.900000 54.576258
46.000000 54.494892
46.100000 54.413587
46.200000 54.332342
46.300000 54.251158
46.400000 54.170035
46.500000 54.088972
46.600000 54.007971
46.700000 53.927029
46.800000 53.846149
46.900000 53.765329
47.000000 53.684570
47.100000 53.603872
47.200000 53.523234
47.300000 53.442657
47.400000 53.362141
47.500000 53.281686
47.600000 53.201291
47.700000 53.120957
47.800000 53.040683
47.900000 52.960470
48.000000 52.880318
48.100000 52.800227
48.200000 52.720196
48.300000 52.640226
48.400000 52.560317
48.500000 52.480469
48.600000 52.400681
48.700000 52.320954
48.800000 52.241287
48.900000 52.161681
49.000000 52.082136
49.100000 52.002652
49.200000 51.923228
49.300000 51.843865
49.400000 51.764563
49.500000 51.685322
49.600000 51.606141
49.700000 51.527020
49.800000 51.447961
49.900000 51.368962
50.000000 51.290024
50.100000 51.211147
50.200000 51.132330
50.300000 51.053574
50.400000 50.974879
50.500000 50.896244
50.600000 50.817670
50.700000 50.739157
50.800000 50.660705
50.900000 50.582313
51.000000 50.503982
51.100000 50.425711
51.200000 50.347502
51.300000 50.269353
51.400000 50.191264
51.500000 50.113237
51.600000 50.035270
51.700000 49.957364
51.800000 49.879518
51.900000 49.801733
52.000000 49.724009
52.100000 49.646346
52.200000 49.568743
52.300000 49.491201
52.400000 49.413720
52.500000 49.336299
52.600000 49.258939
52.700000 49.181640
52.800000 49.104401
52.900000 49.027224
53.000000 48.950106
53.100000 48.873050
53.200000 48.796054
53.300000 48.719119
53.400000 48.642245
53.500000 48.565431
53.600000 48.488678
53.700000 48.411986
53.800000 48.335355
53.900000 48.258784
54.000000 48.182274
54.100000 48.105824
54.200000 48.029435
54.300000 47.953107
54.400000 47.876840
54.500000 47.800633
54.600000 47.724487
54.700000 47.648402
54.800000 47.572378
54.900000 47.496414
55.000000 47.420511
55.100000 47.344668
55.200000 47.268886
55.300000 47.193165
55.400000 47.117505
55.500000 47.041905
55.600000 46.966366
55.700000 46.890888
55.800000 46.815470
55.900000 46.740113
56.000000 46.664817
56.100000 46.589582
56.200000 46.514407
56.300000 46.439293
56.400000 46.364239
56.500000 46.289247
56.600000 46.214315
56.700000 46.139444
56.800000 46.064633
56.900000 45.989883
57.000000 45.915194
57.100000 45.840565
57.200000 45.765998
57.300000 45.691490
57.400000 45.617044
57.500000 45.542658
57.600000 45.468333
57.700000 45.394069
57.800000 45.319865
57.900000 45.245722
58.000000 45.171640
58.100000 45.097619
58.200000 45.023658
58.300000 44.949758
58.400000 44.875918
58.500000 44.802140
58.600000 44.728422
58.700000 44.654764
58.800000 44.581168
58.900000 44.507632
59.000000 44.434156
59.100000 44.360742
59.200000 44.287388
59.300000 44.214095
59.400000 44.140862
59.500000 44.067691
59.600000 43.994580
59.700000 43.921529
59.800000 43.848540
59.900000 43.775611
60.000000 43.702742
60.100000 43.629935
60.200000 43.557188
60.300000 43.484502
60.400000 43.411876
60.500000 43.339312
60.600000 43.266808
60.700000 43.194364
60.800000 43.121982
60.900000 43.049660
61.000000 42.977398
61.100000 42.905198
61.200000 42.833058
61.300000 42.760979
61.400000 42.688960
61.500000 42.617002
61.600000 42.545105
61.700000 42.473269
61.800000 42.401493
61.900000 42.329778
62.000000 42.258124
62.100000 42.186530
62.200000 42.114998
62.300000 42.043525
62.400000 41.972114
62.500000 41.900763
62.600000 41.829473
62.700000 41.758244
62.800000 41.687075
62.900000 41.615967
63.000000 41.544920
63.100000 41.473933
63.200000 41.403007
63.300000 41.332142
63.400000 41.261337
63.500000 41.190594
63.600000 41.119910
63.700000 41.049288
63.800000 40.978726
63.900000 40.908225
64.000000 40.837785
64.100000 40.767405
64.200000 40.697086
64.300000 40.626828
64.400000 40.556631
64.500000 40.486494
64.600000 40.416418
64.700000 40.346402
64.800000 40.276447
64.900000 40.206553
65.000000 40.136720
65.100000 40.066947
65.200000 39.997236
65.300000 39.927584
65.400000 39.857994
65.500000 39.788464
65.600000 39.718995
65.700000 39.649586
65.800000 39.580238
65.900000 39.510951
66.000000 39.441725
66.100000 39.372559
66.200000 39.303454
66.300000 39.234410
66.400000 39.165427
66.500000 39.096504
66.600000 39.027642
66.700000 38.958840
66.800000 38.890099
66.900000 38.821419
67.000000 38.752800
67.100000 38.684241
67.200000 38.615743
67.300000 38.547306
67.400000 38.478929
67.500000 38.410614
67.600000 38.342358
67.700000 38.274164
67.800000 38.206030
67.900000 38.137957
68.000000 38.069945
68.100000 38.001993
68.200000 37.934102
68.300000 37.866272
68.400000 37.798502
68.500000 37.730793
68.600000 37.663145
68.700000 37.595557
68.800000 37.528031
68.900000 37.460564
69.000000 37.393159
69.100000 37.325814
69.200000 37.258530
69.300000 37.191307
69.400000 37.124144
69.500000 37.057042
69.600000 36.990001
69.700000 36.923021
69.800000 36.856101
69.900000 36.789242
70.000000 36.722443
70.100000 36.655706
70.200000 36.589029
70.300000 36.522412
70.400000 36.455857
70.500000 36.389362
70.600000 36.322927
70.700000 36.256554
70.800000 36.190241
70.900000 36.123989
71.000000 36.057797
71.100000 35.991667
71.200000 35.925597
71.300000 35.859587
71.400000 35.793639
71.500000 35.727751
71.600000 35.661923
71.700000 35.596157
71.800000 35.530451
71.900000 35.464806
72.000000 35.399221
72.100000 35.333698
72.200000 35.268235
72.300000 35.202832
72.400000 35.137491
72.500000 35.072210
72.600000 35.006989
72.700000 34.941830
72.800000 34.876731
72.900000 34.811693
73.000000 34.746715
73.100000 34.681798
73.200000 34.616942
73.300000 34.552147
73.400000 34.487412
73.500000 34.422738
73.600000 34.358125
73.700000 34.293572
73.800000 34.229080
73.900000 34.164649
74.000000 34.100279
74.100000 34.035969
74.200000 33.971720
74.300000 33.907531
74.400000 33.843404
74.500000 33.779337
74.600000 33.715330
74.700000 33.651385
74.800000 33.587500
74.900000 33.523676
75.000000 33.459912
75.100000 33.396209
75.200000 33.332567
75.300000 33.268986
75.400000 33.205465
75.500000 33.142005
75.600000 33.078606
75.700000 33.015267
75.800000 32.951989
75.900000 32.888772
76.000000 32.825615
76.100000 32.762520
76.200000 32.699484
76.300000 32.636510
76.400000 32.573596
76.500000 32.510743
76.600000 32.447951
76.700000 32.385219
76.800000 32.322548
76.900000 32.259938
77.000000 32.197389
77.100000 32.134900
77.200000 32.072472
77.300000 32.010104
77.400000 31.947797
77.500000 31.885551
77.600000 31.823366
77.700000 31.761241
77.800000 31.699177
77.900000 31.637174
78.000000 31.575231
78.100000 31.513350
78.200000 31.451528
78.300000 31.389768
78.400000 31.328068
78.500000 31.266429
78.600000 31.204851
78.700000 31.143333
78.800000 31.081876
78.900000 31.020480
79.000000 30.959144
79.100000 30.897869
79.200000 30.836655
79.300000 30.775502
79.400000 30.714409
79.500000 30.653377
79.600000 30.592405
79.700000 30.531495
79.800000 30.470645
79.900000 30.409855
80.000000 30.349127
80.100000 30.288459
80.200000 30.227852
80.300000 30.167305
80.400000 30.106819
80.500000 30.046394
80.600000 29.986030
80.700000 29.925726
80.800000 29.865483
80.900000 29.805301
81.000000 29.745179
81.100000 29.685118
81.200000 29.625118
81.300000 29.565178
81.400000 29.505300
81.500000 29.445481
81.600000 29.385724
81.700000 29.326027
81.800000 29.266391
81.900000 29.206816
82.000000 29.147301
82.100000 29.087847
82.200000 29.028454
82.300000 28.969122
82.400000 28.909850
82.500000 28.850639
82.600000 28.791488
82.700000 28.732398
82.800000 28.673369
82.900000 28.614401
83.000000 28.555493
83.100000 28.496646
83.200000 28.437860
83.300000 28.379135
83.400000 28.320470
83.500000 28.261866
83.600000 28.203322
83.700000 28.144839
83.800000 28.086417
83.900000 28.028056
84.000000 27.969755
84.100000 27.911515
84.200000 27.853336
84.300000 27.795217
84.400000 27.737159
84.500000 27.679162
84.600000 27.621226
84.700000 27.563350
84.800000 27.505535
84.900000 27.447781
85.000000 27.390087
85.100000 27.332454
85.200000 27.274882
85.300000 27.217370
85.400000 27.159919
85.500000 27.102529
85.600000 27.045199
85.700000 26.987931
85.800000 26.930722
85.900000 26.873575
86.000000 26.816488
86.100000 26.759462
86.200000 26.702497
86.300000 26.645592
86.400000 26.588749
86.500000 26.531965
86.600000 26.475243
86.700000 26.418581
86.800000 26.361980
86.900000 26.305439
87.000000 26.248960
87.100000 26.192541
87.200000 26.136182
87.300000 26.079885
87.400000 26.023648
87.500000 25.967472
87.600000 25.911356
87.700000 25.855301
87.800000 25.799307
87.900000 25.743374
88.000000 25.687501
88.100000 25.631689
88.200000 25.575937
88.300000 25.520247
88.400000 25.464617
88.500000 25.409048
88.600000 25.353539
88.700000 25.298091
88.800000 25.242704
88.900000 25.187378
89.000000 25.132112
89.100000 25.076907
89.200000 25.021762
89.300000 24.966679
89.400000 24.911656
89.500000 24.856694
89.600000 24.801792
89.700000 24.746951
89.800000 24.692171
89.900000 24.637451
90.000000 24.582793
90.100000 24.528195
90.200000 24.473657
90.300000 24.419181
90.400000 24.364765
90.500000 24.310409
90.600000 24.256115
90.700000 24.201881
90.800000 24.147708
90.900000 24.093595
91.000000 24.039543
91.100000 23.985552
91.200000 23.931622
91.300000 23.877752
91.400000 23.823943
91.500000 23.770195
91.600000 23.716507
91.700000 23.662880
91.800000 23.609314
91.900000 23.555809
92.000000 23.502364
92.100000 23.448980
92.200000 23.395656
92.300000 23.342393
92.400000 23.289191
92.500000 23.236050
92.600000 23.182970
92.700000 23.129950
92.800000 23.076990
92.900000 23.024092
93.000000 22.971254
93.100000 22.918477
93.200000 22.865760
93.300000 22.813105
93.400000 22.760510
93.500000 22.707975
93.600000 22.655502
93.700000 22.603089
93.800000 22.550737
93.900000 22.498445
94.000000 22.446214
94.100000 22.394044
94.200000 22.341935
94.300000 22.289886
94.400000 22.237898
94.500000 22.185970
94.600000 22.134104
94.700000 22.082298
94.800000 22.030552
94.900000 21.978868
95.000000 21.927244
95.100000 21.875681
95.200000 21.824178
95.300000 21.772737
95.400000 21.721356
95.500000 21.670035
95.600000 21.618776
95.700000 21.567577
95.800000 21.516438
95.900000 21.465361
96.000000 21.414344
96.100000 21.363388
96.200000 21.312492
96.300000 21.261657
96.400000 21.210883
96.500000 21.160170
96.600000 21.109517
96.700000 21.058925
96.800000 21.008394
96.900000 20.957923
97.000000 20.907513
97.100000 20.857164
97.200000 20.806876
97.300000 20.756648
97.400000 20.706481
97.500000 20.656374
97.600000 20.606329
97.700000 20.556344
97.800000 20.506419
97.900000 20.456556
98.000000 20.406753
98.100000 20.357011
98.200000 20.307329
98.300000 20.257708
98.400000 20.208148
98.500000 20.158649
98.600000 20.109210
98.700000 20.059832
98.800000 20.010515
98.900000 19.961258
99.000000 19.912062
99.100000 19.862927
99.200000 19.813852
99.300000 19.764838
99.400000 19.715885
99.500000 19.666993
99.600000 19.618161
99.700000 19.569390
99.800000 19.520680
99.900000 19.472030
100.000000 19.423441
100.100000 19.374913
100.200000 19.326445
100.300000 19.278038
100.400000 19.229692
100.500000 19.181407
100.600000 19.133182
100.700000 19.085018
100.800000 19.036915
100.900000 18.988872
101.000000 18.940890
101.100000 18.892969
101.200000 18.845108
101.300000 18.797308
101.400000 18.749569
101.500000 18.701891
101.600000 18.654273
101.700000 18.606716
101.800000 18.559219
101.900000 18.511784
102.000000 18.464409
102.100000 18.417094
102.200000 18.369841
102.300000 18.322648
102.400000 18.275516
102.500000 18.228444
102.600000 18.181433
102.700000 18.134483
102.800000 18.087594
102.900000 18.040765
103.000000 17.993997
103.100000 17.947290
103.200000 17.900643
103.300000 17.854057
103.400000 17.807532
103.500000 17.761068
103.600000 17.714664
103.700000 17.668321
103.800000 17.622038
103.900000 17.575817
104.000000 17.529656
104.100000 17.483555
104.200000 17.437516
104.300000 17.391537
104.400000 17.345618
104.500000 17.299761
104.600000 17.253964
104.700000 17.208228
104.800000 17.162553
104.900000 17.116938
105.000000 17.071384
105.100000 17.025890
105.200000 16.980458
105.300000 16.935086
105.400000 16.889775
105.500000 16.844524
105.600000 16.799334
105.700000 16.754205
105.800000 16.709137
105.900000 16.664129
106.000000 16.619182
106.100000 16.574295
106.200000 16.529470
106.300000 16.484705
106.400000 16.440001
106.500000 16.395357
106.600000 16.350774
106.700000 16.306252
106.800000 16.261790
106.900000 16.217390
107.000000 16.173050
107.100000 16.128770
107.200000 16.084552
107.300000 16.040394
107.400000 15.996296
107.500000 15.952260
107.600000 15.908284
107.700000 15.864369
107.800000 15.820514
107.900000 15.776720
108.000000 15.732987
108.100000 15.689315
108.200000 15.645703
108.300000 15.602152
108.400000 15.558662
108.500000 15.515232
108.600000 15.471863
108.700000 15.428555
108.800000 15.385308
108.900000 15.342121
109.000000 15.298995
109.100000 15.255929
109.200000 15.212925
109.300000 15.169981
109.400000 15.127097
109.500000 15.084275
109.600000 15.041513
109.700000 14.998812
109.800000 14.956171
109.900000 14.913591
110.000000 14.871072
110.100000 14.828614
110.200000 14.786216
110.300000 14.743879
110.400000 14.701603
110.500000 14.659387
110.600000 14.617232
110.700000 14.575138
110.800000 14.533104
110.900000 14.491131
111.000000 14.449219
111.100000 14.407368
111.200000 14.365577
111.300000 14.323847
111.400000 14.282178
111.500000 14.240569
111.600000 14.199021
111.700000 14.157534
111.800000 14.116107
111.900000 14.074741
112.000000 14.033436
112.100000 13.992192
112.200000 13.951008
112.300000 13.909885
112.400000 13.868823
112.500000 13.827821
112.600000 13.786880
112.700000 13.746000
112.800000 13.705180
112.900000 13.664421
113.000000 13.623723
113.100000 13.583086
113.200000 13.542509
113.300000 13.501993
113.400000 13.461537
113.500000 13.421143
113.600000 13.380809
113.700000 13.340535
113.800000 13.300323
113.900000 13.260171
114.000000 13.220080
114.100000 13.180049
114.200000 13.140079
114.300000 13.100170
114.400000 13.060322
114.500000 13.020534
114.600000 12.980807
114.700000 12.941141
114.800000 12.901535
114.900000 12.861990
115.000000 12.822506
115.100000 12.783083
115.200000 12.743720
115.300000 12.704418
115.400000 12.665176
115.500000 12.625995
115.600000 12.586875
115.700000 12.547816
115.800000 12.508817
115.900000 12.469880
116.000000 12.431002
116.100000 12.392186
116.200000 12.353430
116.300000 12.314735
116.400000 12.276100
116.500000 12.237527
116.600000 12.199014
116.700000 12.160561
116.800000 12.122170
116.900000 12.083839
117.000000 12.045568
117.100000 12.007359
117.200000 11.969210
117.300000 11.931122
117.400000 11.893094
117.500000 11.855128
117.600000 11.817222
117.700000 11.779376
117.800000 11.741592
117.900000 11.703868
118.000000 11.666204
118.100000 11.628602
118.200000 11.591060
118.300000 11.553579
118.400000 11.516158
118.500000 11.478798
118.600000 11.441499
118.700000 11.404261
118.800000 11.367083
118.900000 11.329966
119.000000 11.292910
119.100000 11.255914
119.200000 11.218980
119.300000 11.182105
119.400000 11.145292
119.500000 11.108539
119.600000 11.071847
119.700000 11.035216
119.800000 10.998645
119.900000 10.962135
120.000000 10.925686
120.100000 10.889297
120.200000 10.852969
120.300000 10.816702
120.400000 10.780495
120.500000 10.744350
120.600000 10.708264
120.700000 10.672240
120.800000 10.636276
120.900000 10.600373
121.000000 10.564531
121.100000 10.528749
121.200000 10.493028
121.300000 10.457368
121.400000 10.421769
121.500000 10.386230
121.600000 10.350752
121.700000 10.315334
121.800000 10.279978
121.900000 10.244682
122.000000 10.209446
122.100000 10.174272
122.200000 10.139158
122.300000 10.104104
122.400000 10.069112
122.500000 10.034180
122.600000 9.999309
122.700000 9.964498
122.800000 9.929749
122.900000 9.895060
123.000000 9.860431
123.100000 9.825864
123.200000 9.791357
123.300000 9.756910
123.400000 9.722525
123.500000 9.688200
123.600000 9.653936
123.700000 9.619732
123.800000 9.585590
123.900000 9.551508
124.000000 9.517486
124.100000 9.483525
124.200000 9.449625
124.300000 9.415786
124.400000 9.382008
124.500000 9.348290
124.600000 9.314633
124.700000 9.281036
124.800000 9.247500
124.900000 9.214025
125.000000 9.180611
125.100000 9.147257
125.200000 9.113964
125.300000 9.080732
125.400000 9.047560
125.500000 9.014449
125.600000 8.981399
125.700000 8.948410
125.800000 8.915481
125.900000 8.882613
126.000000 8.849805
126.100000 8.817059
126.200000 8.784373
126.300000 8.751747
126.400000 8.719183
126.500000 8.686679
126.600000 8.654236
126.700000 8.621853
126.800000 8.589531
126.900000 8.557270
127.000000 8.525070
127.100000 8.492930
127.200000 8.460851
127.300000 8.428833
127.400000 8.396875
127.500000 8.364978
127.600000 8.333142
127.700000 8.301366
127.800000 8.269651
127.900000 8.237997
128.000000 8.206404
128.100000 8.174871
128.200000 8.143399
128.300000 8.111988
128.400000 8.080637
128.500000 8.049347
128.600000 8.018118
128.700000 7.986949
128.800000 7.955841
128.900000 7.924794
129.000000 7.893808
129.100000 7.862882
129.200000 7.832017
129.300000 7.801213
129.400000 7.770469
129.500000 7.739786
129.600000 7.709164
129.700000 7.678602
129.800000 7.648101
129.900000 7.617661
130.000000 7.587282
130.100000 7.556963
130.200000 7.526705
130.300000 7.496507
130.400000 7.466371
130.500000 7.436295
130.600000 7.406279
130.700000 7.376325
130.800000 7.346431
130.900000 7.316598
131.000000 7.286825
131.100000 7.257114
131.200000 7.227462
131.300000 7.197872
131.400000 7.168342
131.500000 7.138873
131.600000 7.109465
131.700000 7.080117
131.800000 7.050831
131.900000 7.021604
132.000000 6.992439
132.100000 6.963334
132.200000 6.934290
132.300000 6.905306
132.400000 6.876384
132.500000 6.847522
132.600000 6.818720
132.700000 6.789980
132.800000 6.761300
132.900000 6.732681
133.000000 6.704122
133.100000 6.675624
133.200000 6.647187
133.300000 6.618811
133.400000 6.590495
133.500000 6.562240
133.600000 6.534046
133.700000 6.505912
133.800000 6.477839
133.900000 6.449827
134.000000 6.421875
134.100000 6.393984
134.200000 6.366154
134.300000 6.338385
134.400000 6.310676
134.500000 6.283028
134.600000 6.255441
134.700000 6.227914
134.800000 6.200448
134.900000 6.173043
135.000000 6.145698
135.100000 6.118414
135.200000 6.091191
135.300000 6.064029
135.400000 6.036927
135.500000 6.009886
135.600000 5.982905
135.700000 5.955986
135.800000 5.929127
135.900000 5.902329
136.000000 5.875591
136.100000 5.848914
136.200000 5.822298
136.300000 5.795742
136.400000 5.769248
136.500000 5.742814
136.600000 5.716440
136.700000 5.690127
136.800000 5.663875
136.900000 5.637684
137.000000 5.611554
137.100000 5.585484
137.200000 5.559474
137.300000 5.533526
137.400000 5.507638
137.500000 5.481811
137.600000 5.456045
137.700000 5.430339
137.800000 5.404694
137.900000 5.379110
138.000000 5.353586
138.100000 5.328123
138.200000 5.302721
138.300000 5.277379
138.400000 5.252098
138.500000 5.226878
138.600000 5.201719
138.700000 5.176620
138.800000 5.151582
138.900000 5.126605
139.000000 5.101688
139.100000 5.076832
139.200000 5.052037
139.300000 5.027302
139.400000 5.002629
139.500000 4.978016
139.600000 4.953463
139.700000 4.928971
139.800000 4.904540
139.900000 4.880170
140.000000 4.855860
140.100000 4.831611
140.200000 4.807423
140.300000 4.783296
140.400000 4.759229
140.500000 4.735222
140.600000 4.711277
140.700000 4.687392
140.800000 4.663568
140.900000 4.639805
141.000000 4.616102
141.100000 4.592460
141.200000 4.568879
141.300000 4.545358
141.400000 4.521898
141.500000 4.498499
141.600000 4.475161
141.700000 4.451883
141.800000 4.428666
141.900000 4.405510
142.000000 4.382414
142.100000 4.359379
142.200000 4.336405
142.300000 4.313491
142.400000 4.290638
142.500000 4.267846
142.600000 4.245114
142.700000 4.222444
142.800000 4.199834
142.900000 4.177284
143.000000 4.154795
143.100000 4.132367
143.200000 4.110000
143.300000 4.087694
143.400000 4.065448
143.500000 4.043262
143.600000 4.021138
143.700000 3.999074
143.800000 3.977071
143.900000 3.955129
144.000000 3.933247
144.100000 3.911426
144.200000 3.889665
144.300000 3.867966
144.400000 3.846327
144.500000 3.824749
144.600000 3.803231
144.700000 3.781774
144.800000 3.760378
144.900000 3.739043
145.000000 3.717768
145.100000 3.696554
145.200000 3.675401
145.300000 3.654308
145.400000 3.633276
145.500000 3.612305
145.600000 3.591394
145.700000 3.570544
145.800000 3.549755
145.900000 3.529027
146.000000 3.508359
146.100000 3.487752
146.200000 3.467206
146.300000 3.446720
146.400000 3.426295
146.500000 3.405931
146.600000 3.385627
146.700000 3.365384
146.800000 3.345202
146.900000 3.325081
147.000000 3.305020
147.100000 3.285020
147.200000 3.265080
147.300000 3.245202
147.400000 3.225384
147.500000 3.205627
147.600000 3.185930
147.700000 3.166294
147.800000 3.146719
147.900000 3.127204
148.000000 3.107751
148.100000 3.088357
148.200000 3.069025
148.300000 3.049753
148.400000 3.030542
148.500000 3.011392
148.600000 2.992302
148.700000 2.973274
148.800000 2.954305
148.900000 2.935398
149.000000 2.916551
149.100000 2.897765
149.200000 2.879040
149.300000 2.860375
149.400000 2.841771
149.500000 2.823228
149.600000 2.804745
149.700000 2.786323
149.800000 2.767962
149.900000 2.749661
150.000000 2.731421
150.100000 2.713242
150.200000 2.695124
150.300000 2.677066
150.400000 2.659069
150.500000 2.641133
150.600000 2.623257
150.700000 2.605442
150.800000 2.587688
150.900000 2.569994
151.000000 2.552362
151.100000 2.534789
151.200000 2.517278
151.300000 2.499827
151.400000 2.482437
151.500000 2.465108
151.600000 2.447839
151.700000 2.430631
151.800000 2.413484
151.900000 2.396397
152.000000 2.379372
152.100000 2.362406
152.200000 2.345502
152.300000 2.328658
152.400000 2.311875
152.500000 2.295153
152.600000 2.278491
152.700000 2.261890
152.800000 2.245350
152.900000 2.228870
153.000000 2.212451
153.100000 2.196093
153.200000 2.179796
153.300000 2.163559
153.400000 2.147383
153.500000 2.131267
153.600000 2.115213
153.700000 2.099219
153.800000 2.083285
153.900000 2.067413
154.000000 2.051601
154.100000 2.035850
154.200000 2.020159
154.300000 2.004529
154.400000 1.988960
154.500000 1.973452
154.600000 1.958004
154.700000 1.942617
154.800000 1.927291
154.900000 1.912025
155.000000 1.896820
155.100000 1.881676
155.200000 1.866593
155.300000 1.851570
155.400000 1.836608
155.500000 1.821706
155.600000 1.806866
155.700000 1.792086
155.800000 1.777366
155.900000 1.762708
156.000000 1.748110
156.100000 1.733572
156.200000 1.719096
156.300000 1.704680
156.400000 1.690325
156.500000 1.676031
156.600000 1.661797
156.700000 1.647624
156.800000 1.633511
156.900000 1.619460
157.000000 1.605469
157.100000 1.591539
157.200000 1.577669
157.300000 1.563860
157.400000 1.550112
157.500000 1.536425
157.600000 1.522798
157.700000 1.509232
157.800000 1.495726
157.900000 1.482282
158.000000 1.468898
158.100000 1.455574
158.200000 1.442312
158.300000 1.429110
158.400000 1.415969
158.500000 1.402888
158.600000 1.389869
158.700000 1.376910
158.800000 1.364011
158.900000 1.351173
159.000000 1.338396
159.100000 1.325680
159.200000 1.313025
159.300000 1.300430
159.400000 1.287896
159.500000 1.275422
159.600000 1.263009
159.700000 1.250657
159.800000 1.238366
159.900000 1.226135
160.000000 1.213965
160.100000 1.201856
160.200000 1.189807
160.300000 1.177819
160.400000 1.165892
160.500000 1.154026
160.600000 1.142220
160.700000 1.130475
160.800000 1.118790
160.900000 1.107166
161.000000 1.095603
161.100000 1.084101
161.200000 1.072660
161.300000 1.061279
161.400000 1.049958
161.500000 1.038699
161.600000 1.027500
161.700000 1.016362
161.800000 1.005284
161.900000 0.994268
162.000000 0.983312
162.100000 0.972416
162.200000 0.961582
162.300000 0.950808
162.400000 0.940095
162.500000 0.929442
162.600000 0.918850
162.700000 0.908319
162.800000 0.897849
162.900000 0.887439
163.000000 0.877090
163.100000 0.866801
163.200000 0.856574
163.300000 0.846407
163.400000 0.836301
163.500000 0.826255
163.600000 0.816270
163.700000 0.806346
163.800000 0.796482
163.900000 0.786680
164.000000 0.776938
164.100000 0.767256
164.200000 0.757636
164.300000 0.748076
164.400000 0.738576
164.500000 0.729138
164.600000 0.719760
164.700000 0.710443
164.800000 0.701186
164.900000 0.691990
165.000000 0.682855
165.100000 0.673781
165.200000 0.664767
165.300000 0.655814
165.400000 0.646922
165.500000 0.638090
165.600000 0.629319
165.700000 0.620609
165.800000 0.611960
165.900000 0.603371
166.000000 0.594843
166.100000 0.586375
166.200000 0.577969
166.300000 0.569623
166.400000 0.561337
166.500000 0.553113
166.600000 0.544949
166.700000 0.536846
166.800000 0.528803
166.900000 0.520821
167.000000 0.512900
167.100000 0.505040
167.200000 0.497240
167.300000 0.489501
167.400000 0.481823
167.500000 0.474205
167.600000 0.466648
167.700000 0.459152
167.800000 0.451716
167.900000 0.444342
168.000000 0.437027
168.100000 0.429774
168.200000 0.422581
168.300000 0.415449
168.400000 0.408378
168.500000 0.401367
168.600000 0.394417
168.700000 0.387528
168.800000 0.380699
168.900000 0.373932
169.000000 0.367224
169.100000 0.360578
169.200000 0.353992
169.300000 0.347467
169.400000 0.341003
169.500000 0.334599
169.600000 0.328256
169.700000 0.321974
169.800000 0.315752
169.900000 0.309591
170.000000 0.303491
170.100000 0.297452
170.200000 0.291473
170.300000 0.285555
170.400000 0.279698
170.500000 0.273901
170.600000 0.268165
170.700000 0.262490
170.800000 0.256875
170.900000 0.251321
171.000000 0.245828
171.100000 0.240395
171.200000 0.235024
171.300000 0.229713
171.400000 0.224462
171.500000 0.219272
171.600000 0.214143
171.700000 0.209075
171.800000 0.204068
171.900000 0.199121
172.000000 0.194234
172.100000 0.189409
172.200000 0.184644
172.300000 0.179940
172.400000 0.175297
172.500000 0.170714
172.600000 0.166192
172.700000 0.161730
172.800000 0.157330
172.900000 0.152990
173.000000 0.148711
173.100000 0.144492
173.200000 0.140334
173.300000 0.136237
173.400000 0.132201
173.500000 0.128225
173.600000 0.124310
173.700000 0.120456
173.800000 0.116662
173.900000 0.112929
174.000000 0.109257
174.100000 0.105645
174.200000 0.102094
174.300000 0.098604
174.400000 0.095175
174.500000 0.091806
174.600000 0.088498
174.700000 0.085251
174.800000 0.082064
174.900000 0.078938
175.000000 0.075873
175.100000 0.072868
175.200000 0.069924
175.300000 0.067041
175.400000 0.064219
175.500000 0.061457
175.600000 0.058756
175.700000 0.056116
175.800000 0.053536
175.900000 0.051017
176.000000 0.048559
176.100000 0.046161
176.200000 0.043824
176.300000 0.041548
176.400000 0.039332
176.500000 0.037178
176.600000 0.035084
176.700000 0.033050
176.800000 0.031078
176.900000 0.029166
177.000000 0.027314
177.100000 0.025524
177.200000 0.023794
177.300000 0.022125
177.400000 0.020516
177.500000 0.018968
177.600000 0.017481
177.700000 0.016055
177.800000 0.014689
177.900000 0.013384
178.000000 0.012140
178.100000 0.010956
178.200000 0.009833
178.300000 0.008771
178.400000 0.007769
178.500000 0.006829
178.600000 0.005948
178.700000 0.005129
178.800000 0.004370
178.900000 0.003672
179.000000 0.003035
179.100000 0.002458
179.200000 0.001942
179.300000 0.001487
179.400000 0.001093
179.500000 0.000759
179.600000 0.000486
179.700000 0.000273
179.800000 0.000121
179.900000 0.000030
180.000000 0.000000
180.100000 0.000030
180.200000 0.000121
180.300000 0.000273
180.400000 0.000486
180.500000 0.000759
180.600000 0.001093
180.700000 0.001487
180.800000 0.001942
180.900000 0.002458
181.000000 0.003035
