-180.000000 0.000000
-179.900000 0.000028
-179.800000 0.000113
-179.700000 0.000254
-179.600000 0.000452
-179.500000 0.000706
-179.400000 0.001017
-179.300000 0.001385
-179.200000 0.001809
-179.100000 0.002289
-179.000000 0.002826
-178.900000 0.003419
-178.800000 0.004069
-178.700000 0.004776
-178.600000 0.005539
-178.500000 0.006358
-178.400000 0.007234
-178.300000 0.008167
-178.200000 0.009156
-178.100000 0.010202
-178.000000 0.011304
-177.900000 0.012462
-177.800000 0.013677
-177.700000 0.014949
-177.600000 0.016277
-177.500000 0.017662
-177.400000 0.019103
-177.300000 0.020601
-177.200000 0.022155
-177.100000 0.023766
-177.000000 0.025433
-176.900000 0.027157
-176.800000 0.028937
-176.700000 0.030774
-176.600000 0.032668
-176.500000 0.034618
-176.400000 0.036624
-176.300000 0.038687
-176.200000 0.040806
-176.100000 0.042982
-176.000000 0.045215
-175.900000 0.047504
-175.800000 0.049849
-175.700000 0.052251
-175.600000 0.054710
-175.500000 0.057225
-175.400000 0.059797
-175.300000 0.062425
-175.200000 0.065109
-175.100000 0.067851
-175.000000 0.070648
-174.900000 0.073502
-174.800000 0.076413
-174.700000 0.079380
-174.600000 0.082404
-174.500000 0.085484
-174.400000 0.088621
-174.300000 0.091814
-174.200000 0.095064
-174.100000 0.098371
-174.000000 0.101733
-173.900000 0.105153
-173.800000 0.108629
-173.700000 0.112161
-173.600000 0.115750
-173.500000 0.119395
-173.400000 0.123097
-173.300000 0.126856
-173.200000 0.130671
-173.100000 0.134542
-173.000000 0.138470
-172.900000 0.142455
-172.800000 0.146496
-172.700000 0.150594
-172.600000 0.154748
-172.500000 0.158958
-172.400000 0.163226
-172.300000 0.167549
-172.200000 0.171929
-172.100000 0.176366
-172.000000 0.180859
-171.900000 0.185409
-171.800000 0.190015
-171.700000 0.194678
-171.600000 0.199397
-171.500000 0.204173
-171.400000 0.209006
-171.300000 0.213894
-171.200000 0.218840
-171.100000 0.223842
-171.000000 0.228900
-170.900000 0.234015
-170.800000 0.239186
-170.700000 0.244414
-170.600000 0.249699
-170.500000 0.255040
-170.400000 0.260437
-170.300000 0.265891
-170.200000 0.271402
-170.100000 0.276969
-170.000000 0.282593
-169.900000 0.288273
-169.800000 0.294009
-169.700000 0.299803
-169.600000 0.305652
-169.500000 0.311558
-169.400000 0.317521
-169.300000 0.323540
-169.200000 0.329616
-169.100000 0.335748
-169.000000 0.341937
-168.900000 0.348182
-168.800000 0.354484
-168.700000 0.360843
-168.600000 0.367257
-168.500000 0.373729
-168.400000 0.380257
-168.300000 0.386841
-168.200000 0.393482
-168.100000 0.400180
-168.000000 0.406934
-167.900000 0.413744
-167.800000 0.420611
-167.700000 0.427535
-167.600000 0.434515
-167.500000 0.441551
-167.400000 0.448644
-167.300000 0.455794
-167.200000 0.463000
-167.100000 0.470263
-167.000000 0.477582
-166.900000 0.484957
-166.800000 0.492390
-166.700000 0.499878
-166.600000 0.507423
-166.500000 0.515025
-166.400000 0.522683
-166.300000 0.530398
-166.200000 0.538170
-166.100000 0.545997
-166.000000 0.553882
-165.900000 0.561823
-165.800000 0.569820
-165.700000 0.577874
-165.600000 0.585984
-165.500000 0.594151
-165.400000 0.602375
-165.300000 0.610655
-165.200000 0.618991
-165.100000 0.627384
-165.000000 0.635834
-164.900000 0.644340
-164.800000 0.652902
-164.700000 0.661521
-164.600000 0.670197
-164.500000 0.678929
-164.400000 0.687718
-164.300000 0.696563
-164.200000 0.705464
-164.100000 0.714423
-164.000000 0.723437
-163.900000 0.732509
-163.800000 0.741636
-163.700000 0.750821
-163.600000 0.760061
-163.500000 0.769359
-163.400000 0.778712
-163.300000 0.788123
-163.200000 0.797590
-163.100000 0.807113
-163.000000 0.816693
-162.900000 0.826329
-162.800000 0.836022
-162.700000 0.845772
-162.600000 0.855578
-162.500000 0.865440
-162.400000 0.875359
-162.300000 0.885335
-162.200000 0.895367
-162.100000 0.905455
-162.000000 0.915600
-161.900000 0.925802
-161.800000 0.936060
-161.700000 0.946375
-161.600000 0.956746
-161.500000 0.967174
-161.400000 0.977658
-161.300000 0.988198
-161.200000 0.998796
-161.100000 1.009449
-161.000000 1.020160
-160.900000 1.030927
-160.800000 1.041750
-160.700000 1.052630
-160.600000 1.063566
-160.500000 1.074559
-160.400000 1.085608
-160.300000 1.096714
-160.200000 1.107876
-160.100000 1.119095
-160.000000 1.130371
-159.900000 1.141703
-159.800000 1.153091
-159.700000 1.164536
-159.600000 1.176038
-159.500000 1.187596
-159.400000 1.199210
-159.300000 1.210882
-159.200000 1.222609
-159.100000 1.234393
-159.000000 1.246234
-158.900000 1.258131
-158.800000 1.270085
-158.700000 1.282095
-158.600000 1.294162
-158.500000 1.306285
-158.400000 1.318465
-158.300000 1.330701
-158.200000 1.342994
-158.100000 1.355343
-158.000000 1.367749
-157.900000 1.380211
-157.800000 1.392730
-157.700000 1.405305
-157.600000 1.417937
-157.500000 1.430626
-157.400000 1.443371
-157.300000 1.456172
-157.200000 1.469030
-157.100000 1.481944
-157.000000 1.494915
-156.900000 1.507943
-156.800000 1.521027
-156.700000 1.534168
-156.600000 1.547365
-156.500000 1.560618
-156.400000 1.573928
-156.300000 1.587295
-156.200000 1.600718
-156.100000 1.614198
-156.000000 1.627734
-155.900000 1.641327
-155.800000 1.654976
-155.700000 1.668682
-155.600000 1.682444
-155.500000 1.696263
-155.400000 1.710138
-155.300000 1.724070
-155.200000 1.738058
-155.100000 1.752103
-155.000000 1.766204
-154.900000 1.780362
-154.800000 1.794577
-154.700000 1.808848
-154.600000 1.823175
-154.500000 1.837559
-154.400000 1.852000
-154.300000 1.866497
-154.200000 1.881050
-154.100000 1.895660
-154.000000 1.910327
-153.900000 1.925050
-153.800000 1.939829
-153.700000 1.954666
-153.600000 1.969558
-153.500000 1.984507
-153.400000 1.999513
-153.300000 2.014575
-153.200000 2.029694
-153.100000 2.044869
-153.000000 2.060101
-152.900000 2.075389
-152.800000 2.090734
-152.700000 2.106135
-152.600000 2.121593
-152.500000 2.137107
-152.400000 2.152678
-152.300000 2.168306
-152.200000 2.183990
-152.100000 2.199730
-152.000000 2.215527
-151.900000 2.231380
-151.800000 2.247290
-151.700000 2.263257
-151.600000 2.279280
-151.500000 2.295359
-151.400000 2.311495
-151.300000 2.327688
-151.200000 2.343937
-151.100000 2.360243
-151.000000 2.376605
-150.900000 2.393023
-150.800000 2.409499
-150.700000 2.426030
-150.600000 2.442618
-150.500000 2.459263
-150.400000 2.475964
-150.300000 2.492722
-150.200000 2.509536
-150.100000 2.526407
-150.000000 2.543334
-149.900000 2.560318
-149.800000 2.577359
-149.700000 2.594455
-149.600000 2.611609
-149.500000 2.628819
-149.400000 2.646085
-149.300000 2.663408
-149.200000 2.680788
-149.100000 2.698224
-149.000000 2.715716
-148.900000 2.733265
-148.800000 2.750871
-148.700000 2.768533
-148.600000 2.786251
-148.500000 2.804026
-148.400000 2.821858
-148.300000 2.839746
-148.200000 2.857691
-148.100000 2.875692
-148.000000 2.893749
-147.900000 2.911864
-147.800000 2.930034
-147.700000 2.948262
-147.600000 2.966545
-147.500000 2.984886
-147.400000 3.003282
-147.300000 3.021736
-147.200000 3.040246
-147.100000 3.058812
-147.000000 3.077435
-146.900000 3.096114
-146.800000 3.114850
-146.700000 3.133642
-146.600000 3.152491
-146.500000 3.171397
-146.400000 3.190359
-146.300000 3.209377
-146.200000 3.228452
-146.100000 3.247584
-146.000000 3.266772
-145.900000 3.286016
-145.800000 3.305317
-145.700000 3.324675
-145.600000 3.344089
-145.500000 3.363560
-145.400000 3.383087
-145.300000 3.402671
-145.200000 3.422311
-145.100000 3.442008
-145.000000 3.461761
-144.900000 3.481571
-144.800000 3.501437
-144.700000 3.521360
-144.600000 3.541339
-144.500000 3.561375
-144.400000 3.581467
-144.300000 3.601616
-144.200000 3.621821
-144.100000 3.642083
-144.000000 3.662402
-143.900000 3.682777
-143.800000 3.703208
-143.700000 3.723696
-143.600000 3.744240
-143.500000 3.764842
-143.400000 3.785499
-143.300000 3.806213
-143.200000 3.826984
-143.100000 3.847811
-143.000000 3.868694
-142.900000 3.889634
-142.800000 3.910631
-142.700000 3.931684
-142.600000 3.952794
-142.500000 3.973960
-142.400000 3.995183
-142.300000 4.016462
-142.200000 4.037798
-142.100000 4.059190
-142.000000 4.080639
-141.900000 4.102144
-141.800000 4.123706
-141.700000 4.145324
-141.600000 4.166999
-141.500000 4.188731
-141.400000 4.210518
-141.300000 4.232363
-141.200000 4.254264
-141.100000 4.276221
-141.000000 4.298235
-140.900000 4.320306
-140.800000 4.342433
-140.700000 4.364616
-140.600000 4.386856
-140.500000 4.409153
-140.400000 4.431506
-140.300000 4.453916
-140.200000 4.476382
-140.100000 4.498904
-140.000000 4.521484
-139.900000 4.544119
-139.800000 4.566811
-139.700000 4.589560
-139.600000 4.612365
-139.500000 4.635227
-139.400000 4.658145
-139.300000 4.681120
-139.200000 4.704151
-139.100000 4.727239
-139.000000 4.750384
-138.900000 4.773584
-138.800000 4.796842
-138.700000 4.820156
-138.600000 4.843526
-138.500000 4.866953
-138.400000 4.890437
-138.300000 4.913977
-138.200000 4.937573
-138.100000 4.961226
-138.000000 4.984936
-137.900000 5.008702
-137.800000 5.032524
-137.700000 5.056403
-137.600000 5.080339
-137.500000 5.104331
-137.400000 5.128380
-137.300000 5.152485
-137.200000 5.176646
-137.100000 5.200865
-137.000000 5.225139
-136.900000 5.249471
-136.800000 5.273858
-136.700000 5.298303
-136.600000 5.322803
-136.500000 5.347361
-136.400000 5.371975
-136.300000 5.396645
-136.200000 5.421372
-136.100000 5.446155
-136.000000 5.470995
-135.900000 5.495891
-135.800000 5.520844
-135.700000 5.545854
-135.600000 5.570920
-135.500000 5.596042
-135.400000 5.621221
-135.300000 5.646457
-135.200000 5.671749
-135.100000 5.697097
-135.000000 5.722503
-134.900000 5.747964
-134.800000 5.773482
-134.700000 5.799057
-134.600000 5.824688
-134.500000 5.850376
-134.400000 5.876120
-134.300000 5.901921
-134.200000 5.927778
-134.100000 5.953692
-134.000000 5.979662
-133.900000 6.005689
-133.800000 6.031772
-133.700000 6.057912
-133.600000 6.084108
-133.500000 6.110361
-133.400000 6.136670
-133.300000 6.163036
-133.200000 6.189459
-133.100000 6.215938
-133.000000 6.242473
-132.900000 6.269065
-132.800000 6.295714
-132.700000 6.322419
-132.600000 6.349180
-132.500000 6.375998
-132.400000 6.402873
-132.300000 6.429804
-132.200000 6.456791
-132.100000 6.483836
-132.000000 6.510936
-131.900000 6.538093
-131.800000 6.565307
-131.700000 6.592577
-131.600000 6.619904
-131.500000 6.647287
-131.400000 6.674727
-131.300000 6.702223
-131.200000 6.729776
-131.100000 6.757385
-131.000000 6.785051
-130.900000 6.812774
-130.800000 6.840552
-130.700000 6.868388
-130.600000 6.896280
-130.500000 6.924228
-130.400000 6.952233
-130.300000 6.980295
-130.200000 7.008412
-130.100000 7.036587
-130.000000 7.064818
-129.900000 7.093106
-129.800000 7.121450
-129.700000 7.149850
-129.600000 7.178307
-129.500000 7.206821
-129.400000 7.235391
-129.300000 7.264018
-129.200000 7.292701
-129.100000 7.321440
-129.000000 7.350237
-128.900000 7.379089
-128.800000 7.407999
-128.700000 7.436964
-128.600000 7.465987
-128.500000 7.495065
-128.400000 7.524201
-128.300000 7.553393
-128.200000 7.582641
-128.100000 7.611946
-128.000000 7.641307
-127.900000 7.670725
-127.800000 7.700199
-127.700000 7.729730
-127.600000 7.759318
-127.500000 7.788962
-127.400000 7.818662
-127.300000 7.848419
-127.200000 7.878233
-127.100000 7.908103
-127.000000 7.938029
-126.900000 7.968013
-126.800000 7.998052
-126.700000 8.028148
-126.600000 8.058301
-126.500000 8.088510
-126.400000 8.118776
-126.300000 8.149098
-126.200000 8.179477
-126.100000 8.209912
-126.000000 8.240404
-125.900000 8.270952
-125.800000 8.301557
-125.700000 8.332218
-125.600000 8.362936
-125.500000 8.393710
-125.400000 8.424541
-125.300000 8.455429
-125.200000 8.486372
-125.100000 8.517373
-125.000000 8.548430
-124.900000 8.579543
-124.800000 8.610713
-124.700000 8.641940
-124.600000 8.673223
-124.500000 8.704562
-124.400000 8.735958
-124.300000 8.767411
-124.200000 8.798920
-124.100000 8.830486
-124.000000 8.862108
-123.900000 8.893786
-123.800000 8.925521
-123.700000 8.957313
-123.600000 8.989161
-123.500000 9.021066
-123.400000 9.053027
-123.300000 9.085045
-123.200000 9.117119
-123.100000 9.149250
-123.000000 9.181437
-122.900000 9.213681
-122.800000 9.245982
-122.700000 9.278339
-122.600000 9.310752
-122.500000 9.343222
-122.400000 9.375748
-122.300000 9.408331
-122.200000 9.440971
-122.100000 9.473667
-122.000000 9.506419
-121.900000 9.539228
-121.800000 9.572094
-121.700000 9.605016
-121.600000 9.637994
-121.500000 9.671029
-121.400000 9.704121
-121.300000 9.737269
-121.200000 9.770474
-121.100000 9.803735
-121.000000 9.837053
-120.900000 9.870427
-120.800000 9.903857
-120.700000 9.937345
-120.600000 9.970888
-120.500000 10.004489
-120.400000 10.038146
-120.300000 10.071859
-120.200000 10.105629
-120.100000 10.139455
-120.000000 10.173338
-119.900000 10.207277
-119.800000 10.241273
-119.700000 10.275326
-119.600000 10.309435
-119.500000 10.343600
-119.400000 10.377822
-119.300000 10.412100
-119.200000 10.446436
-119.100000 10.480827
-119.000000 10.515275
-118.900000 10.549780
-118.800000 10.584341
-118.700000 10.618958
-118.600000 10.653632
-118.500000 10.688363
-118.400000 10.723150
-118.300000 10.757994
-118.200000 10.792894
-118.100000 10.827851
-118.000000 10.862864
-117.900000 10.897934
-117.800000 10.933060
-117.700000 10.968243
-117.600000 11.003482
-117.500000 11.038778
-117.400000 11.074130
-117.300000 11.109539
-117.200000 11.145005
-117.100000 11.180527
-117.000000 11.216105
-116.900000 11.251740
-116.800000 11.287431
-116.700000 11.323179
-116.600000 11.358984
-116.500000 11.394845
-116.400000 11.430762
-116.300000 11.466737
-116.200000 11.502767
-116.100000 11.538854
-116.000000 11.574998
-115.900000 11.611198
-115.800000 11.647455
-115.700000 11.683768
-115.600000 11.720137
-115.500000 11.756564
-115.400000 11.793046
-115.300000 11.829586
-115.200000 11.866181
-115.100000 11.902834
-115.000000 11.939542
-114.900000 11.976308
-114.800000 12.013130
-114.700000 12.050008
-114.600000 12.086943
-114.500000 12.123934
-114.400000 12.160982
-114.300000 12.198086
-114.200000 12.235247
-114.100000 12.272465
-114.000000 12.309739
-113.900000 12.347069
-113.800000 12.384456
-113.700000 12.421900
-113.600000 12.459400
-113.500000 12.496957
-113.400000 12.534570
-113.300000 12.572239
-113.200000 12.609965
-113.100000 12.647748
-113.000000 12.685587
-112.900000 12.723483
-112.800000 12.761435
-112.700000 12.799444
-112.600000 12.837509
-112.500000 12.875631
-112.400000 12.913809
-112.300000 12.952044
-112.200000 12.990335
-112.100000 13.028683
-112.000000 13.067087
-111.900000 13.105548
-111.800000 13.144066
-111.700000 13.182640
-111.600000 13.221270
-111.500000 13.259957
-111.400000 13.298700
-111.300000 13.337500
-111.200000 13.376357
-111.100000 13.415270
-111.000000 13.454239
-110.900000 13.493265
-110.800000 13.532348
-110.700000 13.571487
-110.600000 13.610683
-110.500000 13.649935
-110.400000 13.689243
-110.300000 13.728609
-110.200000 13.768030
-110.100000 13.807509
-110.000000 13.847043
-109.900000 13.886635
-109.800000 13.926282
-109.700000 13.965987
-109.600000 14.005747
-109.500000 14.045565
-109.400000 14.085438
-109.300000 14.125369
-109.200000 14.165356
-109.100000 14.205399
-109.000000 14.245499
-108.900000 14.285655
-108.800000 14.325868
-108.700000 14.366138
-108.600000 14.406464
-108.500000 14.446846
-108.400000 14.487285
-108.300000 14.527781
-108.200000 14.568333
-108.100000 14.608941
-108.000000 14.649607
-107.900000 14.690328
-107.800000 14.731106
-107.700000 14.771941
-107.600000 14.812832
-107.500000 14.853780
-107.400000 14.894784
-107.300000 14.935845
-107.200000 14.976962
-107.100000 15.018136
-107.000000 15.059366
-106.900000 15.100653
-106.800000 15.141996
-106.700000 15.183396
-106.600000 15.224852
-106.500000 15.266365
-106.400000 15.307935
-106.300000 15.349560
-106.200000 15.391243
-106.100000 15.432982
-106.000000 15.474777
-105.900000 15.516629
-105.800000 15.558538
-105.700000 15.600503
-105.600000 15.642524
-105.500000 15.684602
-105.400000 15.726737
-105.300000 15.768928
-105.200000 15.811176
-105.100000 15.853480
-105.000000 15.895840
-104.900000 15.938258
-104.800000 15.980731
-104.700000 16.023262
-104.600000 16.065848
-104.500000 16.108492
-104.400000 16.151191
-104.300000 16.193948
-104.200000 16.236760
-104.100000 16.279630
-104.000000 16.322555
-103.900000 16.365538
-103.800000 16.408577
-103.700000 16.451672
-103.600000 16.494824
-103.500000 16.538032
-103.400000 16.581297
-103.300000 16.624619
-103.200000 16.667997
-103.100000 16.711431
-103.000000 16.754922
-102.900000 16.798470
-102.800000 16.842074
-102.700000 16.885735
-102.600000 16.929452
-102.500000 16.973225
-102.400000 17.017055
-102.300000 17.060942
-102.200000 17.104885
-102.100000 17.148885
-102.000000 17.192941
-101.900000 17.237054
-101.800000 17.281223
-101.700000 17.325449
-101.600000 17.369731
-101.500000 17.414070
-101.400000 17.458465
-101.300000 17.502917
-101.200000 17.547425
-101.100000 17.591990
-101.000000 17.636612
-100.900000 17.681290
-100.800000 17.726024
-100.700000 17.770815
-100.600000 17.815662
-100.500000 17.860566
-100.400000 17.905527
-100.300000 17.950544
-100.200000 17.995617
-100.100000 18.040747
-100.000000 18.085934
-99.900000 18.131177
-99.800000 18.176477
-99.700000 18.221833
-99.600000 18.267246
-99.500000 18.312715
-99.400000 18.358240
-99.300000 18.403823
-99.200000 18.449461
-99.100000 18.495157
-99.000000 18.540908
-98.900000 18.586717
-98.800000 18.632581
-98.700000 18.678503
-98.600000 18.724481
-98.500000 18.770515
-98.400000 18.816606
-98.300000 18.862753
-98.200000 18.908957
-98.100000 18.955218
-98.000000 19.001534
-97.900000 19.047908
-97.800000 19.094338
-97.700000 19.140824
-97.600000 19.187367
-97.500000 19.233967
-97.400000 19.280623
-97.300000 19.327336
-97.200000 19.374105
-97.100000 19.420930
-97.000000 19.467812
-96.900000 19.514751
-96.800000 19.561746
-96.700000 19.608798
-96.600000 19.655906
-96.500000 19.703071
-96.400000 19.750292
-96.300000 19.797570
-96.200000 19.844904
-96.100000 19.892295
-96.000000 19.939742
-95.900000 19.987246
-95.800000 20.034806
-95.700000 20.082423
-95.600000 20.130097
-95.500000 20.177827
-95.400000 20.225613
-95.300000 20.273456
-95.200000 20.321356
-95.100000 20.369311
-95.000000 20.417324
-94.900000 20.465393
-94.800000 20.513519
-94.700000 20.561701
-94.600000 20.609939
-94.500000 20.658234
-94.400000 20.706586
-94.300000 20.754994
-94.200000 20.803459
-94.100000 20.851980
-94.000000 20.900558
-93.900000 20.949192
-93.800000 20.997882
-93.700000 21.046630
-93.600000 21.095433
-93.500000 21.144294
-93.400000 21.193211
-93.300000 21.242184
-93.200000 21.291214
-93.100000 21.340300
-93.000000 21.389443
-92.900000 21.438642
-92.800000 21.487898
-92.700000 21.537211
-92.600000 21.586580
-92.500000 21.636005
-92.400000 21.685487
-92.300000 21.735026
-92.200000 21.784621
-92.100000 21.834272
-92.000000 21.883980
-91.900000 21.933745
-91.800000 21.983566
-91.700000 22.033443
-91.600000 22.083378
-91.500000 22.133368
-91.400000 22.183415
-91.300000 22.233519
-91.200000 22.283679
-91.100000 22.333896
-91.000000 22.384169
-90.900000 22.434499
-90.800000 22.484885
-90.700000 22.535328
-90.600000 22.585827
-90.500000 22.636383
-90.400000 22.686996
-90.300000 22.737665
-90.200000 22.788390
-90.100000 22.839172
-90.000000 22.890010
-89.900000 22.940905
-89.800000 22.991857
-89.700000 23.042865
-89.600000 23.093929
-89.500000 23.145050
-89.400000 23.196228
-89.300000 23.247462
-89.200000 23.298752
-89.100000 23.350099
-89.000000 23.401503
-88.900000 23.452963
-88.800000 23.504480
-88.700000 23.556053
-88.600000 23.607683
-88.500000 23.659369
-88.400000 23.711112
-88.300000 23.762911
-88.200000 23.814767
-88.100000 23.866679
-88.000000 23.918648
-87.900000 23.970673
-87.800000 24.022755
-87.700000 24.074893
-87.600000 24.127088
-87.500000 24.179340
-87.400000 24.231647
-87.300000 24.284012
-87.200000 24.336433
-87.100000 24.388910
-87.000000 24.441444
-86.900000 24.494035
-86.800000 24.546682
-86.700000 24.599385
-86.600000 24.652145
-86.500000 24.704962
-86.400000 24.757835
-86.300000 24.810765
-86.200000 24.863751
-86.100000 24.916794
-86.000000 24.969893
-85.900000 25.023048
-85.800000 25.076261
-85.700000 25.129529
-85.600000 25.182855
-85.500000 25.236236
-85.400000 25.289675
-85.300000 25.343169
-85.200000 25.396721
-85.100000 25.450329
-85.000000 25.503993
-84.900000 25.557714
-84.800000 25.611491
-84.700000 25.665325
-84.600000 25.719216
-84.500000 25.773163
-84.400000 25.827166
-84.300000 25.881226
-84.200000 25.935342
-84.100000 25.989516
-84.000000 26.043745
-83.900000 26.098031
-83.800000 26.152374
-83.700000 26.206773
-83.600000 26.261228
-83.500000 26.315741
-83.400000 26.370309
-83.300000 26.424934
-83.200000 26.479616
-83.100000 26.534354
-83.000000 26.589149
-82.900000 26.644000
-82.800000 26.698908
-82.700000 26.753872
-82.600000 26.808893
-82.500000 26.863970
-82.400000 26.919104
-82.300000 26.974295
-82.200000 27.029541
-82.100000 27.084845
-82.000000 27.140205
-81.900000 27.195621
-81.800000 27.251094
-81.700000 27.306624
-81.600000 27.362210
-81.500000 27.417852
-81.400000 27.473551
-81.300000 27.529307
-81.200000 27.585119
-81.100000 27.640987
-81.000000 27.696912
-80.900000 27.752894
-80.800000 27.808932
-80.700000 27.865027
-80.600000 27.921178
-80.500000 27.977386
-80.400000 28.033650
-80.300000 28.089971
-80.200000 28.146348
-80.100000 28.202782
-80.000000 28.259272
-79.900000 28.315819
-79.800000 28.372422
-79.700000 28.429082
-79.600000 28.485798
-79.500000 28.542571
-79.400000 28.599401
-79.300000 28.656286
-79.200000 28.713229
-79.100000 28.770228
-79.000000 28.827283
-78.900000 28.884395
-78.800000 28.941564
-78.700000 28.998789
-78.600000 29.056070
-78.500000 29.113408
-78.400000 29.170803
-78.300000 29.228254
-78.200000 29.285762
-78.100000 29.343326
-78.000000 29.400947
-77.900000 29.458624
-77.800000 29.516357
-77.700000 29.574148
-77.600000 29.631994
-77.500000 29.689898
-77.400000 29.747857
-77.300000 29.805874
-77.200000 29.863946
-77.100000 29.922076
-77.000000 29.980262
-76.900000 30.038504
-76.800000 30.096803
-76.700000 30.155158
-76.600000 30.213570
-76.500000 30.272039
-76.400000 30.330564
-76.300000 30.389145
-76.200000 30.447783
-76.100000 30.506478
-76.000000 30.565229
-75.900000 30.624036
-75.800000 30.682900
-75.700000 30.741821
-75.600000 30.800798
-75.500000 30.859831
-75.400000 30.918922
-75.300000 30.978068
-75.200000 31.037271
-75.100000 31.096531
-75.000000 31.155847
-74.900000 31.215220
-74.800000 31.274649
-74.700000 31.334135
-74.600000 31.393677
-74.500000 31.453276
-74.400000 31.512932
-74.300000 31.572643
-74.200000 31.632412
-74.100000 31.692237
-74.000000 31.752118
-73.900000 31.812056
-73.800000 31.872050
-73.700000 31.932101
-73.600000 31.992209
-73.500000 32.052373
-73.400000 32.112593
-73.300000 32.172870
-73.200000 32.233204
-73.100000 32.293594
-73.000000 32.354040
-72.900000 32.414544
-72.800000 32.475103
-72.700000 32.535719
-72.600000 32.596392
-72.500000 32.657121
-72.400000 32.717907
-72.300000 32.778749
-72.200000 32.839648
-72.100000 32.900603
-72.000000 32.961615
-71.900000 33.022683
-71.800000 33.083808
-71.700000 33.144989
-71.600000 33.206227
-71.500000 33.267521
-71.400000 33.328872
-71.300000 33.390280
-71.200000 33.451744
-71.100000 33.513264
-71.000000 33.574841
-70.900000 33.636474
-70.800000 33.698164
-70.700000 33.759911
-70.600000 33.821714
-70.500000 33.883574
-70.400000 33.945490
-70.300000 34.007462
-70.200000 34.069491
-70.100000 34.131577
-70.000000 34.193719
-69.900000 34.255918
-69.800000 34.318173
-69.700000 34.380485
-69.600000 34.442853
-69.500000 34.505278
-69.400000 34.567759
-69.300000 34.630297
-69.200000 34.692891
-69.100000 34.755542
-69.000000 34.818249
-68.900000 34.881013
-68.800000 34.943833
-68.700000 35.006710
-68.600000 35.069643
-68.500000 35.132633
-68.400000 35.195680
-68.300000 35.258783
-68.200000 35.321942
-68.100000 35.385158
-68.000000 35.448431
-67.900000 35.511760
-67.800000 35.575145
-67.700000 35.638587
-67.600000 35.702086
-67.500000 35.765641
-67.400000 35.829253
-67.300000 35.892921
-67.200000 35.956646
-67.100000 36.020427
-67.000000 36.084264
-66.900000 36.148159
-66.800000 36.212109
-66.700000 36.276117
-66.600000 36.340180
-66.500000 36.404301
-66.400000 36.468477
-66.300000 36.532711
-66.200000 36.597001
-66.100000 36.661347
-66.000000 36.725750
-65.900000 36.790209
-65.800000 36.854725
-65.700000 36.919298
-65.600000 36.983927
-65.500000 37.048612
-65.400000 37.113354
-65.300000 37.178153
-65.200000 37.243008
-65.100000 37.307919
-65.000000 37.372887
-64.900000 37.437912
-64.800000 37.502993
-64.700000 37.568130
-64.600000 37.633325
-64.500000 37.698575
-64.400000 37.763882
-64.300000 37.829246
-64.200000 37.894666
-64.100000 37.960143
-64.000000 38.025676
-63.900000 38.091266
-63.800000 38.156912
-63.700000 38.222615
-63.600000 38.288375
-63.500000 38.354190
-63.400000 38.420063
-63.300000 38.485992
-63.200000 38.551977
-63.100000 38.618019
-63.000000 38.684117
-62.900000 38.750272
-62.800000 38.816484
-62.700000 38.882752
-62.600000 38.949076
-62.500000 39.015457
-62.400000 39.081895
-62.300000 39.148389
-62.200000 39.214940
-62.100000 39.281547
-62.000000 39.348210
-61.900000 39.414930
-61.800000 39.481707
-61.700000 39.548540
-61.600000 39.615430
-61.500000 39.682376
-61.400000 39.749379
-61.300000 39.816438
-61.200000 39.883554
-61.100000 39.950726
-61.000000 40.017955
-60.900000 40.085240
-60.800000 40.152582
-60.700000 40.219981
-60.600000 40.287435
-60.500000 40.354947
-60.400000 40.422515
-60.300000 40.490139
-60.200000 40.557820
-60.100000 40.625558
-60.000000 40.693352
-59.900000 40.761202
-59.800000 40.829109
-59.700000 40.897073
-59.600000 40.965093
-59.500000 41.033169
-59.400000 41.101302
-59.300000 41.169492
-59.200000 41.237738
-59.100000 41.306041
-59.000000 41.374400
-58.900000 41.442816
-58.800000 41.511288
-58.700000 41.579817
-58.600000 41.648402
-58.500000 41.717044
-58.400000 41.785742
-58.300000 41.854497
-58.200000 41.923308
-58.100000 41.992176
-58.000000 42.061100
-57.900000 42.130081
-57.800000 42.199119
-57.700000 42.268213
-57.600000 42.337363
-57.500000 42.406570
-57.400000 42.475833
-57.300000 42.545153
-57.200000 42.614530
-57.100000 42.683963
-57.000000 42.753453
-56.900000 42.822999
-56.800000 42.892601
-56.700000 42.962260
-56.600000 43.031976
-56.500000 43.101748
-56.400000 43.171577
-56.300000 43.241462
-56.200000 43.311404
-56.100000 43.381402
-56.000000 43.451457
-55.900000 43.521568
-55.800000 43.591736
-55.700000 43.661960
-55.600000 43.732241
-55.500000 43.802578
-55.400000 43.872972
-55.300000 43.943422
-55.200000 44.013929
-55.100000 44.084493
-55.000000 44.155112
-54.900000 44.225789
-54.800000 44.296522
-54.700000 44.367311
-54.600000 44.438157
-54.500000 44.509060
-54.400000 44.580019
-54.300000 44.651034
-54.200000 44.722106
-54.100000 44.793235
-54.000000 44.864420
-53.900000 44.935662
-53.800000 45.006960
-53.700000 45.078315
-53.600000 45.149726
-53.500000 45.221193
-53.400000 45.292718
-53.300000 45.364298
-53.200000 45.435936
-53.100000 45.507629
-53.000000 45.579380
-52.900000 45.651187
-52.800000 45.723050
-52.700000 45.794970
-52.600000 45.866946
-52.500000 45.938979
-52.400000 46.011068
-52.300000 46.083214
-52.200000 46.155417
-52.100000 46.227676
-52.000000 46.299991
-51.900000 46.372363
-51.800000 46.444792
-51.700000 46.517277
-51.600000 46.589818
-51.500000 46.662416
-51.400000 46.735071
-51.300000 46.807782
-51.200000 46.880550
-51.100000 46.953374
-51.000000 47.026254
-50.900000 47.099192
-50.800000 47.172185
-50.700000 47.245236
-50.600000 47.318342
-50.500000 47.391506
-50.400000 47.464725
-50.300000 47.538002
-50.200000 47.611334
-50.100000 47.684724
-50.000000 47.758170
-49.900000 47.831672
-49.800000 47.905231
-49.700000 47.978846
-49.600000 48.052518
-49.500000 48.126247
-49.400000 48.200032
-49.300000 48.273873
-49.200000 48.347771
-49.100000 48.421726
-49.000000 48.495737
-48.900000 48.569804
-48.800000 48.643928
-48.700000 48.718109
-48.600000 48.792346
-48.500000 48.866640
-48.400000 48.940990
-48.300000 49.015396
-48.200000 49.089860
-48.100000 49.164379
-48.000000 49.238955
-47.900000 49.313588
-47.800000 49.388277
-47.700000 49.463023
-47.600000 49.537826
-47.500000 49.612684
-47.400000 49.687600
-47.300000 49.762572
-47.200000 49.837600
-47.100000 49.912685
-47.000000 49.987826
-46.900000 50.063024
-46.800000 50.138279
-46.700000 50.213590
-46.600000 50.288957
-46.500000 50.364381
-46.400000 50.439861
-46.300000 50.515399
-46.200000 50.590992
-46.100000 50.666642
-46.000000 50.742349
-45.900000 50.818112
-45.800000 50.893931
-45.700000 50.969808
-45.600000 51.045740
-45.500000 51.121729
-45.400000 51.197775
-45.300000 51.273877
-45.200000 51.350036
-45.100000 51.426251
-45.000000 51.502523
-44.900000 51.578851
-44.800000 51.655236
-44.700000 51.731678
-44.600000 51.808175
-44.500000 51.884730
-44.400000 51.961341
-44.300000 52.038008
-44.200000 52.114732
-44.100000 52.191512
-44.000000 52.268349
-43.900000 52.345243
-43.800000 52.422193
-43.700000 52.499199
-43.600000 52.576262
-43.500000 52.653382
-43.400000 52.730558
-43.300000 52.807791
-43.200000 52.885080
-43.100000 52.962425
-43.000000 53.039828
-42.900000 53.117286
-42.800000 53.194801
-42.700000 53.272373
-42.600000 53.350001
-42.500000 53.427686
-42.400000 53.505427
-42.300000 53.583225
-42.200000 53.661079
-42.100000 53.738990
-42.000000 53.816958
-41.900000 53.894981
-41.800000 53.973062
-41.700000 54.051199
-41.600000 54.129392
-41.500000 54.207642
-41.400000 54.285948
-41.300000 54.364311
-41.200000 54.442731
-41.100000 54.521207
-41.000000 54.599739
-40.900000 54.678328
-40.800000 54.756974
-40.700000 54.835676
-40.600000 54.914435
-40.500000 54.993250
-40.400000 55.072121
-40.300000 55.151050
-40.200000 55.230034
-40.100000 55.309075
-40.000000 55.388173
-39.900000 55.467327
-39.800000 55.546538
-39.700000 55.625805
-39.600000 55.705129
-39.500000 55.784509
-39.400000 55.863946
-39.300000 55.943439
-39.200000 56.022989
-39.100000 56.102596
-39.000000 56.182259
-38.900000 56.261978
-38.800000 56.341754
-38.700000 56.421586
-38.600000 56.501475
-38.500000 56.581421
-38.400000 56.661423
-38.300000 56.741481
-38.200000 56.821596
-38.100000 56.901768
-38.000000 56.981996
-37.900000 57.062281
-37.800000 57.142622
-37.700000 57.223019
-37.600000 57.303473
-37.500000 57.383984
-37.400000 57.464551
-37.300000 57.545175
-37.200000 57.625855
-37.100000 57.706592
-37.000000 57.787385
-36.900000 57.868235
-36.800000 57.949141
-36.700000 58.030104
-36.600000 58.111123
-36.500000 58.192199
-36.400000 58.273332
-36.300000 58.354521
-36.200000 58.435766
-36.100000 58.517068
-36.000000 58.598426
-35.900000 58.679841
-35.800000 58.761313
-35.700000 58.842841
-35.600000 58.924425
-35.500000 59.006066
-35.400000 59.087764
-35.300000 59.169518
-35.200000 59.251329
-35.100000 59.333196
-35.000000 59.415119
-34.900000 59.497099
-34.800000 59.579136
-34.700000 59.661229
-34.600000 59.743379
-34.500000 59.825585
-34.400000 59.907848
-34.300000 59.990167
-34.200000 60.072543
-34.100000 60.154975
-34.000000 60.237464
-33.900000 60.320009
-33.800000 60.402611
-33.700000 60.485270
-33.600000 60.567985
-33.500000 60.650756
-33.400000 60.733584
-33.300000 60.816468
-33.200000 60.899409
-33.100000 60.982407
-33.000000 61.065461
-32.900000 61.148571
-32.800000 61.231738
-32.700000 61.314962
-32.600000 61.398242
-32.500000 61.481579
-32.400000 61.564972
-32.300000 61.648421
-32.200000 61.731927
-32.100000 61.815490
-32.000000 61.899109
-31.900000 61.982785
-31.800000 62.066517
-31.700000 62.150306
-31.600000 62.234151
-31.500000 62.318053
-31.400000 62.402011
-31.300000 62.486026
-31.200000 62.570097
-31.100000 62.654225
-31.000000 62.738410
-30.900000 62.822651
-30.800000 62.906948
-30.700000 62.991302
-30.600000 63.075712
-30.500000 63.160179
-30.400000 63.244703
-30.300000 63.329283
-30.200000 63.413919
-30.100000 63.498612
-30.000000 63.583362
-29.900000 63.668168
-29.800000 63.753031
-29.700000 63.837950
-29.600000 63.922925
-29.500000 64.007957
-29.400000 64.093046
-29.300000 64.178191
-29.200000 64.263393
-29.100000 64.348651
-29.000000 64.433966
-28.900000 64.519337
-28.800000 64.604765
-28.700000 64.690249
-28.600000 64.775790
-28.500000 64.861387
-28.400000 64.947041
-28.300000 65.032752
-28.200000 65.118519
-28.100000 65.204342
-28.000000 65.290222
-27.900000 65.376158
-27.800000 65.462151
-27.700000 65.548201
-27.600000 65.634307
-27.500000 65.720469
-27.400000 65.806688
-27.300000 65.892964
-27.200000 65.979296
-27.100000 66.065685
-27.000000 66.152130
-26.900000 66.238631
-26.800000 66.325190
-26.700000 66.411804
-26.600000 66.498475
-26.500000 66.585203
-26.400000 66.671987
-26.300000 66.758828
-26.200000 66.845725
-26.100000 66.932679
-26.000000 67.019689
-25.900000 67.106756
-25.800000 67.193880
-25.700000 67.281059
-25.600000 67.368296
-25.500000 67.455589
-25.400000 67.542938
-25.300000 67.630344
-25.200000 67.717806
-25.100000 67.805325
-25.000000 67.892901
-24.900000 67.980533
-24.800000 68.068221
-24.700000 68.155966
-24.600000 68.243768
-24.500000 68.331626
-24.400000 68.419541
-24.300000 68.507512
-24.200000 68.595539
-24.100000 68.683624
-24.000000 68.771764
-23.900000 68.859961
-23.800000 68.948215
-23.700000 69.036525
-23.600000 69.124892
-23.500000 69.213315
-23.400000 69.301795
-23.300000 69.390331
-23.200000 69.478924
-23.100000 69.567574
-23.000000 69.656279
-22.900000 69.745042
-22.800000 69.833861
-22.700000 69.922736
-22.600000 70.011668
-22.500000 70.100657
-22.400000 70.189701
-22.300000 70.278803
-22.200000 70.367961
-22.100000 70.457175
-22.000000 70.546447
-21.900000 70.635774
-21.800000 70.725158
-21.700000 70.814599
-21.600000 70.904096
-21.500000 70.993650
-21.400000 71.083260
-21.300000 71.172926
-21.200000 71.262650
-21.100000 71.352429
-21.000000 71.442265
-20.900000 71.532158
-20.800000 71.622107
-20.700000 71.712113
-20.600000 71.802176
-20.500000 71.892294
-20.400000 71.982470
-20.300000 72.072702
-20.200000 72.162990
-20.100000 72.253335
-20.000000 72.343736
-19.900000 72.434194
-19.800000 72.524709
-19.700000 72.615280
-19.600000 72.705907
-19.500000 72.796591
-19.400000 72.887332
-19.300000 72.978129
-19.200000 73.068982
-19.100000 73.159892
-19.000000 73.250859
-18.900000 73.341882
-18.800000 73.432962
-18.700000 73.524098
-18.600000 73.615290
-18.500000 73.706540
-18.400000 73.797845
-18.300000 73.889208
-18.200000 73.980626
-18.100000 74.072102
-18.000000 74.163633
-17.900000 74.255222
-17.800000 74.346866
-17.700000 74.438568
-17.600000 74.530326
-17.500000 74.622140
-17.400000 74.714011
-17.300000 74.805938
-17.200000 74.897922
-17.100000 74.989963
-17.000000 75.082060
-16.900000 75.174213
-16.800000 75.266423
-16.700000 75.358690
-16.600000 75.451013
-16.500000 75.543392
-16.400000 75.635828
-16.300000 75.728321
-16.200000 75.820870
-16.100000 75.913476
-16.000000 76.006138
-15.900000 76.098857
-15.800000 76.191632
-15.700000 76.284463
-15.600000 76.377352
-15.500000 76.470296
-15.400000 76.563298
-15.300000 76.656355
-15.200000 76.749470
-15.100000 76.842641
-15.000000 76.935868
-14.900000 77.029152
-14.800000 77.122492
-14.700000 77.215889
-14.600000 77.309342
-14.500000 77.402852
-14.400000 77.496419
-14.300000 77.590042
-14.200000 77.683721
-14.100000 77.777457
-14.000000 77.871250
-13.900000 77.965099
-13.800000 78.059004
-13.700000 78.152967
-13.600000 78.246985
-13.500000 78.341060
-13.400000 78.435192
-13.300000 78.529380
-13.200000 78.623625
-13.100000 78.717926
-13.000000 78.812284
-12.900000 78.906698
-12.800000 79.001169
-12.700000 79.095696
-12.600000 79.190280
-12.500000 79.284920
-12.400000 79.379617
-12.300000 79.474370
-12.200000 79.569180
-12.100000 79.664046
-12.000000 79.758969
-11.900000 79.853949
-11.800000 79.948985
-11.700000 80.044077
-11.600000 80.139226
-11.500000 80.234431
-11.400000 80.329693
-11.300000 80.425012
-11.200000 80.520387
-11.100000 80.615819
-11.000000 80.711307
-10.900000 80.806851
-10.800000 80.902452
-10.700000 80.998110
-10.600000 81.093824
-10.500000 81.189595
-10.400000 81.285422
-10.300000 81.381306
-10.200000 81.477246
-10.100000 81.573243
-10.000000 81.669296
-9.900000 81.765406
-9.800000 81.861572
-9.700000 81.957795
-9.600000 82.054074
-9.500000 82.150410
-9.400000 82.246802
-9.300000 82.343251
-9.200000 82.439757
-9.100000 82.536319
-9.000000 82.632937
-8.900000 82.729612
-8.800000 82.826344
-8.700000 82.923132
-8.600000 83.019976
-8.500000 83.116877
-8.400000 83.213835
-8.300000 83.310849
-8.200000 83.407919
-8.100000 83.505047
-8.000000 83.602230
-7.900000 83.699470
-7.800000 83.796767
-7.700000 83.894120
-7.600000 83.991530
-7.500000 84.088996
-7.400000 84.186519
-7.300000 84.284098
-7.200000 84.381734
-7.100000 84.479426
-7.000000 84.577175
-6.900000 84.674980
-6.800000 84.772842
-6.700000 84.870761
-6.600000 84.968736
-6.500000 85.066767
-6.400000 85.164855
-6.300000 85.262999
-6.200000 85.361200
-6.100000 85.459458
-6.000000 85.557772
-5.900000 85.656142
-5.800000 85.754569
-5.700000 85.853053
-5.600000 85.951593
-5.500000 86.050190
-5.400000 86.148843
-5.300000 86.247552
-5.200000 86.346319
-5.100000 86.445141
-5.000000 86.544020
-4.900000 86.642956
-4.800000 86.741948
-4.700000 86.840997
-4.600000 86.940102
-4.500000 87.039264
-4.400000 87.138482
-4.300000 87.237757
-4.200000 87.337089
-4.100000 87.436476
-4.000000 87.535921
-3.900000 87.635422
-3.800000 87.734979
-3.700000 87.834593
-3.600000 87.934264
-3.500000 88.033991
-3.400000 88.133774
-3.300000 88.233614
-3.200000 88.333511
-3.100000 88.433464
-3.000000 88.533473
-2.900000 88.633539
-2.800000 88.733662
-2.700000 88.833841
-2.600000 88.934077
-2.500000 89.034369
-2.400000 89.134717
-2.300000 89.235123
-2.200000 89.335584
-2.100000 89.436103
-2.000000 89.536677
-1.900000 89.637309
-1.800000 89.737996
-1.700000 89.838741
-1.600000 89.939541
-1.500000 90.040399
-1.400000 90.141313
-1.300000 90.242283
-1.200000 90.343310
-1.100000 90.444393
-1.000000 90.545533
-0.900000 90.646730
-0.800000 90.747983
-0.700000 90.849292
-0.600000 90.950658
-0.500000 91.052081
-0.400000 91.153560
-0.300000 91.255095
-0.200000 91.356687
-0.100000 91.458336
-0.000000 91.560041
0.100000 91.458336
0.200000 91.356687
0.300000 91.255095
0.400000 91.153560
0.500000 91.052081
0.600000 90.950658
0.700000 90.849292
0.800000 90.747983
0.900000 90.646730
1.000000 90.545533
1.100000 90.444393
1.200000 90.343310
1.300000 90.242283
1.400000 90.141313
1.500000 90.040399
1.600000 89.939541
1.700000 89.838741
1.800000 89.737996
1.900000 89.637309
2.000000 89.536677
2.100000 89.436103
2.200000 89.335584
2.300000 89.235123
2.400000 89.134717
2.500000 89.034369
2.600000 88.934077
2.700000 88.833841
2.800000 88.733662
2.900000 88.633539
3.000000 88.533473
3.100000 88.433464
3.200000 88.333511
3.300000 88.233614
3.400000 88.133774
3.500000 88.033991
3.600000 87.934264
3.700000 87.834593
3.800000 87.734979
3.900000 87.635422
4.000000 87.535921
4.100000 87.436476
4.200000 87.337089
4.300000 87.237757
4.400000 87.138482
4.500000 87.039264
4.600000 86.940102
4.700000 86.840997
4.800000 86.741948
4.900000 86.642956
5.000000 86.544020
5.100000 86.445141
5.200000 86.346319
5.300000 86.247552
5.400000 86.148843
5.500000 86.050190
5.600000 85.951593
5.700000 85.853053
5.800000 85.754569
5.900000 85.656142
6.000000 85.557772
6.100000 85.459458
6.200000 85.361200
6.300000 85.262999
6.400000 85.164855
6.500000 85.066767
6.600000 84.968736
6.700000 84.870761
6.800000 84.772842
6.900000 84.674980
7.000000 84.577175
7.100000 84.479426
7.200000 84.381734
7.300000 84.284098
7.400000 84.186519
7.500000 84.088996
7.600000 83.991530
7.700000 83.894120
7.800000 83.796767
7.900000 83.699470
8.000000 83.602230
8.100000 83.505047
8.200000 83.407919
8.300000 83.310849
8.400000 83.213835
8.500000 83.116877
8.600000 83.019976
8.700000 82.923132
8.800000 82.826344
8.900000 82.729612
9.000000 82.632937
9.100000 82.536319
9.200000 82.439757
9.300000 82.343251
9.400000 82.246802
9.500000 82.150410
9.600000 82.054074
9.700000 81.957795
9.800000 81.861572
9.900000 81.765406
10.000000 81.669296
10.100000 81.573243
10.200000 81.477246
10.300000 81.381306
10.400000 81.285422
10.500000 81.189595
10.600000 81.093824
10.700000 80.998110
10.800000 80.902452
10.900000 80.806851
11.000000 80.711307
11.100000 80.615819
11.200000 80.520387
11.300000 80.425012
11.400000 80.329693
11.500000 80.234431
11.600000 80.139226
11.700000 80.044077
11.800000 79.948985
11.900000 79.853949
12.000000 79.758969
12.100000 79.664046
12.200000 79.569180
12.300000 79.474370
12.400000 79.379617
12.500000 79.284920
12.600000 79.190280
12.700000 79.095696
12.800000 79.001169
12.900000 78.906698
13.000000 78.812284
13.100000 78.717926
13.200000 78.623625
13.300000 78.529380
13.400000 78.435192
13.500000 78.341060
13.600000 78.246985
13.700000 78.152967
13.800000 78.059004
13.900000 77.965099
14.000000 77.871250
14.100000 77.777457
14.200000 77.683721
14.300000 77.590042
14.400000 77.496419
14.500000 77.402852
14.600000 77.309342
14.700000 77.215889
14.800000 77.122492
14.900000 77.029152
15.000000 76.935868
15.100000 76.842641
15.200000 76.749470
15.300000 76.656355
15.400000 76.563298
15.500000 76.470296
15.600000 76.377352
15.700000 76.284463
15.800000 76.191632
15.900000 76.098857
16.000000 76.006138
16.100000 75.913476
16.200000 75.820870
16.300000 75.728321
16.400000 75.635828
16.500000 75.543392
16.600000 75.451013
16.700000 75.358690
16.800000 75.266423
16.900000 75.174213
17.000000 75.082060
17.100000 74.989963
17.200000 74.897922
17.300000 74.805938
17.400000 74.714011
17.500000 74.622140
17.600000 74.530326
17.700000 74.438568
17.800000 74.346866
17.900000 74.255222
18.000000 74.163633
18.100000 74.072102
18.200000 73.980626
18.300000 73.889208
18.400000 73.797845
18.500000 73.706540
18.600000 73.615290
18.700000 73.524098
18.800000 73.432962
18.900000 73.341882
19.000000 73.250859
19.100000 73.159892
19.200000 73.068982
19.300000 72.978129
19.400000 72.887332
19.500000 72.796591
19.600000 72.705907
19.700000 72.615280
19.800000 72.524709
19.900000 72.434194
20.000000 72.343736
20.100000 72.253335
20.200000 72.162990
20.300000 72.072702
20.400000 71.982470
20.500000 71.892294
20.600000 71.802176
20.700000 71.712113
20.800000 71.622107
20.900000 71.532158
21.000000 71.442265
21.100000 71.352429
21.200000 71.262650
21.300000 71.172926
21.400000 71.083260
21.500000 70.993650
21.600000 70.904096
21.700000 70.814599
21.800000 70.725158
21.900000 70.635774
22.000000 70.546447
22.100000 70.457175
22.200000 70.367961
22.300000 70.278803
22.400000 70.189701
22.500000 70.100657
22.600000 70.011668
22.700000 69.922736
22.800000 69.833861
22.900000 69.745042
23.000000 69.656279
23.100000 69.567574
23.200000 69.478924
23.300000 69.390331
23.400000 69.301795
23.500000 69.213315
23.600000 69.124892
23.700000 69.036525
23.800000 68.948215
23.900000 68.859961
24.000000 68.771764
24.100000 68.683624
24.200000 68.595539
24.300000 68.507512
24.400000 68.419541
24.500000 68.331626
24.600000 68.243768
24.700000 68.155966
24.800000 68.068221
24.900000 67.980533
25.000000 67.892901
25.100000 67.805325
25.200000 67.717806
25.300000 67.630344
25.400000 67.542938
25.500000 67.455589
25.600000 67.368296
25.700000 67.281059
25.800000 67.193880
25.900000 67.106756
26.000000 67.019689
26.100000 66.932679
26.200000 66.845725
26.300000 66.758828
26.400000 66.671987
26.500000 66.585203
26.600000 66.498475
26.700000 66.411804
26.800000 66.325190
26.900000 66.238631
27.000000 66.152130
27.100000 66.065685
27.200000 65.979296
27.300000 65.892964
27.400000 65.806688
27.500000 65.720469
27.600000 65.634307
27.700000 65.548201
27.800000 65.462151
27.900000 65.376158
28.000000 65.290222
28.100000 65.204342
28.200000 65.118519
28.300000 65.032752
28.400000 64.947041
28.500000 64.861387
28.600000 64.775790
28.700000 64.690249
28.800000 64.604765
28.900000 64.519337
29.000000 64.433966
29.100000 64.348651
29.200000 64.263393
29.300000 64.178191
29.400000 64.093046
29.500000 64.007957
29.600000 63.922925
29.700000 63.837950
29.800000 63.753031
29.900000 63.668168
30.000000 63.583362
30.100000 63.498612
30.200000 63.413919
30.300000 63.329283
30.400000 63.244703
30.500000 63.160179
30.600000 63.075712
30.700000 62.991302
30.800000 62.906948
30.900000 62.822651
31.000000 62.738410
31.100000 62.654225
31.200000 62.570097
31.300000 62.486026
31.400000 62.402011
31.500000 62.318053
31.600000 62.234151
31.700000 62.150306
31.800000 62.066517
31.900000 61.982785
32.000000 61.899109
32.100000 61.815490
32.200000 61.731927
32.300000 61.648421
32.400000 61.564972
32.500000 61.481579
32.600000 61.398242
32.700000 61.314962
32.800000 61.231738
32.900000 61.148571
33.000000 61.065461
33.100000 60.982407
33.200000 60.899409
33.300000 60.816468
33.400000 60.733584
33.500000 60.650756
33.600000 60.567985
33.700000 60.485270
33.800000 60.402611
33.900000 60.320009
34.000000 60.237464
34.100000 60.154975
34.200000 60.072543
34.300000 59.990167
34.400000 59.907848
34.500000 59.825585
34.600000 59.743379
34.700000 59.661229
34.800000 59.579136
34.900000 59.497099
35.000000 59.415119
35.100000 59.333196
35.200000 59.251329
35.300000 59.169518
35.400000 59.087764
35.500000 59.006066
35.600000 58.924425
35.700000 58.842841
35.800000 58.761313
35.900000 58.679841
36.000000 58.598426
36.100000 58.517068
36.200000 58.435766
36.300000 58.354521
36.400000 58.273332
36.500000 58.192199
36.600000 58.111123
36.700000 58.030104
36.800000 57.949141
36.900000 57.868235
37.000000 57.787385
37.100000 57.706592
37.200000 57.625855
37.300000 57.545175
37.400000 57.464551
37.500000 57.383984
37.600000 57.303473
37.700000 57.223019
37.800000 57.142622
37.900000 57.062281
38.000000 56.981996
38.100000 56.901768
38.200000 56.821596
38.300000 56.741481
38.400000 56.661423
38.500000 56.581421
38.600000 56.501475
38.700000 56.421586
38.800000 56.341754
38.900000 56.261978
39.000000 56.182259
39.100000 56.102596
39.200000 56.022989
39.300000 55.943439
39.400000 55.863946
39.500000 55.784509
39.600000 55.705129
39.700000 55.625805
39.800000 55.546538
39.900000 55.467327
40.000000 55.388173
40.100000 55.309075
40.200000 55.230034
40.300000 55.151050
40.400000 55.072121
40.500000 54.993250
40.600000 54.914435
40.700000 54.835676
40.800000 54.756974
40.900000 54.678328
41.000000 54.599739
41.100000 54.521207
41.200000 54.442731
41.300000 54.364311
41.400000 54.285948
41.500000 54.207642
41.600000 54.129392
41.700000 54.051199
41.800000 53.973062
41.900000 53.894981
42.000000 53.816958
42.100000 53.738990
42.200000 53.661079
42.300000 53.583225
42.400000 53.505427
42.500000 53.427686
42.600000 53.350001
42.700000 53.272373
42.800000 53.194801
42.900000 53.117286
43.000000 53.039828
43.100000 52.962425
43.200000 52.885080
43.300000 52.807791
43.400000 52.730558
43.500000 52.653382
43.600000 52.576262
43.700000 52.499199
43.800000 52.422193
43.900000 52.345243
44.000000 52.268349
44.100000 52.191512
44.200000 52.114732
44.300000 52.038008
44.400000 51.961341
44.500000 51.884730
44.600000 51.808175
44.700000 51.731678
44.800000 51.655236
44.900000 51.578851
45.000000 51.502523
45.100000 51.426251
45.200000 51.350036
45.300000 51.273877
45.400000 51.197775
45.500000 51.121729
45.600000 51.045740
45.700000 50.969808
45.800000 50.893931
45.900000 50.818112
46.000000 50.742349
46.100000 50.666642
46.200000 50.590992
46.300000 50.515399
46.400000 50.439861
46.500000 50.364381
46.600000 50.288957
46.700000 50.213590
46.800000 50.138279
46.900000 50.063024
47.000000 49.987826
47.100000 49.912685
47.200000 49.837600
47.300000 49.762572
47.400000 49.687600
47.500000 49.612684
47.600000 49.537826
47.700000 49.463023
47.800000 49.388277
47.900000 49.313588
48.000000 49.238955
48.100000 49.164379
48.200000 49.089860
48.300000 49.015396
48.400000 48.940990
48.500000 48.866640
48.600000 48.792346
48.700000 48.718109
48.800000 48.643928
48.900000 48.569804
49.000000 48.495737
49.100000 48.421726
49.200000 48.347771
49.300000 48.273873
49.400000 48.200032
49.500000 48.126247
49.600000 48.052518
49.700000 47.978846
49.800000 47.905231
49.900000 47.831672
50.000000 47.758170
50.100000 47.684724
50.200000 47.611334
50.300000 47.538002
50.400000 47.464725
50.500000 47.391506
50.600000 47.318342
50.700000 47.245236
50.800000 47.172185
50.900000 47.099192
51.000000 47.026254
51.100000 46.953374
51.200000 46.880550
51.300000 46.807782
51.400000 46.735071
51.500000 46.662416
51.600000 46.589818
51.700000 46.517277
51.800000 46.444792
51.900000 46.372363
52.000000 46.299991
52.100000 46.227676
52.200000 46.155417
52.300000 46.083214
52.400000 46.011068
52.500000 45.938979
52.600000 45.866946
52.700000 45.794970
52.800000 45.723050
52.900000 45.651187
53.000000 45.579380
53.100000 45.507629
53.200000 45.435936
53.300000 45.364298
53.400000 45.292718
53.500000 45.221193
53.600000 45.149726
53.700000 45.078315
53.800000 45.006960
53.900000 44.935662
54.000000 44.864420
54.100000 44.793235
54.200000 44.722106
54.300000 44.651034
54.400000 44.580019
54.500000 44.509060
54.600000 44.438157
54.700000 44.367311
54.800000 44.296522
54.900000 44.225789
55.000000 44.155112
55.100000 44.084493
55.200000 44.013929
55.300000 43.943422
55.400000 43.872972
55.500000 43.802578
55.600000 43.732241
55.700000 43.661960
55.800000 43.591736
55.900000 43.521568
56.000000 43.451457
56.100000 43.381402
56.200000 43.311404
56.300000 43.241462
56.400000 43.171577
56.500000 43.101748
56.600000 43.031976
56.700000 42.962260
56.800000 42.892601
56.900000 42.822999
57.000000 42.753453
57.100000 42.683963
57.200000 42.614530
57.300000 42.545153
57.400000 42.475833
57.500000 42.406570
57.600000 42.337363
57.700000 42.268213
57.800000 42.199119
57.900000 42.130081
58.000000 42.061100
58.100000 41.992176
58.200000 41.923308
58.300000 41.854497
58.400000 41.785742
58.500000 41.717044
58.600000 41.648402
58.700000 41.579817
58.800000 41.511288
58.900000 41.442816
59.000000 41.374400
59.100000 41.306041
59.200000 41.237738
59.300000 41.169492
59.400000 41.101302
59.500000 41.033169
59.600000 40.965093
59.700000 40.897073
59.800000 40.829109
59.900000 40.761202
60.000000 40.693352
60.100000 40.625558
60.200000 40.557820
60.300000 40.490139
60.400000 40.422515
60.500000 40.354947
60.600000 40.287435
60.700000 40.219981
60.800000 40.152582
60.900000 40.085240
61.000000 40.017955
61.100000 39.950726
61.200000 39.883554
61.300000 39.816438
61.400000 39.749379
61.500000 39.682376
61.600000 39.615430
61.700000 39.548540
61.800000 39.481707
61.900000 39.414930
62.000000 39.348210
62.100000 39.281547
62.200000 39.214940
62.300000 39.148389
62.400000 39.081895
62.500000 39.015457
62.600000 38.949076
62.700000 38.882752
62.800000 38.816484
62.900000 38.750272
63.000000 38.684117
63.100000 38.618019
63.200000 38.551977
63.300000 38.485992
63.400000 38.420063
63.500000 38.354190
63.600000 38.288375
63.700000 38.222615
63.800000 38.156912
63.900000 38.091266
64.000000 38.025676
64.100000 37.960143
64.200000 37.894666
64.300000 37.829246
64.400000 37.763882
64.500000 37.698575
64.600000 37.633325
64.700000 37.568130
64.800000 37.502993
64.900000 37.437912
65.000000 37.372887
65.100000 37.307919
65.200000 37.243008
65.300000 37.178153
65.400000 37.113354
65.500000 37.048612
65.600000 36.983927
65.700000 36.919298
65.800000 36.854725
65.900000 36.790209
66.000000 36.725750
66.100000 36.661347
66.200000 36.597001
66.300000 36.532711
66.400000 36.468477
66.500000 36.404301
66.600000 36.340180
66.700000 36.276117
66.800000 36.212109
66.900000 36.148159
67.000000 36.084264
67.100000 36.020427
67.200000 35.956646
67.300000 35.892921
67.400000 35.829253
67.500000 35.765641
67.600000 35.702086
67.700000 35.638587
67.800000 35.575145
67.900000 35.511760
68.000000 35.448431
68.100000 35.385158
68.200000 35.321942
68.300000 35.258783
68.400000 35.195680
68.500000 35.132633
68.600000 35.069643
68.700000 35.006710
68.800000 34.943833
68.900000 34.881013
69.000000 34.818249
69.100000 34.755542
69.200000 34.692891
69.300000 34.630297
69.400000 34.567759
69.500000 34.505278
69.600000 34.442853
69.700000 34.380485
69.800000 34.318173
69.900000 34.255918
70.000000 34.193719
70.100000 34.131577
70.200000 34.069491
70.300000 34.007462
70.400000 33.945490
70.500000 33.883574
70.600000 33.821714
70.700000 33.759911
70.800000 33.698164
70.900000 33.636474
71.000000 33.574841
71.100000 33.513264
71.200000 33.451744
71.300000 33.390280
71.400000 33.328872
71.500000 33.267521
71.600000 33.206227
71.700000 33.144989
71.800000 33.083808
71.900000 33.022683
72.000000 32.961615
72.100000 32.900603
72.200000 32.839648
72.300000 32.778749
72.400000 32.717907
72.500000 32.657121
72.600000 32.596392
72.700000 32.535719
72.800000 32.475103
72.900000 32.414544
73.000000 32.354040
73.100000 32.293594
73.200000 32.233204
73.300000 32.172870
73.400000 32.112593
73.500000 32.052373
73.600000 31.992209
73.700000 31.932101
73.800000 31.872050
73.900000 31.812056
74.000000 31.752118
74.100000 31.692237
74.200000 31.632412
74.300000 31.572643
74.400000 31.512932
74.500000 31.453276
74.600000 31.393677
74.700000 31.334135
74.800000 31.274649
74.900000 31.215220
75.000000 31.155847
75.100000 31.096531
75.200000 31.037271
75.300000 30.978068
75.400000 30.918922
75.500000 30.859831
75.600000 30.800798
75.700000 30.741821
75.800000 30.682900
75.900000 30.624036
76.000000 30.565229
76.100000 30.506478
76.200000 30.447783
76.300000 30.389145
76.400000 30.330564
76.500000 30.272039
76.600000 30.213570
76.700000 30.155158
76.800000 30.096803
76.900000 30.038504
77.000000 29.980262
77.100000 29.922076
77.200000 29.863946
77.300000 29.805874
77.400000 29.747857
77.500000 29.689898
77.600000 29.631994
77.700000 29.574148
77.800000 29.516357
77.900000 29.458624
78.000000 29.400947
78.100000 29.343326
78.200000 29.285762
78.300000 29.228254
78.400000 29.170803
78.500000 29.113408
78.600000 29.056070
78.700000 28.998789
78.800000 28.941564
78.900000 28.884395
79.000000 28.827283
79.100000 28.770228
79.200000 28.713229
79.300000 28.656286
79.400000 28.599401
79.500000 28.542571
79.600000 28.485798
79.700000 28.429082
79.800000 28.372422
79.900000 28.315819
80.000000 28.259272
80.100000 28.202782
80.200000 28.146348
80.300000 28.089971
80.400000 28.033650
80.500000 27.977386
80.600000 27.921178
80.700000 27.865027
80.800000 27.808932
80.900000 27.752894
81.000000 27.696912
81.100000 27.640987
81.200000 27.585119
81.300000 27.529307
81.400000 27.473551
81.500000 27.417852
81.600000 27.362210
81.700000 27.306624
81.800000 27.251094
81.900000 27.195621
82.000000 27.140205
82.100000 27.084845
82.200000 27.029541
82.300000 26.974295
82.400000 26.919104
82.500000 26.863970
82.600000 26.808893
82.700000 26.753872
82.800000 26.698908
82.900000 26.644000
83.000000 26.589149
83.100000 26.534354
83.200000 26.479616
83.300000 26.424934
83.400000 26.370309
83.500000 26.315741
83.600000 26.261228
83.700000 26.206773
83.800000 26.152374
83.900000 26.098031
84.000000 26.043745
84.100000 25.989516
84.200000 25.935342
84.300000 25.881226
84.400000 25.827166
84.500000 25.773163
84.600000 25.719216
84.700000 25.665325
84.800000 25.611491
84.900000 25.557714
85.000000 25.503993
85.100000 25.450329
85.200000 25.396721
85.300000 25.343169
85.400000 25.289675
85.500000 25.236236
85.600000 25.182855
85.700000 25.129529
85.800000 25.076261
85.900000 25.023048
86.000000 24.969893
86.100000 24.916794
86.200000 24.863751
86.300000 24.810765
86.400000 24.757835
86.500000 24.704962
86.600000 24.652145
86.700000 24.599385
86.800000 24.546682
86.900000 24.494035
87.000000 24.441444
87.100000 24.388910
87.200000 24.336433
87.300000 24.284012
87.400000 24.231647
87.500000 24.179340
87.600000 24.127088
87.700000 24.074893
87.800000 24.022755
87.900000 23.970673
88.000000 23.918648
88.100000 23.866679
88.200000 23.814767
88.300000 23.762911
88.400000 23.711112
88.500000 23.659369
88.600000 23.607683
88.700000 23.556053
88.800000 23.504480
88.900000 23.452963
89.000000 23.401503
89.100000 23.350099
89.200000 23.298752
89.300000 23.247462
89.400000 23.196228
89.500000 23.145050
89.600000 23.093929
89.700000 23.042865
89.800000 22.991857
89.900000 22.940905
90.000000 22.890010
90.100000 22.839172
90.200000 22.788390
90.300000 22.737665
90.400000 22.686996
90.500000 22.636383
90.600000 22.585827
90.700000 22.535328
90.800000 22.484885
90.900000 22.434499
91.000000 22.384169
91.100000 22.333896
91.200000 22.283679
91.300000 22.233519
91.400000 22.183415
91.500000 22.133368
91.600000 22.083378
91.700000 22.033443
91.800000 21.983566
91.900000 21.933745
92.000000 21.883980
92.100000 21.834272
92.200000 21.784621
92.300000 21.735026
92.400000 21.685487
92.500000 21.636005
92.600000 21.586580
92.700000 21.537211
92.800000 21.487898
92.900000 21.438642
93.000000 21.389443
93.100000 21.340300
93.200000 21.291214
93.300000 21.242184
93.400000 21.193211
93.500000 21.144294
93.600000 21.095433
93.700000 21.046630
93.800000 20.997882
93.900000 20.949192
94.000000 20.900558
94.100000 20.851980
94.200000 20.803459
94.300000 20.754994
94.400000 20.706586
94.500000 20.658234
94.600000 20.609939
94.700000 20.561701
94.800000 20.513519
94.900000 20.465393
95.000000 20.417324
95.100000 20.369311
95.200000 20.321356
95.300000 20.273456
95.400000 20.225613
95.500000 20.177827
95.600000 20.130097
95.700000 20.082423
95.800000 20.034806
95.900000 19.987246
96.000000 19.939742
96.100000 19.892295
96.200000 19.844904
96.300000 19.797570
96.400000 19.750292
96.500000 19.703071
96.600000 19.655906
96.700000 19.608798
96.800000 19.561746
96.900000 19.514751
97.000000 19.467812
97.100000 19.420930
97.200000 19.374105
97.300000 19.327336
97.400000 19.280623
97.500000 19.233967
97.600000 19.187367
97.700000 19.140824
97.800000 19.094338
97.900000 19.047908
98.000000 19.001534
98.100000 18.955218
98.200000 18.908957
98.300000 18.862753
98.400000 18.816606
98.500000 18.770515
98.600000 18.724481
98.700000 18.678503
98.800000 18.632581
98.900000 18.586717
99.000000 18.540908
99.100000 18.495157
99.200000 18.449461
99.300000 18.403823
99.400000 18.358240
99.500000 18.312715
99.600000 18.267246
99.700000 18.221833
99.800000 18.176477
99.900000 18.131177
100.000000 18.085934
100.100000 18.040747
100.200000 17.995617
100.300000 17.950544
100.400000 17.905527
100.500000 17.860566
100.600000 17.815662
100.700000 17.770815
100.800000 17.726024
100.900000 17.681290
101.000000 17.636612
101.100000 17.591990
101.200000 17.547425
101.300000 17.502917
101.400000 17.458465
101.500000 17.414070
101.600000 17.369731
101.700000 17.325449
101.800000 17.281223
101.900000 17.237054
102.000000 17.192941
102.100000 17.148885
102.200000 17.104885
102.300000 17.060942
102.400000 17.017055
102.500000 16.973225
102.600000 16.929452
102.700000 16.885735
102.800000 16.842074
102.900000 16.798470
103.000000 16.754922
103.100000 16.711431
103.200000 16.667997
103.300000 16.624619
103.400000 16.581297
103.500000 16.538032
103.600000 16.494824
103.700000 16.451672
103.800000 16.408577
103.900000 16.365538
104.000000 16.322555
104.100000 16.279630
104.200000 16.236760
104.300000 16.193948
104.400000 16.151191
104.500000 16.108492
104.600000 16.065848
104.700000 16.023262
104.800000 15.980731
104.900000 15.938258
105.000000 15.895840
105.100000 15.853480
105.200000 15.811176
105.300000 15.768928
105.400000 15.726737
105.500000 15.684602
105.600000 15.642524
105.700000 15.600503
105.800000 15.558538
105.900000 15.516629
106.000000 15.474777
106.100000 15.432982
106.200000 15.391243
106.300000 15.349560
106.400000 15.307935
106.500000 15.266365
106.600000 15.224852
106.700000 15.183396
106.800000 15.141996
106.900000 15.100653
107.000000 15.059366
107.100000 15.018136
107.200000 14.976962
107.300000 14.935845
107.400000 14.894784
107.500000 14.853780
107.600000 14.812832
107.700000 14.771941
107.800000 14.731106
107.900000 14.690328
108.000000 14.649607
108.100000 14.608941
108.200000 14.568333
108.300000 14.527781
108.400000 14.487285
108.500000 14.446846
108.600000 14.406464
108.700000 14.366138
108.800000 14.325868
108.900000 14.285655
109.000000 14.245499
109.100000 14.205399
109.200000 14.165356
109.300000 14.125369
109.400000 14.085438
109.500000 14.045565
109.600000 14.005747
109.700000 13.965987
109.800000 13.926282
109.900000 13.886635
110.000000 13.847043
110.100000 13.807509
110.200000 13.768030
110.300000 13.728609
110.400000 13.689243
110.500000 13.649935
110.600000 13.610683
110.700000 13.571487
110.800000 13.532348
110.900000 13.493265
111.000000 13.454239
111.100000 13.415270
111.200000 13.376357
111.300000 13.337500
111.400000 13.298700
111.500000 13.259957
111.600000 13.221270
111.700000 13.182640
111.800000 13.144066
111.900000 13.105548
112.000000 13.067087
112.100000 13.028683
112.200000 12.990335
112.300000 12.952044
112.400000 12.913809
112.500000 12.875631
112.600000 12.837509
112.700000 12.799444
112.800000 12.761435
112.900000 12.723483
113.000000 12.685587
113.100000 12.647748
113.200000 12.609965
113.300000 12.572239
113.400000 12.534570
113.500000 12.496957
113.600000 12.459400
113.700000 12.421900
113.800000 12.384456
113.900000 12.347069
114.000000 12.309739
114.100000 12.272465
114.200000 12.235247
114.300000 12.198086
114.400000 12.160982
114.500000 12.123934
114.600000 12.086943
114.700000 12.050008
114.800000 12.013130
114.900000 11.976308
115.000000 11.939542
115.100000 11.902834
115.200000 11.866181
115.300000 11.829586
115.400000 11.793046
115.500000 11.756564
115.600000 11.720137
115.700000 11.683768
115.800000 11.647455
115.900000 11.611198
116.000000 11.574998
116.100000 11.538854
116.200000 11.502767
116.300000 11.466737
116.400000 11.430762
116.500000 11.394845
116.600000 11.358984
116.700000 11.323179
116.800000 11.287431
116.900000 11.251740
117.000000 11.216105
117.100000 11.180527
117.200000 11.145005
117.300000 11.109539
117.400000 11.074130
117.500000 11.038778
117.600000 11.003482
117.700000 10.968243
117.800000 10.933060
117.900000 10.897934
118.000000 10.862864
118.100000 10.827851
118.200000 10.792894
118.300000 10.757994
118.400000 10.723150
118.500000 10.688363
118.600000 10.653632
118.700000 10.618958
118.800000 10.584341
118.900000 10.549780
119.000000 10.515275
119.100000 10.480827
119.200000 10.446436
119.300000 10.412100
119.400000 10.377822
119.500000 10.343600
119.600000 10.309435
119.700000 10.275326
119.800000 10.241273
119.900000 10.207277
120.000000 10.173338
120.100000 10.139455
120.200000 10.105629
120.300000 10.071859
120.400000 10.038146
120.500000 10.004489
120.600000 9.970888
120.700000 9.937345
120.800000 9.903857
120.900000 9.870427
121.000000 9.837053
121.100000 9.803735
121.200000 9.770474
121.300000 9.737269
121.400000 9.704121
121.500000 9.671029
121.600000 9.637994
121.700000 9.605016
121.800000 9.572094
121.900000 9.539228
122.000000 9.506419
122.100000 9.473667
122.200000 9.440971
122.300000 9.408331
122.400000 9.375748
122.500000 9.343222
122.600000 9.310752
122.700000 9.278339
122.800000 9.245982
122.900000 9.213681
123.000000 9.181437
123.100000 9.149250
123.200000 9.117119
123.300000 9.085045
123.400000 9.053027
123.500000 9.021066
123.600000 8.989161
123.700000 8.957313
123.800000 8.925521
123.900000 8.893786
124.000000 8.862108
124.100000 8.830486
124.200000 8.798920
124.300000 8.767411
124.400000 8.735958
124.500000 8.704562
124.600000 8.673223
124.700000 8.641940
124.800000 8.610713
124.900000 8.579543
125.000000 8.548430
125.100000 8.517373
125.200000 8.486372
125.300000 8.455429
125.400000 8.424541
125.500000 8.393710
125.600000 8.362936
125.700000 8.332218
125.800000 8.301557
125.900000 8.270952
126.000000 8.240404
126.100000 8.209912
126.200000 8.179477
126.300000 8.149098
126.400000 8.118776
126.500000 8.088510
126.600000 8.058301
126.700000 8.028148
126.800000 7.998052
126.900000 7.968013
127.000000 7.938029
127.100000 7.908103
127.200000 7.878233
127.300000 7.848419
127.400000 7.818662
127.500000 7.788962
127.600000 7.759318
127.700000 7.729730
127.800000 7.700199
127.900000 7.670725
128.000000 7.641307
128.100000 7.611946
128.200000 7.582641
128.300000 7.553393
128.400000 7.524201
128.500000 7.495065
128.600000 7.465987
128.700000 7.436964
128.800000 7.407999
128.900000 7.379089
129.000000 7.350237
129.100000 7.321440
129.200000 7.292701
129.300000 7.264018
129.400000 7.235391
129.500000 7.206821
129.600000 7.178307
129.700000 7.149850
129.800000 7.121450
129.900000 7.093106
130.000000 7.064818
130.100000 7.036587
130.200000 7.008412
130.300000 6.980295
130.400000 6.952233
130.500000 6.924228
130.600000 6.896280
130.700000 6.868388
130.800000 6.840552
130.900000 6.812774
131.000000 6.785051
131.100000 6.757385
131.200000 6.729776
131.300000 6.702223
131.400000 6.674727
131.500000 6.647287
131.600000 6.619904
131.700000 6.592577
131.800000 6.565307
131.900000 6.538093
132.000000 6.510936
132.100000 6.483836
132.200000 6.456791
132.300000 6.429804
132.400000 6.402873
132.500000 6.375998
132.600000 6.349180
132.700000 6.322419
132.800000 6.295714
132.900000 6.269065
133.000000 6.242473
133.100000 6.215938
133.200000 6.189459
133.300000 6.163036
133.400000 6.136670
133.500000 6.110361
133.600000 6.084108
133.700000 6.057912
133.800000 6.031772
133.900000 6.005689
134.000000 5.979662
134.100000 5.953692
134.200000 5.927778
134.300000 5.901921
134.400000 5.876120
134.500000 5.850376
134.600000 5.824688
134.700000 5.799057
134.800000 5.773482
134.900000 5.747964
135.000000 5.722503
135.100000 5.697097
135.200000 5.671749
135.300000 5.646457
135.400000 5.621221
135.500000 5.596042
135.600000 5.570920
135.700000 5.545854
135.800000 5.520844
135.900000 5.495891
136.000000 5.470995
136.100000 5.446155
136.200000 5.421372
136.300000 5.396645
136.400000 5.371975
136.500000 5.347361
136.600000 5.322803
136.700000 5.298303
136.800000 5.273858
136.900000 5.249471
137.000000 5.225139
137.100000 5.200865
137.200000 5.176646
137.300000 5.152485
137.400000 5.128380
137.500000 5.104331
137.600000 5.080339
137.700000 5.056403
137.800000 5.032524
137.900000 5.008702
138.000000 4.984936
138.100000 4.961226
138.200000 4.937573
138.300000 4.913977
138.400000 4.890437
138.500000 4.866953
138.600000 4.843526
138.700000 4.820156
138.800000 4.796842
138.900000 4.773584
139.000000 4.750384
139.100000 4.727239
139.200000 4.704151
139.300000 4.681120
139.400000 4.658145
139.500000 4.635227
139.600000 4.612365
139.700000 4.589560
139.800000 4.566811
139.900000 4.544119
140.000000 4.521484
140.100000 4.498904
140.200000 4.476382
140.300000 4.453916
140.400000 4.431506
140.500000 4.409153
140.600000 4.386856
140.700000 4.364616
140.800000 4.342433
140.900000 4.320306
141.000000 4.298235
141.100000 4.276221
141.200000 4.254264
141.300000 4.232363
141.400000 4.210518
141.500000 4.188731
141.600000 4.166999
141.700000 4.145324
141.800000 4.123706
141.900000 4.102144
142.000000 4.080639
142.100000 4.059190
142.200000 4.037798
142.300000 4.016462
142.400000 3.995183
142.500000 3.973960
142.600000 3.952794
142.700000 3.931684
142.800000 3.910631
142.900000 3.889634
143.000000 3.868694
143.100000 3.847811
143.200000 3.826984
143.300000 3.806213
143.400000 3.785499
143.500000 3.764842
143.600000 3.744240
143.700000 3.723696
143.800000 3.703208
143.900000 3.682777
144.000000 3.662402
144.100000 3.642083
144.200000 3.621821
144.300000 3.601616
144.400000 3.581467
144.500000 3.561375
144.600000 3.541339
144.700000 3.521360
144.800000 3.501437
144.900000 3.481571
145.000000 3.461761
145.100000 3.442008
145.200000 3.422311
145.300000 3.402671
145.400000 3.383087
145.500000 3.363560
145.600000 3.344089
145.700000 3.324675
145.800000 3.305317
145.900000 3.286016
146.000000 3.266772
146.100000 3.247584
146.200000 3.228452
146.300000 3.209377
146.400000 3.190359
146.500000 3.171397
146.600000 3.152491
146.700000 3.133642
146.800000 3.114850
146.900000 3.096114
147.000000 3.077435
147.100000 3.058812
147.200000 3.040246
147.300000 3.021736
147.400000 3.003282
147.500000 2.984886
147.600000 2.966545
147.700000 2.948262
147.800000 2.930034
147.900000 2.911864
148.000000 2.893749
148.100000 2.875692
148.200000 2.857691
148.300000 2.839746
148.400000 2.821858
148.500000 2.804026
148.600000 2.786251
148.700000 2.768533
148.800000 2.750871
148.900000 2.733265
149.000000 2.715716
149.100000 2.698224
149.200000 2.680788
149.300000 2.663408
149.400000 2.646085
149.500000 2.628819
149.600000 2.611609
149.700000 2.594455
149.800000 2.577359
149.900000 2.560318
150.000000 2.543334
150.100000 2.526407
150.200000 2.509536
150.300000 2.492722
150.400000 2.475964
150.500000 2.459263
150.600000 2.442618
150.700000 2.426030
150.800000 2.409499
150.900000 2.393023
151.000000 2.376605
151.100000 2.360243
151.200000 2.343937
151.300000 2.327688
151.400000 2.311495
151.500000 2.295359
151.600000 2.279280
151.700000 2.263257
151.800000 2.247290
151.900000 2.231380
152.000000 2.215527
152.100000 2.199730
152.200000 2.183990
152.300000 2.168306
152.400000 2.152678
152.500000 2.137107
152.600000 2.121593
152.700000 2.106135
152.800000 2.090734
152.900000 2.075389
153.000000 2.060101
153.100000 2.044869
153.200000 2.029694
153.300000 2.014575
153.400000 1.999513
153.500000 1.984507
153.600000 1.969558
153.700000 1.954666
153.800000 1.939829
153.900000 1.925050
154.000000 1.910327
154.100000 1.895660
154.200000 1.881050
154.300000 1.866497
154.400000 1.852000
154.500000 1.837559
154.600000 1.823175
154.700000 1.808848
154.800000 1.794577
154.900000 1.780362
155.000000 1.766204
155.100000 1.752103
155.200000 1.738058
155.300000 1.724070
155.400000 1.710138
155.500000 1.696263
155.600000 1.682444
155.700000 1.668682
155.800000 1.654976
155.900000 1.641327
156.000000 1.627734
156.100000 1.614198
156.200000 1.600718
156.300000 1.587295
156.400000 1.573928
156.500000 1.560618
156.600000 1.547365
156.700000 1.534168
156.800000 1.521027
156.900000 1.507943
157.000000 1.494915
157.100000 1.481944
157.200000 1.469030
157.300000 1.456172
157.400000 1.443371
157.500000 1.430626
157.600000 1.417937
157.700000 1.405305
157.800000 1.392730
157.900000 1.380211
158.000000 1.367749
158.100000 1.355343
158.200000 1.342994
158.300000 1.330701
158.400000 1.318465
158.500000 1.306285
158.600000 1.294162
158.700000 1.282095
158.800000 1.270085
158.900000 1.258131
159.000000 1.246234
159.100000 1.234393
159.200000 1.222609
159.300000 1.210882
159.400000 1.199210
159.500000 1.187596
159.600000 1.176038
159.700000 1.164536
159.800000 1.153091
159.900000 1.141703
160.000000 1.130371
160.100000 1.119095
160.200000 1.107876
160.300000 1.096714
160.400000 1.085608
160.500000 1.074559
160.600000 1.063566
160.700000 1.052630
160.800000 1.041750
160.900000 1.030927
161.000000 1.020160
161.100000 1.009449
161.200000 0.998796
161.300000 0.988198
161.400000 0.977658
161.500000 0.967174
161.600000 0.956746
161.700000 0.946375
161.800000 0.936060
161.900000 0.925802
162.000000 0.915600
162.100000 0.905455
162.200000 0.895367
162.300000 0.885335
162.400000 0.875359
162.500000 0.865440
162.600000 0.855578
162.700000 0.845772
162.800000 0.836022
162.900000 0.826329
163.000000 0.816693
163.100000 0.807113
163.200000 0.797590
163.300000 0.788123
163.400000 0.778712
163.500000 0.769359
163.600000 0.760061
163.700000 0.750821
163.800000 0.741636
163.900000 0.732509
164.000000 0.723437
164.100000 0.714423
164.200000 0.705464
164.300000 0.696563
164.400000 0.687718
164.500000 0.678929
164.600000 0.670197
164.700000 0.661521
164.800000 0.652902
164.900000 0.644340
165.000000 0.635834
165.100000 0.627384
165.200000 0.618991
165.300000 0.610655
165.400000 0.602375
165.500000 0.594151
165.600000 0.585984
165.700000 0.577874
165.800000 0.569820
165.900000 0.561823
166.000000 0.553882
166.100000 0.545997
166.200000 0.538170
166.300000 0.530398
166.400000 0.522683
166.500000 0.515025
166.600000 0.507423
166.700000 0.499878
166.800000 0.492390
166.900000 0.484957
167.000000 0.477582
167.100000 0.470263
167.200000 0.463000
167.300000 0.455794
167.400000 0.448644
167.500000 0.441551
167.600000 0.434515
167.700000 0.427535
167.800000 0.420611
167.900000 0.413744
168.000000 0.406934
168.100000 0.400180
168.200000 0.393482
168.300000 0.386841
168.400000 0.380257
168.500000 0.373729
168.600000 0.367257
168.700000 0.360843
168.800000 0.354484
168.900000 0.348182
169.000000 0.341937
169.100000 0.335748
169.200000 0.329616
169.300000 0.323540
169.400000 0.317521
169.500000 0.311558
169.600000 0.305652
169.700000 0.299803
169.800000 0.294009
169.900000 0.288273
170.000000 0.282593
170.100000 0.276969
170.200000 0.271402
170.300000 0.265891
170.400000 0.260437
170.500000 0.255040
170.600000 0.249699
170.700000 0.244414
170.800000 0.239186
170.900000 0.234015
171.000000 0.228900
171.100000 0.223842
171.200000 0.218840
171.300000 0.213894
171.400000 0.209006
171.500000 0.204173
171.600000 0.199397
171.700000 0.194678
171.800000 0.190015
171.900000 0.185409
172.000000 0.180859
172.100000 0.176366
172.200000 0.171929
172.300000 0.167549
172.400000 0.163226
172.500000 0.158958
172.600000 0.154748
172.700000 0.150594
172.800000 0.146496
172.900000 0.142455
173.000000 0.138470
173.100000 0.134542
173.200000 0.130671
173.300000 0.126856
173.400000 0.123097
173.500000 0.119395
173.600000 0.115750
173.700000 0.112161
173.800000 0.108629
173.900000 0.105153
174.000000 0.101733
174.100000 0.098371
174.200000 0.095064
174.300000 0.091814
174.400000 0.088621
174.500000 0.085484
174.600000 0.082404
174.700000 0.079380
174.800000 0.076413
174.900000 0.073502
175.000000 0.070648
175.100000 0.067851
175.200000 0.065109
175.300000 0.062425
175.400000 0.059797
175.500000 0.057225
175.600000 0.054710
175.700000 0.052251
175.800000 0.049849
175.900000 0.047504
176.000000 0.045215
176.100000 0.042982
176.200000 0.040806
176.300000 0.038687
176.400000 0.036624
176.500000 0.034618
176.600000 0.032668
176.700000 0.030774
176.800000 0.028937
176.900000 0.027157
177.000000 0.025433
177.100000 0.023766
177.200000 0.022155
177.300000 0.020601
177.400000 0.019103
177.500000 0.017662
177.600000 0.016277
177.700000 0.014949
177.800000 0.013677
177.900000 0.012462
178.000000 0.011304
178.100000 0.010202
178.200000 0.009156
178.300000 0.008167
178.400000 0.007234
178.500000 0.006358
178.600000 0.005539
178.700000 0.004776
178.800000 0.004069
178.900000 0.003419
179.000000 0.002826
179.100000 0.002289
179.200000 0.001809
179.300000 0.001385
179.400000 0.001017
179.500000 0.000706
179.600000 0.000452
179.700000 0.000254
179.800000 0.000113
179.900000 0.000028
180.000000 0.000000
