0.000000000000000000e+00 6.348664762837827311e+02
1.000000000000000056e-01 6.251492887837827084e+02
2.000000000000000111e-01 6.155071012837828448e+02
3.000000000000000444e-01 6.059399137837826856e+02
4.000000000000000222e-01 5.964477262837826856e+02
5.000000000000000000e-01 5.870305387837827311e+02
6.000000000000000888e-01 5.776883512837828221e+02
7.000000000000000666e-01 5.684211637837828448e+02
8.000000000000000444e-01 5.592289762837826856e+02
9.000000000000000222e-01 5.501117887837826856e+02
1.000000000000000000e+00 5.410696012837827311e+02
1.100000000000000089e+00 5.321024137837828221e+02
1.200000000000000178e+00 5.232102262837828448e+02
1.300000000000000044e+00 5.143930387837826856e+02
1.400000000000000133e+00 5.056508512837827425e+02
1.500000000000000000e+00 4.969836637837827311e+02
1.600000000000000089e+00 4.883914762837828221e+02
1.700000000000000178e+00 4.798742887837827311e+02
1.800000000000000044e+00 4.714321012837826856e+02
1.900000000000000133e+00 4.630649137837827425e+02
2.000000000000000000e+00 4.547727262837827311e+02
2.100000000000000089e+00 4.465555387837828221e+02
2.200000000000000178e+00 4.384133512837828448e+02
2.300000000000000266e+00 4.303461637837826856e+02
2.400000000000000355e+00 4.223539762837827425e+02
2.500000000000000000e+00 4.144367887837827311e+02
2.600000000000000089e+00 4.065946012837828221e+02
2.700000000000000178e+00 3.988274137837827311e+02
2.800000000000000266e+00 3.911352262837827425e+02
2.900000000000000355e+00 3.835180387837826856e+02
3.000000000000000000e+00 3.759758512837827311e+02
3.100000000000000089e+00 3.685086637837827652e+02
3.200000000000000178e+00 3.611164762837828448e+02
3.300000000000000266e+00 3.537992887837826856e+02
3.400000000000000355e+00 3.465571012837827425e+02
3.500000000000000000e+00 3.393899137837827311e+02
3.600000000000000089e+00 3.322977262837828221e+02
3.700000000000000178e+00 3.252805387837827880e+02
3.800000000000000266e+00 3.183383512837827425e+02
3.900000000000000355e+00 3.114711637837826856e+02
4.000000000000000000e+00 3.046789762837827311e+02
4.100000000000000533e+00 2.979617887837826515e+02
4.200000000000000178e+00 2.913196012837827311e+02
4.299999999999999822e+00 2.847524137837826856e+02
4.400000000000000355e+00 2.782602262837827425e+02
4.500000000000000000e+00 2.718430387837827311e+02
4.600000000000000533e+00 2.655008512837826515e+02
4.700000000000000178e+00 2.592336637837827880e+02
4.800000000000000711e+00 2.530414762837827425e+02
4.900000000000000355e+00 2.469242887837827425e+02
5.000000000000000000e+00 2.408821012837827595e+02
5.100000000000000533e+00 2.349149137837827084e+02
5.200000000000000178e+00 2.290227262837827595e+02
5.300000000000000711e+00 2.232055387837827425e+02
5.400000000000000355e+00 2.174633512837827425e+02
5.500000000000000000e+00 2.117961637837827595e+02
5.600000000000000533e+00 2.062039762837827084e+02
5.700000000000000178e+00 2.006867887837827595e+02
5.800000000000000711e+00 1.952446012837826856e+02
5.900000000000000355e+00 1.898774137837827425e+02
6.000000000000000000e+00 1.845852262837827595e+02
6.100000000000000533e+00 1.793680387837827084e+02
6.200000000000000178e+00 1.742258512837827311e+02
6.300000000000000711e+00 1.691586637837827141e+02
6.400000000000000355e+00 1.641664762837827425e+02
6.500000000000000000e+00 1.592492887837827595e+02
6.600000000000000533e+00 1.544071012837827368e+02
6.700000000000000178e+00 1.496399137837827311e+02
6.800000000000000711e+00 1.449477262837826856e+02
6.900000000000000355e+00 1.403305387837827141e+02
7.000000000000000000e+00 1.357883512837827595e+02
7.100000000000000533e+00 1.313211637837827368e+02
7.200000000000000178e+00 1.269289762837827595e+02
7.300000000000000711e+00 1.226117887837827425e+02
7.400000000000000355e+00 1.183696012837827425e+02
7.500000000000000000e+00 1.142024137837827311e+02
7.600000000000000533e+00 1.101102262837827368e+02
7.700000000000000178e+00 1.060930387837827595e+02
7.800000000000000711e+00 1.021508512837827141e+02
7.900000000000000355e+00 9.828366378378274248e+01
8.000000000000000000e+00 9.449147628378274533e+01
8.099999999999999645e+00 9.077428878378276522e+01
8.200000000000001066e+00 8.713210128378270269e+01
8.300000000000000711e+00 8.356491378378271406e+01
8.400000000000000355e+00 8.007272628378274248e+01
8.500000000000000000e+00 7.665553878378274533e+01
8.599999999999999645e+00 7.331335128378276522e+01
8.700000000000001066e+00 7.004616378378271691e+01
8.800000000000000711e+00 6.685397628378271406e+01
8.900000000000000355e+00 6.373678878378274248e+01
9.000000000000000000e+00 6.069460128378275954e+01
9.099999999999999645e+00 5.772741378378276522e+01
9.200000000000001066e+00 5.483522628378271691e+01
9.300000000000000711e+00 5.201803878378272117e+01
9.400000000000000355e+00 4.927585128378274248e+01
9.500000000000000000e+00 4.660866378378274533e+01
9.600000000000001421e+00 4.401647628378270838e+01
9.700000000000001066e+00 4.149928878378273112e+01
9.800000000000000711e+00 3.905710128378272827e+01
9.900000000000000355e+00 3.668991378378274248e+01
1.000000000000000000e+01 3.439772628378274533e+01
1.010000000000000142e+01 3.218053878378271548e+01
1.020000000000000107e+01 3.003835128378272756e+01
1.030000000000000071e+01 2.797116378378273538e+01
1.040000000000000036e+01 2.597897628378274248e+01
1.050000000000000000e+01 2.406178878378274888e+01
1.060000000000000142e+01 2.221960128378272259e+01
1.070000000000000107e+01 2.045241378378273112e+01
1.080000000000000071e+01 1.876022628378273538e+01
1.090000000000000036e+01 1.714303878378274248e+01
1.100000000000000000e+01 1.560085128378274888e+01
1.110000000000000142e+01 1.413366378378272614e+01
1.120000000000000107e+01 1.274147628378273289e+01
1.130000000000000071e+01 1.142428878378273716e+01
1.140000000000000036e+01 1.018210128378274426e+01
1.150000000000000000e+01 9.014913783782747103e+00
1.160000000000000142e+01 7.922726283782733248e+00
1.170000000000000107e+01 6.905538783782738221e+00
1.180000000000000071e+01 5.963351283782741596e+00
1.190000000000000036e+01 5.096163783782745149e+00
1.200000000000000000e+01 4.303976283782747103e+00
1.210000000000000142e+01 3.586788783782737688e+00
1.220000000000000107e+01 2.944601283782741330e+00
1.230000000000000071e+01 2.377413783782743817e+00
1.240000000000000036e+01 1.885226283782746481e+00
1.250000000000000000e+01 1.468038783782747991e+00
1.260000000000000142e+01 1.125851283782743462e+00
1.270000000000000107e+01 8.586637837827453268e-01
1.280000000000000071e+01 6.664762837827467035e-01
1.290000000000000036e+01 5.492887837827474806e-01
1.300000000000000000e+01 5.071012837827477693e-01
1.310000000000000142e+01 5.024137837827478137e-01
1.320000000000000107e+01 4.977262837827477471e-01
1.330000000000000071e+01 4.930387837827477915e-01
1.340000000000000036e+01 4.883512837827478359e-01
1.350000000000000000e+01 4.836637837827479913e-01
1.360000000000000142e+01 4.789762837827479802e-01
1.370000000000000107e+01 4.742887837827479691e-01
1.380000000000000071e+01 4.696012837827480135e-01
1.390000000000000036e+01 4.649137837827479469e-01
1.400000000000000000e+01 4.602262837827479913e-01
1.410000000000000142e+01 4.555387837827479247e-01
1.420000000000000107e+01 4.508512837827479136e-01
1.430000000000000071e+01 4.461637837827479025e-01
1.440000000000000036e+01 4.414762837827480579e-01
1.450000000000000000e+01 4.367887837827479913e-01
1.460000000000000142e+01 4.321012837827479802e-01
1.470000000000000107e+01 4.274137837827479136e-01
1.480000000000000071e+01 4.227262837827479025e-01
1.490000000000000036e+01 4.180387837827479469e-01
1.500000000000000000e+01 4.133512837827478803e-01
1.510000000000000142e+01 4.086637837827479247e-01
1.520000000000000107e+01 4.039762837827478581e-01
1.530000000000000071e+01 3.992887837827479025e-01
1.540000000000000036e+01 3.946012837827479469e-01
1.550000000000000000e+01 3.899137837827479913e-01
1.560000000000000142e+01 3.852262837827479247e-01
1.570000000000000107e+01 3.805387837827479136e-01
1.580000000000000071e+01 3.758512837827479025e-01
1.590000000000000036e+01 3.711637837827479469e-01
1.600000000000000000e+01 3.664762837827479358e-01
1.610000000000000142e+01 3.617887837827478137e-01
1.619999999999999929e+01 3.571012837827479691e-01
1.630000000000000071e+01 3.524137837827479025e-01
1.640000000000000213e+01 3.477262837827478359e-01
1.650000000000000000e+01 3.430387837827479913e-01
1.660000000000000142e+01 3.383512837827479247e-01
1.669999999999999929e+01 3.336637837827479691e-01
1.680000000000000071e+01 3.289762837827479025e-01
1.690000000000000213e+01 3.242887837827478914e-01
1.700000000000000000e+01 3.196012837827479913e-01
1.710000000000000142e+01 3.149137837827478137e-01
1.719999999999999929e+01 3.102262837827479691e-01
1.730000000000000071e+01 3.055387837827479025e-01
1.740000000000000213e+01 3.008512837827478359e-01
1.750000000000000000e+01 2.961637837827480468e-01
1.760000000000000142e+01 2.914762837827479247e-01
1.769999999999999929e+01 2.867887837827479691e-01
1.780000000000000071e+01 2.821012837827479025e-01
1.790000000000000213e+01 2.774137837827478359e-01
1.800000000000000000e+01 2.727280063194583160e-01
1.810000000000000142e+01 2.680422288561685740e-01
1.819999999999999929e+01 2.633949812575291927e-01
1.830000000000000071e+01 2.587477336588896448e-01
1.840000000000000213e+01 2.541194585838925102e-01
1.850000000000000000e+01 2.494911835088955421e-01
1.860000000000000142e+01 2.448648637625948643e-01
1.869999999999999929e+01 2.402385440162944086e-01
1.880000000000000071e+01 2.355995061656223077e-01
1.890000000000000213e+01 2.309604683149502624e-01
1.900000000000000000e+01 2.262962249510493962e-01
1.910000000000000142e+01 2.216319815871484189e-01
1.920000000000000284e+01 2.169321078943529379e-01
1.930000000000000071e+01 2.122322342015576513e-01
1.940000000000000213e+01 2.074882439742463114e-01
1.950000000000000000e+01 2.027442537469350547e-01
1.960000000000000142e+01 1.979495107944383714e-01
1.970000000000000284e+01 1.931547678419417158e-01
1.980000000000000071e+01 1.883043961463946037e-01
1.990000000000000213e+01 1.834540244508473528e-01
2.000000000000000000e+01 1.785448356868498676e-01
2.010000000000000142e+01 1.736356469228521604e-01
2.020000000000000284e+01 1.686668530829446011e-01
2.030000000000000071e+01 1.636980592430371528e-01
2.040000000000000213e+01 1.587666635133065940e-01
2.050000000000000000e+01 1.538352677835762017e-01
2.060000000000000142e+01 1.490903974145462163e-01
2.070000000000000284e+01 1.443455270455162309e-01
2.080000000000000071e+01 1.398306108436270234e-01
2.090000000000000213e+01 1.353156946417375939e-01
2.100000000000000000e+01 1.310159203033655628e-01
2.110000000000000142e+01 1.267161459649933097e-01
2.120000000000000284e+01 1.226193268075167486e-01
2.130000000000000071e+01 1.185225076500403124e-01
2.140000000000000213e+01 1.146189533582522707e-01
2.150000000000000000e+01 1.107153990664643817e-01
2.160000000000000142e+01 1.069977934677588116e-01
2.170000000000000284e+01 1.032801878690532416e-01
2.180000000000000071e+01 9.974347320830842523e-02
2.190000000000000213e+01 9.620675854756349787e-02
2.200000000000000000e+01 9.284802881433354416e-02
2.210000000000000142e+01 8.948929908110346554e-02
2.220000000000000284e+01 8.630769990278724935e-02
2.230000000000000071e+01 8.312610072447117193e-02
2.240000000000000213e+01 8.012273484631504683e-02
2.250000000000000000e+01 7.711936896815903275e-02
2.260000000000000142e+01 7.429720751008397905e-02
2.270000000000000284e+01 7.147504605200891148e-02
2.280000000000000071e+01 6.883884459161890290e-02
2.290000000000000213e+01 6.620264313122879718e-02
2.300000000000000000e+01 6.375628931076889050e-02
2.310000000000000142e+01 6.130993549030888667e-02
2.320000000000000284e+01 5.900443975567470911e-02
2.330000000000000071e+01 5.669894402104061482e-02
2.340000000000000213e+01 5.452553818002540964e-02
2.350000000000000000e+01 5.235213233901028079e-02
2.360000000000000142e+01 5.030264444314173911e-02
2.370000000000000284e+01 4.825315654727320436e-02
2.380000000000000071e+01 4.631997797164851688e-02
2.390000000000000213e+01 4.438679939602375307e-02
2.400000000000000000e+01 4.256285233332360307e-02
2.410000000000000142e+01 4.073890527062339062e-02
2.420000000000000284e+01 3.901760037846585538e-02
2.430000000000000071e+01 3.729629548630838259e-02
2.440000000000000213e+01 3.567151238566253213e-02
2.450000000000000000e+01 3.404672928501673718e-02
2.460000000000000142e+01 3.251277979971696486e-02
2.470000000000000284e+01 3.097883031441719601e-02
2.480000000000000071e+01 2.953043543677886032e-02
2.490000000000000213e+01 2.808204055914046565e-02
2.500000000000000000e+01 2.671429886413966698e-02
2.510000000000000142e+01 2.534655716913880585e-02
2.520000000000000284e+01 2.405374617151277011e-02
2.530000000000000071e+01 2.276093517388677254e-02
2.540000000000000213e+01 2.153849772983336755e-02
2.550000000000000000e+01 2.031606028578000767e-02
2.560000000000000142e+01 1.915973006711902890e-02
2.570000000000000284e+01 1.800339984845805014e-02
2.580000000000000071e+01 1.690918821840951131e-02
2.590000000000000213e+01 1.581497658836093084e-02
2.600000000000000000e+01 1.477915297080197206e-02
2.610000000000000142e+01 1.374332935324296991e-02
2.620000000000000284e+01 1.276240264452522394e-02
2.630000000000000071e+01 1.178147593580751440e-02
2.640000000000000213e+01 1.085217775521079425e-02
2.650000000000000000e+01 9.922879574614107065e-03
2.660000000000000142e+01 9.042151580362429997e-03
2.670000000000000284e+01 8.161423586110754663e-03
2.680000000000000071e+01 7.326403108945769502e-03
2.690000000000000213e+01 6.491382631780758319e-03
2.700000000000000000e+01 5.699388558590277876e-03
2.710000000000000142e+01 4.907394485399769676e-03
2.720000000000000284e+01 4.155915935471827215e-03
2.730000000000000071e+01 3.404437385543910774e-03
2.740000000000000213e+01 2.690300696880162587e-03
2.750000000000000000e+01 1.976164008216440421e-03
2.760000000000000142e+01 1.297565790387930976e-03
2.770000000000000284e+01 6.189675725594213137e-04
2.780000000000000071e+01 -2.580024552898053624e-05
2.790000000000000213e+01 -6.705680636174040634e-04
2.800000000000000000e+01 -1.283122965773178265e-03
2.810000000000000142e+01 -1.895677867928974476e-03
2.820000000000000284e+01 -2.481962908498067458e-03
2.830000000000000071e+01 -3.068247949067139622e-03
2.840000000000000213e+01 -3.629939668212193906e-03
2.850000000000000000e+01 -4.191631387357226506e-03
2.860000000000000142e+01 -4.729311934423496844e-03
2.870000000000000284e+01 -5.266992481489766315e-03
2.880000000000000071e+01 -5.781748356958868462e-03
2.890000000000000213e+01 -6.296504232427987090e-03
2.900000000000000000e+01 -6.788005999471236410e-03
2.910000000000000142e+01 -7.279507766514501342e-03
2.920000000000000284e+01 -7.745362241478360305e-03
2.930000000000000071e+01 -8.211216716442201052e-03
2.940000000000000213e+01 -8.646152619113944837e-03
2.950000000000000000e+01 -9.081088521785673010e-03
2.960000000000000142e+01 -9.483937354373458972e-03
2.970000000000000284e+01 -9.886786186961241465e-03
2.980000000000000071e+01 -1.025459212860870863e-02
2.990000000000000213e+01 -1.062239807025618966e-02
3.000000000000000000e+01 -1.096560414041465245e-02
3.010000000000000142e+01 -1.130881021057312565e-02
3.020000000000000284e+01 -1.163043527188798408e-02
3.030000000000000071e+01 -1.195206033320283384e-02
3.040000000000000213e+01 -1.225233008956724996e-02
3.050000000000000000e+01 -1.255259984593165221e-02
3.060000000000000142e+01 -1.280345356844148075e-02
3.070000000000000284e+01 -1.305430729095130582e-02
3.080000000000000071e+01 -1.323571190837438336e-02
3.090000000000000213e+01 -1.341711652579746436e-02
3.100000000000000000e+01 -1.351933087442797748e-02
3.110000000000000142e+01 -1.362154522305849061e-02
3.120000000000000284e+01 -1.363402589488908398e-02
3.130000000000000071e+01 -1.364650656671967735e-02
3.140000000000000213e+01 -1.356371781082212243e-02
3.150000000000000000e+01 -1.348092905492457097e-02
3.160000000000000142e+01 -1.330170099981387022e-02
3.170000000000000284e+01 -1.312247294470317294e-02
3.180000000000000071e+01 -1.284946131055526505e-02
3.190000000000000213e+01 -1.257644967640734329e-02
3.200000000000000000e+01 -1.221568756466005073e-02
3.210000000000000142e+01 -1.185492545291274430e-02
3.220000000000000284e+01 -1.141543973175852475e-02
3.230000000000000426e+01 -1.097595401060430173e-02
3.239999999999999858e+01 -1.046821692633776238e-02
3.250000000000000000e+01 -9.960479842071186599e-03
3.260000000000000142e+01 -9.398318930029452012e-03
3.270000000000000284e+01 -8.836158017987715690e-03
3.280000000000000426e+01 -8.235425231959352110e-03
3.289999999999999858e+01 -7.634692445931031031e-03
3.300000000000000000e+01 -7.012826600061953033e-03
3.310000000000000142e+01 -6.390960754192872434e-03
3.320000000000000284e+01 -5.760202974826995892e-03
3.330000000000000426e+01 -5.129445195461121085e-03
3.339999999999999858e+01 -4.504166709946176919e-03
3.350000000000000000e+01 -3.878888224431187651e-03
3.360000000000000142e+01 -3.273443961088351277e-03
3.370000000000000284e+01 -2.667999697745514036e-03
3.380000000000000426e+01 -2.094501382220525544e-03
3.389999999999999858e+01 -1.521003066695577385e-03
3.400000000000000000e+01 -9.906446839703961053e-04
3.410000000000000142e+01 -4.602863012452184581e-04
3.420000000000000284e+01 1.543950331599481775e-05
3.430000000000000426e+01 4.911653078772033366e-04
3.439999999999999858e+01 8.979976790311364285e-04
3.450000000000000000e+01 1.304830050185097927e-03
3.460000000000000142e+01 1.633079720239129142e-03
3.470000000000000284e+01 1.961329390293159707e-03
3.480000000000000426e+01 2.201034479269595948e-03
3.489999999999999858e+01 2.440739568246015276e-03
3.500000000000000000e+01 2.602878239900260557e-03
3.510000000000000142e+01 2.765016911554500634e-03
3.520000000000000284e+01 2.866601184243318824e-03
3.530000000000000426e+01 2.968185456932135712e-03
3.539999999999999858e+01 3.037016148710888243e-03
3.550000000000000000e+01 3.105846840489646411e-03
3.560000000000000142e+01 3.144307708118118227e-03
3.570000000000000284e+01 3.182768575746590042e-03
3.580000000000000426e+01 3.193379873258824289e-03
3.589999999999999858e+01 3.203991170771058102e-03
3.600000000000000000e+01 3.194998299594064943e-03
3.610000000000000142e+01 3.186005428417068748e-03
3.620000000000000284e+01 3.160973563979310383e-03
3.630000000000000426e+01 3.135941699541552018e-03
3.639999999999999858e+01 3.098119543307775378e-03
3.650000000000000000e+01 3.060297387073995269e-03
3.660000000000000142e+01 3.012578734035671352e-03
3.670000000000000284e+01 2.964860080997348303e-03
3.680000000000000426e+01 2.909746371968426060e-03
3.689999999999999858e+01 2.854632662939508153e-03
3.700000000000000000e+01 2.794223049484030347e-03
3.710000000000000142e+01 2.733813436028551674e-03
3.720000000000000284e+01 2.669807578539030654e-03
3.730000000000000426e+01 2.605801721049508333e-03
3.739999999999999858e+01 2.539551021567853974e-03
3.750000000000000000e+01 2.473300322086194412e-03
3.760000000000000142e+01 2.406101196558330275e-03
3.770000000000000284e+01 2.338902071030466139e-03
3.780000000000000426e+01 2.271966380952642091e-03
3.789999999999999858e+01 2.205030690874823680e-03
3.800000000000000000e+01 2.139342663163830080e-03
3.810000000000000142e+01 2.073654635452837347e-03
3.820000000000000284e+01 2.009979002127939597e-03
3.830000000000000426e+01 1.946303368803042281e-03
3.840000000000000568e+01 1.885187913993599963e-03
3.850000000000000000e+01 1.824072459184162415e-03
3.860000000000000142e+01 1.765854931266095350e-03
3.870000000000000284e+01 1.707637403348028068e-03
3.880000000000000426e+01 1.652467573903296976e-03
3.890000000000000568e+01 1.597297744458566100e-03
3.900000000000000000e+01 1.545185530487473312e-03
3.910000000000000142e+01 1.493073316516376620e-03
3.920000000000000284e+01 1.443947648817526944e-03
3.930000000000000426e+01 1.394821981118677268e-03
3.940000000000000568e+01 1.348514624701534735e-03
3.950000000000000000e+01 1.302207268284395454e-03
3.960000000000000142e+01 1.258520852444120451e-03
3.970000000000000284e+01 1.214834436603845231e-03
3.980000000000000426e+01 1.173586477997052646e-03
3.990000000000000568e+01 1.132338519390260062e-03
4.000000000000000000e+01 1.093391760668462227e-03
4.010000000000000142e+01 1.054445001946661574e-03
4.020000000000000284e+01 1.017650029725824384e-03
4.030000000000000426e+01 9.808550575049871951e-04
4.040000000000000568e+01 9.460521110420997380e-04
4.050000000000000000e+01 9.112491645792146662e-04
4.060000000000000142e+01 8.783085779899316940e-04
4.070000000000000284e+01 8.453679914006485049e-04
4.080000000000000426e+01 8.142122673619162738e-04
4.090000000000000568e+01 7.830565433231840428e-04
4.100000000000000000e+01 7.536176438357444210e-04
4.110000000000000142e+01 7.241787443483024139e-04
4.120000000000000284e+01 6.963913779341576911e-04
4.130000000000000426e+01 6.686040115200127514e-04
4.140000000000000568e+01 6.424051776791064264e-04
4.150000000000000000e+01 6.162063438382019446e-04
4.160000000000000142e+01 5.915350360114803854e-04
4.170000000000000284e+01 5.668637281847588262e-04
4.180000000000000426e+01 5.436600986072647780e-04
4.190000000000000568e+01 5.204564690297705130e-04
4.200000000000000000e+01 4.986631883612451053e-04
4.210000000000000142e+01 4.768699076927182881e-04
4.220000000000000284e+01 4.564306060834696184e-04
4.230000000000000426e+01 4.359913044742209486e-04
4.240000000000000568e+01 4.168511343053138700e-04
4.250000000000000000e+01 3.977109641364083093e-04
4.260000000000000142e+01 3.798169010242704907e-04
4.270000000000000284e+01 3.619228379121327806e-04
4.280000000000000426e+01 3.452220821053619067e-04
4.290000000000000568e+01 3.285213262985911412e-04
4.300000000000000000e+01 3.129640689200545531e-04
4.310000000000000142e+01 2.974068115415168809e-04
4.320000000000000284e+01 2.829419964345407683e-04
4.330000000000000426e+01 2.684771813275646556e-04
4.340000000000000568e+01 2.550580869036023798e-04
4.350000000000000000e+01 2.416389924796410256e-04
4.360000000000000142e+01 2.292164800322040591e-04
4.370000000000000284e+01 2.167939675847670926e-04
4.380000000000000426e+01 2.053237101959066535e-04
4.390000000000000568e+01 1.938534528070462416e-04
4.400000000000000000e+01 1.832886702422496783e-04
4.410000000000000142e+01 1.727238876774523832e-04
4.420000000000000284e+01 1.630215867855231760e-04
4.430000000000000426e+01 1.533192858935939959e-04
4.440000000000000568e+01 1.444351116870934339e-04
4.450000000000000000e+01 1.355509374805934412e-04
4.460000000000000142e+01 1.274427942211137251e-04
4.470000000000000284e+01 1.193346509616339819e-04
4.480000000000000426e+01 1.119607992858453197e-04
4.490000000000000568e+01 1.045869476100566304e-04
4.500000000000000000e+01 9.790649102601488621e-05
4.510000000000000142e+01 9.122603444197266767e-05
4.520000000000000284e+01 8.519925930354290701e-05
4.530000000000000426e+01 7.917248416511317346e-05
4.540000000000000568e+01 7.376027933318260032e-05
4.550000000000000000e+01 6.834807450125243375e-05
4.560000000000000142e+01 6.351180018237939098e-05
4.570000000000000284e+01 5.867552586350634821e-05
4.580000000000000426e+01 5.437783859021319153e-05
4.590000000000000568e+01 5.008015131692003486e-05
4.600000000000000000e+01 4.628352964373989430e-05
4.610000000000000142e+01 4.248690797055945558e-05
4.620000000000000284e+01 3.915571883346831542e-05
4.630000000000000426e+01 3.582452969637717525e-05
4.640000000000000568e+01 3.292345394960722319e-05
4.650000000000000000e+01 3.002237820283747103e-05
4.660000000000000142e+01 2.751503857679581387e-05
4.670000000000000284e+01 2.500769895075414316e-05
4.680000000000000426e+01 2.285984197889041680e-05
4.690000000000000568e+01 2.071198500702668704e-05
4.700000000000000000e+01 1.888721744816432012e-05
4.710000000000000142e+01 1.706244988930181766e-05
4.720000000000000284e+01 1.552639662398648193e-05
4.730000000000000426e+01 1.399034335867114111e-05
4.740000000000000568e+01 1.270836465162674249e-05
4.750000000000000000e+01 1.142638594458243365e-05
4.760000000000000142e+01 1.038507207670505734e-05
4.770000000000000284e+01 9.343758208827681027e-06
4.780000000000000426e+01 8.508606523935339727e-06
4.790000000000000568e+01 7.673454839043000121e-06
4.800000000000000000e+01 7.014152351098580404e-06
4.810000000000000142e+01 6.354849863154114101e-06
4.820000000000000284e+01 5.841208973147821138e-06
4.830000000000000426e+01 5.327568083141530716e-06
4.840000000000000568e+01 4.929518317658609027e-06
4.850000000000000000e+01 4.531468552175712749e-06
4.860000000000000142e+01 4.219048846288599497e-06
4.870000000000000284e+01 3.906629140401484551e-06
4.880000000000000426e+01 3.649980629022709935e-06
4.890000000000000568e+01 3.393332117643936167e-06
4.900000000000000000e+01 3.162691401838461245e-06
4.910000000000000142e+01 2.932050686032969382e-06
4.920000000000000284e+01 2.697743542995997455e-06
4.930000000000000426e+01 2.463436399959025951e-06
4.940000000000000568e+01 2.195871907427552868e-06
4.950000000000000000e+01 1.928307414896098419e-06
4.960000000000000142e+01 1.597972462687897101e-06
4.970000000000000284e+01 1.267637510479695783e-06
4.980000000000000426e+01 8.450916736531205692e-07
4.990000000000000568e+01 4.225458368265452498e-07
5.000000000000000000e+01 0.000000000000000000e+00
