0.000000000000000000e+00 4.546490154484458799e+02
1.000000000000000056e-01 4.476902140392686533e+02
2.000000000000000111e-01 4.407851226264962179e+02
3.000000000000000444e-01 4.339337412101282325e+02
4.000000000000000222e-01 4.271360697901649814e+02
5.000000000000000000e-01 4.203921083666064078e+02
6.000000000000000888e-01 4.137018569394524548e+02
7.000000000000000666e-01 4.070653155087031791e+02
8.000000000000000444e-01 4.004824840743584673e+02
9.000000000000000222e-01 3.939533626364184897e+02
1.000000000000000000e+00 3.874779511948831328e+02
1.100000000000000089e+00 3.810562497497524532e+02
1.200000000000000178e+00 3.746882583010263943e+02
1.300000000000000044e+00 3.683739768487049560e+02
1.400000000000000133e+00 3.621134053927881951e+02
1.500000000000000000e+00 3.559065439332760548e+02
1.600000000000000089e+00 3.497533924701685919e+02
1.700000000000000178e+00 3.436539510034657496e+02
1.800000000000000044e+00 3.376082195331675280e+02
1.900000000000000133e+00 3.316161980592739837e+02
2.000000000000000000e+00 3.256778865817851738e+02
2.100000000000000089e+00 3.197932851007009276e+02
2.200000000000000178e+00 3.139623936160213589e+02
2.300000000000000266e+00 3.081852121277463539e+02
2.400000000000000355e+00 3.024617406358760832e+02
2.500000000000000000e+00 2.967919791404104899e+02
2.600000000000000089e+00 2.911759276413495172e+02
2.700000000000000178e+00 2.856135861386931651e+02
2.800000000000000266e+00 2.801049546324413768e+02
2.900000000000000355e+00 2.746500331225943228e+02
3.000000000000000000e+00 2.692488216091519462e+02
3.100000000000000089e+00 2.639013200921142470e+02
3.200000000000000178e+00 2.586075285714811685e+02
3.300000000000000266e+00 2.533674470472525968e+02
3.400000000000000355e+00 2.481810755194288163e+02
3.500000000000000000e+00 2.430484139880096848e+02
3.600000000000000089e+00 2.379694624529952307e+02
3.700000000000000178e+00 2.329442209143853404e+02
3.800000000000000266e+00 2.279726893721800423e+02
3.900000000000000355e+00 2.230548678263794500e+02
4.000000000000000000e+00 2.181907562769835636e+02
4.100000000000000533e+00 2.133803547239922409e+02
4.200000000000000178e+00 2.086236631674057094e+02
4.299999999999999822e+00 2.039206816072236279e+02
4.400000000000000355e+00 1.992714100434463376e+02
4.500000000000000000e+00 1.946758484760736962e+02
4.600000000000000533e+00 1.901339969051055903e+02
4.700000000000000178e+00 1.856458553305423038e+02
4.800000000000000711e+00 1.812114237523834959e+02
4.900000000000000355e+00 1.768307021706294222e+02
5.000000000000000000e+00 1.725036905852799975e+02
5.100000000000000533e+00 1.682303889963351651e+02
5.200000000000000178e+00 1.640107974037950385e+02
5.300000000000000711e+00 1.598449158076595040e+02
5.400000000000000355e+00 1.557327442079286755e+02
5.500000000000000000e+00 1.516742826046024675e+02
5.600000000000000533e+00 1.476695309976808801e+02
5.700000000000000178e+00 1.437184893871639986e+02
5.800000000000000711e+00 1.398211577730517092e+02
5.900000000000000355e+00 1.359775361553441257e+02
6.000000000000000000e+00 1.321876245340411629e+02
6.100000000000000533e+00 1.284514229091428206e+02
6.200000000000000178e+00 1.247689312806491557e+02
6.300000000000000711e+00 1.211401496485601257e+02
6.400000000000000355e+00 1.175650780128757589e+02
6.500000000000000000e+00 1.140437163735960553e+02
6.600000000000000533e+00 1.105760647307209581e+02
6.700000000000000178e+00 1.071621230842505241e+02
6.800000000000000711e+00 1.038018914341847250e+02
6.900000000000000355e+00 1.004953697805236033e+02
7.000000000000000000e+00 9.724255812326714477e+01
7.100000000000000533e+00 9.404345646241527845e+01
7.200000000000000178e+00 9.089806479796811800e+01
7.300000000000000711e+00 8.780638312992554972e+01
7.400000000000000355e+00 8.476841145828765889e+01
7.500000000000000000e+00 8.178414978305441707e+01
7.600000000000000533e+00 7.885359810422579585e+01
7.700000000000000178e+00 7.597675642180186628e+01
7.800000000000000711e+00 7.315362473578252889e+01
7.900000000000000355e+00 7.038420304616789736e+01
8.000000000000000000e+00 6.766849135295790063e+01
8.099999999999999645e+00 6.500648965615255293e+01
8.200000000000001066e+00 6.239819795575178318e+01
8.300000000000000711e+00 5.984361625175574062e+01
8.400000000000000355e+00 5.734274454416433286e+01
8.500000000000000000e+00 5.489558283297757413e+01
8.599999999999999645e+00 5.250213111819545730e+01
8.700000000000001066e+00 5.016238939981795397e+01
8.800000000000000711e+00 4.787635767784512808e+01
8.900000000000000355e+00 4.564403595227697252e+01
9.000000000000000000e+00 4.346542422311345177e+01
9.099999999999999645e+00 4.134052249035456583e+01
9.200000000000001066e+00 3.926933075400030759e+01
9.300000000000000711e+00 3.725184901405072679e+01
9.400000000000000355e+00 3.528807727050579501e+01
9.500000000000000000e+00 3.337801552336551225e+01
9.600000000000001421e+00 3.152166377262983943e+01
9.700000000000001066e+00 2.971902201829885826e+01
9.800000000000000711e+00 2.797009026037251544e+01
9.900000000000000355e+00 2.627486849885082520e+01
1.000000000000000000e+01 2.463335673373378043e+01
1.010000000000000142e+01 2.304555496502134915e+01
1.020000000000000107e+01 2.151146319271360241e+01
1.030000000000000071e+01 2.003108141681050469e+01
1.040000000000000036e+01 1.860440963731204889e+01
1.050000000000000000e+01 1.723144785421824210e+01
1.060000000000000142e+01 1.591219606752906301e+01
1.070000000000000107e+01 1.464665427724454894e+01
1.080000000000000071e+01 1.343482248336468743e+01
1.090000000000000036e+01 1.227670068588947139e+01
1.100000000000000000e+01 1.117228888481890259e+01
1.110000000000000142e+01 1.012158708015296327e+01
1.120000000000000107e+01 9.124595271891692505e+00
1.130000000000000071e+01 8.181313460035065432e+00
1.140000000000000036e+01 7.291741644583089155e+00
1.150000000000000000e+01 6.455879825535760119e+00
1.160000000000000142e+01 5.673728002893065891e+00
1.170000000000000107e+01 4.945286176655031340e+00
1.180000000000000071e+01 4.270554346821645808e+00
1.190000000000000036e+01 3.649532513392906630e+00
1.200000000000000000e+01 3.082220676368814694e+00
1.210000000000000142e+01 2.568618835749362894e+00
1.220000000000000107e+01 2.108726991534567663e+00
1.230000000000000071e+01 1.702545143724419674e+00
1.240000000000000036e+01 1.350073292318919815e+00
1.250000000000000000e+01 1.051311437318067199e+00
1.260000000000000142e+01 8.062595787218581611e-01
1.270000000000000107e+01 6.149177165303013615e-01
1.280000000000000071e+01 4.772858507433920816e-01
1.290000000000000036e+01 3.933639813611303770e-01
1.300000000000000000e+01 3.631521083835161368e-01
1.310000000000000142e+01 3.597952336082256286e-01
1.320000000000000107e+01 3.564383588329351205e-01
1.330000000000000071e+01 3.530814840576446123e-01
1.340000000000000036e+01 3.497246092823542152e-01
1.350000000000000000e+01 3.463677345070638181e-01
1.360000000000000142e+01 3.430108597317733099e-01
1.370000000000000107e+01 3.396539849564828017e-01
1.380000000000000071e+01 3.362971101811922936e-01
1.390000000000000036e+01 3.329402354059017854e-01
1.400000000000000000e+01 3.295833606306113328e-01
1.410000000000000142e+01 3.262264858553207691e-01
1.420000000000000107e+01 3.228696110800303165e-01
1.430000000000000071e+01 3.195127363047398084e-01
1.440000000000000036e+01 3.161558615294493557e-01
1.450000000000000000e+01 3.127989867541589031e-01
1.460000000000000142e+01 3.094421119788683394e-01
1.470000000000000107e+01 3.060852372035778868e-01
1.480000000000000071e+01 3.027283624282873786e-01
1.490000000000000036e+01 2.993714876529968705e-01
1.500000000000000000e+01 2.960146128777063623e-01
1.510000000000000142e+01 2.926577381024157987e-01
1.520000000000000107e+01 2.893008633271253460e-01
1.530000000000000071e+01 2.859439885518348934e-01
1.540000000000000036e+01 2.825871137765443852e-01
1.550000000000000000e+01 2.792302390012539326e-01
1.560000000000000142e+01 2.758733642259633689e-01
1.570000000000000107e+01 2.725164894506729718e-01
1.580000000000000071e+01 2.691596146753824081e-01
1.590000000000000036e+01 2.658027399000919000e-01
1.600000000000000000e+01 2.624458651248014474e-01
1.610000000000000142e+01 2.590889903495108837e-01
1.619999999999999929e+01 2.557321155742204866e-01
1.630000000000000071e+01 2.523752407989299784e-01
1.640000000000000213e+01 2.490183660236394148e-01
1.650000000000000000e+01 2.456614912483490454e-01
1.660000000000000142e+01 2.423046164730584540e-01
1.669999999999999929e+01 2.389477416977680568e-01
1.680000000000000071e+01 2.355908669224775209e-01
1.690000000000000213e+01 2.322339921471869573e-01
1.700000000000000000e+01 2.288771173718965324e-01
1.710000000000000142e+01 2.255202425966059410e-01
1.719999999999999929e+01 2.221633678213155716e-01
1.730000000000000071e+01 2.188064930460250357e-01
1.740000000000000213e+01 2.154496182707344998e-01
1.750000000000000000e+01 2.120927434954441304e-01
1.760000000000000142e+01 2.087358687201535390e-01
1.769999999999999929e+01 2.053789939448631141e-01
1.780000000000000071e+01 2.020221191695725504e-01
1.790000000000000213e+01 1.986652443942820145e-01
1.800000000000000000e+01 1.953096031848652048e-01
1.810000000000000142e+01 1.919539619754482285e-01
1.819999999999999929e+01 1.886259132845891917e-01
1.830000000000000071e+01 1.852978645937300439e-01
1.840000000000000213e+01 1.819834027585591207e-01
1.850000000000000000e+01 1.786689409233883086e-01
1.860000000000000142e+01 1.753558793641808722e-01
1.869999999999999929e+01 1.720428178049735191e-01
1.880000000000000071e+01 1.687206483878985475e-01
1.890000000000000213e+01 1.653984789708235759e-01
1.900000000000000000e+01 1.620582590467500306e-01
1.910000000000000142e+01 1.587180391226763743e-01
1.920000000000000284e+01 1.553523031341117744e-01
1.930000000000000071e+01 1.519865671455473133e-01
1.940000000000000213e+01 1.485892378381795942e-01
1.950000000000000000e+01 1.451919085308120139e-01
1.960000000000000142e+01 1.417582335076145728e-01
1.970000000000000284e+01 1.383245584844171316e-01
1.980000000000000071e+01 1.348510458666966061e-01
1.990000000000000213e+01 1.313775332489759418e-01
2.000000000000000000e+01 1.278618997707887117e-01
2.010000000000000142e+01 1.243462662926013429e-01
2.020000000000000284e+01 1.207879476355763620e-01
2.030000000000000071e+01 1.172296289785514922e-01
2.040000000000000213e+01 1.136980923530351573e-01
2.050000000000000000e+01 1.101665557275189472e-01
2.060000000000000142e+01 1.067685961213706847e-01
2.070000000000000284e+01 1.033706365152224083e-01
2.080000000000000071e+01 1.001373547422789861e-01
2.090000000000000213e+01 9.690407296933543912e-02
2.100000000000000000e+01 9.382486144593861488e-02
2.110000000000000142e+01 9.074564992254170737e-02
2.120000000000000284e+01 8.781178135962758313e-02
2.130000000000000071e+01 8.487791279671355604e-02
2.140000000000000213e+01 8.208244763701642854e-02
2.150000000000000000e+01 7.928698247731942594e-02
2.160000000000000142e+01 7.662468136611441660e-02
2.170000000000000284e+01 7.396238025490942114e-02
2.180000000000000071e+01 7.142962116540449435e-02
2.190000000000000213e+01 6.889686207589949818e-02
2.200000000000000000e+01 6.649156391728662518e-02
2.210000000000000142e+01 6.408626575867368280e-02
2.220000000000000284e+01 6.180781668629509173e-02
2.230000000000000071e+01 5.952936761391658393e-02
2.240000000000000213e+01 5.737855734034848915e-02
2.250000000000000000e+01 5.522774706678047069e-02
2.260000000000000142e+01 5.320670330989316771e-02
2.270000000000000284e+01 5.118565955300587167e-02
2.280000000000000071e+01 4.929778794021286159e-02
2.290000000000000213e+01 4.740991632741980988e-02
2.300000000000000000e+01 4.565800092873449623e-02
2.310000000000000142e+01 4.390608553004911319e-02
2.320000000000000284e+01 4.225504329514068180e-02
2.330000000000000071e+01 4.060400106023230593e-02
2.340000000000000213e+01 3.904755279480873892e-02
2.350000000000000000e+01 3.749110452938523436e-02
2.360000000000000142e+01 3.602339802913898797e-02
2.370000000000000284e+01 3.455569152889274159e-02
2.380000000000000071e+01 3.317127800427480816e-02
2.390000000000000213e+01 3.178686447965683309e-02
2.400000000000000000e+01 3.048067527725825329e-02
2.410000000000000142e+01 2.917448607485963533e-02
2.420000000000000284e+01 2.794180234727185186e-02
2.430000000000000071e+01 2.670911861968411002e-02
2.440000000000000213e+01 2.554555735976382635e-02
2.450000000000000000e+01 2.438199609984358432e-02
2.460000000000000142e+01 2.328348381530542105e-02
2.470000000000000284e+01 2.218497153076725778e-02
2.480000000000000071e+01 2.114772774849438958e-02
2.490000000000000213e+01 2.011048396622147280e-02
2.500000000000000000e+01 1.913099861260840473e-02
2.510000000000000142e+01 1.815151325899529849e-02
2.520000000000000284e+01 1.722568827187017856e-02
2.530000000000000071e+01 1.629986328474509333e-02
2.540000000000000213e+01 1.542443514174488862e-02
2.550000000000000000e+01 1.454900699874471862e-02
2.560000000000000142e+01 1.372092044025315961e-02
2.570000000000000284e+01 1.289283388176160235e-02
2.580000000000000071e+01 1.210923251221718809e-02
2.590000000000000213e+01 1.132563114267274781e-02
2.600000000000000000e+01 1.058384337234019937e-02
2.610000000000000142e+01 9.842055602007621432e-03
2.620000000000000284e+01 9.139581335361579573e-03
2.630000000000000071e+01 8.437107068715562000e-03
2.640000000000000213e+01 7.771605709532953231e-03
2.650000000000000000e+01 7.106104350350368748e-03
2.660000000000000142e+01 6.475385718287296997e-03
2.670000000000000284e+01 5.844667086224227849e-03
2.680000000000000071e+01 5.246681128539711428e-03
2.690000000000000213e+01 4.648695170855175925e-03
2.700000000000000000e+01 4.081521853207667992e-03
2.710000000000000142e+01 3.514348535560139677e-03
2.720000000000000284e+01 2.976189732696141784e-03
2.730000000000000071e+01 2.438030929832163841e-03
2.740000000000000213e+01 1.926613876758069555e-03
2.750000000000000000e+01 1.415196823683994133e-03
2.760000000000000142e+01 9.292300524870647895e-04
2.770000000000000284e+01 4.432632812901353371e-04
2.780000000000000071e+01 -1.847641459467436108e-05
2.790000000000000213e+01 -4.802161104794995701e-04
2.800000000000000000e+01 -9.188870650453136038e-04
2.810000000000000142e+01 -1.357558019611143684e-03
2.820000000000000284e+01 -1.777416251892008098e-03
2.830000000000000071e+01 -2.197274484172857551e-03
2.840000000000000213e+01 -2.599520620383542410e-03
2.850000000000000000e+01 -3.001766756594211657e-03
2.860000000000000142e+01 -3.386817693257924457e-03
2.870000000000000284e+01 -3.771868629921637257e-03
2.880000000000000071e+01 -4.140502446197861543e-03
2.890000000000000213e+01 -4.509136262474097538e-03
2.900000000000000000e+01 -4.861117037684378056e-03
2.910000000000000142e+01 -5.213097812894668982e-03
2.920000000000000284e+01 -5.546711708566642168e-03
2.930000000000000071e+01 -5.880325604238603211e-03
2.940000000000000213e+01 -6.191797681155291645e-03
2.950000000000000000e+01 -6.503269758071967936e-03
2.960000000000000142e+01 -6.791763216070721351e-03
2.970000000000000284e+01 -7.080256674069474766e-03
2.980000000000000071e+01 -7.343654751449390367e-03
2.990000000000000213e+01 -7.607052828829312906e-03
3.000000000000000000e+01 -7.852834119419505043e-03
3.010000000000000142e+01 -8.098615410009704987e-03
3.020000000000000284e+01 -8.328941821834578985e-03
3.030000000000000071e+01 -8.559268233659449512e-03
3.040000000000000213e+01 -8.774301400789547359e-03
3.050000000000000000e+01 -8.989334567919636532e-03
3.060000000000000142e+01 -9.168979268374240210e-03
3.070000000000000284e+01 -9.348623968828843889e-03
3.080000000000000071e+01 -9.478533853489909747e-03
3.090000000000000213e+01 -9.608443738150979074e-03
3.100000000000000000e+01 -9.681642835450287796e-03
3.110000000000000142e+01 -9.754841932749601721e-03
3.120000000000000284e+01 -9.763779757271584189e-03
3.130000000000000071e+01 -9.772717581793566657e-03
3.140000000000000213e+01 -9.713429798038861543e-03
3.150000000000000000e+01 -9.654142014284158163e-03
3.160000000000000142e+01 -9.525790838342722625e-03
3.170000000000000284e+01 -9.397439662401285351e-03
3.180000000000000071e+01 -9.201926943887803884e-03
3.190000000000000213e+01 -9.006414225374313742e-03
3.200000000000000000e+01 -8.748060469042575824e-03
3.210000000000000142e+01 -8.489706712710827496e-03
3.220000000000000284e+01 -8.174976359336331988e-03
3.230000000000000426e+01 -7.860246005961833010e-03
3.239999999999999858e+01 -7.496638579689003309e-03
3.250000000000000000e+01 -7.133031153416147588e-03
3.260000000000000142e+01 -6.730449012554879339e-03
3.270000000000000284e+01 -6.327866871693611957e-03
3.280000000000000426e+01 -5.897662127990444328e-03
3.289999999999999858e+01 -5.467457384287307924e-03
3.300000000000000000e+01 -5.022118553009952829e-03
3.310000000000000142e+01 -4.576779721732598602e-03
3.320000000000000284e+01 -4.125073080906666717e-03
3.330000000000000426e+01 -3.673366440080735700e-03
3.339999999999999858e+01 -3.225583703961918021e-03
3.350000000000000000e+01 -2.777800967843068250e-03
3.360000000000000142e+01 -2.344222178411621820e-03
3.370000000000000284e+01 -1.910643388980175824e-03
3.380000000000000426e+01 -1.499942156114592593e-03
3.389999999999999858e+01 -1.089240923249037984e-03
3.400000000000000000e+01 -7.094336321911135683e-04
3.410000000000000142e+01 -3.296263411331914290e-04
3.420000000000000284e+01 1.105674223455507345e-05
3.430000000000000426e+01 3.517398256022982251e-04
3.439999999999999858e+01 6.430860281619263114e-04
3.450000000000000000e+01 9.344322307215751060e-04
3.460000000000000142e+01 1.169502745367293059e-03
3.470000000000000284e+01 1.404573260013011011e-03
3.480000000000000426e+01 1.576234052907680332e-03
3.489999999999999858e+01 1.747894845802337076e-03
3.500000000000000000e+01 1.864007745423722521e-03
3.510000000000000142e+01 1.980120645045103846e-03
3.520000000000000284e+01 2.052868523990240314e-03
3.530000000000000426e+01 2.125616402935375047e-03
3.539999999999999858e+01 2.174908352374924948e-03
3.550000000000000000e+01 2.224200301814478753e-03
3.560000000000000142e+01 2.251743409308410142e-03
3.570000000000000284e+01 2.279286516802341098e-03
3.580000000000000426e+01 2.286885620152084853e-03
3.589999999999999858e+01 2.294484723501828173e-03
3.600000000000000000e+01 2.288044629120710750e-03
3.610000000000000142e+01 2.281604534739592027e-03
3.620000000000000284e+01 2.263678383420210383e-03
3.630000000000000426e+01 2.245752232100828305e-03
3.639999999999999858e+01 2.218666527096399294e-03
3.650000000000000000e+01 2.191580822091968115e-03
3.660000000000000142e+01 2.157407906316994618e-03
3.670000000000000284e+01 2.123234990542021122e-03
3.680000000000000426e+01 2.083766229024818558e-03
3.689999999999999858e+01 2.044297467507619030e-03
3.700000000000000000e+01 2.001036132554286865e-03
3.710000000000000142e+01 1.957774797600954700e-03
3.720000000000000284e+01 1.911938072592439617e-03
3.730000000000000426e+01 1.866101347583924534e-03
3.739999999999999858e+01 1.818657016504390518e-03
3.750000000000000000e+01 1.771212685424852383e-03
3.760000000000000142e+01 1.723089154884891719e-03
3.770000000000000284e+01 1.674965624344931054e-03
3.780000000000000426e+01 1.627030748699297017e-03
3.789999999999999858e+01 1.579095873053666882e-03
3.800000000000000000e+01 1.532054489957855462e-03
3.810000000000000142e+01 1.485013106862044041e-03
3.820000000000000284e+01 1.439412866369458319e-03
3.830000000000000426e+01 1.393812625876872813e-03
3.840000000000000568e+01 1.350045814435758438e-03
3.850000000000000000e+01 1.306279002994647749e-03
3.860000000000000142e+01 1.264587493459089522e-03
3.870000000000000284e+01 1.222895983923531294e-03
3.880000000000000426e+01 1.183387032708577320e-03
3.890000000000000568e+01 1.143878081493623564e-03
3.900000000000000000e+01 1.106558790493281617e-03
3.910000000000000142e+01 1.069239499492937069e-03
3.920000000000000284e+01 1.034058973686521844e-03
3.930000000000000426e+01 9.988784478801064019e-04
3.940000000000000568e+01 9.657162085911269369e-04
3.950000000000000000e+01 9.325539693021496403e-04
3.960000000000000142e+01 9.012686727993080103e-04
3.970000000000000284e+01 8.699833762964662718e-04
3.980000000000000426e+01 8.404443401835342067e-04
3.990000000000000568e+01 8.109053040706023585e-04
4.000000000000000000e+01 7.830142337916629579e-04
4.010000000000000142e+01 7.551231635127214972e-04
4.020000000000000284e+01 7.287730591701844281e-04
4.030000000000000426e+01 7.024229548276473591e-04
4.040000000000000568e+01 6.774994064357428352e-04
4.050000000000000000e+01 6.525758580438400461e-04
4.060000000000000142e+01 6.289860075468083371e-04
4.070000000000000284e+01 6.053961570497764112e-04
4.080000000000000426e+01 5.830845060350496817e-04
4.090000000000000568e+01 5.607728550203228439e-04
4.100000000000000000e+01 5.396906792119604427e-04
4.110000000000000142e+01 5.186085034035966320e-04
4.120000000000000284e+01 4.987090454009518361e-04
4.130000000000000426e+01 4.788095873983072028e-04
4.140000000000000568e+01 4.600477304462931272e-04
4.150000000000000000e+01 4.412858734942805695e-04
4.160000000000000142e+01 4.236179287653315086e-04
4.170000000000000284e+01 4.059499840363825019e-04
4.180000000000000426e+01 3.893330925539560433e-04
4.190000000000000568e+01 3.727162010715294222e-04
4.200000000000000000e+01 3.571093073868364018e-04
4.210000000000000142e+01 3.415024137021422431e-04
4.220000000000000284e+01 3.268651494895253814e-04
4.230000000000000426e+01 3.122278852769085739e-04
4.240000000000000568e+01 2.985209723308240187e-04
4.250000000000000000e+01 2.848140593847403850e-04
4.260000000000000142e+01 2.719995251791742738e-04
4.270000000000000284e+01 2.591849909736081083e-04
4.280000000000000426e+01 2.472250238491206006e-04
4.290000000000000568e+01 2.352650567246331200e-04
4.300000000000000000e+01 2.241239868864013573e-04
4.310000000000000142e+01 2.129829170481688629e-04
4.320000000000000284e+01 2.026241814829743903e-04
4.330000000000000426e+01 1.922654459177799448e-04
4.340000000000000568e+01 1.826555857409180002e-04
4.350000000000000000e+01 1.730457255640567332e-04
4.360000000000000142e+01 1.641495509122096400e-04
4.370000000000000284e+01 1.552533762603625197e-04
4.380000000000000426e+01 1.470391431521481346e-04
4.390000000000000568e+01 1.388249100439337223e-04
4.400000000000000000e+01 1.312591175963189383e-04
4.410000000000000142e+01 1.236933251487036122e-04
4.420000000000000284e+01 1.167451845350725740e-04
4.430000000000000426e+01 1.097970439214415359e-04
4.440000000000000568e+01 1.034347910589160439e-04
4.450000000000000000e+01 9.707253819639098560e-05
4.460000000000000142e+01 9.126602692552396117e-05
4.470000000000000284e+01 8.545951565465695029e-05
4.480000000000000426e+01 8.017885502805674252e-05
4.490000000000000568e+01 7.489819440145650765e-05
4.500000000000000000e+01 7.011409707998599060e-05
4.510000000000000142e+01 6.532999975851514830e-05
4.520000000000000284e+01 6.101402547829269570e-05
4.530000000000000426e+01 5.669805119807026344e-05
4.540000000000000568e+01 5.282219117054748109e-05
4.550000000000000000e+01 4.894633114302498334e-05
4.560000000000000142e+01 4.548291412597749194e-05
4.570000000000000284e+01 4.201949710892999377e-05
4.580000000000000426e+01 3.894178020230498223e-05
4.590000000000000568e+01 3.586406329567996392e-05
4.600000000000000000e+01 3.314517614346244130e-05
4.610000000000000142e+01 3.042628899124471878e-05
4.620000000000000284e+01 2.804071357022648960e-05
4.630000000000000426e+01 2.565513814920825704e-05
4.640000000000000568e+01 2.357758124349325189e-05
4.650000000000000000e+01 2.150002433777839581e-05
4.660000000000000142e+01 1.970443497377934600e-05
4.670000000000000284e+01 1.790884560978028942e-05
4.680000000000000426e+01 1.637069373996030504e-05
4.690000000000000568e+01 1.483254187014032236e-05
4.700000000000000000e+01 1.352576508312944593e-05
4.710000000000000142e+01 1.221898829611847294e-05
4.720000000000000284e+01 1.111896942468601094e-05
4.730000000000000426e+01 1.001895055325355064e-05
4.740000000000000568e+01 9.100882929971020559e-06
4.750000000000000000e+01 8.182815306688554849e-06
4.760000000000000142e+01 7.437095785357837301e-06
4.770000000000000284e+01 6.691376264027118059e-06
4.780000000000000426e+01 6.093296344121740698e-06
4.790000000000000568e+01 5.495216424216365031e-06
4.800000000000000000e+01 5.023067967455429899e-06
4.810000000000000142e+01 4.550919510694460886e-06
4.820000000000000284e+01 4.183084172620885731e-06
4.830000000000000426e+01 3.815248834547312271e-06
4.840000000000000568e+01 3.530192148241196011e-06
4.850000000000000000e+01 3.245135461935099657e-06
4.860000000000000142e+01 3.021401311535926409e-06
4.870000000000000284e+01 2.797667161136751890e-06
4.880000000000000426e+01 2.613872619491255356e-06
4.890000000000000568e+01 2.430078077845759670e-06
4.900000000000000000e+01 2.264908584290060419e-06
4.910000000000000142e+01 2.099739090734348463e-06
4.920000000000000284e+01 1.931943946599694292e-06
4.930000000000000426e+01 1.764148802465039908e-06
4.940000000000000568e+01 1.572536963373348531e-06
4.950000000000000000e+01 1.380925124281670496e-06
4.960000000000000142e+01 1.144361269675910278e-06
4.970000000000000284e+01 9.077974150701500602e-07
4.980000000000000426e+01 6.051982767134261384e-07
4.990000000000000568e+01 3.025991383567023754e-07
5.000000000000000000e+01 0.000000000000000000e+00
