0.000000000000000000e+00 1.908831827626477434e+03
1.000000000000000056e-01 1.879615484556059755e+03
2.000000000000000111e-01 1.850624641480397486e+03
3.000000000000000444e-01 1.821859298399489035e+03
4.000000000000000222e-01 1.793319455313335766e+03
5.000000000000000000e-01 1.765005112221937225e+03
6.000000000000000888e-01 1.736916269125293638e+03
7.000000000000000666e-01 1.709052926023405007e+03
8.000000000000000444e-01 1.681415082916270421e+03
9.000000000000000222e-01 1.654002739803891473e+03
1.000000000000000000e+00 1.626815896686266797e+03
1.100000000000000089e+00 1.599854553563397076e+03
1.200000000000000178e+00 1.573118710435282310e+03
1.300000000000000044e+00 1.546608367301922044e+03
1.400000000000000133e+00 1.520323524163316733e+03
1.500000000000000000e+00 1.494264181019466150e+03
1.600000000000000089e+00 1.468430337870370295e+03
1.700000000000000178e+00 1.442821994716029394e+03
1.800000000000000044e+00 1.417439151556442994e+03
1.900000000000000133e+00 1.392281808391611548e+03
2.000000000000000000e+00 1.367349965221535058e+03
2.100000000000000089e+00 1.342643622046213295e+03
2.200000000000000178e+00 1.318162778865646487e+03
2.300000000000000266e+00 1.293907435679833725e+03
2.400000000000000355e+00 1.269877592488776600e+03
2.500000000000000000e+00 1.246073249292473974e+03
2.600000000000000089e+00 1.222494406090926304e+03
2.700000000000000178e+00 1.199141062884133135e+03
2.800000000000000266e+00 1.176013219672094465e+03
2.900000000000000355e+00 1.153110876454810978e+03
3.000000000000000000e+00 1.130434033232282445e+03
3.100000000000000089e+00 1.107982690004508640e+03
3.200000000000000178e+00 1.085756846771489791e+03
3.300000000000000266e+00 1.063756503533224986e+03
3.400000000000000355e+00 1.041981660289715592e+03
3.500000000000000000e+00 1.020432317040960925e+03
3.600000000000000089e+00 9.991084737869612127e+02
3.700000000000000178e+00 9.780101305277160009e+02
3.800000000000000266e+00 9.571372872632252893e+02
3.900000000000000355e+00 9.364899439934895327e+02
4.000000000000000000e+00 9.160681007185090721e+02
4.100000000000000533e+00 8.958717574382828843e+02
4.200000000000000178e+00 8.759009141528119926e+02
4.299999999999999822e+00 8.561555708620951464e+02
4.400000000000000355e+00 8.366357275661337098e+02
4.500000000000000000e+00 8.173413842649270009e+02
4.600000000000000533e+00 7.982725409584747922e+02
4.700000000000000178e+00 7.794291976467779932e+02
4.800000000000000711e+00 7.608113543298352397e+02
4.900000000000000355e+00 7.424190110076475548e+02
5.000000000000000000e+00 7.242521676802148249e+02
5.100000000000000533e+00 7.063108243475365953e+02
5.200000000000000178e+00 6.885949810096133206e+02
5.300000000000000711e+00 6.711046376664448871e+02
5.400000000000000355e+00 6.538397943180311813e+02
5.500000000000000000e+00 6.368004509643722031e+02
5.600000000000000533e+00 6.199866076054679525e+02
5.700000000000000178e+00 6.033982642413187705e+02
5.800000000000000711e+00 5.870354208719242024e+02
5.900000000000000355e+00 5.708980774972844756e+02
6.000000000000000000e+00 5.549862341173995901e+02
6.100000000000000533e+00 5.392998907322692048e+02
6.200000000000000178e+00 5.238390473418940019e+02
6.300000000000000711e+00 5.086037039462733560e+02
6.400000000000000355e+00 4.935938605454076082e+02
6.500000000000000000e+00 4.788095171392967018e+02
6.600000000000000533e+00 4.642506737279403524e+02
6.700000000000000178e+00 4.499173303113389579e+02
6.800000000000000711e+00 4.358094868894922911e+02
6.900000000000000355e+00 4.219271434624004655e+02
7.000000000000000000e+00 4.082703000300635381e+02
7.100000000000000533e+00 3.948389565924811677e+02
7.200000000000000178e+00 3.816331131496538092e+02
7.300000000000000711e+00 3.686527697015811214e+02
7.400000000000000355e+00 3.558979262482632180e+02
7.500000000000000000e+00 3.433685827897001559e+02
7.600000000000000533e+00 3.310647393258917646e+02
7.700000000000000178e+00 3.189863958568383850e+02
7.800000000000000711e+00 3.071335523825395057e+02
7.900000000000000355e+00 2.955062089029956951e+02
8.000000000000000000e+00 2.841043654182066120e+02
8.099999999999999645e+00 2.729280219281723134e+02
8.200000000000001066e+00 2.619771784328925150e+02
8.300000000000000711e+00 2.512518349323678422e+02
8.400000000000000355e+00 2.407519914265979253e+02
8.500000000000000000e+00 2.304776479155827928e+02
8.599999999999999645e+00 2.204288043993224449e+02
8.700000000000001066e+00 2.106054608778166823e+02
8.800000000000000711e+00 2.010076173510659032e+02
8.900000000000000355e+00 1.916352738190699654e+02
9.000000000000000000e+00 1.824884302818287836e+02
9.099999999999999645e+00 1.735670867393423578e+02
9.200000000000001066e+00 1.648712431916106027e+02
9.300000000000000711e+00 1.564008996386337742e+02
9.400000000000000355e+00 1.481560560804117586e+02
9.500000000000000000e+00 1.401367125169445274e+02
9.600000000000001421e+00 1.323428689482319101e+02
9.700000000000001066e+00 1.247745253742743046e+02
9.800000000000000711e+00 1.174316817950714267e+02
9.900000000000000355e+00 1.103143382106233616e+02
1.000000000000000000e+01 1.034224946209300811e+02
1.010000000000000142e+01 9.675615102599144279e+01
1.020000000000000107e+01 9.031530742580775950e+01
1.030000000000000071e+01 8.409996382037886065e+01
1.040000000000000036e+01 7.811012020970473202e+01
1.050000000000000000e+01 7.234577659378540204e+01
1.060000000000000142e+01 6.680693297262077124e+01
1.070000000000000107e+01 6.149358934621101724e+01
1.080000000000000071e+01 5.640574571455606190e+01
1.090000000000000036e+01 5.154340207765589099e+01
1.100000000000000000e+01 4.690655843551051163e+01
1.110000000000000142e+01 4.249521478811983854e+01
1.120000000000000107e+01 3.830937113548404938e+01
1.130000000000000071e+01 3.434902747760303754e+01
1.140000000000000036e+01 3.061418381447682435e+01
1.150000000000000000e+01 2.710484014610539916e+01
1.160000000000000142e+01 2.382099647248871221e+01
1.170000000000000107e+01 2.076265279362686655e+01
1.180000000000000071e+01 1.792980910951981599e+01
1.190000000000000036e+01 1.532246542016754987e+01
1.200000000000000000e+01 1.294062172557007173e+01
1.210000000000000142e+01 1.078427802572735494e+01
1.220000000000000107e+01 8.853434320639463451e+00
1.230000000000000071e+01 7.148090610306361725e+00
1.240000000000000036e+01 5.668246894728051544e+00
1.250000000000000000e+01 4.413903173904530242e+00
1.260000000000000142e+01 3.385059447835782720e+00
1.270000000000000107e+01 2.581715716521844062e+00
1.280000000000000071e+01 2.003871979962695171e+00
1.290000000000000036e+01 1.651528238158336492e+00
1.300000000000000000e+01 1.524684491108767359e+00
1.310000000000000142e+01 1.510590741436592666e+00
1.320000000000000107e+01 1.496496991764418194e+00
1.330000000000000071e+01 1.482403242092243723e+00
1.340000000000000036e+01 1.468309492420069695e+00
1.350000000000000000e+01 1.454215742747895668e+00
1.360000000000000142e+01 1.440121993075720974e+00
1.370000000000000107e+01 1.426028243403546503e+00
1.380000000000000071e+01 1.411934493731372031e+00
1.390000000000000036e+01 1.397840744059197338e+00
1.400000000000000000e+01 1.383746994387023310e+00
1.410000000000000142e+01 1.369653244714848617e+00
1.420000000000000107e+01 1.355559495042674145e+00
1.430000000000000071e+01 1.341465745370499896e+00
1.440000000000000036e+01 1.327371995698325424e+00
1.450000000000000000e+01 1.313278246026150953e+00
1.460000000000000142e+01 1.299184496353976481e+00
1.470000000000000107e+01 1.285090746681802010e+00
1.480000000000000071e+01 1.270996997009627538e+00
1.490000000000000036e+01 1.256903247337452845e+00
1.500000000000000000e+01 1.242809497665278595e+00
1.510000000000000142e+01 1.228715747993103902e+00
1.520000000000000107e+01 1.214621998320929430e+00
1.530000000000000071e+01 1.200528248648755181e+00
1.540000000000000036e+01 1.186434498976580709e+00
1.550000000000000000e+01 1.172340749304406460e+00
1.560000000000000142e+01 1.158246999632231766e+00
1.570000000000000107e+01 1.144153249960057517e+00
1.580000000000000071e+01 1.130059500287883045e+00
1.590000000000000036e+01 1.115965750615708352e+00
1.600000000000000000e+01 1.101872000943534102e+00
1.610000000000000142e+01 1.087778251271359187e+00
1.619999999999999929e+01 1.073684501599185381e+00
1.630000000000000071e+01 1.059590751927010688e+00
1.640000000000000213e+01 1.045497002254835994e+00
1.650000000000000000e+01 1.031403252582661967e+00
1.660000000000000142e+01 1.017309502910487273e+00
1.669999999999999929e+01 1.003215753238313024e+00
1.680000000000000071e+01 9.891220035661384413e-01
1.690000000000000213e+01 9.750282538939637478e-01
1.700000000000000000e+01 9.609345042217896093e-01
1.710000000000000142e+01 9.468407545496146938e-01
1.719999999999999929e+01 9.327470048774407774e-01
1.730000000000000071e+01 9.186532552052660838e-01
1.740000000000000213e+01 9.045595055330915013e-01
1.750000000000000000e+01 8.904657558609174739e-01
1.760000000000000142e+01 8.763720061887426693e-01
1.769999999999999929e+01 8.622782565165685309e-01
1.780000000000000071e+01 8.481845068443938374e-01
1.790000000000000213e+01 8.340907571722191438e-01
1.800000000000000000e+01 8.200021865936336640e-01
1.810000000000000142e+01 8.059136160150475181e-01
1.819999999999999929e+01 7.919408918934823793e-01
1.830000000000000071e+01 7.779681677719166855e-01
1.840000000000000213e+01 7.640524877034421403e-01
1.850000000000000000e+01 7.501368076349680392e-01
1.860000000000000142e+01 7.362270065879710224e-01
1.869999999999999929e+01 7.223172055409743386e-01
1.880000000000000071e+01 7.083691653943898769e-01
1.890000000000000213e+01 6.944211252478055263e-01
1.900000000000000000e+01 6.803973005265427920e-01
1.910000000000000142e+01 6.663734758052795026e-01
1.920000000000000284e+01 6.522425225642987101e-01
1.930000000000000071e+01 6.381115693233183617e-01
1.940000000000000213e+01 6.238479723716451320e-01
1.950000000000000000e+01 6.095843754199723463e-01
1.960000000000000142e+01 5.951681819447913746e-01
1.970000000000000284e+01 5.807519884696102919e-01
1.980000000000000071e+01 5.661685379108816196e-01
1.990000000000000213e+01 5.515850873521523923e-01
2.000000000000000000e+01 5.368247934783961783e-01
2.010000000000000142e+01 5.220644996046394093e-01
2.020000000000000284e+01 5.071249931401488054e-01
2.030000000000000071e+01 4.921854866756585345e-01
2.040000000000000213e+01 4.773584238598179152e-01
2.050000000000000000e+01 4.625313610439778511e-01
2.060000000000000142e+01 4.482651177995989333e-01
2.070000000000000284e+01 4.339988745552199045e-01
2.080000000000000071e+01 4.204240268239620160e-01
2.090000000000000213e+01 4.068491790927035723e-01
2.100000000000000000e+01 3.939211912160410778e-01
2.110000000000000142e+01 3.809932033393781392e-01
2.120000000000000284e+01 3.686754340257475393e-01
2.130000000000000071e+01 3.563576647121173280e-01
2.140000000000000213e+01 3.446209784144739774e-01
2.150000000000000000e+01 3.328842921168311264e-01
2.160000000000000142e+01 3.217066915433846042e-01
2.170000000000000284e+01 3.105290909699381374e-01
2.180000000000000071e+01 2.998953691373094643e-01
2.190000000000000213e+01 2.892616473046805137e-01
2.200000000000000000e+01 2.791630668083322497e-01
2.210000000000000142e+01 2.690644863119837082e-01
2.220000000000000284e+01 2.594984783383549876e-01
2.230000000000000071e+01 2.499324703647266277e-01
2.240000000000000213e+01 2.409023505011143318e-01
2.250000000000000000e+01 2.318722306375023412e-01
2.260000000000000142e+01 2.233869320509276613e-01
2.270000000000000284e+01 2.149016334643529813e-01
2.280000000000000071e+01 2.069754545911459964e-01
2.290000000000000213e+01 1.990492757179388172e-01
2.300000000000000000e+01 1.916939054021778444e-01
2.310000000000000142e+01 1.843385350864165662e-01
2.320000000000000284e+01 1.774066780721872405e-01
2.330000000000000071e+01 1.704748210579581646e-01
2.340000000000000213e+01 1.639401143146386741e-01
2.350000000000000000e+01 1.574054075713194334e-01
2.360000000000000142e+01 1.512432807744079066e-01
2.370000000000000284e+01 1.450811539774964076e-01
2.380000000000000071e+01 1.392687305286504917e-01
2.390000000000000213e+01 1.334563070798043816e-01
2.400000000000000000e+01 1.279723063721790177e-01
2.410000000000000142e+01 1.224883056645534873e-01
2.420000000000000284e+01 1.173129157425145536e-01
2.430000000000000071e+01 1.121375258204758002e-01
2.440000000000000213e+01 1.072523447448316403e-01
2.450000000000000000e+01 1.023671636691876330e-01
2.460000000000000142e+01 9.775508899066479018e-02
2.470000000000000284e+01 9.314301431214194738e-02
2.480000000000000071e+01 8.878817381467114800e-02
2.490000000000000213e+01 8.443333331720014046e-02
2.500000000000000000e+01 8.032099004988560442e-02
2.510000000000000142e+01 7.620864678257090186e-02
2.520000000000000284e+01 7.232159514012279078e-02
2.530000000000000071e+01 6.843454349767481848e-02
2.540000000000000213e+01 6.475908166804676680e-02
2.550000000000000000e+01 6.108361983841886778e-02
2.560000000000000142e+01 5.760692039518076207e-02
2.570000000000000284e+01 5.413022095194267025e-02
2.580000000000000071e+01 5.084029139412163389e-02
2.590000000000000213e+01 4.755036183630049346e-02
2.600000000000000000e+01 4.443598556528136068e-02
2.610000000000000142e+01 4.132160929426210993e-02
2.620000000000000284e+01 3.837228972531962767e-02
2.630000000000000071e+01 3.542297015637724950e-02
2.640000000000000213e+01 3.262888035837462064e-02
2.650000000000000000e+01 2.983479056037208893e-02
2.660000000000000142e+01 2.718673511925007516e-02
2.670000000000000284e+01 2.453867967812806833e-02
2.680000000000000071e+01 2.202805150185009955e-02
2.690000000000000213e+01 1.951742332557205445e-02
2.700000000000000000e+01 1.713616120090166728e-02
2.710000000000000142e+01 1.475489907623119511e-02
2.720000000000000284e+01 1.249545362200333784e-02
2.730000000000000071e+01 1.023600816777556211e-02
2.740000000000000213e+01 8.088837240470506118e-03
2.750000000000000000e+01 5.941666313165528193e-03
2.760000000000000142e+01 3.901347719019667044e-03
2.770000000000000284e+01 1.861029124873805462e-03
2.780000000000000071e+01 -7.757273641943249610e-05
2.790000000000000213e+01 -2.016174597712735560e-03
2.800000000000000000e+01 -3.857922960688051420e-03
2.810000000000000142e+01 -5.699671323663435367e-03
2.820000000000000284e+01 -7.462434971305342141e-03
2.830000000000000071e+01 -9.225198618947187332e-03
2.840000000000000213e+01 -1.091401834856078022e-02
2.850000000000000000e+01 -1.260283807817430719e-02
2.860000000000000142e+01 -1.421946421875026900e-02
2.870000000000000284e+01 -1.583609035932623255e-02
2.880000000000000071e+01 -1.738378965556997002e-02
2.890000000000000213e+01 -1.893148895181375954e-02
2.900000000000000000e+01 -2.040927089701673885e-02
2.910000000000000142e+01 -2.188705284221976327e-02
2.920000000000000284e+01 -2.328772193103104821e-02
2.930000000000000071e+01 -2.468839101984227763e-02
2.940000000000000213e+01 -2.599609827012425850e-02
2.950000000000000000e+01 -2.730380552040618733e-02
2.960000000000000142e+01 -2.851503764887977979e-02
2.970000000000000284e+01 -2.972626977735336878e-02
2.980000000000000071e+01 -3.083213961618383805e-02
2.990000000000000213e+01 -3.193800945501433508e-02
3.000000000000000000e+01 -3.296991568195494632e-02
3.010000000000000142e+01 -3.400182190889559919e-02
3.020000000000000284e+01 -3.496884123742239475e-02
3.030000000000000071e+01 -3.593586056594916950e-02
3.040000000000000213e+01 -3.683867161241848043e-02
3.050000000000000000e+01 -3.774148265888775666e-02
3.060000000000000142e+01 -3.849571616702356786e-02
3.070000000000000284e+01 -3.924994967515937211e-02
3.080000000000000071e+01 -3.979537287885802355e-02
3.090000000000000213e+01 -4.034079608255668192e-02
3.100000000000000000e+01 -4.064812055029061455e-02
3.110000000000000142e+01 -4.095544501802456105e-02
3.120000000000000284e+01 -4.099297023712235311e-02
3.130000000000000071e+01 -4.103049545622015210e-02
3.140000000000000213e+01 -4.078157726927809923e-02
3.150000000000000000e+01 -4.053265908233604636e-02
3.160000000000000142e+01 -3.999378007583773154e-02
3.170000000000000284e+01 -3.945490106933940283e-02
3.180000000000000071e+01 -3.863404610842807035e-02
3.190000000000000213e+01 -3.781319114751669624e-02
3.200000000000000000e+01 -3.672849975676013845e-02
3.210000000000000142e+01 -3.564380836600353208e-02
3.220000000000000284e+01 -3.432242132846910487e-02
3.230000000000000426e+01 -3.300103429093466378e-02
3.239999999999999858e+01 -3.147443815974909631e-02
3.250000000000000000e+01 -2.994784202856342128e-02
3.260000000000000142e+01 -2.825761159233995679e-02
3.270000000000000284e+01 -2.656738115611649576e-02
3.280000000000000426e+01 -2.476117795480413039e-02
3.289999999999999858e+01 -2.295497475349189687e-02
3.300000000000000000e+01 -2.108523148706974507e-02
3.310000000000000142e+01 -1.921548822064759326e-02
3.320000000000000284e+01 -1.731900987480027715e-02
3.330000000000000426e+01 -1.542253152895296103e-02
3.339999999999999858e+01 -1.354252759290091104e-02
3.350000000000000000e+01 -1.166252365684872574e-02
3.360000000000000142e+01 -9.842154614073683055e-03
3.370000000000000284e+01 -8.021785571298640366e-03
3.380000000000000426e+01 -6.297467342728420465e-03
3.389999999999999858e+01 -4.573149114158321128e-03
3.400000000000000000e+01 -2.978538280522482606e-03
3.410000000000000142e+01 -1.383927446886653841e-03
3.420000000000000284e+01 4.642143889031217672e-05
3.430000000000000426e+01 1.476770324667264073e-03
3.439999999999999858e+01 2.699979625484479236e-03
3.450000000000000000e+01 3.923188926301782002e-03
3.460000000000000142e+01 4.910126244641060782e-03
3.470000000000000284e+01 5.897063562980338694e-03
3.480000000000000426e+01 6.617776847072114402e-03
3.489999999999999858e+01 7.338490131163838068e-03
3.500000000000000000e+01 7.825987059264920623e-03
3.510000000000000142e+01 8.313483987365985831e-03
3.520000000000000284e+01 8.618914026812625126e-03
3.530000000000000426e+01 8.924344066259257482e-03
3.539999999999999858e+01 9.131295008060289625e-03
3.550000000000000000e+01 9.338245949861337381e-03
3.560000000000000142e+01 9.453884955841138082e-03
3.570000000000000284e+01 9.569523961820938784e-03
3.580000000000000426e+01 9.601428595598945556e-03
3.589999999999999858e+01 9.633333229376948859e-03
3.600000000000000000e+01 9.606294664000380318e-03
3.610000000000000142e+01 9.579256098623808308e-03
3.620000000000000284e+01 9.503993627964911484e-03
3.630000000000000426e+01 9.428731157306014660e-03
3.639999999999999858e+01 9.315012543541594664e-03
3.650000000000000000e+01 9.201293929777165995e-03
3.660000000000000142e+01 9.057819849645862287e-03
3.670000000000000284e+01 8.914345769514558579e-03
3.680000000000000426e+01 8.748637221555373086e-03
3.689999999999999858e+01 8.582928673596199737e-03
3.700000000000000000e+01 8.401297106698207839e-03
3.710000000000000142e+01 8.219665539800217677e-03
3.720000000000000284e+01 8.027221266091377413e-03
3.730000000000000426e+01 7.834776992382535415e-03
3.739999999999999858e+01 7.635583227241011205e-03
3.750000000000000000e+01 7.436389462099470514e-03
3.760000000000000142e+01 7.234344096045338540e-03
3.770000000000000284e+01 7.032298729991207434e-03
3.780000000000000426e+01 6.831045426505106405e-03
3.789999999999999858e+01 6.629792123019019254e-03
3.800000000000000000e+01 6.432290124295265282e-03
3.810000000000000142e+01 6.234788125571512178e-03
3.820000000000000284e+01 6.043336725827879417e-03
3.830000000000000426e+01 5.851885326084248391e-03
3.840000000000000568e+01 5.668131529564701850e-03
3.850000000000000000e+01 5.484377733045170053e-03
3.860000000000000142e+01 5.309337036509690147e-03
3.870000000000000284e+01 5.134296339974210241e-03
3.880000000000000426e+01 4.968419056635415068e-03
3.890000000000000568e+01 4.802541773296621630e-03
3.900000000000000000e+01 4.645857720268061104e-03
3.910000000000000142e+01 4.489173667239489303e-03
3.920000000000000284e+01 4.341469163127273552e-03
3.930000000000000426e+01 4.193764659015056066e-03
3.940000000000000568e+01 4.054533877292738377e-03
3.950000000000000000e+01 3.915303095570430228e-03
3.960000000000000142e+01 3.783952608332594950e-03
3.970000000000000284e+01 3.652602121094759239e-03
3.980000000000000426e+01 3.528583261768390884e-03
3.990000000000000568e+01 3.404564402442023831e-03
4.000000000000000000e+01 3.287464483942269429e-03
4.010000000000000142e+01 3.170364565442506787e-03
4.020000000000000284e+01 3.059734351538487274e-03
4.030000000000000426e+01 2.949104137634467760e-03
4.040000000000000568e+01 2.844463281036702356e-03
4.050000000000000000e+01 2.739822424438944325e-03
4.060000000000000142e+01 2.640781063064236590e-03
4.070000000000000284e+01 2.541739701689528855e-03
4.080000000000000426e+01 2.448064826925317947e-03
4.090000000000000568e+01 2.354389952161106605e-03
4.100000000000000000e+01 2.265876996427713345e-03
4.110000000000000142e+01 2.177364040694314013e-03
4.120000000000000284e+01 2.093816694285792132e-03
4.130000000000000426e+01 2.010269347877270685e-03
4.140000000000000568e+01 1.931498189294523007e-03
4.150000000000000000e+01 1.852727030711781835e-03
4.160000000000000142e+01 1.778548633571521006e-03
4.170000000000000284e+01 1.704370236431260394e-03
4.180000000000000426e+01 1.634604658457700045e-03
4.190000000000000568e+01 1.564839080484139045e-03
4.200000000000000000e+01 1.499313951464910496e-03
4.210000000000000142e+01 1.433788822445676960e-03
4.220000000000000284e+01 1.372334657036647755e-03
4.230000000000000426e+01 1.310880491627618768e-03
4.240000000000000568e+01 1.253332381325027774e-03
4.250000000000000000e+01 1.195784271022440467e-03
4.260000000000000142e+01 1.141982789183387630e-03
4.270000000000000284e+01 1.088181307344334792e-03
4.280000000000000426e+01 1.037967702719963048e-03
4.290000000000000568e+01 9.877540980955915213e-04
4.300000000000000000e+01 9.409786119988057746e-04
4.310000000000000142e+01 8.942031259020167752e-04
4.320000000000000284e+01 8.507122494919882628e-04
4.330000000000000426e+01 8.072213730819596421e-04
4.340000000000000568e+01 7.668746301190589986e-04
4.350000000000000000e+01 7.265278871561611741e-04
4.360000000000000142e+01 6.891775339329830235e-04
4.370000000000000284e+01 6.518271807098048728e-04
4.380000000000000426e+01 6.173399409628164058e-04
4.390000000000000568e+01 5.828527012158279388e-04
4.400000000000000000e+01 5.510879223765329177e-04
4.410000000000000142e+01 5.193231435372355114e-04
4.420000000000000284e+01 4.901515595340429901e-04
4.430000000000000426e+01 4.609799755308505230e-04
4.440000000000000568e+01 4.342682257046301397e-04
4.450000000000000000e+01 4.075564758784114912e-04
4.460000000000000142e+01 3.831779923786277943e-04
4.470000000000000284e+01 3.587995088788440974e-04
4.480000000000000426e+01 3.366287953560047471e-04
4.490000000000000568e+01 3.144580818331653427e-04
4.500000000000000000e+01 2.943721761710183047e-04
4.510000000000000142e+01 2.742862705088699115e-04
4.520000000000000284e+01 2.561657670141470047e-04
4.530000000000000426e+01 2.380452635194241792e-04
4.540000000000000568e+01 2.217725680365948565e-04
4.550000000000000000e+01 2.054998725537667264e-04
4.560000000000000142e+01 1.909588081065853886e-04
4.570000000000000284e+01 1.764177436594039966e-04
4.580000000000000426e+01 1.634960308915994808e-04
4.590000000000000568e+01 1.505743181237949649e-04
4.600000000000000000e+01 1.391591425586209414e-04
4.610000000000000142e+01 1.277439669934461047e-04
4.620000000000000284e+01 1.177281918875625023e-04
4.630000000000000426e+01 1.077124167816788863e-04
4.640000000000000568e+01 9.898984923928052550e-05
4.650000000000000000e+01 9.026728169688278812e-05
4.660000000000000142e+01 8.272854739660446936e-05
4.670000000000000284e+01 7.518981309632610994e-05
4.680000000000000426e+01 6.873192328446860340e-05
4.690000000000000568e+01 6.227403347261111042e-05
4.700000000000000000e+01 5.678756580658208500e-05
4.710000000000000142e+01 5.130109814055265301e-05
4.720000000000000284e+01 4.668269809693013466e-05
4.730000000000000426e+01 4.206429805330760954e-05
4.740000000000000568e+01 3.820981549711739819e-05
4.750000000000000000e+01 3.435533294092745789e-05
4.760000000000000142e+01 3.122444931766826120e-05
4.770000000000000284e+01 2.809356569440906113e-05
4.780000000000000426e+01 2.558254302024002378e-05
4.790000000000000568e+01 2.307152034607098644e-05
4.800000000000000000e+01 2.108921757842715581e-05
4.810000000000000142e+01 1.910691481078318288e-05
4.820000000000000284e+01 1.756256790408631163e-05
4.830000000000000426e+01 1.601822099738944716e-05
4.840000000000000568e+01 1.482141806367551309e-05
4.850000000000000000e+01 1.362461512996166371e-05
4.860000000000000142e+01 1.268527323611049822e-05
4.870000000000000284e+01 1.174593134225932595e-05
4.880000000000000426e+01 1.097427483599614335e-05
4.890000000000000568e+01 1.020261832973296413e-05
4.900000000000000000e+01 9.509158593674618950e-06
4.910000000000000142e+01 8.815698857616222951e-06
4.920000000000000284e+01 8.111215397271593703e-06
4.930000000000000426e+01 7.406731936926962760e-06
4.940000000000000568e+01 6.602254714761420922e-06
4.950000000000000000e+01 5.797777492595936681e-06
4.960000000000000142e+01 4.804570426058954974e-06
4.970000000000000284e+01 3.811363359521974114e-06
4.980000000000000426e+01 2.540908906347952673e-06
4.990000000000000568e+01 1.270454453173931232e-06
5.000000000000000000e+01 0.000000000000000000e+00
