0.000000000000000000e+00 2.327843746373870090e+03
1.000000000000000056e-01 2.292214058873869817e+03
2.000000000000000111e-01 2.256859371373870545e+03
3.000000000000000444e-01 2.221779683873869999e+03
4.000000000000000222e-01 2.186974996373869999e+03
5.000000000000000000e-01 2.152445308873870090e+03
6.000000000000000888e-01 2.118190621373870272e+03
7.000000000000000666e-01 2.084210933873870090e+03
8.000000000000000444e-01 2.050506246373869999e+03
9.000000000000000222e-01 2.017076558873869999e+03
1.000000000000000000e+00 1.983921871373870090e+03
1.100000000000000089e+00 1.951042183873870272e+03
1.200000000000000178e+00 1.918437496373870090e+03
1.300000000000000044e+00 1.886107808873869999e+03
1.400000000000000133e+00 1.854053121373870226e+03
1.500000000000000000e+00 1.822273433873870090e+03
1.600000000000000089e+00 1.790768746373870272e+03
1.700000000000000178e+00 1.759539058873870090e+03
1.800000000000000044e+00 1.728584371373869772e+03
1.900000000000000133e+00 1.697904683873869999e+03
2.000000000000000000e+00 1.667499996373870090e+03
2.100000000000000089e+00 1.637370308873870272e+03
2.200000000000000178e+00 1.607515621373870317e+03
2.300000000000000266e+00 1.577935933873869772e+03
2.400000000000000355e+00 1.548631246373870226e+03
2.500000000000000000e+00 1.519601558873870090e+03
2.600000000000000089e+00 1.490846871373870272e+03
2.700000000000000178e+00 1.462367183873870090e+03
2.800000000000000266e+00 1.434162496373869772e+03
2.900000000000000355e+00 1.406232808873869772e+03
3.000000000000000000e+00 1.378578121373870090e+03
3.100000000000000089e+00 1.351198433873870272e+03
3.200000000000000178e+00 1.324093746373870317e+03
3.300000000000000266e+00 1.297264058873869999e+03
3.400000000000000355e+00 1.270709371373869999e+03
3.500000000000000000e+00 1.244429683873870090e+03
3.600000000000000089e+00 1.218424996373870272e+03
3.700000000000000178e+00 1.192695308873870090e+03
3.800000000000000266e+00 1.167240621373869999e+03
3.900000000000000355e+00 1.142060933873869772e+03
4.000000000000000000e+00 1.117156246373869863e+03
4.100000000000000533e+00 1.092526558873869817e+03
4.200000000000000178e+00 1.068171871373870317e+03
4.299999999999999822e+00 1.044092183873869772e+03
4.400000000000000355e+00 1.020287496373869999e+03
4.500000000000000000e+00 9.967578088738700899e+02
4.600000000000000533e+00 9.735031213738698170e+02
4.700000000000000178e+00 9.505234338738703173e+02
4.800000000000000711e+00 9.278187463738699989e+02
4.900000000000000355e+00 9.053890588738702263e+02
5.000000000000000000e+00 8.832343713738702036e+02
5.100000000000000533e+00 8.613546838738699307e+02
5.200000000000000178e+00 8.397499963738699762e+02
5.300000000000000711e+00 8.184203088738699989e+02
5.400000000000000355e+00 7.973656213738701126e+02
5.500000000000000000e+00 7.765859338738699762e+02
5.600000000000000533e+00 7.560812463738699307e+02
5.700000000000000178e+00 7.358515588738700899e+02
5.800000000000000711e+00 7.158968713738698852e+02
5.900000000000000355e+00 6.962171838738699989e+02
6.000000000000000000e+00 6.768124963738700899e+02
6.100000000000000533e+00 6.576828088738699307e+02
6.200000000000000178e+00 6.388281213738699762e+02
6.300000000000000711e+00 6.202484338738699989e+02
6.400000000000000355e+00 6.019437463738699989e+02
6.500000000000000000e+00 5.839140588738700899e+02
6.600000000000000533e+00 5.661593713738700444e+02
6.700000000000000178e+00 5.486796838738699762e+02
6.800000000000000711e+00 5.314749963738698852e+02
6.900000000000000355e+00 5.145453088738699989e+02
7.000000000000000000e+00 4.978906213738700899e+02
7.100000000000000533e+00 4.815109338738699876e+02
7.200000000000000178e+00 4.654062463738700899e+02
7.300000000000000711e+00 4.495765588738700558e+02
7.400000000000000355e+00 4.340218713738699989e+02
7.500000000000000000e+00 4.187421838738700330e+02
7.600000000000000533e+00 4.037374963738699876e+02
7.700000000000000178e+00 3.890078088738700899e+02
7.800000000000000711e+00 3.745531213738699989e+02
7.900000000000000355e+00 3.603734338738700558e+02
8.000000000000000000e+00 3.464687463738700899e+02
8.099999999999999645e+00 3.328390588738701581e+02
8.200000000000001066e+00 3.194843713738699194e+02
8.300000000000000711e+00 3.064046838738699989e+02
8.400000000000000355e+00 2.935999963738700558e+02
8.500000000000000000e+00 2.810703088738700899e+02
8.599999999999999645e+00 2.688156213738701581e+02
8.700000000000001066e+00 2.568359338738699762e+02
8.800000000000000711e+00 2.451312463738699705e+02
8.900000000000000355e+00 2.337015588738700558e+02
9.000000000000000000e+00 2.225468713738700899e+02
9.099999999999999645e+00 2.116671838738701581e+02
9.200000000000001066e+00 2.010624963738699762e+02
9.300000000000000711e+00 1.907328088738699989e+02
9.400000000000000355e+00 1.806781213738700558e+02
9.500000000000000000e+00 1.708984338738700615e+02
9.600000000000001421e+00 1.613937463738699307e+02
9.700000000000001066e+00 1.521640588738700046e+02
9.800000000000000711e+00 1.432093713738699989e+02
9.900000000000000355e+00 1.345296838738700558e+02
1.000000000000000000e+01 1.261249963738700899e+02
1.010000000000000142e+01 1.179953088738699449e+02
1.020000000000000107e+01 1.101406213738699904e+02
1.030000000000000071e+01 1.025609338738700416e+02
1.040000000000000036e+01 9.525624637387005578e+01
1.050000000000000000e+01 8.822655887387007567e+01
1.060000000000000142e+01 8.147187137386998756e+01
1.070000000000000107e+01 7.499218387387001883e+01
1.080000000000000071e+01 6.878749637387004157e+01
1.090000000000000036e+01 6.285780887387005578e+01
1.100000000000000000e+01 5.720312137387008278e+01
1.110000000000000142e+01 5.182343387387000178e+01
1.120000000000000107e+01 4.671874637387002593e+01
1.130000000000000071e+01 4.188905887387004157e+01
1.140000000000000036e+01 3.733437137387006288e+01
1.150000000000000000e+01 3.305468387387007567e+01
1.160000000000000142e+01 2.904999637387002309e+01
1.170000000000000107e+01 2.532030887387003659e+01
1.180000000000000071e+01 2.186562137387005222e+01
1.190000000000000036e+01 1.868593387387006644e+01
1.200000000000000000e+01 1.578124637387007212e+01
1.210000000000000142e+01 1.315155887387003908e+01
1.220000000000000107e+01 1.079687137387005080e+01
1.230000000000000071e+01 8.717183873870059330e+00
1.240000000000000036e+01 6.912496373870069988e+00
1.250000000000000000e+01 5.382808873870075672e+00
1.260000000000000142e+01 4.128121373870059507e+00
1.270000000000000107e+01 3.148433873870066346e+00
1.280000000000000071e+01 2.443746373870071320e+00
1.290000000000000036e+01 2.014058873870074429e+00
1.300000000000000000e+01 1.859371373870075228e+00
1.310000000000000142e+01 1.842183873870075317e+00
1.320000000000000107e+01 1.824996373870075406e+00
1.330000000000000071e+01 1.807808873870075050e+00
1.340000000000000036e+01 1.790621373870075583e+00
1.350000000000000000e+01 1.773433873870075894e+00
1.360000000000000142e+01 1.756246373870075983e+00
1.370000000000000107e+01 1.739058873870076072e+00
1.380000000000000071e+01 1.721871373870075939e+00
1.390000000000000036e+01 1.704683873870075583e+00
1.400000000000000000e+01 1.687496373870076116e+00
1.410000000000000142e+01 1.670308873870075539e+00
1.420000000000000107e+01 1.653121373870075628e+00
1.430000000000000071e+01 1.635933873870075717e+00
1.440000000000000036e+01 1.618746373870076027e+00
1.450000000000000000e+01 1.601558873870075894e+00
1.460000000000000142e+01 1.584371373870075761e+00
1.470000000000000107e+01 1.567183873870075850e+00
1.480000000000000071e+01 1.549996373870075494e+00
1.490000000000000036e+01 1.532808873870075583e+00
1.500000000000000000e+01 1.515621373870075672e+00
1.510000000000000142e+01 1.498433873870075539e+00
1.520000000000000107e+01 1.481246373870075406e+00
1.530000000000000071e+01 1.464058873870075717e+00
1.540000000000000036e+01 1.446871373870075805e+00
1.550000000000000000e+01 1.429683873870075894e+00
1.560000000000000142e+01 1.412496373870075761e+00
1.570000000000000107e+01 1.395308873870075850e+00
1.580000000000000071e+01 1.378121373870075717e+00
1.590000000000000036e+01 1.360933873870075805e+00
1.600000000000000000e+01 1.343746373870075894e+00
1.610000000000000142e+01 1.326558873870075317e+00
1.619999999999999929e+01 1.309371373870076072e+00
1.630000000000000071e+01 1.292183873870075939e+00
1.640000000000000213e+01 1.274996373870075361e+00
1.650000000000000000e+01 1.257808873870076116e+00
1.660000000000000142e+01 1.240621373870075761e+00
1.669999999999999929e+01 1.223433873870076072e+00
1.680000000000000071e+01 1.206246373870075939e+00
1.690000000000000213e+01 1.189058873870075583e+00
1.700000000000000000e+01 1.171871373870075672e+00
1.710000000000000142e+01 1.154683873870075317e+00
1.719999999999999929e+01 1.137496373870075850e+00
1.730000000000000071e+01 1.120308873870075717e+00
1.740000000000000213e+01 1.103121373870075583e+00
1.750000000000000000e+01 1.085933873870076116e+00
1.760000000000000142e+01 1.068746373870075761e+00
1.769999999999999929e+01 1.051558873870075850e+00
1.780000000000000071e+01 1.034371373870075717e+00
1.790000000000000213e+01 1.017183873870075361e+00
1.800000000000000000e+01 1.000002689838013659e+00
1.810000000000000142e+01 9.828215058059514009e-01
1.819999999999999929e+01 9.657815979442738730e-01
1.830000000000000071e+01 9.487416900825953459e-01
1.840000000000000213e+01 9.317713481409393150e-01
1.850000000000000000e+01 9.148010061992837283e-01
1.860000000000000142e+01 8.978378337961812061e-01
1.869999999999999929e+01 8.808746613930794611e-01
1.880000000000000071e+01 8.638648559406150174e-01
1.890000000000000213e+01 8.468550504881510177e-01
1.900000000000000000e+01 8.297528248205144896e-01
1.910000000000000142e+01 8.126505991528776285e-01
1.920000000000000284e+01 7.954177289459608557e-01
1.930000000000000071e+01 7.781848587390447491e-01
1.940000000000000213e+01 7.607902279055698269e-01
1.950000000000000000e+01 7.433955970720952378e-01
1.960000000000000142e+01 7.258148729129407783e-01
1.970000000000000284e+01 7.082341487537862079e-01
1.980000000000000071e+01 6.904494525367801394e-01
1.990000000000000213e+01 6.726647563197736268e-01
2.000000000000000000e+01 6.546643975184495146e-01
2.010000000000000142e+01 6.366640387171246251e-01
2.020000000000000284e+01 6.184451279707968707e-01
2.030000000000000071e+01 6.002262172244696714e-01
2.040000000000000213e+01 5.821444328821241410e-01
2.050000000000000000e+01 5.640626485397793877e-01
2.060000000000000142e+01 5.466647905200027191e-01
2.070000000000000284e+01 5.292669325002261616e-01
2.080000000000000071e+01 5.127122397599657155e-01
2.090000000000000213e+01 4.961575470197046034e-01
2.100000000000000000e+01 4.803917077790070267e-01
2.110000000000000142e+01 4.646258685383088949e-01
2.120000000000000284e+01 4.496041982942280968e-01
2.130000000000000071e+01 4.345825280501478538e-01
2.140000000000000213e+01 4.202694956469249510e-01
2.150000000000000000e+01 4.059564632437027143e-01
2.160000000000000142e+01 3.923252427151155963e-01
2.170000000000000284e+01 3.786940221865285894e-01
2.180000000000000071e+01 3.657260684304641796e-01
2.190000000000000213e+01 3.527581146743995477e-01
2.200000000000000000e+01 3.404427723192229860e-01
2.210000000000000142e+01 3.281274299640460357e-01
2.220000000000000284e+01 3.164615663102199328e-01
2.230000000000000071e+01 3.047957026563942740e-01
2.240000000000000213e+01 2.937833611031551717e-01
2.250000000000000000e+01 2.827710195499164580e-01
2.260000000000000142e+01 2.724230942036412473e-01
2.270000000000000284e+01 2.620751688573660365e-01
2.280000000000000071e+01 2.524090968359359310e-01
2.290000000000000213e+01 2.427430248145055758e-01
2.300000000000000000e+01 2.337730608061526216e-01
2.310000000000000142e+01 2.248030967977992511e-01
2.320000000000000284e+01 2.163496124374739427e-01
2.330000000000000071e+01 2.078961280771489117e-01
2.340000000000000213e+01 1.999269733267598492e-01
2.350000000000000000e+01 1.919578185763710643e-01
2.360000000000000142e+01 1.844430296248530665e-01
2.370000000000000284e+01 1.769282406733350965e-01
2.380000000000000071e+01 1.698399192293778837e-01
2.390000000000000213e+01 1.627515977854204487e-01
2.400000000000000000e+01 1.560637918888532205e-01
2.410000000000000142e+01 1.493759859922857425e-01
2.420000000000000284e+01 1.430645347210414697e-01
2.430000000000000071e+01 1.367530834497973913e-01
2.440000000000000213e+01 1.307955454140959373e-01
2.450000000000000000e+01 1.248380073783947053e-01
2.460000000000000142e+01 1.192135259322955332e-01
2.470000000000000284e+01 1.135890444861963888e-01
2.480000000000000071e+01 1.082782632681891649e-01
2.490000000000000213e+01 1.029674820501817051e-01
2.500000000000000000e+01 9.795242916851210069e-02
2.510000000000000142e+01 9.293737628684228813e-02
2.520000000000000284e+01 8.819706929554681218e-02
2.530000000000000071e+01 8.345676230425148889e-02
2.540000000000000213e+01 7.897449167605567755e-02
2.550000000000000000e+01 7.449222104786003273e-02
2.560000000000000142e+01 7.025234357943643815e-02
2.570000000000000284e+01 6.601246611101285744e-02
2.580000000000000071e+01 6.200035680083486322e-02
2.590000000000000213e+01 5.798824749065675799e-02
2.600000000000000000e+01 5.419022755960722915e-02
2.610000000000000142e+01 5.039220762855755459e-02
2.620000000000000284e+01 4.679547636325915444e-02
2.630000000000000071e+01 4.319874509796088613e-02
2.640000000000000213e+01 3.979131843577290994e-02
2.650000000000000000e+01 3.638389177358505866e-02
2.660000000000000142e+01 3.315455579466224101e-02
2.670000000000000284e+01 2.992521981573943377e-02
2.680000000000000071e+01 2.686347806613448991e-02
2.690000000000000213e+01 2.380173631652944544e-02
2.700000000000000000e+01 2.089775804816434990e-02
2.710000000000000142e+01 1.799377977979915375e-02
2.720000000000000284e+01 1.523835843006336385e-02
2.730000000000000071e+01 1.248293708032767284e-02
2.740000000000000213e+01 9.864435888560596152e-03
2.750000000000000000e+01 7.245934696793614876e-03
2.760000000000000142e+01 4.757741231422413578e-03
2.770000000000000284e+01 2.269547766051211845e-03
2.780000000000000071e+01 -9.460090027292862949e-05
2.790000000000000213e+01 -2.458749566597148196e-03
2.800000000000000000e+01 -4.704784207834987117e-03
2.810000000000000142e+01 -6.950818849072906702e-03
2.820000000000000284e+01 -9.100530664492912855e-03
2.830000000000000071e+01 -1.125024247991284615e-02
2.840000000000000213e+01 -1.330977878344470969e-02
2.850000000000000000e+01 -1.536931508697649863e-02
2.860000000000000142e+01 -1.734081042621948843e-02
2.870000000000000284e+01 -1.931230576546247649e-02
2.880000000000000071e+01 -2.119974397551585218e-02
2.890000000000000213e+01 -2.308718218556928686e-02
2.900000000000000000e+01 -2.488935533139453177e-02
2.910000000000000142e+01 -2.669152847721983912e-02
2.920000000000000284e+01 -2.839966155208731996e-02
2.930000000000000071e+01 -3.010779462695473835e-02
2.940000000000000213e+01 -3.170255960341780005e-02
2.950000000000000000e+01 -3.329732457988079930e-02
2.960000000000000142e+01 -3.477443696603600698e-02
2.970000000000000284e+01 -3.625154935219122160e-02
2.980000000000000071e+01 -3.760017113823192758e-02
2.990000000000000213e+01 -3.894879292427269601e-02
3.000000000000000000e+01 -4.020721518152039348e-02
3.010000000000000142e+01 -4.146563743876812563e-02
3.020000000000000284e+01 -4.264492933025594568e-02
3.030000000000000071e+01 -4.382422122174371715e-02
3.040000000000000213e+01 -4.492521032841324813e-02
3.050000000000000000e+01 -4.602619943508273054e-02
3.060000000000000142e+01 -4.694599641761876274e-02
3.070000000000000284e+01 -4.786579340015479495e-02
3.080000000000000071e+01 -4.853094366403940679e-02
3.090000000000000213e+01 -4.919609392792402558e-02
3.100000000000000000e+01 -4.957087987290258180e-02
3.110000000000000142e+01 -4.994566581788113108e-02
3.120000000000000284e+01 -4.999142828125997112e-02
3.130000000000000071e+01 -5.003719074463881811e-02
3.140000000000000213e+01 -4.973363197301444716e-02
3.150000000000000000e+01 -4.943007320139009009e-02
3.160000000000000142e+01 -4.877290366598419080e-02
3.170000000000000284e+01 -4.811573413057829846e-02
3.180000000000000071e+01 -4.711469147203596608e-02
3.190000000000000213e+01 -4.611364881349359901e-02
3.200000000000000000e+01 -4.479085440375352167e-02
3.210000000000000142e+01 -4.346805999401338882e-02
3.220000000000000284e+01 -4.185661234978126088e-02
3.230000000000000426e+01 -4.024516470554910519e-02
3.239999999999999858e+01 -3.838346206323845627e-02
3.250000000000000000e+01 -3.652175942092768246e-02
3.260000000000000142e+01 -3.446050274344132636e-02
3.270000000000000284e+01 -3.239924606595496331e-02
3.280000000000000426e+01 -3.019655918385096352e-02
3.289999999999999858e+01 -2.799387230174711638e-02
3.300000000000000000e+01 -2.571369753356049503e-02
3.310000000000000142e+01 -2.343352276537386675e-02
3.320000000000000284e+01 -2.112074424103231943e-02
3.330000000000000426e+01 -1.880796571669077558e-02
3.339999999999999858e+01 -1.651527793646931364e-02
3.350000000000000000e+01 -1.422259015624768863e-02
3.360000000000000142e+01 -1.200262785732395497e-02
3.370000000000000284e+01 -9.782665558400217842e-03
3.380000000000000426e+01 -7.679838401475259750e-03
3.389999999999999858e+01 -5.577011244550449977e-03
3.400000000000000000e+01 -3.632363841224786442e-03
3.410000000000000142e+01 -1.687716437899134617e-03
3.420000000000000284e+01 5.661151215864766283e-05
3.430000000000000426e+01 1.800939462216412596e-03
3.439999999999999858e+01 3.292658156447500310e-03
3.450000000000000000e+01 4.784376850678692325e-03
3.460000000000000142e+01 5.987958974210139465e-03
3.470000000000000284e+01 7.191541097741585738e-03
3.480000000000000426e+01 8.070459757321851377e-03
3.489999999999999858e+01 8.949378416902053698e-03
3.500000000000000000e+01 9.543886879634288709e-03
3.510000000000000142e+01 1.013839534236650290e-02
3.520000000000000284e+01 1.051087100889216974e-02
3.530000000000000426e+01 1.088334667541782964e-02
3.539999999999999858e+01 1.113572587860659283e-02
3.550000000000000000e+01 1.138810508179537162e-02
3.560000000000000142e+01 1.152912826309976727e-02
3.570000000000000284e+01 1.167015144440416291e-02
3.580000000000000426e+01 1.170905953528235573e-02
3.589999999999999858e+01 1.174796762616054854e-02
3.600000000000000000e+01 1.171499376517823668e-02
3.610000000000000142e+01 1.168201990419592134e-02
3.620000000000000284e+01 1.159023640125747198e-02
3.630000000000000426e+01 1.149845289831902435e-02
3.639999999999999858e+01 1.135977165879517581e-02
3.650000000000000000e+01 1.122109041927131685e-02
3.660000000000000142e+01 1.104612202479746293e-02
3.670000000000000284e+01 1.087115363032360900e-02
3.680000000000000426e+01 1.066907003055089613e-02
3.689999999999999858e+01 1.046698643077819714e-02
3.700000000000000000e+01 1.024548451477477751e-02
3.710000000000000142e+01 1.002398259877135614e-02
3.720000000000000284e+01 9.789294454643111820e-03
3.730000000000000426e+01 9.554606310514864032e-03
3.739999999999999858e+01 9.311687079082130516e-03
3.750000000000000000e+01 9.068767847649379654e-03
3.760000000000000142e+01 8.822371054047210143e-03
3.770000000000000284e+01 8.575974260445042366e-03
3.780000000000000426e+01 8.330543396826355779e-03
3.789999999999999858e+01 8.085112533207686539e-03
3.800000000000000000e+01 7.844256431600710872e-03
3.810000000000000142e+01 7.603400329993736072e-03
3.820000000000000284e+01 7.369923007802444900e-03
3.830000000000000426e+01 7.136445685611155464e-03
3.840000000000000568e+01 6.912355684643200007e-03
3.850000000000000000e+01 6.688265683675261898e-03
3.860000000000000142e+01 6.474801414642349616e-03
3.870000000000000284e+01 6.261337145609436466e-03
3.880000000000000426e+01 6.059047770978756228e-03
3.890000000000000568e+01 5.856758396348075990e-03
3.900000000000000000e+01 5.665680278454069026e-03
3.910000000000000142e+01 5.474602160560047316e-03
3.920000000000000284e+01 5.294474712330931622e-03
3.930000000000000426e+01 5.114347264101816795e-03
3.940000000000000568e+01 4.944553623905627651e-03
3.950000000000000000e+01 4.774759983709450650e-03
3.960000000000000142e+01 4.614576458961775277e-03
3.970000000000000284e+01 4.454392934214099903e-03
3.980000000000000426e+01 4.303150419322526732e-03
3.990000000000000568e+01 4.151907904430953561e-03
4.000000000000000000e+01 4.009103122451028456e-03
4.010000000000000142e+01 3.866298340471092509e-03
4.020000000000000284e+01 3.731383442328022743e-03
4.030000000000000426e+01 3.596468544184952976e-03
4.040000000000000568e+01 3.468857740487698606e-03
4.050000000000000000e+01 3.341246936790454210e-03
4.060000000000000142e+01 3.220464785963082950e-03
4.070000000000000284e+01 3.099682635135710823e-03
4.080000000000000426e+01 2.985444980327026879e-03
4.090000000000000568e+01 2.871207325518341635e-03
4.100000000000000000e+01 2.763264694064395885e-03
4.110000000000000142e+01 2.655322062610442329e-03
4.120000000000000284e+01 2.553435052425244434e-03
4.130000000000000426e+01 2.451548042240046972e-03
4.140000000000000568e+01 2.355485651490056825e-03
4.150000000000000000e+01 2.259423260740073616e-03
4.160000000000000142e+01 2.168961798708761088e-03
4.170000000000000284e+01 2.078500336677448993e-03
4.180000000000000426e+01 1.993420361559970419e-03
4.190000000000000568e+01 1.908340386442492062e-03
4.200000000000000000e+01 1.828431690657899081e-03
4.210000000000000142e+01 1.748522994873300245e-03
4.220000000000000284e+01 1.673578888972721609e-03
4.230000000000000426e+01 1.598634783072143406e-03
4.240000000000000568e+01 1.528454159119484353e-03
4.250000000000000000e+01 1.458273535166830287e-03
4.260000000000000142e+01 1.392661970422325295e-03
4.270000000000000284e+01 1.327050405677820087e-03
4.280000000000000426e+01 1.265814301052993820e-03
4.290000000000000568e+01 1.204578196428167337e-03
4.300000000000000000e+01 1.147534919373533434e-03
4.310000000000000142e+01 1.090491642318895194e-03
4.320000000000000284e+01 1.037453986926649592e-03
4.330000000000000426e+01 9.844163315344037733e-04
4.340000000000000568e+01 9.352129853132086718e-04
4.350000000000000000e+01 8.860096390920170397e-04
4.360000000000000142e+01 8.404604267847482890e-04
4.370000000000000284e+01 7.949112144774793214e-04
4.380000000000000426e+01 7.528536040516578109e-04
4.390000000000000568e+01 7.107959936258360836e-04
4.400000000000000000e+01 6.720584575549155143e-04
4.410000000000000142e+01 6.333209214839920177e-04
4.420000000000000284e+01 5.977458182135849969e-04
4.430000000000000426e+01 5.621707149431779760e-04
4.440000000000000568e+01 5.295954095193425911e-04
4.450000000000000000e+01 4.970201040955093746e-04
4.460000000000000142e+01 4.672902454774169106e-04
4.470000000000000284e+01 4.375603868593246092e-04
4.480000000000000426e+01 4.105229307147661316e-04
4.490000000000000568e+01 3.834854745702075997e-04
4.500000000000000000e+01 3.589904670953878709e-04
4.510000000000000142e+01 3.344954596205664075e-04
4.520000000000000284e+01 3.123972841129906862e-04
4.530000000000000426e+01 2.902991086054149648e-04
4.540000000000000568e+01 2.704543575550029085e-04
4.550000000000000000e+01 2.506096065045922616e-04
4.560000000000000142e+01 2.328766006687244742e-04
4.570000000000000284e+01 2.151435948328566327e-04
4.580000000000000426e+01 1.993854081641150582e-04
4.590000000000000568e+01 1.836272214953734837e-04
4.600000000000000000e+01 1.697062753603796170e-04
4.610000000000000142e+01 1.557853292253846660e-04
4.620000000000000284e+01 1.435709690560505012e-04
4.630000000000000426e+01 1.313566088867163092e-04
4.640000000000000568e+01 1.207193311485598071e-04
4.650000000000000000e+01 1.100820534104040774e-04
4.660000000000000142e+01 1.008884747815846531e-04
4.670000000000000284e+01 9.169489615276518821e-05
4.680000000000000426e+01 8.381942058926486385e-05
4.690000000000000568e+01 7.594394502576451238e-05
4.700000000000000000e+01 6.925313064326917489e-05
4.710000000000000142e+01 6.256231626077333595e-05
4.720000000000000284e+01 5.693012095461708912e-05
4.730000000000000426e+01 5.129792564846084228e-05
4.740000000000000568e+01 4.659733705596472359e-05
4.750000000000000000e+01 4.189674846346892338e-05
4.760000000000000142e+01 3.807859761458520911e-05
4.770000000000000284e+01 3.426044676570148806e-05
4.780000000000000426e+01 3.119822392109624623e-05
4.790000000000000568e+01 2.813600107649100101e-05
4.800000000000000000e+01 2.571855862069479651e-05
4.810000000000000142e+01 2.330111616489841922e-05
4.820000000000000284e+01 2.141776623487534191e-05
4.830000000000000426e+01 1.953441630485227816e-05
4.840000000000000568e+01 1.807490049808156192e-05
4.850000000000000000e+01 1.661538469131094731e-05
4.860000000000000142e+01 1.546984576972486539e-05
4.870000000000000284e+01 1.432430684813877499e-05
4.880000000000000426e+01 1.338326230641660352e-05
4.890000000000000568e+01 1.244221776469443035e-05
4.900000000000000000e+01 1.159653514007435747e-05
4.910000000000000142e+01 1.075085251545422191e-05
4.920000000000000284e+01 9.891726324318656204e-06
4.930000000000000426e+01 9.032600133183095578e-06
4.940000000000000568e+01 8.051530327234359950e-06
4.950000000000000000e+01 7.070460521285693779e-06
4.960000000000000142e+01 5.859232363188956460e-06
4.970000000000000284e+01 4.648004205092218294e-06
4.980000000000000426e+01 3.098669470061442158e-06
4.990000000000000568e+01 1.549334735030666022e-06
5.000000000000000000e+01 0.000000000000000000e+00
