0.000000 101.998119
0.100000 101.884819
0.200000 101.771582
0.300000 101.658408
0.400000 101.545297
0.500000 101.432249
0.600000 101.319264
0.700000 101.206342
0.800000 101.093483
0.900000 100.980687
1.000000 100.867954
1.100000 100.755284
1.200000 100.642677
1.300000 100.530133
1.400000 100.417651
1.500000 100.305233
1.600000 100.192878
1.700000 100.080585
1.800000 99.968356
1.900000 99.856190
2.000000 99.744086
2.100000 99.632046
2.200000 99.520068
2.300000 99.408153
2.400000 99.296302
2.500000 99.184513
2.600000 99.072787
2.700000 98.961125
2.800000 98.849525
2.900000 98.737988
3.000000 98.626514
3.100000 98.515103
3.200000 98.403755
3.300000 98.292470
3.400000 98.181248
3.500000 98.070089
3.600000 97.958993
3.700000 97.847960
3.800000 97.736990
3.900000 97.626083
4.000000 97.515238
4.100000 97.404457
4.200000 97.293739
4.300000 97.183083
4.400000 97.072491
4.500000 96.961961
4.600000 96.851495
4.700000 96.741091
4.800000 96.630751
4.900000 96.520473
5.000000 96.410259
5.100000 96.300107
5.200000 96.190018
5.300000 96.079993
5.400000 95.970030
5.500000 95.860130
5.600000 95.750293
5.700000 95.640519
5.800000 95.530808
5.900000 95.421160
6.000000 95.311575
6.100000 95.202053
6.200000 95.092594
6.300000 94.983198
6.400000 94.873865
6.500000 94.764595
6.600000 94.655387
6.700000 94.546243
6.800000 94.437162
6.900000 94.328143
7.000000 94.219188
7.100000 94.110296
7.200000 94.001466
7.300000 93.892700
7.400000 93.783996
7.500000 93.675355
7.600000 93.566778
7.700000 93.458263
7.800000 93.349811
7.900000 93.241423
8.000000 93.133097
8.100000 93.024834
8.200000 92.916634
8.300000 92.808497
8.400000 92.700423
8.500000 92.592412
8.600000 92.484464
8.700000 92.376579
8.800000 92.268757
8.900000 92.160998
9.000000 92.053302
9.100000 91.945669
9.200000 91.838099
9.300000 91.730591
9.400000 91.623147
9.500000 91.515766
9.600000 91.408447
9.700000 91.301192
9.800000 91.193999
9.900000 91.086870
10.000000 90.979803
10.100000 90.872800
10.200000 90.765859
10.300000 90.658981
10.400000 90.552167
10.500000 90.445415
10.600000 90.338726
10.700000 90.232100
10.800000 90.125538
10.900000 90.019038
11.000000 89.912601
11.100000 89.806227
11.200000 89.699916
11.300000 89.593668
11.400000 89.487483
11.500000 89.381361
11.600000 89.275301
11.700000 89.169305
11.800000 89.063372
11.900000 88.957502
12.000000 88.851694
12.100000 88.745950
12.200000 88.640269
12.300000 88.534650
12.400000 88.429095
12.500000 88.323602
12.600000 88.218173
12.700000 88.112806
12.800000 88.007503
12.900000 87.902262
13.000000 87.797084
13.100000 87.691970
13.200000 87.586918
13.300000 87.481929
13.400000 87.377003
13.500000 87.272140
13.600000 87.167340
13.700000 87.062603
13.800000 86.957929
13.900000 86.853318
14.000000 86.748770
14.100000 86.644285
14.200000 86.539863
14.300000 86.435504
14.400000 86.331208
14.500000 86.226974
14.600000 86.122804
14.700000 86.018697
14.800000 85.914652
14.900000 85.810671
15.000000 85.706752
15.100000 85.602897
15.200000 85.499104
15.300000 85.395375
15.400000 85.291708
15.500000 85.188105
15.600000 85.084564
15.700000 84.981086
15.800000 84.877671
15.900000 84.774320
16.000000 84.671031
16.100000 84.567805
16.200000 84.464642
16.300000 84.361542
16.400000 84.258505
16.500000 84.155531
16.600000 84.052620
16.700000 83.949772
16.800000 83.846987
16.900000 83.744265
17.000000 83.641605
17.100000 83.539009
17.200000 83.436476
17.300000 83.334005
17.400000 83.231598
17.500000 83.129254
17.600000 83.026972
17.700000 82.924754
17.800000 82.822598
17.900000 82.720506
18.000000 82.618476
18.100000 82.516509
18.200000 82.414606
18.300000 82.312765
18.400000 82.210987
18.500000 82.109272
18.600000 82.007621
18.700000 81.906032
18.800000 81.804506
18.900000 81.703043
19.000000 81.601643
19.100000 81.500306
19.200000 81.399032
19.300000 81.297821
19.400000 81.196673
19.500000 81.095587
19.600000 80.994565
19.700000 80.893606
19.800000 80.792710
19.900000 80.691876
20.000000 80.591106
20.100000 80.490399
20.200000 80.389754
20.300000 80.289173
20.400000 80.188654
20.500000 80.088199
20.600000 79.987806
20.700000 79.887476
20.800000 79.787210
20.900000 79.687006
21.000000 79.586865
21.100000 79.486788
21.200000 79.386773
21.300000 79.286821
21.400000 79.186932
21.500000 79.087106
21.600000 78.987343
21.700000 78.887643
21.800000 78.788006
21.900000 78.688432
22.000000 78.588921
22.100000 78.489473
22.200000 78.390087
22.300000 78.290765
22.400000 78.191506
22.500000 78.092310
22.600000 77.993176
22.700000 77.894106
22.800000 77.795098
22.900000 77.696154
23.000000 77.597272
23.100000 77.498454
23.200000 77.399698
23.300000 77.301006
23.400000 77.202376
23.500000 77.103809
23.600000 77.005306
23.700000 76.906865
23.800000 76.808487
23.900000 76.710172
24.000000 76.611920
24.100000 76.513731
24.200000 76.415605
24.300000 76.317542
24.400000 76.219542
24.500000 76.121605
24.600000 76.023731
24.700000 75.925920
24.800000 75.828172
24.900000 75.730486
25.000000 75.632864
25.100000 75.535305
25.200000 75.437809
25.300000 75.340375
25.400000 75.243005
25.500000 75.145697
25.600000 75.048453
25.700000 74.951271
25.800000 74.854153
25.900000 74.757097
26.000000 74.660104
26.100000 74.563175
26.200000 74.466308
26.300000 74.369504
26.400000 74.272763
26.500000 74.176085
26.600000 74.079471
26.700000 73.982919
26.800000 73.886430
26.900000 73.790004
27.000000 73.693641
27.100000 73.597341
27.200000 73.501103
27.300000 73.404929
27.400000 73.308818
27.500000 73.212770
27.600000 73.116785
27.700000 73.020862
27.800000 72.925003
27.900000 72.829207
28.000000 72.733473
28.100000 72.637803
28.200000 72.542195
28.300000 72.446651
28.400000 72.351169
28.500000 72.255751
28.600000 72.160395
28.700000 72.065102
28.800000 71.969872
28.900000 71.874706
29.000000 71.779602
29.100000 71.684561
29.200000 71.589583
29.300000 71.494668
29.400000 71.399816
29.500000 71.305027
29.600000 71.210301
29.700000 71.115638
29.800000 71.021038
29.900000 70.926501
30.000000 70.832027
30.100000 70.737616
30.200000 70.643267
30.300000 70.548982
30.400000 70.454760
30.500000 70.360600
30.600000 70.266504
30.700000 70.172470
30.800000 70.078500
30.900000 69.984592
31.000000 69.890748
31.100000 69.796966
31.200000 69.703248
31.300000 69.609592
31.400000 69.515999
31.500000 69.422469
31.600000 69.329003
31.700000 69.235599
31.800000 69.142258
31.900000 69.048980
32.000000 68.955765
32.100000 68.862613
32.200000 68.769524
32.300000 68.676498
32.400000 68.583535
32.500000 68.490635
32.600000 68.397798
32.700000 68.305023
32.800000 68.212312
32.900000 68.119664
33.000000 68.027079
33.100000 67.934556
33.200000 67.842097
33.300000 67.749700
33.400000 67.657367
33.500000 67.565096
33.600000 67.472889
33.700000 67.380744
33.800000 67.288663
33.900000 67.196644
34.000000 67.104688
34.100000 67.012795
34.200000 66.920966
34.300000 66.829199
34.400000 66.737495
34.500000 66.645854
34.600000 66.554276
34.700000 66.462761
34.800000 66.371309
34.900000 66.279920
35.000000 66.188594
35.100000 66.097331
35.200000 66.006131
35.300000 65.914993
35.400000 65.823919
35.500000 65.732908
35.600000 65.641960
35.700000 65.551074
35.800000 65.460252
35.900000 65.369492
36.000000 65.278796
36.100000 65.188162
36.200000 65.097592
36.300000 65.007084
36.400000 64.916640
36.500000 64.826258
36.600000 64.735939
36.700000 64.645683
36.800000 64.555491
36.900000 64.465361
37.000000 64.375294
37.100000 64.285290
37.200000 64.195349
37.300000 64.105471
37.400000 64.015656
37.500000 63.925904
37.600000 63.836215
37.700000 63.746589
37.800000 63.657026
37.900000 63.567526
38.000000 63.478088
38.100000 63.388714
38.200000 63.299403
38.300000 63.210154
38.400000 63.120969
38.500000 63.031847
38.600000 62.942787
38.700000 62.853791
38.800000 62.764857
38.900000 62.675986
39.000000 62.587179
39.100000 62.498434
39.200000 62.409753
39.300000 62.321134
39.400000 62.232578
39.500000 62.144085
39.600000 62.055655
39.700000 61.967288
39.800000 61.878985
39.900000 61.790744
40.000000 61.702566
40.100000 61.614451
40.200000 61.526398
40.300000 61.438409
40.400000 61.350483
40.500000 61.262620
40.600000 61.174820
40.700000 61.087082
40.800000 60.999408
40.900000 60.911797
41.000000 60.824248
41.100000 60.736763
41.200000 60.649341
41.300000 60.561981
41.400000 60.474685
41.500000 60.387451
41.600000 60.300280
41.700000 60.213173
41.800000 60.126128
41.900000 60.039146
42.000000 59.952227
42.100000 59.865372
42.200000 59.778579
42.300000 59.691849
42.400000 59.605182
42.500000 59.518578
42.600000 59.432037
42.700000 59.345559
42.800000 59.259144
42.900000 59.172792
43.000000 59.086503
43.100000 59.000277
43.200000 58.914113
43.300000 58.828013
43.400000 58.741976
43.500000 58.656001
43.600000 58.570090
43.700000 58.484242
43.800000 58.398456
43.900000 58.312734
44.000000 58.227074
44.100000 58.141478
44.200000 58.055944
44.300000 57.970473
44.400000 57.885066
44.500000 57.799721
44.600000 57.714439
44.700000 57.629220
44.800000 57.544064
44.900000 57.458972
45.000000 57.373942
45.100000 57.288975
45.200000 57.204071
45.300000 57.119230
45.400000 57.034452
45.500000 56.949737
45.600000 56.865084
45.700000 56.780495
45.800000 56.695969
45.900000 56.611506
46.000000 56.527105
46.100000 56.442768
46.200000 56.358494
46.300000 56.274282
46.400000 56.190134
46.500000 56.106048
46.600000 56.022026
46.700000 55.938066
46.800000 55.854170
46.900000 55.770336
47.000000 55.686565
47.100000 55.602858
47.200000 55.519213
47.300000 55.435631
47.400000 55.352112
47.500000 55.268656
47.600000 55.185264
47.700000 55.101934
47.800000 55.018667
47.900000 54.935463
48.000000 54.852322
48.100000 54.769243
48.200000 54.686228
48.300000 54.603276
48.400000 54.520387
48.500000 54.437561
48.600000 54.354797
48.700000 54.272097
48.800000 54.189460
48.900000 54.106885
49.000000 54.024374
49.100000 53.941925
49.200000 53.859540
49.300000 53.777217
49.400000 53.694958
49.500000 53.612761
49.600000 53.530627
49.700000 53.448557
49.800000 53.366549
49.900000 53.284604
50.000000 53.202722
50.100000 53.120903
50.200000 53.039148
50.300000 52.957455
50.400000 52.875825
50.500000 52.794258
50.600000 52.712754
50.700000 52.631313
50.800000 52.549934
50.900000 52.468619
51.000000 52.387367
51.100000 52.306178
51.200000 52.225051
51.300000 52.143988
51.400000 52.062988
51.500000 51.982050
51.600000 51.901176
51.700000 51.820365
51.800000 51.739616
51.900000 51.658930
52.000000 51.578308
52.100000 51.497748
52.200000 51.417252
52.300000 51.336818
52.400000 51.256447
52.500000 51.176139
52.600000 51.095895
52.700000 51.015713
52.800000 50.935594
52.900000 50.855538
53.000000 50.775545
53.100000 50.695615
53.200000 50.615748
53.300000 50.535944
53.400000 50.456203
53.500000 50.376524
53.600000 50.296909
53.700000 50.217357
53.800000 50.137868
53.900000 50.058441
54.000000 49.979078
54.100000 49.899778
54.200000 49.820540
54.300000 49.741366
54.400000 49.662254
54.500000 49.583206
54.600000 49.504220
54.700000 49.425298
54.800000 49.346438
54.900000 49.267641
55.000000 49.188907
55.100000 49.110237
55.200000 49.031629
55.300000 48.953084
55.400000 48.874602
55.500000 48.796183
55.600000 48.717827
55.700000 48.639534
55.800000 48.561304
55.900000 48.483137
56.000000 48.405033
56.100000 48.326992
56.200000 48.249014
56.300000 48.171098
56.400000 48.093246
56.500000 48.015457
56.600000 47.937731
56.700000 47.860067
56.800000 47.782467
56.900000 47.704929
57.000000 47.627455
57.100000 47.550043
57.200000 47.472695
57.300000 47.395409
57.400000 47.318186
57.500000 47.241027
57.600000 47.163930
57.700000 47.086896
57.800000 47.009925
57.900000 46.933018
58.000000 46.856173
58.100000 46.779391
58.200000 46.702672
58.300000 46.626016
58.400000 46.549423
58.500000 46.472893
58.600000 46.396426
58.700000 46.320022
58.800000 46.243680
58.900000 46.167402
59.000000 46.091187
59.100000 46.015035
59.200000 45.938945
59.300000 45.862919
59.400000 45.786955
59.500000 45.711055
59.600000 45.635217
59.700000 45.559443
59.800000 45.483731
59.900000 45.408083
60.000000 45.332497
60.100000 45.256974
60.200000 45.181515
60.300000 45.106118
60.400000 45.030784
60.500000 44.955513
60.600000 44.880305
60.700000 44.805161
60.800000 44.730079
60.900000 44.655060
61.000000 44.580104
61.100000 44.505211
61.200000 44.430380
61.300000 44.355613
61.400000 44.280909
61.500000 44.206268
61.600000 44.131690
61.700000 44.057174
61.800000 43.982722
61.900000 43.908333
62.000000 43.834006
62.100000 43.759743
62.200000 43.685542
62.300000 43.611405
62.400000 43.537330
62.500000 43.463319
62.600000 43.389370
62.700000 43.315484
62.800000 43.241662
62.900000 43.167902
63.000000 43.094205
63.100000 43.020571
63.200000 42.947000
63.300000 42.873493
63.400000 42.800048
63.500000 42.726666
63.600000 42.653347
63.700000 42.580091
63.800000 42.506897
63.900000 42.433767
64.000000 42.360700
64.100000 42.287696
64.200000 42.214755
64.300000 42.141876
64.400000 42.069061
64.500000 41.996309
64.600000 41.923619
64.700000 41.850993
64.800000 41.778429
64.900000 41.705929
65.000000 41.633491
65.100000 41.561117
65.200000 41.488805
65.300000 41.416556
65.400000 41.344371
65.500000 41.272248
65.600000 41.200188
65.700000 41.128191
65.800000 41.056258
65.900000 40.984387
66.000000 40.912579
66.100000 40.840834
66.200000 40.769152
66.300000 40.697533
66.400000 40.625977
66.500000 40.554483
66.600000 40.483053
66.700000 40.411686
66.800000 40.340382
66.900000 40.269141
67.000000 40.197962
67.100000 40.126847
67.200000 40.055794
67.300000 39.984805
67.400000 39.913879
67.500000 39.843015
67.600000 39.772215
67.700000 39.701477
67.800000 39.630802
67.900000 39.560191
68.000000 39.489642
68.100000 39.419156
68.200000 39.348733
68.300000 39.278374
68.400000 39.208077
68.500000 39.137843
68.600000 39.067672
68.700000 38.997564
68.800000 38.927519
68.900000 38.857537
69.000000 38.787618
69.100000 38.717762
69.200000 38.647969
69.300000 38.578238
69.400000 38.508571
69.500000 38.438967
69.600000 38.369426
69.700000 38.299947
69.800000 38.230532
69.900000 38.161179
70.000000 38.091890
70.100000 38.022663
70.200000 37.953500
70.300000 37.884399
70.400000 37.815362
70.500000 37.746387
70.600000 37.677475
70.700000 37.608627
70.800000 37.539841
70.900000 37.471118
71.000000 37.402458
71.100000 37.333861
71.200000 37.265327
71.300000 37.196856
71.400000 37.128448
71.500000 37.060103
71.600000 36.991821
71.700000 36.923602
71.800000 36.855446
71.900000 36.787353
72.000000 36.719323
72.100000 36.651355
72.200000 36.583451
72.300000 36.515610
72.400000 36.447831
72.500000 36.380116
72.600000 36.312464
72.700000 36.244874
72.800000 36.177348
72.900000 36.109884
73.000000 36.042483
73.100000 35.975146
73.200000 35.907871
73.300000 35.840659
73.400000 35.773511
73.500000 35.706425
73.600000 35.639402
73.700000 35.572442
73.800000 35.505545
73.900000 35.438711
74.000000 35.371940
74.100000 35.305232
74.200000 35.238587
74.300000 35.172005
74.400000 35.105486
74.500000 35.039030
74.600000 34.972636
74.700000 34.906306
74.800000 34.840039
74.900000 34.773835
75.000000 34.707693
75.100000 34.641615
75.200000 34.575599
75.300000 34.509647
75.400000 34.443757
75.500000 34.377931
75.600000 34.312167
75.700000 34.246466
75.800000 34.180829
75.900000 34.115254
76.000000 34.049742
76.100000 33.984294
76.200000 33.918908
76.300000 33.853585
76.400000 33.788325
76.500000 33.723128
76.600000 33.657994
76.700000 33.592923
76.800000 33.527915
76.900000 33.462970
77.000000 33.398088
77.100000 33.333268
77.200000 33.268512
77.300000 33.203819
77.400000 33.139189
77.500000 33.074621
77.600000 33.010117
77.700000 32.945676
77.800000 32.881297
77.900000 32.816982
78.000000 32.752729
78.100000 32.688540
78.200000 32.624413
78.300000 32.560349
78.400000 32.496349
78.500000 32.432411
78.600000 32.368536
78.700000 32.304724
78.800000 32.240976
78.900000 32.177290
79.000000 32.113667
79.100000 32.050107
79.200000 31.986610
79.300000 31.923176
79.400000 31.859805
79.500000 31.796497
79.600000 31.733252
79.700000 31.670070
79.800000 31.606950
79.900000 31.543894
80.000000 31.480901
80.100000 31.417970
80.200000 31.355103
80.300000 31.292299
80.400000 31.229557
80.500000 31.166879
80.600000 31.104263
80.700000 31.041711
80.800000 30.979221
80.900000 30.916795
81.000000 30.854431
81.100000 30.792130
81.200000 30.729892
81.300000 30.667718
81.400000 30.605606
81.500000 30.543557
81.600000 30.481571
81.700000 30.419648
81.800000 30.357788
81.900000 30.295991
82.000000 30.234257
82.100000 30.172586
82.200000 30.110978
82.300000 30.049433
82.400000 29.987951
82.500000 29.926531
82.600000 29.865175
82.700000 29.803882
82.800000 29.742651
82.900000 29.681484
83.000000 29.620380
83.100000 29.559338
83.200000 29.498360
83.300000 29.437444
83.400000 29.376591
83.500000 29.315802
83.600000 29.255075
83.700000 29.194411
83.800000 29.133811
83.900000 29.073273
84.000000 29.012798
84.100000 28.952386
84.200000 28.892037
84.300000 28.831752
84.400000 28.771529
84.500000 28.711369
84.600000 28.651272
84.700000 28.591237
84.800000 28.531266
84.900000 28.471358
85.000000 28.411513
85.100000 28.351731
85.200000 28.292011
85.300000 28.232355
85.400000 28.172762
85.500000 28.113231
85.600000 28.053764
85.700000 27.994360
85.800000 27.935018
85.900000 27.875740
86.000000 27.816524
86.100000 27.757371
86.200000 27.698282
86.300000 27.639255
86.400000 27.580291
86.500000 27.521390
86.600000 27.462553
86.700000 27.403778
86.800000 27.345066
86.900000 27.286417
87.000000 27.227831
87.100000 27.169308
87.200000 27.110848
87.300000 27.052451
87.400000 26.994117
87.500000 26.935846
87.600000 26.877638
87.700000 26.819492
87.800000 26.761410
87.900000 26.703391
88.000000 26.645434
88.100000 26.587541
88.200000 26.529711
88.300000 26.471943
88.400000 26.414239
88.500000 26.356597
88.600000 26.299019
88.700000 26.241503
88.800000 26.184050
88.900000 26.126661
89.000000 26.069334
89.100000 26.012070
89.200000 25.954869
89.300000 25.897732
89.400000 25.840657
89.500000 25.783645
89.600000 25.726696
89.700000 25.669810
89.800000 25.612987
89.900000 25.556227
90.000000 25.499530
90.100000 25.442896
90.200000 25.386324
90.300000 25.329816
90.400000 25.273371
90.500000 25.216989
90.600000 25.160669
90.700000 25.104413
90.800000 25.048219
90.900000 24.992089
91.000000 24.936022
91.100000 24.880017
91.200000 24.824075
91.300000 24.768197
91.400000 24.712381
91.500000 24.656629
91.600000 24.600939
91.700000 24.545312
91.800000 24.489748
91.900000 24.434247
92.000000 24.378810
92.100000 24.323435
92.200000 24.268123
92.300000 24.212874
92.400000 24.157688
92.500000 24.102565
92.600000 24.047505
92.700000 23.992507
92.800000 23.937573
92.900000 23.882702
93.000000 23.827894
93.100000 23.773149
93.200000 23.718466
93.300000 23.663847
93.400000 23.609290
93.500000 23.554797
93.600000 23.500367
93.700000 23.445999
93.800000 23.391694
93.900000 23.337453
94.000000 23.283274
94.100000 23.229159
94.200000 23.175106
94.300000 23.121116
94.400000 23.067189
94.500000 23.013326
94.600000 22.959525
94.700000 22.905787
94.800000 22.852112
94.900000 22.798500
95.000000 22.744951
95.100000 22.691465
95.200000 22.638042
95.300000 22.584682
95.400000 22.531384
95.500000 22.478150
95.600000 22.424979
95.700000 22.371871
95.800000 22.318825
95.900000 22.265843
96.000000 22.212924
96.100000 22.160067
96.200000 22.107274
96.300000 22.054543
96.400000 22.001876
96.500000 21.949271
96.600000 21.896729
96.700000 21.844251
96.800000 21.791835
96.900000 21.739482
97.000000 21.687193
97.100000 21.634966
97.200000 21.582802
97.300000 21.530701
97.400000 21.478663
97.500000 21.426688
97.600000 21.374776
97.700000 21.322927
97.800000 21.271141
97.900000 21.219418
98.000000 21.167758
98.100000 21.116160
98.200000 21.064626
98.300000 21.013155
98.400000 20.961747
98.500000 20.910401
98.600000 20.859119
98.700000 20.807900
98.800000 20.756743
98.900000 20.705650
99.000000 20.654619
99.100000 20.603651
99.200000 20.552747
99.300000 20.501905
99.400000 20.451126
99.500000 20.400411
99.600000 20.349758
99.700000 20.299168
99.800000 20.248641
99.900000 20.198177
100.000000 20.147777
100.100000 20.097439
100.200000 20.047164
100.300000 19.996952
100.400000 19.946802
100.500000 19.896716
100.600000 19.846693
100.700000 19.796733
100.800000 19.746836
100.900000 19.697001
101.000000 19.647230
101.100000 19.597522
101.200000 19.547876
101.300000 19.498294
101.400000 19.448775
101.500000 19.399318
101.600000 19.349925
101.700000 19.300594
101.800000 19.251326
101.900000 19.202122
102.000000 19.152980
102.100000 19.103901
102.200000 19.054886
102.300000 19.005933
102.400000 18.957043
102.500000 18.908216
102.600000 18.859452
102.700000 18.810751
102.800000 18.762113
102.900000 18.713538
103.000000 18.665026
103.100000 18.616577
103.200000 18.568191
103.300000 18.519868
103.400000 18.471607
103.500000 18.423410
103.600000 18.375276
103.700000 18.327205
103.800000 18.279196
103.900000 18.231251
104.000000 18.183368
104.100000 18.135549
104.200000 18.087792
104.300000 18.040099
104.400000 17.992468
104.500000 17.944900
104.600000 17.897396
104.700000 17.849954
104.800000 17.802575
104.900000 17.755260
105.000000 17.708007
105.100000 17.660817
105.200000 17.613690
105.300000 17.566626
105.400000 17.519625
105.500000 17.472687
105.600000 17.425812
105.700000 17.379000
105.800000 17.332251
105.900000 17.285564
106.000000 17.238941
106.100000 17.192381
106.200000 17.145884
106.300000 17.099449
106.400000 17.053078
106.500000 17.006770
106.600000 16.960524
106.700000 16.914342
106.800000 16.868222
106.900000 16.822166
107.000000 16.776172
107.100000 16.730241
107.200000 16.684374
107.300000 16.638569
107.400000 16.592827
107.500000 16.547148
107.600000 16.501533
107.700000 16.455980
107.800000 16.410490
107.900000 16.365063
108.000000 16.319699
108.100000 16.274398
108.200000 16.229160
108.300000 16.183985
108.400000 16.138873
108.500000 16.093824
108.600000 16.048837
108.700000 16.003914
108.800000 15.959054
108.900000 15.914256
109.000000 15.869522
109.100000 15.824851
109.200000 15.780242
109.300000 15.735697
109.400000 15.691214
109.500000 15.646795
109.600000 15.602438
109.700000 15.558145
109.800000 15.513914
109.900000 15.469746
110.000000 15.425641
110.100000 15.381600
110.200000 15.337621
110.300000 15.293705
110.400000 15.249852
110.500000 15.206062
110.600000 15.162335
110.700000 15.118671
110.800000 15.075070
110.900000 15.031532
111.000000 14.988057
111.100000 14.944645
111.200000 14.901296
111.300000 14.858009
111.400000 14.814786
111.500000 14.771626
111.600000 14.728528
111.700000 14.685494
111.800000 14.642523
111.900000 14.599614
112.000000 14.556769
112.100000 14.513986
112.200000 14.471266
112.300000 14.428610
112.400000 14.386016
112.500000 14.343485
112.600000 14.301018
112.700000 14.258613
112.800000 14.216271
112.900000 14.173992
113.000000 14.131776
113.100000 14.089623
113.200000 14.047533
113.300000 14.005506
113.400000 13.963542
113.500000 13.921641
113.600000 13.879803
113.700000 13.838028
113.800000 13.796316
113.900000 13.754667
114.000000 13.713080
114.100000 13.671557
114.200000 13.630097
114.300000 13.588699
114.400000 13.547365
114.500000 13.506093
114.600000 13.464885
114.700000 13.423739
114.800000 13.382657
114.900000 13.341637
115.000000 13.300681
115.100000 13.259787
115.200000 13.218956
115.300000 13.178188
115.400000 13.137484
115.500000 13.096842
115.600000 13.056263
115.700000 13.015747
115.800000 12.975294
115.900000 12.934904
116.000000 12.894577
116.100000 12.854313
116.200000 12.814112
116.300000 12.773974
116.400000 12.733898
116.500000 12.693886
116.600000 12.653937
116.700000 12.614051
116.800000 12.574227
116.900000 12.534467
117.000000 12.494770
117.100000 12.455135
117.200000 12.415564
117.300000 12.376055
117.400000 12.336609
117.500000 12.297227
117.600000 12.257907
117.700000 12.218651
117.800000 12.179457
117.900000 12.140326
118.000000 12.101258
118.100000 12.062253
118.200000 12.023312
118.300000 11.984433
118.400000 11.945617
118.500000 11.906864
118.600000 11.868174
118.700000 11.829547
118.800000 11.790983
118.900000 11.752481
119.000000 11.714043
119.100000 11.675668
119.200000 11.637356
119.300000 11.599106
119.400000 11.560920
119.500000 11.522797
119.600000 11.484736
119.700000 11.446739
119.800000 11.408804
119.900000 11.370933
120.000000 11.333124
120.100000 11.295379
120.200000 11.257696
120.300000 11.220076
120.400000 11.182520
120.500000 11.145026
120.600000 11.107595
120.700000 11.070227
120.800000 11.032922
120.900000 10.995681
121.000000 10.958502
121.100000 10.921386
121.200000 10.884333
121.300000 10.847343
121.400000 10.810415
121.500000 10.773551
121.600000 10.736750
121.700000 10.700012
121.800000 10.663337
121.900000 10.626724
122.000000 10.590175
122.100000 10.553689
122.200000 10.517265
122.300000 10.480905
122.400000 10.444607
122.500000 10.408373
122.600000 10.372201
122.700000 10.336093
122.800000 10.300047
122.900000 10.264064
123.000000 10.228145
123.100000 10.192288
123.200000 10.156494
123.300000 10.120763
123.400000 10.085095
123.500000 10.049491
123.600000 10.013949
123.700000 9.978470
123.800000 9.943054
123.900000 9.907701
124.000000 9.872410
124.100000 9.837183
124.200000 9.802019
124.300000 9.766918
124.400000 9.731880
124.500000 9.696904
124.600000 9.661992
124.700000 9.627143
124.800000 9.592356
124.900000 9.557633
125.000000 9.522972
125.100000 9.488375
125.200000 9.453840
125.300000 9.419369
125.400000 9.384960
125.500000 9.350615
125.600000 9.316332
125.700000 9.282112
125.800000 9.247955
125.900000 9.213862
126.000000 9.179831
126.100000 9.145863
126.200000 9.111958
126.300000 9.078116
126.400000 9.044337
126.500000 9.010621
126.600000 8.976968
126.700000 8.943378
126.800000 8.909850
126.900000 8.876386
127.000000 8.842985
127.100000 8.809647
127.200000 8.776371
127.300000 8.743159
127.400000 8.710010
127.500000 8.676923
127.600000 8.643900
127.700000 8.610939
127.800000 8.578042
127.900000 8.545207
128.000000 8.512436
128.100000 8.479727
128.200000 8.447081
128.300000 8.414498
128.400000 8.381979
128.500000 8.349522
128.600000 8.317128
128.700000 8.284797
128.800000 8.252529
128.900000 8.220324
129.000000 8.188182
129.100000 8.156103
129.200000 8.124087
129.300000 8.092134
129.400000 8.060244
129.500000 8.028417
129.600000 7.996652
129.700000 7.964951
129.800000 7.933313
129.900000 7.901738
130.000000 7.870225
130.100000 7.838776
130.200000 7.807389
130.300000 7.776066
130.400000 7.744805
130.500000 7.713608
130.600000 7.682473
130.700000 7.651401
130.800000 7.620393
130.900000 7.589447
131.000000 7.558564
131.100000 7.527744
131.200000 7.496988
131.300000 7.466294
131.400000 7.435663
131.500000 7.405095
131.600000 7.374590
131.700000 7.344148
131.800000 7.313769
131.900000 7.283453
132.000000 7.253200
132.100000 7.223009
132.200000 7.192882
132.300000 7.162818
132.400000 7.132817
132.500000 7.102878
132.600000 7.073003
132.700000 7.043190
132.800000 7.013441
132.900000 6.983755
133.000000 6.954131
133.100000 6.924570
133.200000 6.895073
133.300000 6.865638
133.400000 6.836266
133.500000 6.806958
133.600000 6.777712
133.700000 6.748529
133.800000 6.719409
133.900000 6.690353
134.000000 6.661359
134.100000 6.632428
134.200000 6.603560
134.300000 6.574755
134.400000 6.546013
134.500000 6.517333
134.600000 6.488717
134.700000 6.460164
134.800000 6.431674
134.900000 6.403247
135.000000 6.374882
135.100000 6.346581
135.200000 6.318343
135.300000 6.290167
135.400000 6.262055
135.500000 6.234005
135.600000 6.206019
135.700000 6.178095
135.800000 6.150235
135.900000 6.122437
136.000000 6.094702
136.100000 6.067031
136.200000 6.039422
136.300000 6.011876
136.400000 5.984393
136.500000 5.956973
136.600000 5.929617
136.700000 5.902323
136.800000 5.875092
136.900000 5.847924
137.000000 5.820819
137.100000 5.793776
137.200000 5.766797
137.300000 5.739881
137.400000 5.713028
137.500000 5.686238
137.600000 5.659510
137.700000 5.632846
137.800000 5.606245
137.900000 5.579706
138.000000 5.553231
138.100000 5.526818
138.200000 5.500469
138.300000 5.474182
138.400000 5.447959
138.500000 5.421798
138.600000 5.395700
138.700000 5.369666
138.800000 5.343694
138.900000 5.317785
139.000000 5.291939
139.100000 5.266157
139.200000 5.240437
139.300000 5.214780
139.400000 5.189186
139.500000 5.163655
139.600000 5.138187
139.700000 5.112782
139.800000 5.087439
139.900000 5.062160
140.000000 5.036944
140.100000 5.011791
140.200000 4.986701
140.300000 4.961673
140.400000 4.936709
140.500000 4.911808
140.600000 4.886969
140.700000 4.862194
140.800000 4.837481
140.900000 4.812832
141.000000 4.788245
141.100000 4.763721
141.200000 4.739261
141.300000 4.714863
141.400000 4.690528
141.500000 4.666257
141.600000 4.642048
141.700000 4.617902
141.800000 4.593819
141.900000 4.569799
142.000000 4.545842
142.100000 4.521948
142.200000 4.498117
142.300000 4.474349
142.400000 4.450644
142.500000 4.427002
142.600000 4.403422
142.700000 4.379906
142.800000 4.356453
142.900000 4.333063
143.000000 4.309735
143.100000 4.286471
143.200000 4.263270
143.300000 4.240131
143.400000 4.217056
143.500000 4.194043
143.600000 4.171093
143.700000 4.148207
143.800000 4.125383
143.900000 4.102622
144.000000 4.079925
144.100000 4.057290
144.200000 4.034718
144.300000 4.012209
144.400000 3.989763
144.500000 3.967381
144.600000 3.945061
144.700000 3.922804
144.800000 3.900610
144.900000 3.878478
145.000000 3.856410
145.100000 3.834405
145.200000 3.812463
145.300000 3.790584
145.400000 3.768768
145.500000 3.747014
145.600000 3.725324
145.700000 3.703696
145.800000 3.682132
145.900000 3.660631
146.000000 3.639192
146.100000 3.617817
146.200000 3.596504
146.300000 3.575254
146.400000 3.554068
146.500000 3.532944
146.600000 3.511883
146.700000 3.490886
146.800000 3.469951
146.900000 3.449079
147.000000 3.428270
147.100000 3.407524
147.200000 3.386841
147.300000 3.366221
147.400000 3.345664
147.500000 3.325170
147.600000 3.304739
147.700000 3.284371
147.800000 3.264066
147.900000 3.243823
148.000000 3.223644
148.100000 3.203528
148.200000 3.183475
148.300000 3.163484
148.400000 3.143557
148.500000 3.123692
148.600000 3.103891
148.700000 3.084152
148.800000 3.064477
148.900000 3.044864
149.000000 3.025315
149.100000 3.005828
149.200000 2.986404
149.300000 2.967043
149.400000 2.947746
149.500000 2.928511
149.600000 2.909339
149.700000 2.890230
149.800000 2.871184
149.900000 2.852201
150.000000 2.833281
150.100000 2.814424
150.200000 2.795630
150.300000 2.776899
150.400000 2.758231
150.500000 2.739625
150.600000 2.721083
150.700000 2.702604
150.800000 2.684188
150.900000 2.665834
151.000000 2.647544
151.100000 2.629316
151.200000 2.611152
151.300000 2.593050
151.400000 2.575012
151.500000 2.557036
151.600000 2.539124
151.700000 2.521274
151.800000 2.503487
151.900000 2.485763
152.000000 2.468103
152.100000 2.450505
152.200000 2.432970
152.300000 2.415498
152.400000 2.398089
152.500000 2.380743
152.600000 2.363460
152.700000 2.346240
152.800000 2.329083
152.900000 2.311989
153.000000 2.294958
153.100000 2.277989
153.200000 2.261084
153.300000 2.244242
153.400000 2.227463
153.500000 2.210746
153.600000 2.194093
153.700000 2.177502
153.800000 2.160975
153.900000 2.144510
154.000000 2.128109
154.100000 2.111770
154.200000 2.095495
154.300000 2.079282
154.400000 2.063132
154.500000 2.047046
154.600000 2.031022
154.700000 2.015061
154.800000 1.999163
154.900000 1.983328
155.000000 1.967556
155.100000 1.951847
155.200000 1.936201
155.300000 1.920618
155.400000 1.905098
155.500000 1.889641
155.600000 1.874247
155.700000 1.858916
155.800000 1.843647
155.900000 1.828442
156.000000 1.813300
156.100000 1.798221
156.200000 1.783204
156.300000 1.768251
156.400000 1.753360
156.500000 1.738533
156.600000 1.723768
156.700000 1.709067
156.800000 1.694428
156.900000 1.679852
157.000000 1.665340
157.100000 1.650890
157.200000 1.636503
157.300000 1.622179
157.400000 1.607918
157.500000 1.593721
157.600000 1.579586
157.700000 1.565514
157.800000 1.551505
157.900000 1.537559
158.000000 1.523676
158.100000 1.509855
158.200000 1.496098
158.300000 1.482404
158.400000 1.468773
158.500000 1.455205
158.600000 1.441699
158.700000 1.428257
158.800000 1.414878
158.900000 1.401561
159.000000 1.388308
159.100000 1.375117
159.200000 1.361990
159.300000 1.348925
159.400000 1.335924
159.500000 1.322985
159.600000 1.310109
159.700000 1.297296
159.800000 1.284547
159.900000 1.271860
160.000000 1.259236
160.100000 1.246675
160.200000 1.234177
160.300000 1.221742
160.400000 1.209370
160.500000 1.197061
160.600000 1.184815
160.700000 1.172632
160.800000 1.160512
160.900000 1.148455
161.000000 1.136461
161.100000 1.124529
161.200000 1.112661
161.300000 1.100856
161.400000 1.089113
161.500000 1.077434
161.600000 1.065817
161.700000 1.054264
161.800000 1.042773
161.900000 1.031346
162.000000 1.019981
162.100000 1.008680
162.200000 0.997441
162.300000 0.986265
162.400000 0.975152
162.500000 0.964103
162.600000 0.953116
162.700000 0.942192
162.800000 0.931331
162.900000 0.920533
163.000000 0.909798
163.100000 0.899126
163.200000 0.888517
163.300000 0.877971
163.400000 0.867488
163.500000 0.857068
163.600000 0.846710
163.700000 0.836416
163.800000 0.826185
163.900000 0.816016
164.000000 0.805911
164.100000 0.795869
164.200000 0.785889
164.300000 0.775973
164.400000 0.766119
164.500000 0.756329
164.600000 0.746601
164.700000 0.736936
164.800000 0.727335
164.900000 0.717796
165.000000 0.708320
165.100000 0.698907
165.200000 0.689558
165.300000 0.680271
165.400000 0.671047
165.500000 0.661886
165.600000 0.652788
165.700000 0.643753
165.800000 0.634781
165.900000 0.625872
166.000000 0.617026
166.100000 0.608242
166.200000 0.599522
166.300000 0.590865
166.400000 0.582271
166.500000 0.573739
166.600000 0.565271
166.700000 0.556866
166.800000 0.548523
166.900000 0.540244
167.000000 0.532027
167.100000 0.523874
167.200000 0.515783
167.300000 0.507755
167.400000 0.499791
167.500000 0.491889
167.600000 0.484050
167.700000 0.476275
167.800000 0.468562
167.900000 0.460912
168.000000 0.453325
168.100000 0.445801
168.200000 0.438340
168.300000 0.430942
168.400000 0.423607
168.500000 0.416335
168.600000 0.409126
168.700000 0.401980
168.800000 0.394896
168.900000 0.387876
169.000000 0.380919
169.100000 0.374025
169.200000 0.367193
169.300000 0.360425
169.400000 0.353719
169.500000 0.347077
169.600000 0.340497
169.700000 0.333981
169.800000 0.327527
169.900000 0.321137
170.000000 0.314809
170.100000 0.308544
170.200000 0.302343
170.300000 0.296204
170.400000 0.290128
170.500000 0.284115
170.600000 0.278165
170.700000 0.272278
170.800000 0.266454
170.900000 0.260693
171.000000 0.254995
171.100000 0.249360
171.200000 0.243788
171.300000 0.238279
171.400000 0.232833
171.500000 0.227450
171.600000 0.222129
171.700000 0.216872
171.800000 0.211678
171.900000 0.206546
172.000000 0.201478
172.100000 0.196472
172.200000 0.191530
172.300000 0.186650
172.400000 0.181834
172.500000 0.177080
172.600000 0.172389
172.700000 0.167762
172.800000 0.163197
172.900000 0.158695
173.000000 0.154256
173.100000 0.149881
173.200000 0.145568
173.300000 0.141318
173.400000 0.137131
173.500000 0.133007
173.600000 0.128946
173.700000 0.124948
173.800000 0.121013
173.900000 0.117140
174.000000 0.113331
174.100000 0.109585
174.200000 0.105902
174.300000 0.102281
174.400000 0.098724
174.500000 0.095230
174.600000 0.091798
174.700000 0.088430
174.800000 0.085124
174.900000 0.081882
175.000000 0.078702
175.100000 0.075586
175.200000 0.072532
175.300000 0.069541
175.400000 0.066614
175.500000 0.063749
175.600000 0.060947
175.700000 0.058208
175.800000 0.055532
175.900000 0.052919
176.000000 0.050369
176.100000 0.047882
176.200000 0.045458
176.300000 0.043097
176.400000 0.040799
176.500000 0.038564
176.600000 0.036392
176.700000 0.034283
176.800000 0.032236
176.900000 0.030253
177.000000 0.028333
177.100000 0.026475
177.200000 0.024681
177.300000 0.022950
177.400000 0.021281
177.500000 0.019676
177.600000 0.018133
177.700000 0.016653
177.800000 0.015237
177.900000 0.013883
178.000000 0.012592
178.100000 0.011365
178.200000 0.010200
178.300000 0.009098
178.400000 0.008059
178.500000 0.007083
178.600000 0.006170
178.700000 0.005320
178.800000 0.004533
178.900000 0.003809
179.000000 0.003148
179.100000 0.002550
179.200000 0.002015
179.300000 0.001543
179.400000 0.001133
179.500000 0.000787
179.600000 0.000504
179.700000 0.000283
179.800000 0.000126
179.900000 0.000031
180.000000 0.000000
180.100000 0.000031
180.200000 0.000126
180.300000 0.000283
180.400000 0.000504
180.500000 0.000787
180.600000 0.001133
180.700000 0.001543
180.800000 0.002015
180.900000 0.002550
181.000000 0.003148
