0.000000 91.193758
0.100000 91.092460
0.200000 90.991218
0.300000 90.890033
0.400000 90.788903
0.500000 90.687830
0.600000 90.586813
0.700000 90.485853
0.800000 90.384949
0.900000 90.284101
1.000000 90.183309
1.100000 90.082574
1.200000 89.981895
1.300000 89.881272
1.400000 89.780705
1.500000 89.680195
1.600000 89.579741
1.700000 89.479344
1.800000 89.379003
1.900000 89.278718
2.000000 89.178489
2.100000 89.078317
2.200000 88.978200
2.300000 88.878141
2.400000 88.778137
2.500000 88.678190
2.600000 88.578299
2.700000 88.478464
2.800000 88.378686
2.900000 88.278964
3.000000 88.179298
3.100000 88.079689
3.200000 87.980135
3.300000 87.880639
3.400000 87.781198
3.500000 87.681814
3.600000 87.582486
3.700000 87.483214
3.800000 87.383998
3.900000 87.284839
4.000000 87.185736
4.100000 87.086690
4.200000 86.987700
4.300000 86.888766
4.400000 86.789888
4.500000 86.691067
4.600000 86.592301
4.700000 86.493593
4.800000 86.394940
4.900000 86.296344
5.000000 86.197804
5.100000 86.099320
5.200000 86.000893
5.300000 85.902522
5.400000 85.804207
5.500000 85.705949
5.600000 85.607747
5.700000 85.509601
5.800000 85.411511
5.900000 85.313478
6.000000 85.215501
6.100000 85.117580
6.200000 85.019716
6.300000 84.921908
6.400000 84.824156
6.500000 84.726460
6.600000 84.628821
6.700000 84.531238
6.800000 84.433711
6.900000 84.336241
7.000000 84.238827
7.100000 84.141469
7.200000 84.044168
7.300000 83.946923
7.400000 83.849734
7.500000 83.752601
7.600000 83.655525
7.700000 83.558505
7.800000 83.461541
7.900000 83.364634
8.000000 83.267782
8.100000 83.170988
8.200000 83.074249
8.300000 82.977567
8.400000 82.880941
8.500000 82.784371
8.600000 82.687858
8.700000 82.591401
8.800000 82.495000
8.900000 82.398655
9.000000 82.302367
9.100000 82.206135
9.200000 82.109959
9.300000 82.013840
9.400000 81.917777
9.500000 81.821770
9.600000 81.725820
9.700000 81.629926
9.800000 81.534088
9.900000 81.438306
10.000000 81.342581
10.100000 81.246912
10.200000 81.151299
10.300000 81.055743
10.400000 80.960243
10.500000 80.864799
10.600000 80.769411
10.700000 80.674080
10.800000 80.578805
10.900000 80.483586
11.000000 80.388424
11.100000 80.293318
11.200000 80.198268
11.300000 80.103275
11.400000 80.008337
11.500000 79.913456
11.600000 79.818632
11.700000 79.723863
11.800000 79.629151
11.900000 79.534496
12.000000 79.439896
12.100000 79.345353
12.200000 79.250866
12.300000 79.156436
12.400000 79.062061
12.500000 78.967743
12.600000 78.873482
12.700000 78.779276
12.800000 78.685127
12.900000 78.591034
13.000000 78.496998
13.100000 78.403018
13.200000 78.309094
13.300000 78.215226
13.400000 78.121415
13.500000 78.027660
13.600000 77.933961
13.700000 77.840318
13.800000 77.746732
13.900000 77.653202
14.000000 77.559729
14.100000 77.466311
14.200000 77.372950
14.300000 77.279646
14.400000 77.186397
14.500000 77.093205
14.600000 77.000069
14.700000 76.906990
14.800000 76.813966
14.900000 76.720999
15.000000 76.628089
15.100000 76.535234
15.200000 76.442436
15.300000 76.349694
15.400000 76.257009
15.500000 76.164380
15.600000 76.071807
15.700000 75.979290
15.800000 75.886830
15.900000 75.794426
16.000000 75.702078
16.100000 75.609787
16.200000 75.517551
16.300000 75.425372
16.400000 75.333250
16.500000 75.241184
16.600000 75.149174
16.700000 75.057220
16.800000 74.965322
16.900000 74.873481
17.000000 74.781697
17.100000 74.689968
17.200000 74.598296
17.300000 74.506680
17.400000 74.415120
17.500000 74.323617
17.600000 74.232170
17.700000 74.140779
17.800000 74.049444
17.900000 73.958166
18.000000 73.866944
18.100000 73.775779
18.200000 73.684669
18.300000 73.593616
18.400000 73.502620
18.500000 73.411679
18.600000 73.320795
18.700000 73.229967
18.800000 73.139196
18.900000 73.048480
19.000000 72.957821
19.100000 72.867219
19.200000 72.776672
19.300000 72.686182
19.400000 72.595748
19.500000 72.505371
19.600000 72.415050
19.700000 72.324785
19.800000 72.234576
19.900000 72.144424
20.000000 72.054328
20.100000 71.964288
20.200000 71.874304
20.300000 71.784377
20.400000 71.694506
20.500000 71.604692
20.600000 71.514933
20.700000 71.425231
20.800000 71.335586
20.900000 71.245996
21.000000 71.156463
21.100000 71.066986
21.200000 70.977566
21.300000 70.888202
21.400000 70.798894
21.500000 70.709642
21.600000 70.620447
21.700000 70.531307
21.800000 70.442225
21.900000 70.353198
22.000000 70.264228
22.100000 70.175314
22.200000 70.086456
22.300000 69.997655
22.400000 69.908910
22.500000 69.820221
22.600000 69.731589
22.700000 69.643013
22.800000 69.554493
22.900000 69.466029
23.000000 69.377622
23.100000 69.289271
23.200000 69.200976
23.300000 69.112738
23.400000 69.024556
23.500000 68.936430
23.600000 68.848360
23.700000 68.760347
23.800000 68.672390
23.900000 68.584490
24.000000 68.496645
24.100000 68.408857
24.200000 68.321125
24.300000 68.233450
24.400000 68.145831
24.500000 68.058268
24.600000 67.970761
24.700000 67.883311
24.800000 67.795917
24.900000 67.708579
25.000000 67.621298
25.100000 67.534073
25.200000 67.446904
25.300000 67.359791
25.400000 67.272735
25.500000 67.185735
25.600000 67.098791
25.700000 67.011904
25.800000 66.925073
25.900000 66.838298
26.000000 66.751579
26.100000 66.664917
26.200000 66.578311
26.300000 66.491762
26.400000 66.405268
26.500000 66.318831
26.600000 66.232451
26.700000 66.146126
26.800000 66.059858
26.900000 65.973646
27.000000 65.887490
27.100000 65.801391
27.200000 65.715348
27.300000 65.629361
27.400000 65.543431
27.500000 65.457557
27.600000 65.371739
27.700000 65.285978
27.800000 65.200272
27.900000 65.114623
28.000000 65.029031
28.100000 64.943494
28.200000 64.858014
28.300000 64.772590
28.400000 64.687223
28.500000 64.601912
28.600000 64.516657
28.700000 64.431458
28.800000 64.346316
28.900000 64.261230
29.000000 64.176200
29.100000 64.091227
29.200000 64.006310
29.300000 63.921449
29.400000 63.836644
29.500000 63.751896
29.600000 63.667204
29.700000 63.582568
29.800000 63.497989
29.900000 63.413466
30.000000 63.328999
30.100000 63.244588
30.200000 63.160234
30.300000 63.075936
30.400000 62.991695
30.500000 62.907509
30.600000 62.823380
30.700000 62.739307
30.800000 62.655291
30.900000 62.571331
31.000000 62.487427
31.100000 62.403579
31.200000 62.319788
31.300000 62.236053
31.400000 62.152374
31.500000 62.068752
31.600000 61.985186
31.700000 61.901676
31.800000 61.818222
31.900000 61.734825
32.000000 61.651484
32.100000 61.568199
32.200000 61.484971
32.300000 61.401799
32.400000 61.318683
32.500000 61.235624
32.600000 61.152620
32.700000 61.069674
32.800000 60.986783
32.900000 60.903949
33.000000 60.821171
33.100000 60.738449
33.200000 60.655783
33.300000 60.573174
33.400000 60.490621
33.500000 60.408125
33.600000 60.325684
33.700000 60.243300
33.800000 60.160973
33.900000 60.078701
34.000000 59.996486
34.100000 59.914327
34.200000 59.832225
34.300000 59.750179
34.400000 59.668189
34.500000 59.586255
34.600000 59.504378
34.700000 59.422557
34.800000 59.340792
34.900000 59.259083
35.000000 59.177431
35.100000 59.095835
35.200000 59.014296
35.300000 58.932812
35.400000 58.851385
35.500000 58.770015
35.600000 58.688700
35.700000 58.607442
35.800000 58.526240
35.900000 58.445095
36.000000 58.364005
36.100000 58.282972
36.200000 58.201996
36.300000 58.121075
36.400000 58.040211
36.500000 57.959403
36.600000 57.878652
36.700000 57.797957
36.800000 57.717318
36.900000 57.636735
37.000000 57.556209
37.100000 57.475739
37.200000 57.395325
37.300000 57.314968
37.400000 57.234666
37.500000 57.154422
37.600000 57.074233
37.700000 56.994101
37.800000 56.914025
37.900000 56.834005
38.000000 56.754042
38.100000 56.674134
38.200000 56.594284
38.300000 56.514489
38.400000 56.434751
38.500000 56.355069
38.600000 56.275443
38.700000 56.195874
38.800000 56.116361
38.900000 56.036904
39.000000 55.957503
39.100000 55.878159
39.200000 55.798871
39.300000 55.719640
39.400000 55.640464
39.500000 55.561345
39.600000 55.482283
39.700000 55.403276
39.800000 55.324326
39.900000 55.245432
40.000000 55.166595
40.100000 55.087813
40.200000 55.009088
40.300000 54.930420
40.400000 54.851807
40.500000 54.773251
40.600000 54.694751
40.700000 54.616308
40.800000 54.537921
40.900000 54.459590
41.000000 54.381315
41.100000 54.303097
41.200000 54.224935
41.300000 54.146829
41.400000 54.068779
41.500000 53.990786
41.600000 53.912849
41.700000 53.834969
41.800000 53.757144
41.900000 53.679376
42.000000 53.601665
42.100000 53.524009
42.200000 53.446410
42.300000 53.368867
42.400000 53.291381
42.500000 53.213950
42.600000 53.136576
42.700000 53.059259
42.800000 52.981997
42.900000 52.904792
43.000000 52.827644
43.100000 52.750551
43.200000 52.673515
43.300000 52.596535
43.400000 52.519611
43.500000 52.442744
43.600000 52.365933
43.700000 52.289178
43.800000 52.212480
43.900000 52.135838
44.000000 52.059252
44.100000 51.982722
44.200000 51.906249
44.300000 51.829832
44.400000 51.753471
44.500000 51.677167
44.600000 51.600919
44.700000 51.524727
44.800000 51.448591
44.900000 51.372512
45.000000 51.296489
45.100000 51.220522
45.200000 51.144612
45.300000 51.068758
45.400000 50.992960
45.500000 50.917219
45.600000 50.841534
45.700000 50.765905
45.800000 50.690332
45.900000 50.614816
46.000000 50.539356
46.100000 50.463952
46.200000 50.388605
46.300000 50.313313
46.400000 50.238079
46.500000 50.162900
46.600000 50.087778
46.700000 50.012712
46.800000 49.937702
46.900000 49.862749
47.000000 49.787852
47.100000 49.713011
47.200000 49.638226
47.300000 49.563498
47.400000 49.488826
47.500000 49.414211
47.600000 49.339651
47.700000 49.265148
47.800000 49.190701
47.900000 49.116311
48.000000 49.041977
48.100000 48.967699
48.200000 48.893477
48.300000 48.819312
48.400000 48.745203
48.500000 48.671150
48.600000 48.597154
48.700000 48.523214
48.800000 48.449330
48.900000 48.375502
49.000000 48.301731
49.100000 48.228016
49.200000 48.154357
49.300000 48.080755
49.400000 48.007209
49.500000 47.933719
49.600000 47.860286
49.700000 47.786909
49.800000 47.713588
49.900000 47.640323
50.000000 47.567115
50.100000 47.493963
50.200000 47.420867
50.300000 47.347828
50.400000 47.274844
50.500000 47.201918
50.600000 47.129047
50.700000 47.056233
50.800000 46.983475
50.900000 46.910773
51.000000 46.838128
51.100000 46.765538
51.200000 46.693006
51.300000 46.620529
51.400000 46.548109
51.500000 46.475745
51.600000 46.403437
51.700000 46.331186
51.800000 46.258991
51.900000 46.186852
52.000000 46.114770
52.100000 46.042744
52.200000 45.970774
52.300000 45.898860
52.400000 45.827003
52.500000 45.755202
52.600000 45.683457
52.700000 45.611769
52.800000 45.540136
52.900000 45.468561
53.000000 45.397041
53.100000 45.325578
53.200000 45.254171
53.300000 45.182820
53.400000 45.111526
53.500000 45.040288
53.600000 44.969106
53.700000 44.897980
53.800000 44.826911
53.900000 44.755898
54.000000 44.684942
54.100000 44.614041
54.200000 44.543197
54.300000 44.472410
54.400000 44.401678
54.500000 44.331003
54.600000 44.260384
54.700000 44.189821
54.800000 44.119315
54.900000 44.048865
55.000000 43.978471
55.100000 43.908134
55.200000 43.837853
55.300000 43.767628
55.400000 43.697460
55.500000 43.627347
55.600000 43.557291
55.700000 43.487292
55.800000 43.417348
55.900000 43.347461
56.000000 43.277631
56.100000 43.207856
56.200000 43.138138
56.300000 43.068476
56.400000 42.998870
56.500000 42.929321
56.600000 42.859828
56.700000 42.790391
56.800000 42.721011
56.900000 42.651687
57.000000 42.582419
57.100000 42.513207
57.200000 42.444052
57.300000 42.374953
57.400000 42.305910
57.500000 42.236924
57.600000 42.167994
57.700000 42.099120
57.800000 42.030303
57.900000 41.961541
58.000000 41.892836
58.100000 41.824188
58.200000 41.755595
58.300000 41.687059
58.400000 41.618580
58.500000 41.550156
58.600000 41.481789
58.700000 41.413478
58.800000 41.345224
58.900000 41.277025
59.000000 41.208883
59.100000 41.140798
59.200000 41.072768
59.300000 41.004795
59.400000 40.936878
59.500000 40.869018
59.600000 40.801213
59.700000 40.733465
59.800000 40.665774
59.900000 40.598138
60.000000 40.530559
60.100000 40.463037
60.200000 40.395570
60.300000 40.328160
60.400000 40.260806
60.500000 40.193508
60.600000 40.126267
60.700000 40.059082
60.800000 39.991953
60.900000 39.924881
61.000000 39.857865
61.100000 39.790905
61.200000 39.724001
61.300000 39.657154
61.400000 39.590363
61.500000 39.523628
61.600000 39.456950
61.700000 39.390328
61.800000 39.323762
61.900000 39.257252
62.000000 39.190799
62.100000 39.124402
62.200000 39.058062
62.300000 38.991777
62.400000 38.925549
62.500000 38.859377
62.600000 38.793262
62.700000 38.727203
62.800000 38.661200
62.900000 38.595253
63.000000 38.529363
63.100000 38.463529
63.200000 38.397751
63.300000 38.332030
63.400000 38.266365
63.500000 38.200756
63.600000 38.135203
63.700000 38.069707
63.800000 38.004267
63.900000 37.938883
64.000000 37.873556
64.100000 37.808285
64.200000 37.743070
64.300000 37.677912
64.400000 37.612809
64.500000 37.547763
64.600000 37.482774
64.700000 37.417840
64.800000 37.352963
64.900000 37.288143
65.000000 37.223378
65.100000 37.158670
65.200000 37.094018
65.300000 37.029423
65.400000 36.964883
65.500000 36.900400
65.600000 36.835974
65.700000 36.771603
65.800000 36.707289
65.900000 36.643031
66.000000 36.578830
66.100000 36.514685
66.200000 36.450596
66.300000 36.386563
66.400000 36.322587
66.500000 36.258666
66.600000 36.194803
66.700000 36.130995
66.800000 36.067244
66.900000 36.003549
67.000000 35.939911
67.100000 35.876328
67.200000 35.812802
67.300000 35.749332
67.400000 35.685919
67.500000 35.622562
67.600000 35.559261
67.700000 35.496016
67.800000 35.432828
67.900000 35.369696
68.000000 35.306621
68.100000 35.243601
68.200000 35.180638
68.300000 35.117731
68.400000 35.054881
68.500000 34.992087
68.600000 34.929349
68.700000 34.866667
68.800000 34.804042
68.900000 34.741473
69.000000 34.678960
69.100000 34.616503
69.200000 34.554103
69.300000 34.491759
69.400000 34.429472
69.500000 34.367240
69.600000 34.305065
69.700000 34.242947
69.800000 34.180884
69.900000 34.118878
70.000000 34.056928
70.100000 33.995035
70.200000 33.933198
70.300000 33.871417
70.400000 33.809692
70.500000 33.748024
70.600000 33.686411
70.700000 33.624856
70.800000 33.563356
70.900000 33.501913
71.000000 33.440526
71.100000 33.379195
71.200000 33.317921
71.300000 33.256703
71.400000 33.195541
71.500000 33.134436
71.600000 33.073387
71.700000 33.012394
71.800000 32.951457
71.900000 32.890577
72.000000 32.829753
72.100000 32.768985
72.200000 32.708274
72.300000 32.647619
72.400000 32.587020
72.500000 32.526477
72.600000 32.465991
72.700000 32.405561
72.800000 32.345188
72.900000 32.284870
73.000000 32.224609
73.100000 32.164404
73.200000 32.104256
73.300000 32.044164
73.400000 31.984128
73.500000 31.924148
73.600000 31.864225
73.700000 31.804358
73.800000 31.744547
73.900000 31.684793
74.000000 31.625095
74.100000 31.565453
74.200000 31.505867
74.300000 31.446338
74.400000 31.386865
74.500000 31.327448
74.600000 31.268088
74.700000 31.208784
74.800000 31.149536
74.900000 31.090345
75.000000 31.031209
75.100000 30.972131
75.200000 30.913108
75.300000 30.854142
75.400000 30.795232
75.500000 30.736378
75.600000 30.677580
75.700000 30.618839
75.800000 30.560154
75.900000 30.501526
76.000000 30.442953
76.100000 30.384437
76.200000 30.325978
76.300000 30.267574
76.400000 30.209227
76.500000 30.150936
76.600000 30.092702
76.700000 30.034524
76.800000 29.976402
76.900000 29.918336
77.000000 29.860327
77.100000 29.802374
77.200000 29.744477
77.300000 29.686636
77.400000 29.628852
77.500000 29.571124
77.600000 29.513453
77.700000 29.455837
77.800000 29.398278
77.900000 29.340776
78.000000 29.283329
78.100000 29.225939
78.200000 29.168605
78.300000 29.111328
78.400000 29.054106
78.500000 28.996941
78.600000 28.939833
78.700000 28.882780
78.800000 28.825784
78.900000 28.768844
79.000000 28.711961
79.100000 28.655134
79.200000 28.598363
79.300000 28.541648
79.400000 28.484990
79.500000 28.428388
79.600000 28.371842
79.700000 28.315352
79.800000 28.258919
79.900000 28.202542
80.000000 28.146222
80.100000 28.089957
80.200000 28.033749
80.300000 27.977598
80.400000 27.921502
80.500000 27.865463
80.600000 27.809480
80.700000 27.753554
80.800000 27.697684
80.900000 27.641870
81.000000 27.586112
81.100000 27.530411
81.200000 27.474765
81.300000 27.419177
81.400000 27.363644
81.500000 27.308168
81.600000 27.252748
81.700000 27.197384
81.800000 27.142077
81.900000 27.086826
82.000000 27.031631
82.100000 26.976493
82.200000 26.921411
82.300000 26.866385
82.400000 26.811415
82.500000 26.756502
82.600000 26.701645
82.700000 26.646844
82.800000 26.592100
82.900000 26.537412
83.000000 26.482780
83.100000 26.428205
83.200000 26.373685
83.300000 26.319222
83.400000 26.264816
83.500000 26.210465
83.600000 26.156171
83.700000 26.101934
83.800000 26.047752
83.900000 25.993627
84.000000 25.939558
84.100000 25.885545
84.200000 25.831589
84.300000 25.777689
84.400000 25.723845
84.500000 25.670058
84.600000 25.616327
84.700000 25.562652
84.800000 25.509033
84.900000 25.455471
85.000000 25.401965
85.100000 25.348515
85.200000 25.295122
85.300000 25.241785
85.400000 25.188504
85.500000 25.135280
85.600000 25.082111
85.700000 25.029000
85.800000 24.975944
85.900000 24.922945
86.000000 24.870002
86.100000 24.817115
86.200000 24.764284
86.300000 24.711510
86.400000 24.658792
86.500000 24.606131
86.600000 24.553525
86.700000 24.500976
86.800000 24.448484
86.900000 24.396047
87.000000 24.343667
87.100000 24.291343
87.200000 24.239076
87.300000 24.186865
87.400000 24.134710
87.500000 24.082611
87.600000 24.030569
87.700000 23.978583
87.800000 23.926653
87.900000 23.874779
88.000000 23.822962
88.100000 23.771201
88.200000 23.719497
88.300000 23.667848
88.400000 23.616256
88.500000 23.564720
88.600000 23.513241
88.700000 23.461818
88.800000 23.410451
88.900000 23.359140
89.000000 23.307886
89.100000 23.256688
89.200000 23.205547
89.300000 23.154461
89.400000 23.103432
89.500000 23.052459
89.600000 23.001543
89.700000 22.950683
89.800000 22.899879
89.900000 22.849131
90.000000 22.798440
90.100000 22.747805
90.200000 22.697226
90.300000 22.646703
90.400000 22.596237
90.500000 22.545827
90.600000 22.495474
90.700000 22.445176
90.800000 22.394935
90.900000 22.344751
91.000000 22.294622
91.100000 22.244550
91.200000 22.194534
91.300000 22.144575
91.400000 22.094671
91.500000 22.044825
91.600000 21.995034
91.700000 21.945299
91.800000 21.895621
91.900000 21.846000
92.000000 21.796434
92.100000 21.746925
92.200000 21.697472
92.300000 21.648075
92.400000 21.598735
92.500000 21.549451
92.600000 21.500223
92.700000 21.451052
92.800000 21.401937
92.900000 21.352878
93.000000 21.303875
93.100000 21.254929
93.200000 21.206039
93.300000 21.157205
93.400000 21.108428
93.500000 21.059707
93.600000 21.011042
93.700000 20.962433
93.800000 20.913881
93.900000 20.865385
94.000000 20.816946
94.100000 20.768562
94.200000 20.720235
94.300000 20.671964
94.400000 20.623750
94.500000 20.575592
94.600000 20.527490
94.700000 20.479444
94.800000 20.431455
94.900000 20.383522
95.000000 20.335645
95.100000 20.287825
95.200000 20.240061
95.300000 20.192353
95.400000 20.144701
95.500000 20.097106
95.600000 20.049567
95.700000 20.002084
95.800000 19.954658
95.900000 19.907288
96.000000 19.859974
96.100000 19.812717
96.200000 19.765515
96.300000 19.718370
96.400000 19.671282
96.500000 19.624249
96.600000 19.577273
96.700000 19.530354
96.800000 19.483490
96.900000 19.436683
97.000000 19.389932
97.100000 19.343238
97.200000 19.296599
97.300000 19.250017
97.400000 19.203492
97.500000 19.157022
97.600000 19.110609
97.700000 19.064252
97.800000 19.017952
97.900000 18.971707
98.000000 18.925519
98.100000 18.879388
98.200000 18.833312
98.300000 18.787293
98.400000 18.741331
98.500000 18.695424
98.600000 18.649574
98.700000 18.603780
98.800000 18.558042
98.900000 18.512361
99.000000 18.466736
99.100000 18.421167
99.200000 18.375655
99.300000 18.330199
99.400000 18.284799
99.500000 18.239455
99.600000 18.194168
99.700000 18.148937
99.800000 18.103762
99.900000 18.058644
100.000000 18.013582
100.100000 17.968576
100.200000 17.923627
100.300000 17.878733
100.400000 17.833896
100.500000 17.789116
100.600000 17.744391
100.700000 17.699723
100.800000 17.655112
100.900000 17.610556
101.000000 17.566057
101.100000 17.521614
101.200000 17.477228
101.300000 17.432897
101.400000 17.388623
101.500000 17.344405
101.600000 17.300244
101.700000 17.256139
101.800000 17.212090
101.900000 17.168098
102.000000 17.124161
102.100000 17.080281
102.200000 17.036458
102.300000 16.992690
102.400000 16.948979
102.500000 16.905324
102.600000 16.861726
102.700000 16.818184
102.800000 16.774698
102.900000 16.731268
103.000000 16.687895
103.100000 16.644578
103.200000 16.601317
103.300000 16.558113
103.400000 16.514964
103.500000 16.471873
103.600000 16.428837
103.700000 16.385858
103.800000 16.342935
103.900000 16.300068
104.000000 16.257258
104.100000 16.214504
104.200000 16.171806
104.300000 16.129164
104.400000 16.086579
104.500000 16.044050
104.600000 16.001577
104.700000 15.959161
104.800000 15.916801
104.900000 15.874497
105.000000 15.832250
105.100000 15.790059
105.200000 15.747924
105.300000 15.705845
105.400000 15.663823
105.500000 15.621857
105.600000 15.579947
105.700000 15.538094
105.800000 15.496296
105.900000 15.454556
106.000000 15.412871
106.100000 15.371243
106.200000 15.329671
106.300000 15.288155
106.400000 15.246696
106.500000 15.205293
106.600000 15.163946
106.700000 15.122655
106.800000 15.081421
106.900000 15.040243
107.000000 14.999122
107.100000 14.958056
107.200000 14.917047
107.300000 14.876094
107.400000 14.835198
107.500000 14.794358
107.600000 14.753574
107.700000 14.712846
107.800000 14.672175
107.900000 14.631560
108.000000 14.591001
108.100000 14.550499
108.200000 14.510053
108.300000 14.469663
108.400000 14.429329
108.500000 14.389052
108.600000 14.348831
108.700000 14.308667
108.800000 14.268558
108.900000 14.228506
109.000000 14.188510
109.100000 14.148571
109.200000 14.108688
109.300000 14.068861
109.400000 14.029090
109.500000 13.989376
109.600000 13.949718
109.700000 13.910116
109.800000 13.870571
109.900000 13.831082
110.000000 13.791649
110.100000 13.752272
110.200000 13.712952
110.300000 13.673688
110.400000 13.634480
110.500000 13.595329
110.600000 13.556234
110.700000 13.517195
110.800000 13.478212
110.900000 13.439286
111.000000 13.400416
111.100000 13.361603
111.200000 13.322845
111.300000 13.284144
111.400000 13.245499
111.500000 13.206911
111.600000 13.168379
111.700000 13.129903
111.800000 13.091483
111.900000 13.053120
112.000000 13.014813
112.100000 12.976562
112.200000 12.938368
112.300000 12.900230
112.400000 12.862148
112.500000 12.824122
112.600000 12.786153
112.700000 12.748240
112.800000 12.710383
112.900000 12.672583
113.000000 12.634839
113.100000 12.597151
113.200000 12.559520
113.300000 12.521944
113.400000 12.484426
113.500000 12.446963
113.600000 12.409557
113.700000 12.372207
113.800000 12.334913
113.900000 12.297675
114.000000 12.260494
114.100000 12.223369
114.200000 12.186301
114.300000 12.149288
114.400000 12.112332
114.500000 12.075433
114.600000 12.038589
114.700000 12.001802
114.800000 11.965071
114.900000 11.928397
115.000000 11.891779
115.100000 11.855217
115.200000 11.818711
115.300000 11.782262
115.400000 11.745869
115.500000 11.709532
115.600000 11.673251
115.700000 11.637027
115.800000 11.600859
115.900000 11.564748
116.000000 11.528692
116.100000 11.492693
116.200000 11.456751
116.300000 11.420864
116.400000 11.385034
116.500000 11.349260
116.600000 11.313543
116.700000 11.277881
116.800000 11.242276
116.900000 11.206728
117.000000 11.171235
117.100000 11.135799
117.200000 11.100420
117.300000 11.065096
117.400000 11.029829
117.500000 10.994618
117.600000 10.959463
117.700000 10.924365
117.800000 10.889323
117.900000 10.854337
118.000000 10.819408
118.100000 10.784534
118.200000 10.749718
118.300000 10.714957
118.400000 10.680253
118.500000 10.645605
118.600000 10.611013
118.700000 10.576478
118.800000 10.541998
118.900000 10.507576
119.000000 10.473209
119.100000 10.438899
119.200000 10.404645
119.300000 10.370447
119.400000 10.336306
119.500000 10.302221
119.600000 10.268192
119.700000 10.234220
119.800000 10.200303
119.900000 10.166443
120.000000 10.132640
120.100000 10.098893
120.200000 10.065201
120.300000 10.031567
120.400000 9.997988
120.500000 9.964466
120.600000 9.931000
120.700000 9.897591
120.800000 9.864237
120.900000 9.830940
121.000000 9.797700
121.100000 9.764515
121.200000 9.731387
121.300000 9.698315
121.400000 9.665300
121.500000 9.632341
121.600000 9.599438
121.700000 9.566591
121.800000 9.533801
121.900000 9.501067
122.000000 9.468389
122.100000 9.435768
122.200000 9.403202
122.300000 9.370693
122.400000 9.338241
122.500000 9.305845
122.600000 9.273505
122.700000 9.241221
122.800000 9.208993
122.900000 9.176822
123.000000 9.144707
123.100000 9.112649
123.200000 9.080647
123.300000 9.048701
123.400000 9.016811
123.500000 8.984978
123.600000 8.953201
123.700000 8.921480
123.800000 8.889815
123.900000 8.858207
124.000000 8.826655
124.100000 8.795160
124.200000 8.763720
124.300000 8.732337
124.400000 8.701010
124.500000 8.669740
124.600000 8.638526
124.700000 8.607368
124.800000 8.576266
124.900000 8.545221
125.000000 8.514232
125.100000 8.483299
125.200000 8.452423
125.300000 8.421603
125.400000 8.390839
125.500000 8.360132
125.600000 8.329480
125.700000 8.298885
125.800000 8.268347
125.900000 8.237864
126.000000 8.207438
126.100000 8.177068
126.200000 8.146755
126.300000 8.116498
126.400000 8.086297
126.500000 8.056152
126.600000 8.026064
126.700000 7.996032
126.800000 7.966056
126.900000 7.936137
127.000000 7.906274
127.100000 7.876467
127.200000 7.846716
127.300000 7.817022
127.400000 7.787384
127.500000 7.757802
127.600000 7.728277
127.700000 7.698808
127.800000 7.669395
127.900000 7.640039
128.000000 7.610738
128.100000 7.581494
128.200000 7.552307
128.300000 7.523175
128.400000 7.494100
128.500000 7.465082
128.600000 7.436119
128.700000 7.407213
128.800000 7.378363
128.900000 7.349570
129.000000 7.320832
129.100000 7.292151
129.200000 7.263527
129.300000 7.234958
129.400000 7.206446
129.500000 7.177990
129.600000 7.149591
129.700000 7.121247
129.800000 7.092960
129.900000 7.064730
130.000000 7.036555
130.100000 7.008437
130.200000 6.980376
130.300000 6.952370
130.400000 6.924421
130.500000 6.896528
130.600000 6.868691
130.700000 6.840911
130.800000 6.813187
130.900000 6.785519
131.000000 6.757908
131.100000 6.730353
131.200000 6.702854
131.300000 6.675411
131.400000 6.648025
131.500000 6.620695
131.600000 6.593421
131.700000 6.566204
131.800000 6.539043
131.900000 6.511938
132.000000 6.484889
132.100000 6.457897
132.200000 6.430961
132.300000 6.404082
132.400000 6.377258
132.500000 6.350491
132.600000 6.323781
132.700000 6.297126
132.800000 6.270528
132.900000 6.243986
133.000000 6.217500
133.100000 6.191071
133.200000 6.164698
133.300000 6.138381
133.400000 6.112121
133.500000 6.085917
133.600000 6.059769
133.700000 6.033677
133.800000 6.007642
133.900000 5.981663
134.000000 5.955741
134.100000 5.929874
134.200000 5.904064
134.300000 5.878310
134.400000 5.852613
134.500000 5.826972
134.600000 5.801387
134.700000 5.775858
134.800000 5.750386
134.900000 5.724970
135.000000 5.699610
135.100000 5.674306
135.200000 5.649059
135.300000 5.623868
135.400000 5.598734
135.500000 5.573656
135.600000 5.548634
135.700000 5.523668
135.800000 5.498758
135.900000 5.473905
136.000000 5.449109
136.100000 5.424368
136.200000 5.399684
136.300000 5.375056
136.400000 5.350484
136.500000 5.325969
136.600000 5.301510
136.700000 5.277107
136.800000 5.252760
136.900000 5.228470
137.000000 5.204236
137.100000 5.180059
137.200000 5.155937
137.300000 5.131872
137.400000 5.107864
137.500000 5.083911
137.600000 5.060015
137.700000 5.036175
137.800000 5.012392
137.900000 4.988664
138.000000 4.964994
138.100000 4.941379
138.200000 4.917820
138.300000 4.894318
138.400000 4.870873
138.500000 4.847483
138.600000 4.824150
138.700000 4.800873
138.800000 4.777652
138.900000 4.754488
139.000000 4.731380
139.100000 4.708328
139.200000 4.685333
139.300000 4.662393
139.400000 4.639511
139.500000 4.616684
139.600000 4.593914
139.700000 4.571200
139.800000 4.548542
139.900000 4.525941
140.000000 4.503395
140.100000 4.480907
140.200000 4.458474
140.300000 4.436098
140.400000 4.413778
140.500000 4.391514
140.600000 4.369307
140.700000 4.347156
140.800000 4.325061
140.900000 4.303023
141.000000 4.281040
141.100000 4.259114
141.200000 4.237245
141.300000 4.215431
141.400000 4.193674
141.500000 4.171974
141.600000 4.150329
141.700000 4.128741
141.800000 4.107209
141.900000 4.085734
142.000000 4.064314
142.100000 4.042951
142.200000 4.021645
142.300000 4.000394
142.400000 3.979200
142.500000 3.958062
142.600000 3.936981
142.700000 3.915956
142.800000 3.894987
142.900000 3.874074
143.000000 3.853218
143.100000 3.832418
143.200000 3.811674
143.300000 3.790986
143.400000 3.770355
143.500000 3.749780
143.600000 3.729262
143.700000 3.708799
143.800000 3.688393
143.900000 3.668044
144.000000 3.647750
144.100000 3.627513
144.200000 3.607332
144.300000 3.587208
144.400000 3.567140
144.500000 3.547128
144.600000 3.527172
144.700000 3.507273
144.800000 3.487429
144.900000 3.467643
145.000000 3.447912
145.100000 3.428238
145.200000 3.408620
145.300000 3.389058
145.400000 3.369553
145.500000 3.350104
145.600000 3.330711
145.700000 3.311375
145.800000 3.292095
145.900000 3.272871
146.000000 3.253703
146.100000 3.234592
146.200000 3.215537
146.300000 3.196538
146.400000 3.177596
146.500000 3.158710
146.600000 3.139880
146.700000 3.121106
146.800000 3.102389
146.900000 3.083728
147.000000 3.065124
147.100000 3.046575
147.200000 3.028083
147.300000 3.009647
147.400000 2.991268
147.500000 2.972945
147.600000 2.954678
147.700000 2.936467
147.800000 2.918313
147.900000 2.900215
148.000000 2.882173
148.100000 2.864188
148.200000 2.846259
148.300000 2.828386
148.400000 2.810569
148.500000 2.792809
148.600000 2.775105
148.700000 2.757457
148.800000 2.739866
148.900000 2.722331
149.000000 2.704852
149.100000 2.687429
149.200000 2.670063
149.300000 2.652753
149.400000 2.635500
149.500000 2.618302
149.600000 2.601161
149.700000 2.584076
149.800000 2.567048
149.900000 2.550076
150.000000 2.533160
150.100000 2.516300
150.200000 2.499497
150.300000 2.482750
150.400000 2.466059
150.500000 2.449425
150.600000 2.432847
150.700000 2.416325
150.800000 2.399859
150.900000 2.383450
151.000000 2.367097
151.100000 2.350801
151.200000 2.334560
151.300000 2.318376
151.400000 2.302248
151.500000 2.286177
151.600000 2.270162
151.700000 2.254203
151.800000 2.238300
151.900000 2.222454
152.000000 2.206664
152.100000 2.190930
152.200000 2.175253
152.300000 2.159631
152.400000 2.144067
152.500000 2.128558
152.600000 2.113106
152.700000 2.097710
152.800000 2.082370
152.900000 2.067087
153.000000 2.051860
153.100000 2.036689
153.200000 2.021574
153.300000 2.006516
153.400000 1.991514
153.500000 1.976568
153.600000 1.961679
153.700000 1.946846
153.800000 1.932069
153.900000 1.917349
154.000000 1.902685
154.100000 1.888077
154.200000 1.873525
154.300000 1.859030
154.400000 1.844591
154.500000 1.830208
154.600000 1.815882
154.700000 1.801612
154.800000 1.787398
154.900000 1.773240
155.000000 1.759139
155.100000 1.745094
155.200000 1.731105
155.300000 1.717173
155.400000 1.703297
155.500000 1.689477
155.600000 1.675713
155.700000 1.662006
155.800000 1.648355
155.900000 1.634761
156.000000 1.621222
156.100000 1.607740
156.200000 1.594315
156.300000 1.580945
156.400000 1.567632
156.500000 1.554375
156.600000 1.541175
156.700000 1.528030
156.800000 1.514942
156.900000 1.501911
157.000000 1.488935
157.100000 1.476016
157.200000 1.463153
157.300000 1.450347
157.400000 1.437596
157.500000 1.424902
157.600000 1.412265
157.700000 1.399683
157.800000 1.387158
157.900000 1.374690
158.000000 1.362277
158.100000 1.349921
158.200000 1.337621
158.300000 1.325377
158.400000 1.313190
158.500000 1.301059
158.600000 1.288984
158.700000 1.276966
158.800000 1.265004
158.900000 1.253098
159.000000 1.241248
159.100000 1.229455
159.200000 1.217718
159.300000 1.206037
159.400000 1.194413
159.500000 1.182845
159.600000 1.171333
159.700000 1.159878
159.800000 1.148478
159.900000 1.137136
160.000000 1.125849
160.100000 1.114619
160.200000 1.103444
160.300000 1.092327
160.400000 1.081265
160.500000 1.070260
160.600000 1.059311
160.700000 1.048419
160.800000 1.037582
160.900000 1.026802
161.000000 1.016079
161.100000 1.005411
161.200000 0.994800
161.300000 0.984245
161.400000 0.973747
161.500000 0.963304
161.600000 0.952918
161.700000 0.942589
161.800000 0.932315
161.900000 0.922098
162.000000 0.911938
162.100000 0.901833
162.200000 0.891785
162.300000 0.881793
162.400000 0.871857
162.500000 0.861978
162.600000 0.852155
162.700000 0.842388
162.800000 0.832678
162.900000 0.823024
163.000000 0.813426
163.100000 0.803884
163.200000 0.794399
163.300000 0.784970
163.400000 0.775597
163.500000 0.766281
163.600000 0.757021
163.700000 0.747817
163.800000 0.738669
163.900000 0.729578
164.000000 0.720543
164.100000 0.711565
164.200000 0.702642
164.300000 0.693776
164.400000 0.684966
164.500000 0.676213
164.600000 0.667516
164.700000 0.658875
164.800000 0.650290
164.900000 0.641762
165.000000 0.633290
165.100000 0.624874
165.200000 0.616515
165.300000 0.608212
165.400000 0.599965
165.500000 0.591774
165.600000 0.583640
165.700000 0.575562
165.800000 0.567540
165.900000 0.559575
166.000000 0.551666
166.100000 0.543813
166.200000 0.536017
166.300000 0.528276
166.400000 0.520593
166.500000 0.512965
166.600000 0.505394
166.700000 0.497879
166.800000 0.490420
166.900000 0.483017
167.000000 0.475671
167.100000 0.468381
167.200000 0.461148
167.300000 0.453970
167.400000 0.446849
167.500000 0.439785
167.600000 0.432776
167.700000 0.425824
167.800000 0.418928
167.900000 0.412089
168.000000 0.405306
168.100000 0.398579
168.200000 0.391908
168.300000 0.385294
168.400000 0.378736
168.500000 0.372234
168.600000 0.365788
168.700000 0.359399
168.800000 0.353066
168.900000 0.346790
169.000000 0.340569
169.100000 0.334405
169.200000 0.328298
169.300000 0.322246
169.400000 0.316251
169.500000 0.310312
169.600000 0.304430
169.700000 0.298603
169.800000 0.292833
169.900000 0.287120
170.000000 0.281462
170.100000 0.275861
170.200000 0.270316
170.300000 0.264828
170.400000 0.259396
170.500000 0.254020
170.600000 0.248700
170.700000 0.243437
170.800000 0.238230
170.900000 0.233079
171.000000 0.227984
171.100000 0.222946
171.200000 0.217964
171.300000 0.213039
171.400000 0.208169
171.500000 0.203356
171.600000 0.198600
171.700000 0.193899
171.800000 0.189255
171.900000 0.184667
172.000000 0.180136
172.100000 0.175661
172.200000 0.171242
172.300000 0.166879
172.400000 0.162573
172.500000 0.158322
172.600000 0.154129
172.700000 0.149991
172.800000 0.145910
172.900000 0.141885
173.000000 0.137916
173.100000 0.134004
173.200000 0.130148
173.300000 0.126348
173.400000 0.122605
173.500000 0.118918
173.600000 0.115287
173.700000 0.111712
173.800000 0.108194
173.900000 0.104732
174.000000 0.101326
174.100000 0.097977
174.200000 0.094684
174.300000 0.091447
174.400000 0.088267
174.500000 0.085142
174.600000 0.082074
174.700000 0.079063
174.800000 0.076107
174.900000 0.073208
175.000000 0.070366
175.100000 0.067579
175.200000 0.064849
175.300000 0.062175
175.400000 0.059557
175.500000 0.056996
175.600000 0.054491
175.700000 0.052042
175.800000 0.049650
175.900000 0.047314
176.000000 0.045034
176.100000 0.042810
176.200000 0.040643
176.300000 0.038532
176.400000 0.036478
176.500000 0.034479
176.600000 0.032537
176.700000 0.030651
176.800000 0.028822
176.900000 0.027049
177.000000 0.025332
177.100000 0.023671
177.200000 0.022067
177.300000 0.020519
177.400000 0.019027
177.500000 0.017591
177.600000 0.016212
177.700000 0.014889
177.800000 0.013623
177.900000 0.012412
178.000000 0.011258
178.100000 0.010161
178.200000 0.009119
178.300000 0.008134
178.400000 0.007205
178.500000 0.006333
178.600000 0.005517
178.700000 0.004757
178.800000 0.004053
178.900000 0.003406
179.000000 0.002815
179.100000 0.002280
179.200000 0.001801
179.300000 0.001379
179.400000 0.001013
179.500000 0.000704
179.600000 0.000450
179.700000 0.000253
179.800000 0.000113
179.900000 0.000028
180.000000 0.000000
180.100000 0.000028
180.200000 0.000113
180.300000 0.000253
180.400000 0.000450
180.500000 0.000704
180.600000 0.001013
180.700000 0.001379
180.800000 0.001801
180.900000 0.002280
181.000000 0.002815
