0.000000 104.609405
0.100000 104.493205
0.200000 104.377069
0.300000 104.260998
0.400000 104.144991
0.500000 104.029049
0.600000 103.913171
0.700000 103.797358
0.800000 103.681610
0.900000 103.565926
1.000000 103.450307
1.100000 103.334752
1.200000 103.219262
1.300000 103.103837
1.400000 102.988476
1.500000 102.873180
1.600000 102.757948
1.700000 102.642781
1.800000 102.527678
1.900000 102.412640
2.000000 102.297666
2.100000 102.182757
2.200000 102.067913
2.300000 101.953133
2.400000 101.838418
2.500000 101.723768
2.600000 101.609182
2.700000 101.494660
2.800000 101.380203
2.900000 101.265811
3.000000 101.151483
3.100000 101.037220
3.200000 100.923021
3.300000 100.808887
3.400000 100.694818
3.500000 100.580813
3.600000 100.466873
3.700000 100.352997
3.800000 100.239186
3.900000 100.125439
4.000000 100.011757
4.100000 99.898140
4.200000 99.784587
4.300000 99.671099
4.400000 99.557675
4.500000 99.444316
4.600000 99.331021
4.700000 99.217791
4.800000 99.104626
4.900000 98.991525
5.000000 98.878489
5.100000 98.765517
5.200000 98.652610
5.300000 98.539767
5.400000 98.426989
5.500000 98.314276
5.600000 98.201627
5.700000 98.089043
5.800000 97.976523
5.900000 97.864068
6.000000 97.751677
6.100000 97.639351
6.200000 97.527090
6.300000 97.414893
6.400000 97.302761
6.500000 97.190693
6.600000 97.078690
6.700000 96.966752
6.800000 96.854878
6.900000 96.743068
7.000000 96.631324
7.100000 96.519643
7.200000 96.408028
7.300000 96.296477
7.400000 96.184990
7.500000 96.073568
7.600000 95.962211
7.700000 95.850918
7.800000 95.739690
7.900000 95.628526
8.000000 95.517427
8.100000 95.406393
8.200000 95.295423
8.300000 95.184517
8.400000 95.073677
8.500000 94.962900
8.600000 94.852189
8.700000 94.741542
8.800000 94.630959
8.900000 94.520441
9.000000 94.409988
9.100000 94.299599
9.200000 94.189275
9.300000 94.079016
9.400000 93.968821
9.500000 93.858690
9.600000 93.748624
9.700000 93.638623
9.800000 93.528686
9.900000 93.418814
10.000000 93.309006
10.100000 93.199263
10.200000 93.089585
10.300000 92.979971
10.400000 92.870422
10.500000 92.760937
10.600000 92.651517
10.700000 92.542161
10.800000 92.432870
10.900000 92.323644
11.000000 92.214482
11.100000 92.105385
11.200000 91.996352
11.300000 91.887384
11.400000 91.778480
11.500000 91.669641
11.600000 91.560867
11.700000 91.452157
11.800000 91.343512
11.900000 91.234931
12.000000 91.126415
12.100000 91.017964
12.200000 90.909577
12.300000 90.801254
12.400000 90.692996
12.500000 90.584803
12.600000 90.476674
12.700000 90.368610
12.800000 90.260611
12.900000 90.152676
13.000000 90.044805
13.100000 89.937000
13.200000 89.829258
13.300000 89.721582
13.400000 89.613970
13.500000 89.506422
13.600000 89.398939
13.700000 89.291521
13.800000 89.184167
13.900000 89.076878
14.000000 88.969653
14.100000 88.862493
14.200000 88.755398
14.300000 88.648367
14.400000 88.541400
14.500000 88.434499
14.600000 88.327661
14.700000 88.220889
14.800000 88.114181
14.900000 88.007537
15.000000 87.900958
15.100000 87.794444
15.200000 87.687994
15.300000 87.581609
15.400000 87.475289
15.500000 87.369033
15.600000 87.262841
15.700000 87.156714
15.800000 87.050652
15.900000 86.944654
16.000000 86.838721
16.100000 86.732852
16.200000 86.627048
16.300000 86.521309
16.400000 86.415634
16.500000 86.310024
16.600000 86.204478
16.700000 86.098997
16.800000 85.993580
16.900000 85.888228
17.000000 85.782941
17.100000 85.677718
17.200000 85.572560
17.300000 85.467466
17.400000 85.362437
17.500000 85.257472
17.600000 85.152572
17.700000 85.047737
17.800000 84.942966
17.900000 84.838260
18.000000 84.733618
18.100000 84.629041
18.200000 84.524528
18.300000 84.420080
18.400000 84.315697
18.500000 84.211378
18.600000 84.107124
18.700000 84.002934
18.800000 83.898809
18.900000 83.794749
19.000000 83.690753
19.100000 83.586821
19.200000 83.482955
19.300000 83.379152
19.400000 83.275415
19.500000 83.171742
19.600000 83.068133
19.700000 82.964589
19.800000 82.861110
19.900000 82.757695
20.000000 82.654345
20.100000 82.551059
20.200000 82.447838
20.300000 82.344682
20.400000 82.241590
20.500000 82.138562
20.600000 82.035599
20.700000 81.932701
20.800000 81.829868
20.900000 81.727099
21.000000 81.624394
21.100000 81.521754
21.200000 81.419179
21.300000 81.316668
21.400000 81.214222
21.500000 81.111840
21.600000 81.009523
21.700000 80.907271
21.800000 80.805083
21.900000 80.702960
22.000000 80.600901
22.100000 80.498907
22.200000 80.396977
22.300000 80.295112
22.400000 80.193312
22.500000 80.091576
22.600000 79.989904
22.700000 79.888298
22.800000 79.786756
22.900000 79.685278
23.000000 79.583865
23.100000 79.482517
23.200000 79.381233
23.300000 79.280013
23.400000 79.178859
23.500000 79.077769
23.600000 78.976743
23.700000 78.875782
23.800000 78.774886
23.900000 78.674054
24.000000 78.573286
24.100000 78.472584
24.200000 78.371946
24.300000 78.271372
24.400000 78.170863
24.500000 78.070419
24.600000 77.970039
24.700000 77.869724
24.800000 77.769473
24.900000 77.669287
25.000000 77.569165
25.100000 77.469108
25.200000 77.369116
25.300000 77.269188
25.400000 77.169325
25.500000 77.069526
25.600000 76.969792
25.700000 76.870123
25.800000 76.770518
25.900000 76.670977
26.000000 76.571502
26.100000 76.472090
26.200000 76.372744
26.300000 76.273462
26.400000 76.174244
26.500000 76.075091
26.600000 75.976003
26.700000 75.876979
26.800000 75.778020
26.900000 75.679125
27.000000 75.580295
27.100000 75.481530
27.200000 75.382829
27.300000 75.284192
27.400000 75.185621
27.500000 75.087113
27.600000 74.988671
27.700000 74.890293
27.800000 74.791979
27.900000 74.693730
28.000000 74.595546
28.100000 74.497426
28.200000 74.399371
28.300000 74.301381
28.400000 74.203455
28.500000 74.105593
28.600000 74.007796
28.700000 73.910064
28.800000 73.812396
28.900000 73.714793
29.000000 73.617254
29.100000 73.519780
29.200000 73.422371
29.300000 73.325026
29.400000 73.227746
29.500000 73.130530
29.600000 73.033379
29.700000 72.936292
29.800000 72.839270
29.900000 72.742313
30.000000 72.645420
30.100000 72.548592
30.200000 72.451828
30.300000 72.355129
30.400000 72.258495
30.500000 72.161925
30.600000 72.065419
30.700000 71.968978
30.800000 71.872602
30.900000 71.776290
31.000000 71.680043
31.100000 71.583861
31.200000 71.487743
31.300000 71.391689
31.400000 71.295701
31.500000 71.199776
31.600000 71.103917
31.700000 71.008122
31.800000 70.912391
31.900000 70.816725
32.000000 70.721124
32.100000 70.625587
32.200000 70.530115
32.300000 70.434707
32.400000 70.339364
32.500000 70.244085
32.600000 70.148872
32.700000 70.053722
32.800000 69.958637
32.900000 69.863617
33.000000 69.768662
33.100000 69.673770
33.200000 69.578944
33.300000 69.484182
33.400000 69.389485
33.500000 69.294852
33.600000 69.200284
33.700000 69.105780
33.800000 69.011341
33.900000 68.916967
34.000000 68.822657
34.100000 68.728411
34.200000 68.634231
34.300000 68.540114
34.400000 68.446063
34.500000 68.352076
34.600000 68.258153
34.700000 68.164296
34.800000 68.070502
34.900000 67.976773
35.000000 67.883109
35.100000 67.789510
35.200000 67.695975
35.300000 67.602504
35.400000 67.509098
35.500000 67.415757
35.600000 67.322480
35.700000 67.229268
35.800000 67.136121
35.900000 67.043038
36.000000 66.950019
36.100000 66.857065
36.200000 66.764176
36.300000 66.671351
36.400000 66.578591
36.500000 66.485896
36.600000 66.393265
36.700000 66.300698
36.800000 66.208197
36.900000 66.115759
37.000000 66.023387
37.100000 65.931078
37.200000 65.838835
37.300000 65.746656
37.400000 65.654542
37.500000 65.562492
37.600000 65.470506
37.700000 65.378586
37.800000 65.286730
37.900000 65.194938
38.000000 65.103211
38.100000 65.011549
38.200000 64.919951
38.300000 64.828418
38.400000 64.736949
38.500000 64.645545
38.600000 64.554206
38.700000 64.462931
38.800000 64.371720
38.900000 64.280574
39.000000 64.189493
39.100000 64.098477
39.200000 64.007525
39.300000 63.916637
39.400000 63.825814
39.500000 63.735056
39.600000 63.644362
39.700000 63.553733
39.800000 63.463168
39.900000 63.372668
40.000000 63.282233
40.100000 63.191862
40.200000 63.101555
40.300000 63.011314
40.400000 62.921137
40.500000 62.831024
40.600000 62.740976
40.700000 62.650992
40.800000 62.561074
40.900000 62.471219
41.000000 62.381429
41.100000 62.291704
41.200000 62.202044
41.300000 62.112448
41.400000 62.022916
41.500000 61.933449
41.600000 61.844047
41.700000 61.754709
41.800000 61.665436
41.900000 61.576228
42.000000 61.487084
42.100000 61.398004
42.200000 61.308989
42.300000 61.220039
42.400000 61.131153
42.500000 61.042332
42.600000 60.953576
42.700000 60.864884
42.800000 60.776256
42.900000 60.687693
43.000000 60.599195
43.100000 60.510761
43.200000 60.422392
43.300000 60.334088
43.400000 60.245848
43.500000 60.157672
43.600000 60.069562
43.700000 59.981515
43.800000 59.893534
43.900000 59.805617
44.000000 59.717764
44.100000 59.629976
44.200000 59.542253
44.300000 59.454594
44.400000 59.367000
44.500000 59.279470
44.600000 59.192005
44.700000 59.104604
44.800000 59.017269
44.900000 58.929997
45.000000 58.842790
45.100000 58.755648
45.200000 58.668570
45.300000 58.581557
45.400000 58.494609
45.500000 58.407725
45.600000 58.320906
45.700000 58.234151
45.800000 58.147461
45.900000 58.060835
46.000000 57.974274
46.100000 57.887778
46.200000 57.801346
46.300000 57.714978
46.400000 57.628676
46.500000 57.542437
46.600000 57.456264
46.700000 57.370155
46.800000 57.284110
46.900000 57.198130
47.000000 57.112215
47.100000 57.026364
47.200000 56.940578
47.300000 56.854856
47.400000 56.769199
47.500000 56.683607
47.600000 56.598079
47.700000 56.512616
47.800000 56.427217
47.900000 56.341883
48.000000 56.256613
48.100000 56.171408
48.200000 56.086268
48.300000 56.001192
48.400000 55.916181
48.500000 55.831234
48.600000 55.746352
48.700000 55.661534
48.800000 55.576781
48.900000 55.492093
49.000000 55.407469
49.100000 55.322910
49.200000 55.238415
49.300000 55.153985
49.400000 55.069620
49.500000 54.985319
49.600000 54.901082
49.700000 54.816910
49.800000 54.732803
49.900000 54.648760
50.000000 54.564782
50.100000 54.480869
50.200000 54.397020
50.300000 54.313235
50.400000 54.229516
50.500000 54.145860
50.600000 54.062270
50.700000 53.978744
50.800000 53.895282
50.900000 53.811885
51.000000 53.728553
51.100000 53.645285
51.200000 53.562082
51.300000 53.478943
51.400000 53.395869
51.500000 53.312860
51.600000 53.229915
51.700000 53.147034
51.800000 53.064218
51.900000 52.981467
52.000000 52.898781
52.100000 52.816159
52.200000 52.733601
52.300000 52.651108
52.400000 52.568680
52.500000 52.486316
52.600000 52.404017
52.700000 52.321782
52.800000 52.239612
52.900000 52.157507
53.000000 52.075466
53.100000 51.993490
53.200000 51.911578
53.300000 51.829731
53.400000 51.747948
53.500000 51.666230
53.600000 51.584577
53.700000 51.502988
53.800000 51.421463
53.900000 51.340004
54.000000 51.258608
54.100000 51.177278
54.200000 51.096012
54.300000 51.014810
54.400000 50.933674
54.500000 50.852601
54.600000 50.771594
54.700000 50.690650
54.800000 50.609772
54.900000 50.528958
55.000000 50.448208
55.100000 50.367524
55.200000 50.286903
55.300000 50.206348
55.400000 50.125857
55.500000 50.045430
55.600000 49.965068
55.700000 49.884771
55.800000 49.804538
55.900000 49.724369
56.000000 49.644266
56.100000 49.564227
56.200000 49.484252
56.300000 49.404342
56.400000 49.324497
56.500000 49.244716
56.600000 49.165000
56.700000 49.085348
56.800000 49.005761
56.900000 48.926238
57.000000 48.846781
57.100000 48.767387
57.200000 48.688058
57.300000 48.608794
57.400000 48.529594
57.500000 48.450459
57.600000 48.371389
57.700000 48.292383
57.800000 48.213442
57.900000 48.134565
58.000000 48.055753
58.100000 47.977005
58.200000 47.898322
58.300000 47.819703
58.400000 47.741150
58.500000 47.662660
58.600000 47.584235
58.700000 47.505875
58.800000 47.427580
58.900000 47.349349
59.000000 47.271182
59.100000 47.193080
59.200000 47.115043
59.300000 47.037070
59.400000 46.959162
59.500000 46.881318
59.600000 46.803539
59.700000 46.725825
59.800000 46.648175
59.900000 46.570590
60.000000 46.493069
60.100000 46.415613
60.200000 46.338221
60.300000 46.260894
60.400000 46.183632
60.500000 46.106434
60.600000 46.029301
60.700000 45.952232
60.800000 45.875228
60.900000 45.798288
61.000000 45.721413
61.100000 45.644603
61.200000 45.567857
61.300000 45.491176
61.400000 45.414559
61.500000 45.338007
61.600000 45.261519
61.700000 45.185096
61.800000 45.108738
61.900000 45.032444
62.000000 44.956215
62.100000 44.880050
62.200000 44.803950
62.300000 44.727914
62.400000 44.651943
62.500000 44.576037
62.600000 44.500195
62.700000 44.424418
62.800000 44.348705
62.900000 44.273057
63.000000 44.197474
63.100000 44.121955
63.200000 44.046500
63.300000 43.971111
63.400000 43.895785
63.500000 43.820525
63.600000 43.745329
63.700000 43.670197
63.800000 43.595130
63.900000 43.520128
64.000000 43.445190
64.100000 43.370317
64.200000 43.295508
64.300000 43.220764
64.400000 43.146085
64.500000 43.071470
64.600000 42.996919
64.700000 42.922434
64.800000 42.848012
64.900000 42.773656
65.000000 42.699364
65.100000 42.625136
65.200000 42.550973
65.300000 42.476875
65.400000 42.402841
65.500000 42.328872
65.600000 42.254967
65.700000 42.181127
65.800000 42.107352
65.900000 42.033641
66.000000 41.959995
66.100000 41.886413
66.200000 41.812896
66.300000 41.739443
66.400000 41.666055
66.500000 41.592732
66.600000 41.519473
66.700000 41.446279
66.800000 41.373149
66.900000 41.300084
67.000000 41.227083
67.100000 41.154147
67.200000 41.081276
67.300000 41.008469
67.400000 40.935727
67.500000 40.863049
67.600000 40.790436
67.700000 40.717887
67.800000 40.645403
67.900000 40.572984
68.000000 40.500629
68.100000 40.428339
68.200000 40.356113
68.300000 40.283952
68.400000 40.211855
68.500000 40.139823
68.600000 40.067856
68.700000 39.995953
68.800000 39.924115
68.900000 39.852341
69.000000 39.780632
69.100000 39.708988
69.200000 39.637408
69.300000 39.565892
69.400000 39.494441
69.500000 39.423055
69.600000 39.351734
69.700000 39.280476
69.800000 39.209284
69.900000 39.138156
70.000000 39.067093
70.100000 38.996094
70.200000 38.925160
70.300000 38.854290
70.400000 38.783485
70.500000 38.712744
70.600000 38.642068
70.700000 38.571457
70.800000 38.500910
70.900000 38.430428
71.000000 38.360011
71.100000 38.289657
71.200000 38.219369
71.300000 38.149145
71.400000 38.078986
71.500000 38.008891
71.600000 37.938861
71.700000 37.868895
71.800000 37.798994
71.900000 37.729158
72.000000 37.659386
72.100000 37.589679
72.200000 37.520036
72.300000 37.450458
72.400000 37.380944
72.500000 37.311495
72.600000 37.242111
72.700000 37.172791
72.800000 37.103535
72.900000 37.034345
73.000000 36.965218
73.100000 36.896157
73.200000 36.827160
73.300000 36.758227
73.400000 36.689360
73.500000 36.620556
73.600000 36.551818
73.700000 36.483143
73.800000 36.414534
73.900000 36.345989
74.000000 36.277508
74.100000 36.209093
74.200000 36.140741
74.300000 36.072455
74.400000 36.004233
74.500000 35.936075
74.600000 35.867982
74.700000 35.799954
74.800000 35.731990
74.900000 35.664091
75.000000 35.596256
75.100000 35.528486
75.200000 35.460780
75.300000 35.393139
75.400000 35.325563
75.500000 35.258051
75.600000 35.190604
75.700000 35.123221
75.800000 35.055903
75.900000 34.988650
76.000000 34.921461
76.100000 34.854336
76.200000 34.787276
76.300000 34.720281
76.400000 34.653351
76.500000 34.586485
76.600000 34.519683
76.700000 34.452946
76.800000 34.386274
76.900000 34.319666
77.000000 34.253123
77.100000 34.186644
77.200000 34.120230
77.300000 34.053881
77.400000 33.987596
77.500000 33.921375
77.600000 33.855220
77.700000 33.789128
77.800000 33.723102
77.900000 33.657140
78.000000 33.591242
78.100000 33.525409
78.200000 33.459641
78.300000 33.393937
78.400000 33.328298
78.500000 33.262724
78.600000 33.197214
78.700000 33.131768
78.800000 33.066387
78.900000 33.001071
79.000000 32.935819
79.100000 32.870632
79.200000 32.805509
79.300000 32.740451
79.400000 32.675458
79.500000 32.610529
79.600000 32.545665
79.700000 32.480865
79.800000 32.416130
79.900000 32.351459
80.000000 32.286853
80.100000 32.222312
80.200000 32.157835
80.300000 32.093423
80.400000 32.029075
80.500000 31.964792
80.600000 31.900574
80.700000 31.836420
80.800000 31.772330
80.900000 31.708305
81.000000 31.644345
81.100000 31.580449
81.200000 31.516618
81.300000 31.452852
81.400000 31.389150
81.500000 31.325512
81.600000 31.261940
81.700000 31.198431
81.800000 31.134988
81.900000 31.071609
82.000000 31.008294
82.100000 30.945044
82.200000 30.881859
82.300000 30.818738
82.400000 30.755682
82.500000 30.692690
82.600000 30.629763
82.700000 30.566900
82.800000 30.504103
82.900000 30.441369
83.000000 30.378700
83.100000 30.316096
83.200000 30.253557
83.300000 30.191081
83.400000 30.128671
83.500000 30.066325
83.600000 30.004044
83.700000 29.941827
83.800000 29.879675
83.900000 29.817587
84.000000 29.755564
84.100000 29.693606
84.200000 29.631712
84.300000 29.569882
84.400000 29.508118
84.500000 29.446417
84.600000 29.384782
84.700000 29.323211
84.800000 29.261704
84.900000 29.200263
85.000000 29.138885
85.100000 29.077572
85.200000 29.016324
85.300000 28.955141
85.400000 28.894022
85.500000 28.832967
85.600000 28.771977
85.700000 28.711052
85.800000 28.650191
85.900000 28.589395
86.000000 28.528664
86.100000 28.467997
86.200000 28.407394
86.300000 28.346856
86.400000 28.286383
86.500000 28.225974
86.600000 28.165630
86.700000 28.105351
86.800000 28.045136
86.900000 27.984985
87.000000 27.924900
87.100000 27.864878
87.200000 27.804922
87.300000 27.745029
87.400000 27.685202
87.500000 27.625439
87.600000 27.565741
87.700000 27.506107
87.800000 27.446537
87.900000 27.387033
88.000000 27.327593
88.100000 27.268217
88.200000 27.208906
88.300000 27.149660
88.400000 27.090478
88.500000 27.031361
88.600000 26.972308
88.700000 26.913320
88.800000 26.854397
88.900000 26.795538
89.000000 26.736743
89.100000 26.678014
89.200000 26.619348
89.300000 26.560748
89.400000 26.502212
89.500000 26.443740
89.600000 26.385333
89.700000 26.326991
89.800000 26.268713
89.900000 26.210500
90.000000 26.152351
90.100000 26.094267
90.200000 26.036248
90.300000 25.978293
90.400000 25.920403
90.500000 25.862577
90.600000 25.804816
90.700000 25.747119
90.800000 25.689487
90.900000 25.631919
91.000000 25.574417
91.100000 25.516978
91.200000 25.459605
91.300000 25.402295
91.400000 25.345051
91.500000 25.287871
91.600000 25.230755
91.700000 25.173704
91.800000 25.116718
91.900000 25.059796
92.000000 25.002939
92.100000 24.946147
92.200000 24.889419
92.300000 24.832755
92.400000 24.776156
92.500000 24.719622
92.600000 24.663152
92.700000 24.606747
92.800000 24.550407
92.900000 24.494131
93.000000 24.437919
93.100000 24.381773
93.200000 24.325690
93.300000 24.269673
93.400000 24.213719
93.500000 24.157831
93.600000 24.102007
93.700000 24.046248
93.800000 23.990553
93.900000 23.934922
94.000000 23.879357
94.100000 23.823856
94.200000 23.768419
94.300000 23.713047
94.400000 23.657740
94.500000 23.602497
94.600000 23.547319
94.700000 23.492205
94.800000 23.437156
94.900000 23.382172
95.000000 23.327252
95.100000 23.272396
95.200000 23.217605
95.300000 23.162879
95.400000 23.108218
95.500000 23.053621
95.600000 22.999088
95.700000 22.944620
95.800000 22.890217
95.900000 22.835878
96.000000 22.781604
96.100000 22.727394
96.200000 22.673249
96.300000 22.619169
96.400000 22.565153
96.500000 22.511201
96.600000 22.457315
96.700000 22.403492
96.800000 22.349735
96.900000 22.296042
97.000000 22.242413
97.100000 22.188849
97.200000 22.135350
97.300000 22.081915
97.400000 22.028545
97.500000 21.975240
97.600000 21.921999
97.700000 21.868822
97.800000 21.815710
97.900000 21.762663
98.000000 21.709680
98.100000 21.656762
98.200000 21.603909
98.300000 21.551120
98.400000 21.498395
98.500000 21.445735
98.600000 21.393140
98.700000 21.340609
98.800000 21.288143
98.900000 21.235742
99.000000 21.183405
99.100000 21.131132
99.200000 21.078924
99.300000 21.026781
99.400000 20.974702
99.500000 20.922688
99.600000 20.870739
99.700000 20.818854
99.800000 20.767033
99.900000 20.715277
100.000000 20.663586
100.100000 20.611960
100.200000 20.560397
100.300000 20.508900
100.400000 20.457467
100.500000 20.406099
100.600000 20.354795
100.700000 20.303555
100.800000 20.252381
100.900000 20.201271
101.000000 20.150225
101.100000 20.099244
101.200000 20.048328
101.300000 19.997476
101.400000 19.946689
101.500000 19.895966
101.600000 19.845308
101.700000 19.794715
101.800000 19.744186
101.900000 19.693721
102.000000 19.643322
102.100000 19.592986
102.200000 19.542716
102.300000 19.492510
102.400000 19.442368
102.500000 19.392291
102.600000 19.342279
102.700000 19.292331
102.800000 19.242448
102.900000 19.192629
103.000000 19.142875
103.100000 19.093186
103.200000 19.043561
103.300000 18.994001
103.400000 18.944505
103.500000 18.895074
103.600000 18.845707
103.700000 18.796405
103.800000 18.747168
103.900000 18.697995
104.000000 18.648887
104.100000 18.599843
104.200000 18.550864
104.300000 18.501949
104.400000 18.453099
104.500000 18.404314
104.600000 18.355593
104.700000 18.306936
104.800000 18.258345
104.900000 18.209818
105.000000 18.161355
105.100000 18.112957
105.200000 18.064624
105.300000 18.016355
105.400000 17.968151
105.500000 17.920011
105.600000 17.871936
105.700000 17.823925
105.800000 17.775979
105.900000 17.728098
106.000000 17.680281
106.100000 17.632529
106.200000 17.584841
106.300000 17.537218
106.400000 17.489659
106.500000 17.442165
106.600000 17.394736
106.700000 17.347371
106.800000 17.300071
106.900000 17.252835
107.000000 17.205664
107.100000 17.158558
107.200000 17.111516
107.300000 17.064538
107.400000 17.017626
107.500000 16.970777
107.600000 16.923994
107.700000 16.877275
107.800000 16.830620
107.900000 16.784030
108.000000 16.737505
108.100000 16.691044
108.200000 16.644648
108.300000 16.598316
108.400000 16.552049
108.500000 16.505847
108.600000 16.459709
108.700000 16.413635
108.800000 16.367627
108.900000 16.321682
109.000000 16.275803
109.100000 16.229988
109.200000 16.184237
109.300000 16.138551
109.400000 16.092930
109.500000 16.047373
109.600000 16.001881
109.700000 15.956454
109.800000 15.911091
109.900000 15.865792
110.000000 15.820558
110.100000 15.775389
110.200000 15.730284
110.300000 15.685244
110.400000 15.640268
110.500000 15.595357
110.600000 15.550511
110.700000 15.505729
110.800000 15.461012
110.900000 15.416359
111.000000 15.371771
111.100000 15.327247
111.200000 15.282788
111.300000 15.238394
111.400000 15.194064
111.500000 15.149799
111.600000 15.105598
111.700000 15.061462
111.800000 15.017390
111.900000 14.973383
112.000000 14.929441
112.100000 14.885563
112.200000 14.841750
112.300000 14.798001
112.400000 14.754317
112.500000 14.710698
112.600000 14.667143
112.700000 14.623652
112.800000 14.580226
112.900000 14.536865
113.000000 14.493568
113.100000 14.450336
113.200000 14.407169
113.300000 14.364066
113.400000 14.321028
113.500000 14.278054
113.600000 14.235145
113.700000 14.192300
113.800000 14.149520
113.900000 14.106804
114.000000 14.064153
114.100000 14.021567
114.200000 13.979045
114.300000 13.936588
114.400000 13.894195
114.500000 13.851867
114.600000 13.809604
114.700000 13.767405
114.800000 13.725271
114.900000 13.683201
115.000000 13.641196
115.100000 13.599255
115.200000 13.557379
115.300000 13.515567
115.400000 13.473821
115.500000 13.432138
115.600000 13.390520
115.700000 13.348967
115.800000 13.307479
115.900000 13.266055
116.000000 13.224695
116.100000 13.183400
116.200000 13.142170
116.300000 13.101004
116.400000 13.059903
116.500000 13.018866
116.600000 12.977894
116.700000 12.936987
116.800000 12.896144
116.900000 12.855366
117.000000 12.814652
117.100000 12.774003
117.200000 12.733418
117.300000 12.692898
117.400000 12.652443
117.500000 12.612052
117.600000 12.571726
117.700000 12.531464
117.800000 12.491267
117.900000 12.451134
118.000000 12.411066
118.100000 12.371063
118.200000 12.331124
118.300000 12.291250
118.400000 12.251440
118.500000 12.211695
118.600000 12.172015
118.700000 12.132399
118.800000 12.092847
118.900000 12.053360
119.000000 12.013938
119.100000 11.974580
119.200000 11.935287
119.300000 11.896059
119.400000 11.856895
119.500000 11.817796
119.600000 11.778761
119.700000 11.739790
119.800000 11.700885
119.900000 11.662044
120.000000 11.623267
120.100000 11.584555
120.200000 11.545908
120.300000 11.507325
120.400000 11.468807
120.500000 11.430353
120.600000 11.391964
120.700000 11.353640
120.800000 11.315380
120.900000 11.277184
121.000000 11.239054
121.100000 11.200987
121.200000 11.162986
121.300000 11.125049
121.400000 11.087176
121.500000 11.049368
121.600000 11.011625
121.700000 10.973946
121.800000 10.936332
121.900000 10.898783
122.000000 10.861297
122.100000 10.823877
122.200000 10.786521
122.300000 10.749230
122.400000 10.712003
122.500000 10.674841
122.600000 10.637743
122.700000 10.600710
122.800000 10.563742
122.900000 10.526838
123.000000 10.489999
123.100000 10.453224
123.200000 10.416514
123.300000 10.379868
123.400000 10.343287
123.500000 10.306771
123.600000 10.270319
123.700000 10.233932
123.800000 10.197609
123.900000 10.161351
124.000000 10.125157
124.100000 10.089028
124.200000 10.052964
124.300000 10.016964
124.400000 9.981029
124.500000 9.945158
124.600000 9.909352
124.700000 9.873610
124.800000 9.837933
124.900000 9.802321
125.000000 9.766773
125.100000 9.731290
125.200000 9.695871
125.300000 9.660517
125.400000 9.625228
125.500000 9.590003
125.600000 9.554842
125.700000 9.519746
125.800000 9.484715
125.900000 9.449749
126.000000 9.414846
126.100000 9.380009
126.200000 9.345236
126.300000 9.310528
126.400000 9.275884
126.500000 9.241305
126.600000 9.206790
126.700000 9.172340
126.800000 9.137954
126.900000 9.103633
127.000000 9.069377
127.100000 9.035185
127.200000 9.001058
127.300000 8.966996
127.400000 8.932997
127.500000 8.899064
127.600000 8.865195
127.700000 8.831391
127.800000 8.797651
127.900000 8.763976
128.000000 8.730365
128.100000 8.696819
128.200000 8.663338
128.300000 8.629921
128.400000 8.596568
128.500000 8.563281
128.600000 8.530058
128.700000 8.496899
128.800000 8.463805
128.900000 8.430775
129.000000 8.397811
129.100000 8.364910
129.200000 8.332075
129.300000 8.299303
129.400000 8.266597
129.500000 8.233955
129.600000 8.201377
129.700000 8.168864
129.800000 8.136416
129.900000 8.104032
130.000000 8.071713
130.100000 8.039459
130.200000 8.007269
130.300000 7.975143
130.400000 7.943083
130.500000 7.911086
130.600000 7.879155
130.700000 7.847287
130.800000 7.815485
130.900000 7.783747
131.000000 7.752074
131.100000 7.720465
131.200000 7.688920
131.300000 7.657441
131.400000 7.626026
131.500000 7.594675
131.600000 7.563389
131.700000 7.532168
131.800000 7.501011
131.900000 7.469919
132.000000 7.438891
132.100000 7.407928
132.200000 7.377029
132.300000 7.346195
132.400000 7.315426
132.500000 7.284721
132.600000 7.254081
132.700000 7.223505
132.800000 7.192994
132.900000 7.162548
133.000000 7.132166
133.100000 7.101849
133.200000 7.071596
133.300000 7.041408
133.400000 7.011284
133.500000 6.981225
133.600000 6.951230
133.700000 6.921300
133.800000 6.891435
133.900000 6.861634
134.000000 6.831898
134.100000 6.802227
134.200000 6.772620
134.300000 6.743077
134.400000 6.713599
134.500000 6.684186
134.600000 6.654837
134.700000 6.625553
134.800000 6.596333
134.900000 6.567178
135.000000 6.538088
135.100000 6.509062
135.200000 6.480101
135.300000 6.451204
135.400000 6.422372
135.500000 6.393604
135.600000 6.364901
135.700000 6.336263
135.800000 6.307689
135.900000 6.279180
136.000000 6.250735
136.100000 6.222355
136.200000 6.194039
136.300000 6.165788
136.400000 6.137602
136.500000 6.109480
136.600000 6.081423
136.700000 6.053430
136.800000 6.025502
136.900000 5.997638
137.000000 5.969839
137.100000 5.942105
137.200000 5.914435
137.300000 5.886830
137.400000 5.859289
137.500000 5.831813
137.600000 5.804401
137.700000 5.777054
137.800000 5.749772
137.900000 5.722554
138.000000 5.695401
138.100000 5.668312
138.200000 5.641288
138.300000 5.614329
138.400000 5.587434
138.500000 5.560603
138.600000 5.533838
138.700000 5.507136
138.800000 5.480500
138.900000 5.453928
139.000000 5.427420
139.100000 5.400977
139.200000 5.374599
139.300000 5.348285
139.400000 5.322036
139.500000 5.295851
139.600000 5.269731
139.700000 5.243676
139.800000 5.217685
139.900000 5.191758
140.000000 5.165897
140.100000 5.140099
140.200000 5.114367
140.300000 5.088699
140.400000 5.063095
140.500000 5.037556
140.600000 5.012082
140.700000 4.986672
140.800000 4.961327
140.900000 4.936046
141.000000 4.910830
141.100000 4.885679
141.200000 4.860592
141.300000 4.835570
141.400000 4.810612
141.500000 4.785719
141.600000 4.760890
141.700000 4.736126
141.800000 4.711427
141.900000 4.686792
142.000000 4.662222
142.100000 4.637716
142.200000 4.613275
142.300000 4.588898
142.400000 4.564586
142.500000 4.540339
142.600000 4.516156
142.700000 4.492038
142.800000 4.467984
142.900000 4.443995
143.000000 4.420070
143.100000 4.396210
143.200000 4.372415
143.300000 4.348684
143.400000 4.325018
143.500000 4.301416
143.600000 4.277879
143.700000 4.254406
143.800000 4.230998
143.900000 4.207655
144.000000 4.184376
144.100000 4.161162
144.200000 4.138012
144.300000 4.114927
144.400000 4.091907
144.500000 4.068951
144.600000 4.046059
144.700000 4.023233
144.800000 4.000470
144.900000 3.977773
145.000000 3.955140
145.100000 3.932571
145.200000 3.910067
145.300000 3.887628
145.400000 3.865253
145.500000 3.842943
145.600000 3.820697
145.700000 3.798516
145.800000 3.776400
145.900000 3.754348
146.000000 3.732360
146.100000 3.710437
146.200000 3.688579
146.300000 3.666786
146.400000 3.645057
146.500000 3.623392
146.600000 3.601792
146.700000 3.580257
146.800000 3.558786
146.900000 3.537380
147.000000 3.516038
147.100000 3.494761
147.200000 3.473549
147.300000 3.452401
147.400000 3.431318
147.500000 3.410299
147.600000 3.389345
147.700000 3.368455
147.800000 3.347630
147.900000 3.326870
148.000000 3.306174
148.100000 3.285542
148.200000 3.264976
148.300000 3.244474
148.400000 3.224036
148.500000 3.203663
148.600000 3.183355
148.700000 3.163111
148.800000 3.142931
148.900000 3.122817
149.000000 3.102767
149.100000 3.082781
149.200000 3.062860
149.300000 3.043004
149.400000 3.023212
149.500000 3.003485
149.600000 2.983822
149.700000 2.964224
149.800000 2.944690
149.900000 2.925221
150.000000 2.905817
150.100000 2.886477
150.200000 2.867202
150.300000 2.847991
150.400000 2.828845
150.500000 2.809763
150.600000 2.790746
150.700000 2.771794
150.800000 2.752906
150.900000 2.734083
151.000000 2.715324
151.100000 2.696630
151.200000 2.678001
151.300000 2.659436
151.400000 2.640935
151.500000 2.622500
151.600000 2.604128
151.700000 2.585822
151.800000 2.567580
151.900000 2.549402
152.000000 2.531289
152.100000 2.513241
152.200000 2.495257
152.300000 2.477338
152.400000 2.459483
152.500000 2.441693
152.600000 2.423968
152.700000 2.406307
152.800000 2.388711
152.900000 2.371179
153.000000 2.353712
153.100000 2.336309
153.200000 2.318971
153.300000 2.301697
153.400000 2.284489
153.500000 2.267344
153.600000 2.250265
153.700000 2.233249
153.800000 2.216299
153.900000 2.199413
154.000000 2.182591
154.100000 2.165834
154.200000 2.149142
154.300000 2.132514
154.400000 2.115951
154.500000 2.099453
154.600000 2.083019
154.700000 2.066649
154.800000 2.050344
154.900000 2.034104
155.000000 2.017928
155.100000 2.001817
155.200000 1.985771
155.300000 1.969789
155.400000 1.953871
155.500000 1.938018
155.600000 1.922230
155.700000 1.906506
155.800000 1.890847
155.900000 1.875253
156.000000 1.859723
156.100000 1.844257
156.200000 1.828857
156.300000 1.813520
156.400000 1.798249
156.500000 1.783041
156.600000 1.767899
156.700000 1.752821
156.800000 1.737808
156.900000 1.722859
157.000000 1.707975
157.100000 1.693155
157.200000 1.678400
157.300000 1.663709
157.400000 1.649083
157.500000 1.634522
157.600000 1.620025
157.700000 1.605593
157.800000 1.591225
157.900000 1.576922
158.000000 1.562684
158.100000 1.548510
158.200000 1.534400
158.300000 1.520356
158.400000 1.506375
158.500000 1.492460
158.600000 1.478609
158.700000 1.464822
158.800000 1.451100
158.900000 1.437443
159.000000 1.423850
159.100000 1.410322
159.200000 1.396858
159.300000 1.383459
159.400000 1.370125
159.500000 1.356855
159.600000 1.343650
159.700000 1.330509
159.800000 1.317433
159.900000 1.304421
160.000000 1.291474
160.100000 1.278592
160.200000 1.265774
160.300000 1.253020
160.400000 1.240332
160.500000 1.227708
160.600000 1.215148
160.700000 1.202653
160.800000 1.190223
160.900000 1.177857
161.000000 1.165555
161.100000 1.153319
161.200000 1.141147
161.300000 1.129039
161.400000 1.116996
161.500000 1.105018
161.600000 1.093104
161.700000 1.081254
161.800000 1.069470
161.900000 1.057750
162.000000 1.046094
162.100000 1.034503
162.200000 1.022977
162.300000 1.011515
162.400000 1.000118
162.500000 0.988785
162.600000 0.977517
162.700000 0.966313
162.800000 0.955174
162.900000 0.944100
163.000000 0.933090
163.100000 0.922145
163.200000 0.911264
163.300000 0.900448
163.400000 0.889697
163.500000 0.879010
163.600000 0.868387
163.700000 0.857829
163.800000 0.847336
163.900000 0.836908
164.000000 0.826543
164.100000 0.816244
164.200000 0.806009
164.300000 0.795839
164.400000 0.785733
164.500000 0.775692
164.600000 0.765715
164.700000 0.755803
164.800000 0.745955
164.900000 0.736173
165.000000 0.726454
165.100000 0.716800
165.200000 0.707211
165.300000 0.697687
165.400000 0.688227
165.500000 0.678831
165.600000 0.669500
165.700000 0.660234
165.800000 0.651032
165.900000 0.641895
166.000000 0.632822
166.100000 0.623814
166.200000 0.614871
166.300000 0.605992
166.400000 0.597178
166.500000 0.588428
166.600000 0.579743
166.700000 0.571122
166.800000 0.562566
166.900000 0.554075
167.000000 0.545648
167.100000 0.537286
167.200000 0.528988
167.300000 0.520755
167.400000 0.512586
167.500000 0.504482
167.600000 0.496443
167.700000 0.488468
167.800000 0.480558
167.900000 0.472712
168.000000 0.464931
168.100000 0.457214
168.200000 0.449562
168.300000 0.441975
168.400000 0.434452
168.500000 0.426994
168.600000 0.419600
168.700000 0.412271
168.800000 0.405006
168.900000 0.397806
169.000000 0.390671
169.100000 0.383600
169.200000 0.376594
169.300000 0.369652
169.400000 0.362775
169.500000 0.355963
169.600000 0.349215
169.700000 0.342531
169.800000 0.335912
169.900000 0.329358
170.000000 0.322869
170.100000 0.316443
170.200000 0.310083
170.300000 0.303787
170.400000 0.297556
170.500000 0.291389
170.600000 0.285287
170.700000 0.279249
170.800000 0.273276
170.900000 0.267367
171.000000 0.261524
171.100000 0.255744
171.200000 0.250029
171.300000 0.244379
171.400000 0.238794
171.500000 0.233273
171.600000 0.227816
171.700000 0.222424
171.800000 0.217097
171.900000 0.211834
172.000000 0.206636
172.100000 0.201502
172.200000 0.196433
172.300000 0.191429
172.400000 0.186489
172.500000 0.181614
172.600000 0.176803
172.700000 0.172057
172.800000 0.167375
172.900000 0.162758
173.000000 0.158206
173.100000 0.153718
173.200000 0.149294
173.300000 0.144936
173.400000 0.140642
173.500000 0.136412
173.600000 0.132247
173.700000 0.128147
173.800000 0.124111
173.900000 0.120139
174.000000 0.116233
174.100000 0.112391
174.200000 0.108613
174.300000 0.104900
174.400000 0.101252
174.500000 0.097668
174.600000 0.094148
174.700000 0.090694
174.800000 0.087304
174.900000 0.083978
175.000000 0.080717
175.100000 0.077521
175.200000 0.074389
175.300000 0.071322
175.400000 0.068319
175.500000 0.065381
175.600000 0.062507
175.700000 0.059698
175.800000 0.056954
175.900000 0.054274
176.000000 0.051659
176.100000 0.049108
176.200000 0.046622
176.300000 0.044201
176.400000 0.041844
176.500000 0.039551
176.600000 0.037324
176.700000 0.035160
176.800000 0.033062
176.900000 0.031028
177.000000 0.029058
177.100000 0.027153
177.200000 0.025313
177.300000 0.023537
177.400000 0.021826
177.500000 0.020179
177.600000 0.018597
177.700000 0.017080
177.800000 0.015627
177.900000 0.014239
178.000000 0.012915
178.100000 0.011656
178.200000 0.010461
178.300000 0.009331
178.400000 0.008265
178.500000 0.007265
178.600000 0.006328
178.700000 0.005456
178.800000 0.004649
178.900000 0.003907
179.000000 0.003229
179.100000 0.002615
179.200000 0.002066
179.300000 0.001582
179.400000 0.001162
179.500000 0.000807
179.600000 0.000517
179.700000 0.000291
179.800000 0.000129
179.900000 0.000032
180.000000 0.000000
180.100000 0.000032
180.200000 0.000129
180.300000 0.000291
180.400000 0.000517
180.500000 0.000807
180.600000 0.001162
180.700000 0.001582
180.800000 0.002066
180.900000 0.002615
181.000000 0.003229
