-180.000000 11.800783
-179.900000 11.840152
-179.800000 11.879586
-179.700000 11.919086
-179.600000 11.958651
-179.500000 11.998282
-179.400000 12.037979
-179.300000 12.077741
-179.200000 12.117569
-179.100000 12.157462
-179.000000 12.197421
-178.900000 12.237445
-178.800000 12.277535
-178.700000 12.317690
-178.600000 12.357911
-178.500000 12.398198
-178.400000 12.438550
-178.300000 12.478968
-178.200000 12.519451
-178.100000 12.560000
-178.000000 12.600614
-177.900000 12.641294
-177.800000 12.682039
-177.700000 12.722850
-177.600000 12.763727
-177.500000 12.804669
-177.400000 12.845677
-177.300000 12.886750
-177.200000 12.927889
-177.100000 12.969093
-177.000000 13.010363
-176.900000 13.051699
-176.800000 13.093100
-176.700000 13.134567
-176.600000 13.176099
-176.500000 13.217697
-176.400000 13.259360
-176.300000 13.301089
-176.200000 13.342883
-176.100000 13.384743
-176.000000 13.426669
-175.900000 13.468660
-175.800000 13.510717
-175.700000 13.552839
-175.600000 13.595027
-175.500000 13.637280
-175.400000 13.679599
-175.300000 13.721983
-175.200000 13.764433
-175.100000 13.806949
-175.000000 13.849530
-174.900000 13.892177
-174.800000 13.934889
-174.700000 13.977667
-174.600000 14.020510
-174.500000 14.063419
-174.400000 14.106394
-174.300000 14.149434
-174.200000 14.192540
-174.100000 14.235711
-174.000000 14.278948
-173.900000 14.322250
-173.800000 14.365618
-173.700000 14.409051
-173.600000 14.452550
-173.500000 14.496115
-173.400000 14.539745
-173.300000 14.583441
-173.200000 14.627202
-173.100000 14.671029
-173.000000 14.714921
-172.900000 14.758879
-172.800000 14.802902
-172.700000 14.846991
-172.600000 14.891146
-172.500000 14.935366
-172.400000 14.979652
-172.300000 15.024003
-172.200000 15.068420
-172.100000 15.112902
-172.000000 15.157450
-171.900000 15.202064
-171.800000 15.246743
-171.700000 15.291488
-171.600000 15.336298
-171.500000 15.381174
-171.400000 15.426115
-171.300000 15.471122
-171.200000 15.516194
-171.100000 15.561332
-171.000000 15.606536
-170.900000 15.651805
-170.800000 15.697140
-170.700000 15.742540
-170.600000 15.788006
-170.500000 15.833537
-170.400000 15.879134
-170.300000 15.924796
-170.200000 15.970524
-170.100000 16.016318
-170.000000 16.062177
-169.900000 16.108102
-169.800000 16.154092
-169.700000 16.200148
-169.600000 16.246269
-169.500000 16.292456
-169.400000 16.338709
-169.300000 16.385027
-169.200000 16.431410
-169.100000 16.477860
-169.000000 16.524374
-168.900000 16.570955
-168.800000 16.617601
-168.700000 16.664312
-168.600000 16.711089
-168.500000 16.757932
-168.400000 16.804840
-168.300000 16.851813
-168.200000 16.898853
-168.100000 16.945957
-168.000000 16.993128
-167.900000 17.040364
-167.800000 17.087665
-167.700000 17.135032
-167.600000 17.182465
-167.500000 17.229963
-167.400000 17.277527
-167.300000 17.325156
-167.200000 17.372851
-167.100000 17.420611
-167.000000 17.468437
-166.900000 17.516329
-166.800000 17.564286
-166.700000 17.612308
-166.600000 17.660396
-166.500000 17.708550
-166.400000 17.756770
-166.300000 17.805054
-166.200000 17.853405
-166.100000 17.901821
-166.000000 17.950302
-165.900000 17.998849
-165.800000 18.047462
-165.700000 18.096140
-165.600000 18.144884
-165.500000 18.193694
-165.400000 18.242568
-165.300000 18.291509
-165.200000 18.340515
-165.100000 18.389587
-165.000000 18.438724
-164.900000 18.487926
-164.800000 18.537195
-164.700000 18.586528
-164.600000 18.635928
-164.500000 18.685393
-164.400000 18.734923
-164.300000 18.784519
-164.200000 18.834181
-164.100000 18.883908
-164.000000 18.933701
-163.900000 18.983559
-163.800000 19.033483
-163.700000 19.083473
-163.600000 19.133528
-163.500000 19.183648
-163.400000 19.233834
-163.300000 19.284086
-163.200000 19.334403
-163.100000 19.384786
-163.000000 19.435234
-162.900000 19.485748
-162.800000 19.536328
-162.700000 19.586973
-162.600000 19.637683
-162.500000 19.688459
-162.400000 19.739301
-162.300000 19.790208
-162.200000 19.841181
-162.100000 19.892220
-162.000000 19.943324
-161.900000 19.994493
-161.800000 20.045728
-161.700000 20.097029
-161.600000 20.148395
-161.500000 20.199827
-161.400000 20.251324
-161.300000 20.302887
-161.200000 20.354515
-161.100000 20.406209
-161.000000 20.457969
-160.900000 20.509794
-160.800000 20.561685
-160.700000 20.613641
-160.600000 20.665663
-160.500000 20.717750
-160.400000 20.769903
-160.300000 20.822121
-160.200000 20.874405
-160.100000 20.926755
-160.000000 20.979170
-159.900000 21.031651
-159.800000 21.084197
-159.700000 21.136809
-159.600000 21.189486
-159.500000 21.242229
-159.400000 21.295038
-159.300000 21.347912
-159.200000 21.400851
-159.100000 21.453857
-159.000000 21.506927
-158.900000 21.560064
-158.800000 21.613265
-158.700000 21.666533
-158.600000 21.719866
-158.500000 21.773264
-158.400000 21.826729
-158.300000 21.880258
-158.200000 21.933853
-158.100000 21.987514
-158.000000 22.041241
-157.900000 22.095032
-157.800000 22.148890
-157.700000 22.202813
-157.600000 22.256802
-157.500000 22.310856
-157.400000 22.364975
-157.300000 22.419161
-157.200000 22.473411
-157.100000 22.527728
-157.000000 22.582110
-156.900000 22.636557
-156.800000 22.691070
-156.700000 22.745649
-156.600000 22.800293
-156.500000 22.855003
-156.400000 22.909778
-156.300000 22.964619
-156.200000 23.019525
-156.100000 23.074497
-156.000000 23.129535
-155.900000 23.184638
-155.800000 23.239807
-155.700000 23.295041
-155.600000 23.350341
-155.500000 23.405706
-155.400000 23.461137
-155.300000 23.516633
-155.200000 23.572195
-155.100000 23.627823
-155.000000 23.683516
-154.900000 23.739275
-154.800000 23.795099
-154.700000 23.850989
-154.600000 23.906944
-154.500000 23.962965
-154.400000 24.019052
-154.300000 24.075204
-154.200000 24.131421
-154.100000 24.187705
-154.000000 24.244053
-153.900000 24.300468
-153.800000 24.356948
-153.700000 24.413493
-153.600000 24.470104
-153.500000 24.526780
-153.400000 24.583523
-153.300000 24.640330
-153.200000 24.697203
-153.100000 24.754142
-153.000000 24.811147
-152.900000 24.868216
-152.800000 24.925352
-152.700000 24.982553
-152.600000 25.039820
-152.500000 25.097152
-152.400000 25.154549
-152.300000 25.212013
-152.200000 25.269541
-152.100000 25.327136
-152.000000 25.384796
-151.900000 25.442521
-151.800000 25.500312
-151.700000 25.558169
-151.600000 25.616091
-151.500000 25.674079
-151.400000 25.732132
-151.300000 25.790251
-151.200000 25.848435
-151.100000 25.906685
-151.000000 25.965001
-150.900000 26.023382
-150.800000 26.081829
-150.700000 26.140341
-150.600000 26.198919
-150.500000 26.257562
-150.400000 26.316271
-150.300000 26.375045
-150.200000 26.433885
-150.100000 26.492791
-150.000000 26.551762
-149.900000 26.610799
-149.800000 26.669901
-149.700000 26.729069
-149.600000 26.788302
-149.500000 26.847601
-149.400000 26.906966
-149.300000 26.966396
-149.200000 27.025891
-149.100000 27.085453
-149.000000 27.145079
-148.900000 27.204772
-148.800000 27.264529
-148.700000 27.324353
-148.600000 27.384242
-148.500000 27.444196
-148.400000 27.504216
-148.300000 27.564302
-148.200000 27.624453
-148.100000 27.684670
-148.000000 27.744952
-147.900000 27.805300
-147.800000 27.865714
-147.700000 27.926193
-147.600000 27.986737
-147.500000 28.047347
-147.400000 28.108023
-147.300000 28.168764
-147.200000 28.229571
-147.100000 28.290444
-147.000000 28.351382
-146.900000 28.412385
-146.800000 28.473454
-146.700000 28.534589
-146.600000 28.595789
-146.500000 28.657055
-146.400000 28.718386
-146.300000 28.779783
-146.200000 28.841245
-146.100000 28.902773
-146.000000 28.964367
-145.900000 29.026026
-145.800000 29.087750
-145.700000 29.149541
-145.600000 29.211396
-145.500000 29.273318
-145.400000 29.335305
-145.300000 29.397357
-145.200000 29.459475
-145.100000 29.521659
-145.000000 29.583908
-144.900000 29.646222
-144.800000 29.708603
-144.700000 29.771049
-144.600000 29.833560
-144.500000 29.896137
-144.400000 29.958779
-144.300000 30.021487
-144.200000 30.084261
-144.100000 30.147100
-144.000000 30.210005
-143.900000 30.272975
-143.800000 30.336011
-143.700000 30.399112
-143.600000 30.462279
-143.500000 30.525512
-143.400000 30.588810
-143.300000 30.652174
-143.200000 30.715603
-143.100000 30.779098
-143.000000 30.842658
-142.900000 30.906284
-142.800000 30.969975
-142.700000 31.033732
-142.600000 31.097555
-142.500000 31.161443
-142.400000 31.225397
-142.300000 31.289416
-142.200000 31.353501
-142.100000 31.417651
-142.000000 31.481867
-141.900000 31.546149
-141.800000 31.610496
-141.700000 31.674908
-141.600000 31.739386
-141.500000 31.803930
-141.400000 31.868539
-141.300000 31.933214
-141.200000 31.997955
-141.100000 32.062761
-141.000000 32.127632
-140.900000 32.192569
-140.800000 32.257572
-140.700000 32.322640
-140.600000 32.387774
-140.500000 32.452973
-140.400000 32.518238
-140.300000 32.583569
-140.200000 32.648965
-140.100000 32.714426
-140.000000 32.779953
-139.900000 32.845546
-139.800000 32.911204
-139.700000 32.976928
-139.600000 33.042717
-139.500000 33.108572
-139.400000 33.174493
-139.300000 33.240479
-139.200000 33.306530
-139.100000 33.372648
-139.000000 33.438830
-138.900000 33.505079
-138.800000 33.571392
-138.700000 33.637772
-138.600000 33.704217
-138.500000 33.770727
-138.400000 33.837303
-138.300000 33.903945
-138.200000 33.970652
-138.100000 34.037425
-138.000000 34.104263
-137.900000 34.171167
-137.800000 34.238137
-137.700000 34.305172
-137.600000 34.372272
-137.500000 34.439438
-137.400000 34.506670
-137.300000 34.573967
-137.200000 34.641330
-137.100000 34.708758
-137.000000 34.776252
-136.900000 34.843812
-136.800000 34.911437
-136.700000 34.979127
-136.600000 35.046884
-136.500000 35.114705
-136.400000 35.182593
-136.300000 35.250546
-136.200000 35.318564
-136.100000 35.386648
-136.000000 35.454797
-135.900000 35.523012
-135.800000 35.591293
-135.700000 35.659639
-135.600000 35.728051
-135.500000 35.796528
-135.400000 35.865071
-135.300000 35.933680
-135.200000 36.002354
-135.100000 36.071093
-135.000000 36.139898
-134.900000 36.208769
-134.800000 36.277705
-134.700000 36.346707
-134.600000 36.415775
-134.500000 36.484907
-134.400000 36.554106
-134.300000 36.623370
-134.200000 36.692700
-134.100000 36.762095
-134.000000 36.831555
-133.900000 36.901082
-133.800000 36.970674
-133.700000 37.040331
-133.600000 37.110054
-133.500000 37.179842
-133.400000 37.249697
-133.300000 37.319616
-133.200000 37.389601
-133.100000 37.459652
-133.000000 37.529768
-132.900000 37.599950
-132.800000 37.670198
-132.700000 37.740511
-132.600000 37.810889
-132.500000 37.881333
-132.400000 37.951843
-132.300000 38.022418
-132.200000 38.093059
-132.100000 38.163766
-132.000000 38.234537
-131.900000 38.305375
-131.800000 38.376278
-131.700000 38.447247
-131.600000 38.518281
-131.500000 38.589380
-131.400000 38.660546
-131.300000 38.731777
-131.200000 38.803073
-131.100000 38.874435
-131.000000 38.945862
-130.900000 39.017355
-130.800000 39.088914
-130.700000 39.160538
-130.600000 39.232228
-130.500000 39.303983
-130.400000 39.375804
-130.300000 39.447691
-130.200000 39.519643
-130.100000 39.591660
-130.000000 39.663743
-129.900000 39.735892
-129.800000 39.808106
-129.700000 39.880386
-129.600000 39.952731
-129.500000 40.025142
-129.400000 40.097619
-129.300000 40.170161
-129.200000 40.242768
-129.100000 40.315442
-129.000000 40.388180
-128.900000 40.460985
-128.800000 40.533854
-128.700000 40.606790
-128.600000 40.679791
-128.500000 40.752857
-128.400000 40.825989
-128.300000 40.899187
-128.200000 40.972450
-128.100000 41.045779
-128.000000 41.119173
-127.900000 41.192633
-127.800000 41.266159
-127.700000 41.339750
-127.600000 41.413406
-127.500000 41.487128
-127.400000 41.560916
-127.300000 41.634769
-127.200000 41.708688
-127.100000 41.782672
-127.000000 41.856722
-126.900000 41.930838
-126.800000 42.005019
-126.700000 42.079265
-126.600000 42.153578
-126.500000 42.227955
-126.400000 42.302398
-126.300000 42.376907
-126.200000 42.451482
-126.100000 42.526122
-126.000000 42.600827
-125.900000 42.675598
-125.800000 42.750435
-125.700000 42.825337
-125.600000 42.900305
-125.500000 42.975338
-125.400000 43.050437
-125.300000 43.125601
-125.200000 43.200831
-125.100000 43.276127
-125.000000 43.351488
-124.900000 43.426915
-124.800000 43.502407
-124.700000 43.577965
-124.600000 43.653588
-124.500000 43.729277
-124.400000 43.805032
-124.300000 43.880852
-124.200000 43.956737
-124.100000 44.032688
-124.000000 44.108705
-123.900000 44.184787
-123.800000 44.260935
-123.700000 44.337149
-123.600000 44.413427
-123.500000 44.489772
-123.400000 44.566182
-123.300000 44.642658
-123.200000 44.719199
-123.100000 44.795806
-123.000000 44.872478
-122.900000 44.949216
-122.800000 45.026019
-122.700000 45.102888
-122.600000 45.179823
-122.500000 45.256823
-122.400000 45.333889
-122.300000 45.411020
-122.200000 45.488217
-122.100000 45.565479
-122.000000 45.642807
-121.900000 45.720200
-121.800000 45.797659
-121.700000 45.875184
-121.600000 45.952774
-121.500000 46.030430
-121.400000 46.108151
-121.300000 46.185938
-121.200000 46.263790
-121.100000 46.341708
-121.000000 46.419692
-120.900000 46.497741
-120.800000 46.575855
-120.700000 46.654036
-120.600000 46.732281
-120.500000 46.810593
-120.400000 46.888970
-120.300000 46.967412
-120.200000 47.045920
-120.100000 47.124494
-120.000000 47.203133
-119.900000 47.281837
-119.800000 47.360608
-119.700000 47.439443
-119.600000 47.518345
-119.500000 47.597312
-119.400000 47.676344
-119.300000 47.755442
-119.200000 47.834606
-119.100000 47.913835
-119.000000 47.993129
-118.900000 48.072490
-118.800000 48.151916
-118.700000 48.231407
-118.600000 48.310964
-118.500000 48.390586
-118.400000 48.470274
-118.300000 48.550028
-118.200000 48.629847
-118.100000 48.709732
-118.000000 48.789682
-117.900000 48.869698
-117.800000 48.949780
-117.700000 49.029927
-117.600000 49.110139
-117.500000 49.190417
-117.400000 49.270761
-117.300000 49.351170
-117.200000 49.431645
-117.100000 49.512185
-117.000000 49.592791
-116.900000 49.673463
-116.800000 49.754200
-116.700000 49.835002
-116.600000 49.915870
-116.500000 49.996804
-116.400000 50.077803
-116.300000 50.158868
-116.200000 50.239999
-116.100000 50.321195
-116.000000 50.402456
-115.900000 50.483783
-115.800000 50.565176
-115.700000 50.646634
-115.600000 50.728158
-115.500000 50.809747
-115.400000 50.891402
-115.300000 50.973122
-115.200000 51.054908
-115.100000 51.136760
-115.000000 51.218677
-114.900000 51.300660
-114.800000 51.382708
-114.700000 51.464822
-114.600000 51.547001
-114.500000 51.629246
-114.400000 51.711556
-114.300000 51.793932
-114.200000 51.876374
-114.100000 51.958881
-114.000000 52.041454
-113.900000 52.124092
-113.800000 52.206796
-113.700000 52.289565
-113.600000 52.372400
-113.500000 52.455301
-113.400000 52.538267
-113.300000 52.621298
-113.200000 52.704395
-113.100000 52.787558
-113.000000 52.870787
-112.900000 52.954080
-112.800000 53.037440
-112.700000 53.120865
-112.600000 53.204355
-112.500000 53.287911
-112.400000 53.371533
-112.300000 53.455220
-112.200000 53.538973
-112.100000 53.622791
-112.000000 53.706675
-111.900000 53.790625
-111.800000 53.874640
-111.700000 53.958720
-111.600000 54.042867
-111.500000 54.127078
-111.400000 54.211356
-111.300000 54.295698
-111.200000 54.380107
-111.100000 54.464581
-111.000000 54.549120
-110.900000 54.633725
-110.800000 54.718396
-110.700000 54.803132
-110.600000 54.887934
-110.500000 54.972801
-110.400000 55.057734
-110.300000 55.142732
-110.200000 55.227796
-110.100000 55.312926
-110.000000 55.398121
-109.900000 55.483382
-109.800000 55.568708
-109.700000 55.654100
-109.600000 55.739557
-109.500000 55.825080
-109.400000 55.910668
-109.300000 55.996322
-109.200000 56.082042
-109.100000 56.167827
-109.000000 56.253678
-108.900000 56.339594
-108.800000 56.425576
-108.700000 56.511623
-108.600000 56.597736
-108.500000 56.683915
-108.400000 56.770159
-108.300000 56.856468
-108.200000 56.942843
-108.100000 57.029284
-108.000000 57.115790
-107.900000 57.202362
-107.800000 57.289000
-107.700000 57.375703
-107.600000 57.462471
-107.500000 57.549305
-107.400000 57.636205
-107.300000 57.723170
-107.200000 57.810201
-107.100000 57.897297
-107.000000 57.984459
-106.900000 58.071687
-106.800000 58.158980
-106.700000 58.246338
-106.600000 58.333762
-106.500000 58.421252
-106.400000 58.508807
-106.300000 58.596428
-106.200000 58.684115
-106.100000 58.771866
-106.000000 58.859684
-105.900000 58.947567
-105.800000 59.035516
-105.700000 59.123530
-105.600000 59.211610
-105.500000 59.299755
-105.400000 59.387966
-105.300000 59.476242
-105.200000 59.564584
-105.100000 59.652992
-105.000000 59.741465
-104.900000 59.830003
-104.800000 59.918608
-104.700000 60.007277
-104.600000 60.096013
-104.500000 60.184814
-104.400000 60.273680
-104.300000 60.362612
-104.200000 60.451610
-104.100000 60.540673
-104.000000 60.629801
-103.900000 60.718996
-103.800000 60.808256
-103.700000 60.897581
-103.600000 60.986972
-103.500000 61.076428
-103.400000 61.165950
-103.300000 61.255538
-103.200000 61.345191
-103.100000 61.434910
-103.000000 61.524694
-102.900000 61.614544
-102.800000 61.704459
-102.700000 61.794440
-102.600000 61.884487
-102.500000 61.974599
-102.400000 62.064777
-102.300000 62.155020
-102.200000 62.245329
-102.100000 62.335703
-102.000000 62.426143
-101.900000 62.516648
-101.800000 62.607219
-101.700000 62.697856
-101.600000 62.788558
-101.500000 62.879326
-101.400000 62.970159
-101.300000 63.061058
-101.200000 63.152022
-101.100000 63.243052
-101.000000 63.334148
-100.900000 63.425309
-100.800000 63.516535
-100.700000 63.607827
-100.600000 63.699185
-100.500000 63.790608
-100.400000 63.882097
-100.300000 63.973652
-100.200000 64.065272
-100.100000 64.156957
-100.000000 64.248708
-99.900000 64.340525
-99.800000 64.432407
-99.700000 64.524355
-99.600000 64.616368
-99.500000 64.708447
-99.400000 64.800592
-99.300000 64.892802
-99.200000 64.985077
-99.100000 65.077418
-99.000000 65.169825
-98.900000 65.262297
-98.800000 65.354835
-98.700000 65.447438
-98.600000 65.540107
-98.500000 65.632842
-98.400000 65.725642
-98.300000 65.818507
-98.200000 65.911439
-98.100000 66.004435
-98.000000 66.097498
-97.900000 66.190626
-97.800000 66.283819
-97.700000 66.377078
-97.600000 66.470402
-97.500000 66.563792
-97.400000 66.657248
-97.300000 66.750769
-97.200000 66.844356
-97.100000 66.938008
-97.000000 67.031726
-96.900000 67.125510
-96.800000 67.219359
-96.700000 67.313273
-96.600000 67.407253
-96.500000 67.501299
-96.400000 67.595410
-96.300000 67.689587
-96.200000 67.783830
-96.100000 67.878137
-96.000000 67.972511
-95.900000 68.066950
-95.800000 68.161455
-95.700000 68.256025
-95.600000 68.350661
-95.500000 68.445362
-95.400000 68.540129
-95.300000 68.634961
-95.200000 68.729859
-95.100000 68.824823
-95.000000 68.919852
-94.900000 69.014946
-94.800000 69.110106
-94.700000 69.205332
-94.600000 69.300624
-94.500000 69.395980
-94.400000 69.491403
-94.300000 69.586891
-94.200000 69.682444
-94.100000 69.778064
-94.000000 69.873748
-93.900000 69.969499
-93.800000 70.065314
-93.700000 70.161196
-93.600000 70.257143
-93.500000 70.353155
-93.400000 70.449233
-93.300000 70.545377
-93.200000 70.641586
-93.100000 70.737861
-93.000000 70.834201
-92.900000 70.930607
-92.800000 71.027078
-92.700000 71.123615
-92.600000 71.220218
-92.500000 71.316886
-92.400000 71.413619
-92.300000 71.510419
-92.200000 71.607283
-92.100000 71.704214
-92.000000 71.801210
-91.900000 71.898271
-91.800000 71.995398
-91.700000 72.092591
-91.600000 72.189849
-91.500000 72.287172
-91.400000 72.384562
-91.300000 72.482016
-91.200000 72.579537
-91.100000 72.677123
-91.000000 72.774774
-90.900000 72.872491
-90.800000 72.970274
-90.700000 73.068122
-90.600000 73.166036
-90.500000 73.264015
-90.400000 73.362060
-90.300000 73.460170
-90.200000 73.558346
-90.100000 73.656588
-90.000000 73.754895
-89.900000 73.853267
-89.800000 73.951706
-89.700000 74.050209
-89.600000 74.148779
-89.500000 74.247414
-89.400000 74.346114
-89.300000 74.444880
-89.200000 74.543712
-89.100000 74.642609
-89.000000 74.741571
-88.900000 74.840600
-88.800000 74.939693
-88.700000 75.038853
-88.600000 75.138078
-88.500000 75.237368
-88.400000 75.336724
-88.300000 75.436146
-88.200000 75.535633
-88.100000 75.635186
-88.000000 75.734804
-87.900000 75.834488
-87.800000 75.934237
-87.700000 76.034052
-87.600000 76.133933
-87.500000 76.233879
-87.400000 76.333890
-87.300000 76.433968
-87.200000 76.534110
-87.100000 76.634319
-87.000000 76.734592
-86.900000 76.834932
-86.800000 76.935337
-86.700000 77.035807
-86.600000 77.136344
-86.500000 77.236945
-86.400000 77.337612
-86.300000 77.438345
-86.200000 77.539144
-86.100000 77.640008
-86.000000 77.740937
-85.900000 77.841932
-85.800000 77.942993
-85.700000 78.044119
-85.600000 78.145311
-85.500000 78.246568
-85.400000 78.347891
-85.300000 78.449279
-85.200000 78.550733
-85.100000 78.652253
-85.000000 78.753838
-84.900000 78.855488
-84.800000 78.957204
-84.700000 79.058986
-84.600000 79.160833
-84.500000 79.262746
-84.400000 79.364725
-84.300000 79.466769
-84.200000 79.568878
-84.100000 79.671053
-84.000000 79.773294
-83.900000 79.875600
-83.800000 79.977972
-83.700000 80.080410
-83.600000 80.182912
-83.500000 80.285481
-83.400000 80.388115
-83.300000 80.490815
-83.200000 80.593580
-83.100000 80.696410
-83.000000 80.799307
-82.900000 80.902269
-82.800000 81.005296
-82.700000 81.108389
-82.600000 81.211547
-82.500000 81.314771
-82.400000 81.418061
-82.300000 81.521416
-82.200000 81.624837
-82.100000 81.728323
-82.000000 81.831875
-81.900000 81.935493
-81.800000 82.039176
-81.700000 82.142924
-81.600000 82.246738
-81.500000 82.350618
-81.400000 82.454563
-81.300000 82.558574
-81.200000 82.662650
-81.100000 82.766792
-81.000000 82.871000
-80.900000 82.975273
-80.800000 83.079611
-80.700000 83.184015
-80.600000 83.288485
-80.500000 83.393020
-80.400000 83.497621
-80.300000 83.602288
-80.200000 83.707020
-80.100000 83.811817
-80.000000 83.916680
-79.900000 84.021609
-79.800000 84.126603
-79.700000 84.231663
-79.600000 84.336788
-79.500000 84.441979
-79.400000 84.547235
-79.300000 84.652557
-79.200000 84.757945
-79.100000 84.863398
-79.000000 84.968917
-78.900000 85.074501
-78.800000 85.180151
-78.700000 85.285866
-78.600000 85.391647
-78.500000 85.497493
-78.400000 85.603405
-78.300000 85.709383
-78.200000 85.815426
-78.100000 85.921535
-78.000000 86.027709
-77.900000 86.133949
-77.800000 86.240254
-77.700000 86.346625
-77.600000 86.453062
-77.500000 86.559564
-77.400000 86.666132
-77.300000 86.772765
-77.200000 86.879464
-77.100000 86.986228
-77.000000 87.093058
-76.900000 87.199953
-76.800000 87.306914
-76.700000 87.413941
-76.600000 87.521033
-76.500000 87.628190
-76.400000 87.735414
-76.300000 87.842702
-76.200000 87.950057
-76.100000 88.057477
-76.000000 88.164962
-75.900000 88.272513
-75.800000 88.380130
-75.700000 88.487812
-75.600000 88.595560
-75.500000 88.703373
-75.400000 88.811252
-75.300000 88.919196
-75.200000 89.027206
-75.100000 89.135282
-75.000000 89.243423
-74.900000 89.351629
-74.800000 89.459901
-74.700000 89.568239
-74.600000 89.676642
-74.500000 89.785111
-74.400000 89.893646
-74.300000 90.002246
-74.200000 90.110911
-74.100000 90.219642
-74.000000 90.328439
-73.900000 90.437301
-73.800000 90.546229
-73.700000 90.655222
-73.600000 90.764281
-73.500000 90.873406
-73.400000 90.982596
-73.300000 91.091851
-73.200000 91.201173
-73.100000 91.310559
-73.000000 91.420012
-72.900000 91.529529
-72.800000 91.639113
-72.700000 91.748762
-72.600000 91.858476
-72.500000 91.968256
-72.400000 92.078102
-72.300000 92.188013
-72.200000 92.297990
-72.100000 92.408032
-72.000000 92.518140
-71.900000 92.628313
-71.800000 92.738552
-71.700000 92.848857
-71.600000 92.959227
-71.500000 93.069663
-71.400000 93.180164
-71.300000 93.290731
-71.200000 93.401363
-71.100000 93.512061
-71.000000 93.622824
-70.900000 93.733653
-70.800000 93.844548
-70.700000 93.955508
-70.600000 94.066534
-70.500000 94.177625
-70.400000 94.288782
-70.300000 94.400004
-70.200000 94.511292
-70.100000 94.622646
-70.000000 94.734065
-69.900000 94.845549
-69.800000 94.957100
-69.700000 95.068715
-69.600000 95.180397
-69.500000 95.292143
-69.400000 95.403956
-69.300000 95.515834
-69.200000 95.627777
-69.100000 95.739787
-69.000000 95.851861
-68.900000 95.964001
-68.800000 96.076207
-68.700000 96.188479
-68.600000 96.300815
-68.500000 96.413218
-68.400000 96.525686
-68.300000 96.638219
-68.200000 96.750819
-68.100000 96.863483
-68.000000 96.976214
-67.900000 97.089009
-67.800000 97.201871
-67.700000 97.314798
-67.600000 97.427790
-67.500000 97.540848
-67.400000 97.653972
-67.300000 97.767161
-67.200000 97.880416
-67.100000 97.993736
-67.000000 98.107122
-66.900000 98.220573
-66.800000 98.334090
-66.700000 98.447673
-66.600000 98.561321
-66.500000 98.675035
-66.400000 98.788814
-66.300000 98.902659
-66.200000 99.016569
-66.100000 99.130545
-66.000000 99.244586
-65.900000 99.358693
-65.800000 99.472866
-65.700000 99.587104
-65.600000 99.701408
-65.500000 99.815777
-65.400000 99.930212
-65.300000 100.044712
-65.200000 100.159278
-65.100000 100.273910
-65.000000 100.388607
-64.900000 100.503369
-64.800000 100.618198
-64.700000 100.733091
-64.600000 100.848051
-64.500000 100.963075
-64.400000 101.078166
-64.300000 101.193322
-64.200000 101.308543
-64.100000 101.423830
-64.000000 101.539183
-63.900000 101.654601
-63.800000 101.770085
-63.700000 101.885634
-63.600000 102.001249
-63.500000 102.116930
-63.400000 102.232676
-63.300000 102.348487
-63.200000 102.464364
-63.100000 102.580307
-63.000000 102.696315
-62.900000 102.812389
-62.800000 102.928529
-62.700000 103.044734
-62.600000 103.161004
-62.500000 103.277340
-62.400000 103.393742
-62.300000 103.510209
-62.200000 103.626742
-62.100000 103.743340
-62.000000 103.860004
-61.900000 103.976733
-61.800000 104.093528
-61.700000 104.210389
-61.600000 104.327315
-61.500000 104.444306
-61.400000 104.561364
-61.300000 104.678486
-61.200000 104.795675
-61.100000 104.912929
-61.000000 105.030248
-60.900000 105.147633
-60.800000 105.265084
-60.700000 105.382600
-60.600000 105.500181
-60.500000 105.617829
-60.400000 105.735542
-60.300000 105.853320
-60.200000 105.971164
-60.100000 106.089073
-60.000000 106.207048
-59.900000 106.089073
-59.800000 105.971164
-59.700000 105.853320
-59.600000 105.735542
-59.500000 105.617829
-59.400000 105.500181
-59.300000 105.382600
-59.200000 105.265084
-59.100000 105.147633
-59.000000 105.030248
-58.900000 104.912929
-58.800000 104.795675
-58.700000 104.678486
-58.600000 104.561364
-58.500000 104.444306
-58.400000 104.327315
-58.300000 104.210389
-58.200000 104.093528
-58.100000 103.976733
-58.000000 103.860004
-57.900000 103.743340
-57.800000 103.626742
-57.700000 103.510209
-57.600000 103.393742
-57.500000 103.277340
-57.400000 103.161004
-57.300000 103.044734
-57.200000 102.928529
-57.100000 102.812389
-57.000000 102.696315
-56.900000 102.580307
-56.800000 102.464364
-56.700000 102.348487
-56.600000 102.232676
-56.500000 102.116930
-56.400000 102.001249
-56.300000 101.885634
-56.200000 101.770085
-56.100000 101.654601
-56.000000 101.539183
-55.900000 101.423830
-55.800000 101.308543
-55.700000 101.193322
-55.600000 101.078166
-55.500000 100.963075
-55.400000 100.848051
-55.300000 100.733091
-55.200000 100.618198
-55.100000 100.503369
-55.000000 100.388607
-54.900000 100.273910
-54.800000 100.159278
-54.700000 100.044712
-54.600000 99.930212
-54.500000 99.815777
-54.400000 99.701408
-54.300000 99.587104
-54.200000 99.472866
-54.100000 99.358693
-54.000000 99.244586
-53.900000 99.130545
-53.800000 99.016569
-53.700000 98.902659
-53.600000 98.788814
-53.500000 98.675035
-53.400000 98.561321
-53.300000 98.447673
-53.200000 98.334090
-53.100000 98.220573
-53.000000 98.107122
-52.900000 97.993736
-52.800000 97.880416
-52.700000 97.767161
-52.600000 97.653972
-52.500000 97.540848
-52.400000 97.427790
-52.300000 97.314798
-52.200000 97.201871
-52.100000 97.089009
-52.000000 96.976214
-51.900000 96.863483
-51.800000 96.750819
-51.700000 96.638219
-51.600000 96.525686
-51.500000 96.413218
-51.400000 96.300815
-51.300000 96.188479
-51.200000 96.076207
-51.100000 95.964001
-51.000000 95.851861
-50.900000 95.739787
-50.800000 95.627777
-50.700000 95.515834
-50.600000 95.403956
-50.500000 95.292143
-50.400000 95.180397
-50.300000 95.068715
-50.200000 94.957100
-50.100000 94.845549
-50.000000 94.734065
-49.900000 94.622646
-49.800000 94.511292
-49.700000 94.400004
-49.600000 94.288782
-49.500000 94.177625
-49.400000 94.066534
-49.300000 93.955508
-49.200000 93.844548
-49.100000 93.733653
-49.000000 93.622824
-48.900000 93.512061
-48.800000 93.401363
-48.700000 93.290731
-48.600000 93.180164
-48.500000 93.069663
-48.400000 92.959227
-48.300000 92.848857
-48.200000 92.738552
-48.100000 92.628313
-48.000000 92.518140
-47.900000 92.408032
-47.800000 92.297990
-47.700000 92.188013
-47.600000 92.078102
-47.500000 91.968256
-47.400000 91.858476
-47.300000 91.748762
-47.200000 91.639113
-47.100000 91.529529
-47.000000 91.420012
-46.900000 91.310559
-46.800000 91.201173
-46.700000 91.091851
-46.600000 90.982596
-46.500000 90.873406
-46.400000 90.764281
-46.300000 90.655222
-46.200000 90.546229
-46.100000 90.437301
-46.000000 90.328439
-45.900000 90.219642
-45.800000 90.110911
-45.700000 90.002246
-45.600000 89.893646
-45.500000 89.785111
-45.400000 89.676642
-45.300000 89.568239
-45.200000 89.459901
-45.100000 89.351629
-45.000000 89.243423
-44.900000 89.135282
-44.800000 89.027206
-44.700000 88.919196
-44.600000 88.811252
-44.500000 88.703373
-44.400000 88.595560
-44.300000 88.487812
-44.200000 88.380130
-44.100000 88.272513
-44.000000 88.164962
-43.900000 88.057477
-43.800000 87.950057
-43.700000 87.842702
-43.600000 87.735414
-43.500000 87.628190
-43.400000 87.521033
-43.300000 87.413941
-43.200000 87.306914
-43.100000 87.199953
-43.000000 87.093058
-42.900000 86.986228
-42.800000 86.879464
-42.700000 86.772765
-42.600000 86.666132
-42.500000 86.559564
-42.400000 86.453062
-42.300000 86.346625
-42.200000 86.240254
-42.100000 86.133949
-42.000000 86.027709
-41.900000 85.921535
-41.800000 85.815426
-41.700000 85.709383
-41.600000 85.603405
-41.500000 85.497493
-41.400000 85.391647
-41.300000 85.285866
-41.200000 85.180151
-41.100000 85.074501
-41.000000 84.968917
-40.900000 84.863398
-40.800000 84.757945
-40.700000 84.652557
-40.600000 84.547235
-40.500000 84.441979
-40.400000 84.336788
-40.300000 84.231663
-40.200000 84.126603
-40.100000 84.021609
-40.000000 83.916680
-39.900000 83.811817
-39.800000 83.707020
-39.700000 83.602288
-39.600000 83.497621
-39.500000 83.393020
-39.400000 83.288485
-39.300000 83.184015
-39.200000 83.079611
-39.100000 82.975273
-39.000000 82.871000
-38.900000 82.766792
-38.800000 82.662650
-38.700000 82.558574
-38.600000 82.454563
-38.500000 82.350618
-38.400000 82.246738
-38.300000 82.142924
-38.200000 82.039176
-38.100000 81.935493
-38.000000 81.831875
-37.900000 81.728323
-37.800000 81.624837
-37.700000 81.521416
-37.600000 81.418061
-37.500000 81.314771
-37.400000 81.211547
-37.300000 81.108389
-37.200000 81.005296
-37.100000 80.902269
-37.000000 80.799307
-36.900000 80.696410
-36.800000 80.593580
-36.700000 80.490815
-36.600000 80.388115
-36.500000 80.285481
-36.400000 80.182912
-36.300000 80.080410
-36.200000 79.977972
-36.100000 79.875600
-36.000000 79.773294
-35.900000 79.671053
-35.800000 79.568878
-35.700000 79.466769
-35.600000 79.364725
-35.500000 79.262746
-35.400000 79.160833
-35.300000 79.058986
-35.200000 78.957204
-35.100000 78.855488
-35.000000 78.753838
-34.900000 78.652253
-34.800000 78.550733
-34.700000 78.449279
-34.600000 78.347891
-34.500000 78.246568
-34.400000 78.145311
-34.300000 78.044119
-34.200000 77.942993
-34.100000 77.841932
-34.000000 77.740937
-33.900000 77.640008
-33.800000 77.539144
-33.700000 77.438345
-33.600000 77.337612
-33.500000 77.236945
-33.400000 77.136344
-33.300000 77.035807
-33.200000 76.935337
-33.100000 76.834932
-33.000000 76.734592
-32.900000 76.634319
-32.800000 76.534110
-32.700000 76.433968
-32.600000 76.333890
-32.500000 76.233879
-32.400000 76.133933
-32.300000 76.034052
-32.200000 75.934237
-32.100000 75.834488
-32.000000 75.734804
-31.900000 75.635186
-31.800000 75.535633
-31.700000 75.436146
-31.600000 75.336724
-31.500000 75.237368
-31.400000 75.138078
-31.300000 75.038853
-31.200000 74.939693
-31.100000 74.840600
-31.000000 74.741571
-30.900000 74.642609
-30.800000 74.543712
-30.700000 74.444880
-30.600000 74.346114
-30.500000 74.247414
-30.400000 74.148779
-30.300000 74.050209
-30.200000 73.951706
-30.100000 73.853267
-30.000000 73.754895
-29.900000 73.656588
-29.800000 73.558346
-29.700000 73.460170
-29.600000 73.362060
-29.500000 73.264015
-29.400000 73.166036
-29.300000 73.068122
-29.200000 72.970274
-29.100000 72.872491
-29.000000 72.774774
-28.900000 72.677123
-28.800000 72.579537
-28.700000 72.482016
-28.600000 72.384562
-28.500000 72.287172
-28.400000 72.189849
-28.300000 72.092591
-28.200000 71.995398
-28.100000 71.898271
-28.000000 71.801210
-27.900000 71.704214
-27.800000 71.607283
-27.700000 71.510419
-27.600000 71.413619
-27.500000 71.316886
-27.400000 71.220218
-27.300000 71.123615
-27.200000 71.027078
-27.100000 70.930607
-27.000000 70.834201
-26.900000 70.737861
-26.800000 70.641586
-26.700000 70.545377
-26.600000 70.449233
-26.500000 70.353155
-26.400000 70.257143
-26.300000 70.161196
-26.200000 70.065314
-26.100000 69.969499
-26.000000 69.873748
-25.900000 69.778064
-25.800000 69.682444
-25.700000 69.586891
-25.600000 69.491403
-25.500000 69.395980
-25.400000 69.300624
-25.300000 69.205332
-25.200000 69.110106
-25.100000 69.014946
-25.000000 68.919852
-24.900000 68.824823
-24.800000 68.729859
-24.700000 68.634961
-24.600000 68.540129
-24.500000 68.445362
-24.400000 68.350661
-24.300000 68.256025
-24.200000 68.161455
-24.100000 68.066950
-24.000000 67.972511
-23.900000 67.878137
-23.800000 67.783830
-23.700000 67.689587
-23.600000 67.595410
-23.500000 67.501299
-23.400000 67.407253
-23.300000 67.313273
-23.200000 67.219359
-23.100000 67.125510
-23.000000 67.031726
-22.900000 66.938008
-22.800000 66.844356
-22.700000 66.750769
-22.600000 66.657248
-22.500000 66.563792
-22.400000 66.470402
-22.300000 66.377078
-22.200000 66.283819
-22.100000 66.190626
-22.000000 66.097498
-21.900000 66.004435
-21.800000 65.911439
-21.700000 65.818507
-21.600000 65.725642
-21.500000 65.632842
-21.400000 65.540107
-21.300000 65.447438
-21.200000 65.354835
-21.100000 65.262297
-21.000000 65.169825
-20.900000 65.077418
-20.800000 64.985077
-20.700000 64.892802
-20.600000 64.800592
-20.500000 64.708447
-20.400000 64.616368
-20.300000 64.524355
-20.200000 64.432407
-20.100000 64.340525
-20.000000 64.248708
-19.900000 64.156957
-19.800000 64.065272
-19.700000 63.973652
-19.600000 63.882097
-19.500000 63.790608
-19.400000 63.699185
-19.300000 63.607827
-19.200000 63.516535
-19.100000 63.425309
-19.000000 63.334148
-18.900000 63.243052
-18.800000 63.152022
-18.700000 63.061058
-18.600000 62.970159
-18.500000 62.879326
-18.400000 62.788558
-18.300000 62.697856
-18.200000 62.607219
-18.100000 62.516648
-18.000000 62.426143
-17.900000 62.335703
-17.800000 62.245329
-17.700000 62.155020
-17.600000 62.064777
-17.500000 61.974599
-17.400000 61.884487
-17.300000 61.794440
-17.200000 61.704459
-17.100000 61.614544
-17.000000 61.524694
-16.900000 61.434910
-16.800000 61.345191
-16.700000 61.255538
-16.600000 61.165950
-16.500000 61.076428
-16.400000 60.986972
-16.300000 60.897581
-16.200000 60.808256
-16.100000 60.718996
-16.000000 60.629801
-15.900000 60.540673
-15.800000 60.451610
-15.700000 60.362612
-15.600000 60.273680
-15.500000 60.184814
-15.400000 60.096013
-15.300000 60.007277
-15.200000 59.918608
-15.100000 59.830003
-15.000000 59.741465
-14.900000 59.652992
-14.800000 59.564584
-14.700000 59.476242
-14.600000 59.387966
-14.500000 59.299755
-14.400000 59.211610
-14.300000 59.123530
-14.200000 59.035516
-14.100000 58.947567
-14.000000 58.859684
-13.900000 58.771866
-13.800000 58.684115
-13.700000 58.596428
-13.600000 58.508807
-13.500000 58.421252
-13.400000 58.333762
-13.300000 58.246338
-13.200000 58.158980
-13.100000 58.071687
-13.000000 57.984459
-12.900000 57.897297
-12.800000 57.810201
-12.700000 57.723170
-12.600000 57.636205
-12.500000 57.549305
-12.400000 57.462471
-12.300000 57.375703
-12.200000 57.289000
-12.100000 57.202362
-12.000000 57.115790
-11.900000 57.029284
-11.800000 56.942843
-11.700000 56.856468
-11.600000 56.770159
-11.500000 56.683915
-11.400000 56.597736
-11.300000 56.511623
-11.200000 56.425576
-11.100000 56.339594
-11.000000 56.253678
-10.900000 56.167827
-10.800000 56.082042
-10.700000 55.996322
-10.600000 55.910668
-10.500000 55.825080
-10.400000 55.739557
-10.300000 55.654100
-10.200000 55.568708
-10.100000 55.483382
-10.000000 55.398121
-9.900000 55.312926
-9.800000 55.227796
-9.700000 55.142732
-9.600000 55.057734
-9.500000 54.972801
-9.400000 54.887934
-9.300000 54.803132
-9.200000 54.718396
-9.100000 54.633725
-9.000000 54.549120
-8.900000 54.464581
-8.800000 54.380107
-8.700000 54.295698
-8.600000 54.211356
-8.500000 54.127078
-8.400000 54.042867
-8.300000 53.958720
-8.200000 53.874640
-8.100000 53.790625
-8.000000 53.706675
-7.900000 53.622791
-7.800000 53.538973
-7.700000 53.455220
-7.600000 53.371533
-7.500000 53.287911
-7.400000 53.204355
-7.300000 53.120865
-7.200000 53.037440
-7.100000 52.954080
-7.000000 52.870787
-6.900000 52.787558
-6.800000 52.704395
-6.700000 52.621298
-6.600000 52.538267
-6.500000 52.455301
-6.400000 52.372400
-6.300000 52.289565
-6.200000 52.206796
-6.100000 52.124092
-6.000000 52.041454
-5.900000 51.958881
-5.800000 51.876374
-5.700000 51.793932
-5.600000 51.711556
-5.500000 51.629246
-5.400000 51.547001
-5.300000 51.464822
-5.200000 51.382708
-5.100000 51.300660
-5.000000 51.218677
-4.900000 51.136760
-4.800000 51.054908
-4.700000 50.973122
-4.600000 50.891402
-4.500000 50.809747
-4.400000 50.728158
-4.300000 50.646634
-4.200000 50.565176
-4.100000 50.483783
-4.000000 50.402456
-3.900000 50.321195
-3.800000 50.239999
-3.700000 50.158868
-3.600000 50.077803
-3.500000 49.996804
-3.400000 49.915870
-3.300000 49.835002
-3.200000 49.754200
-3.100000 49.673463
-3.000000 49.592791
-2.900000 49.512185
-2.800000 49.431645
-2.700000 49.351170
-2.600000 49.270761
-2.500000 49.190417
-2.400000 49.110139
-2.300000 49.029927
-2.200000 48.949780
-2.100000 48.869698
-2.000000 48.789682
-1.900000 48.709732
-1.800000 48.629847
-1.700000 48.550028
-1.600000 48.470274
-1.500000 48.390586
-1.400000 48.310964
-1.300000 48.231407
-1.200000 48.151916
-1.100000 48.072490
-1.000000 47.993129
-0.900000 47.913835
-0.800000 47.834606
-0.700000 47.755442
-0.600000 47.676344
-0.500000 47.597312
-0.400000 47.518345
-0.300000 47.439443
-0.200000 47.360608
-0.100000 47.281837
-0.000000 47.203133
0.100000 47.124494
0.200000 47.045920
0.300000 46.967412
0.400000 46.888970
0.500000 46.810593
0.600000 46.732281
0.700000 46.654036
0.800000 46.575855
0.900000 46.497741
1.000000 46.419692
1.100000 46.341708
1.200000 46.263790
1.300000 46.185938
1.400000 46.108151
1.500000 46.030430
1.600000 45.952774
1.700000 45.875184
1.800000 45.797659
1.900000 45.720200
2.000000 45.642807
2.100000 45.565479
2.200000 45.488217
2.300000 45.411020
2.400000 45.333889
2.500000 45.256823
2.600000 45.179823
2.700000 45.102888
2.800000 45.026019
2.900000 44.949216
3.000000 44.872478
3.100000 44.795806
3.200000 44.719199
3.300000 44.642658
3.400000 44.566182
3.500000 44.489772
3.600000 44.413427
3.700000 44.337149
3.800000 44.260935
3.900000 44.184787
4.000000 44.108705
4.100000 44.032688
4.200000 43.956737
4.300000 43.880852
4.400000 43.805032
4.500000 43.729277
4.600000 43.653588
4.700000 43.577965
4.800000 43.502407
4.900000 43.426915
5.000000 43.351488
5.100000 43.276127
5.200000 43.200831
5.300000 43.125601
5.400000 43.050437
5.500000 42.975338
5.600000 42.900305
5.700000 42.825337
5.800000 42.750435
5.900000 42.675598
6.000000 42.600827
6.100000 42.526122
6.200000 42.451482
6.300000 42.376907
6.400000 42.302398
6.500000 42.227955
6.600000 42.153578
6.700000 42.079265
6.800000 42.005019
6.900000 41.930838
7.000000 41.856722
7.100000 41.782672
7.200000 41.708688
7.300000 41.634769
7.400000 41.560916
7.500000 41.487128
7.600000 41.413406
7.700000 41.339750
7.800000 41.266159
7.900000 41.192633
8.000000 41.119173
8.100000 41.045779
8.200000 40.972450
8.300000 40.899187
8.400000 40.825989
8.500000 40.752857
8.600000 40.679791
8.700000 40.606790
8.800000 40.533854
8.900000 40.460985
9.000000 40.388180
9.100000 40.315442
9.200000 40.242768
9.300000 40.170161
9.400000 40.097619
9.500000 40.025142
9.600000 39.952731
9.700000 39.880386
9.800000 39.808106
9.900000 39.735892
10.000000 39.663743
10.100000 39.591660
10.200000 39.519643
10.300000 39.447691
10.400000 39.375804
10.500000 39.303983
10.600000 39.232228
10.700000 39.160538
10.800000 39.088914
10.900000 39.017355
11.000000 38.945862
11.100000 38.874435
11.200000 38.803073
11.300000 38.731777
11.400000 38.660546
11.500000 38.589380
11.600000 38.518281
11.700000 38.447247
11.800000 38.376278
11.900000 38.305375
12.000000 38.234537
12.100000 38.163766
12.200000 38.093059
12.300000 38.022418
12.400000 37.951843
12.500000 37.881333
12.600000 37.810889
12.700000 37.740511
12.800000 37.670198
12.900000 37.599950
13.000000 37.529768
13.100000 37.459652
13.200000 37.389601
13.300000 37.319616
13.400000 37.249697
13.500000 37.179842
13.600000 37.110054
13.700000 37.040331
13.800000 36.970674
13.900000 36.901082
14.000000 36.831555
14.100000 36.762095
14.200000 36.692700
14.300000 36.623370
14.400000 36.554106
14.500000 36.484907
14.600000 36.415775
14.700000 36.346707
14.800000 36.277705
14.900000 36.208769
15.000000 36.139898
15.100000 36.071093
15.200000 36.002354
15.300000 35.933680
15.400000 35.865071
15.500000 35.796528
15.600000 35.728051
15.700000 35.659639
15.800000 35.591293
15.900000 35.523012
16.000000 35.454797
16.100000 35.386648
16.200000 35.318564
16.300000 35.250546
16.400000 35.182593
16.500000 35.114705
16.600000 35.046884
16.700000 34.979127
16.800000 34.911437
16.900000 34.843812
17.000000 34.776252
17.100000 34.708758
17.200000 34.641330
17.300000 34.573967
17.400000 34.506670
17.500000 34.439438
17.600000 34.372272
17.700000 34.305172
17.800000 34.238137
17.900000 34.171167
18.000000 34.104263
18.100000 34.037425
18.200000 33.970652
18.300000 33.903945
18.400000 33.837303
18.500000 33.770727
18.600000 33.704217
18.700000 33.637772
18.800000 33.571392
18.900000 33.505079
19.000000 33.438830
19.100000 33.372648
19.200000 33.306530
19.300000 33.240479
19.400000 33.174493
19.500000 33.108572
19.600000 33.042717
19.700000 32.976928
19.800000 32.911204
19.900000 32.845546
20.000000 32.779953
20.100000 32.714426
20.200000 32.648965
20.300000 32.583569
20.400000 32.518238
20.500000 32.452973
20.600000 32.387774
20.700000 32.322640
20.800000 32.257572
20.900000 32.192569
21.000000 32.127632
21.100000 32.062761
21.200000 31.997955
21.300000 31.933214
21.400000 31.868539
21.500000 31.803930
21.600000 31.739386
21.700000 31.674908
21.800000 31.610496
21.900000 31.546149
22.000000 31.481867
22.100000 31.417651
22.200000 31.353501
22.300000 31.289416
22.400000 31.225397
22.500000 31.161443
22.600000 31.097555
22.700000 31.033732
22.800000 30.969975
22.900000 30.906284
23.000000 30.842658
23.100000 30.779098
23.200000 30.715603
23.300000 30.652174
23.400000 30.588810
23.500000 30.525512
23.600000 30.462279
23.700000 30.399112
23.800000 30.336011
23.900000 30.272975
24.000000 30.210005
24.100000 30.147100
24.200000 30.084261
24.300000 30.021487
24.400000 29.958779
24.500000 29.896137
24.600000 29.833560
24.700000 29.771049
24.800000 29.708603
24.900000 29.646222
25.000000 29.583908
25.100000 29.521659
25.200000 29.459475
25.300000 29.397357
25.400000 29.335305
25.500000 29.273318
25.600000 29.211396
25.700000 29.149541
25.800000 29.087750
25.900000 29.026026
26.000000 28.964367
26.100000 28.902773
26.200000 28.841245
26.300000 28.779783
26.400000 28.718386
26.500000 28.657055
26.600000 28.595789
26.700000 28.534589
26.800000 28.473454
26.900000 28.412385
27.000000 28.351382
27.100000 28.290444
27.200000 28.229571
27.300000 28.168764
27.400000 28.108023
27.500000 28.047347
27.600000 27.986737
27.700000 27.926193
27.800000 27.865714
27.900000 27.805300
28.000000 27.744952
28.100000 27.684670
28.200000 27.624453
28.300000 27.564302
28.400000 27.504216
28.500000 27.444196
28.600000 27.384242
28.700000 27.324353
28.800000 27.264529
28.900000 27.204772
29.000000 27.145079
29.100000 27.085453
29.200000 27.025891
29.300000 26.966396
29.400000 26.906966
29.500000 26.847601
29.600000 26.788302
29.700000 26.729069
29.800000 26.669901
29.900000 26.610799
30.000000 26.551762
30.100000 26.492791
30.200000 26.433885
30.300000 26.375045
30.400000 26.316271
30.500000 26.257562
30.600000 26.198919
30.700000 26.140341
30.800000 26.081829
30.900000 26.023382
31.000000 25.965001
31.100000 25.906685
31.200000 25.848435
31.300000 25.790251
31.400000 25.732132
31.500000 25.674079
31.600000 25.616091
31.700000 25.558169
31.800000 25.500312
31.900000 25.442521
32.000000 25.384796
32.100000 25.327136
32.200000 25.269541
32.300000 25.212013
32.400000 25.154549
32.500000 25.097152
32.600000 25.039820
32.700000 24.982553
32.800000 24.925352
32.900000 24.868216
33.000000 24.811147
33.100000 24.754142
33.200000 24.697203
33.300000 24.640330
33.400000 24.583523
33.500000 24.526780
33.600000 24.470104
33.700000 24.413493
33.800000 24.356948
33.900000 24.300468
34.000000 24.244053
34.100000 24.187705
34.200000 24.131421
34.300000 24.075204
34.400000 24.019052
34.500000 23.962965
34.600000 23.906944
34.700000 23.850989
34.800000 23.795099
34.900000 23.739275
35.000000 23.683516
35.100000 23.627823
35.200000 23.572195
35.300000 23.516633
35.400000 23.461137
35.500000 23.405706
35.600000 23.350341
35.700000 23.295041
35.800000 23.239807
35.900000 23.184638
36.000000 23.129535
36.100000 23.074497
36.200000 23.019525
36.300000 22.964619
36.400000 22.909778
36.500000 22.855003
36.600000 22.800293
36.700000 22.745649
36.800000 22.691070
36.900000 22.636557
37.000000 22.582110
37.100000 22.527728
37.200000 22.473411
37.300000 22.419161
37.400000 22.364975
37.500000 22.310856
37.600000 22.256802
37.700000 22.202813
37.800000 22.148890
37.900000 22.095032
38.000000 22.041241
38.100000 21.987514
38.200000 21.933853
38.300000 21.880258
38.400000 21.826729
38.500000 21.773264
38.600000 21.719866
38.700000 21.666533
38.800000 21.613265
38.900000 21.560064
39.000000 21.506927
39.100000 21.453857
39.200000 21.400851
39.300000 21.347912
39.400000 21.295038
39.500000 21.242229
39.600000 21.189486
39.700000 21.136809
39.800000 21.084197
39.900000 21.031651
40.000000 20.979170
40.100000 20.926755
40.200000 20.874405
40.300000 20.822121
40.400000 20.769903
40.500000 20.717750
40.600000 20.665663
40.700000 20.613641
40.800000 20.561685
40.900000 20.509794
41.000000 20.457969
41.100000 20.406209
41.200000 20.354515
41.300000 20.302887
41.400000 20.251324
41.500000 20.199827
41.600000 20.148395
41.700000 20.097029
41.800000 20.045728
41.900000 19.994493
42.000000 19.943324
42.100000 19.892220
42.200000 19.841181
42.300000 19.790208
42.400000 19.739301
42.500000 19.688459
42.600000 19.637683
42.700000 19.586973
42.800000 19.536328
42.900000 19.485748
43.000000 19.435234
43.100000 19.384786
43.200000 19.334403
43.300000 19.284086
43.400000 19.233834
43.500000 19.183648
43.600000 19.133528
43.700000 19.083473
43.800000 19.033483
43.900000 18.983559
44.000000 18.933701
44.100000 18.883908
44.200000 18.834181
44.300000 18.784519
44.400000 18.734923
44.500000 18.685393
44.600000 18.635928
44.700000 18.586528
44.800000 18.537195
44.900000 18.487926
45.000000 18.438724
45.100000 18.389587
45.200000 18.340515
45.300000 18.291509
45.400000 18.242568
45.500000 18.193694
45.600000 18.144884
45.700000 18.096140
45.800000 18.047462
45.900000 17.998849
46.000000 17.950302
46.100000 17.901821
46.200000 17.853405
46.300000 17.805054
46.400000 17.756770
46.500000 17.708550
46.600000 17.660396
46.700000 17.612308
46.800000 17.564286
46.900000 17.516329
47.000000 17.468437
47.100000 17.420611
47.200000 17.372851
47.300000 17.325156
47.400000 17.277527
47.500000 17.229963
47.600000 17.182465
47.700000 17.135032
47.800000 17.087665
47.900000 17.040364
48.000000 16.993128
48.100000 16.945957
48.200000 16.898853
48.300000 16.851813
48.400000 16.804840
48.500000 16.757932
48.600000 16.711089
48.700000 16.664312
48.800000 16.617601
48.900000 16.570955
49.000000 16.524374
49.100000 16.477860
49.200000 16.431410
49.300000 16.385027
49.400000 16.338709
49.500000 16.292456
49.600000 16.246269
49.700000 16.200148
49.800000 16.154092
49.900000 16.108102
50.000000 16.062177
50.100000 16.016318
50.200000 15.970524
50.300000 15.924796
50.400000 15.879134
50.500000 15.833537
50.600000 15.788006
50.700000 15.742540
50.800000 15.697140
50.900000 15.651805
51.000000 15.606536
51.100000 15.561332
51.200000 15.516194
51.300000 15.471122
51.400000 15.426115
51.500000 15.381174
51.600000 15.336298
51.700000 15.291488
51.800000 15.246743
51.900000 15.202064
52.000000 15.157450
52.100000 15.112902
52.200000 15.068420
52.300000 15.024003
52.400000 14.979652
52.500000 14.935366
52.600000 14.891146
52.700000 14.846991
52.800000 14.802902
52.900000 14.758879
53.000000 14.714921
53.100000 14.671029
53.200000 14.627202
53.300000 14.583441
53.400000 14.539745
53.500000 14.496115
53.600000 14.452550
53.700000 14.409051
53.800000 14.365618
53.900000 14.322250
54.000000 14.278948
54.100000 14.235711
54.200000 14.192540
54.300000 14.149434
54.400000 14.106394
54.500000 14.063419
54.600000 14.020510
54.700000 13.977667
54.800000 13.934889
54.900000 13.892177
55.000000 13.849530
55.100000 13.806949
55.200000 13.764433
55.300000 13.721983
55.400000 13.679599
55.500000 13.637280
55.600000 13.595027
55.700000 13.552839
55.800000 13.510717
55.900000 13.468660
56.000000 13.426669
56.100000 13.384743
56.200000 13.342883
56.300000 13.301089
56.400000 13.259360
56.500000 13.217697
56.600000 13.176099
56.700000 13.134567
56.800000 13.093100
56.900000 13.051699
57.000000 13.010363
57.100000 12.969093
57.200000 12.927889
57.300000 12.886750
57.400000 12.845677
57.500000 12.804669
57.600000 12.763727
57.700000 12.722850
57.800000 12.682039
57.900000 12.641294
58.000000 12.600614
58.100000 12.560000
58.200000 12.519451
58.300000 12.478968
58.400000 12.438550
58.500000 12.398198
58.600000 12.357911
58.700000 12.317690
58.800000 12.277535
58.900000 12.237445
59.000000 12.197421
59.100000 12.157462
59.200000 12.117569
59.300000 12.077741
59.400000 12.037979
59.500000 11.998282
59.600000 11.958651
59.700000 11.919086
59.800000 11.879586
59.900000 11.840152
60.000000 11.800783
60.100000 11.761480
60.200000 11.722242
60.300000 11.683070
60.400000 11.643964
60.500000 11.604923
60.600000 11.565948
60.700000 11.527038
60.800000 11.488194
60.900000 11.449415
61.000000 11.410702
61.100000 11.372054
61.200000 11.333472
61.300000 11.294956
61.400000 11.256505
61.500000 11.218119
61.600000 11.179800
61.700000 11.141546
61.800000 11.103357
61.900000 11.065234
62.000000 11.027176
62.100000 10.989184
62.200000 10.951258
62.300000 10.913397
62.400000 10.875602
62.500000 10.837872
62.600000 10.800208
62.700000 10.762609
62.800000 10.725076
62.900000 10.687609
63.000000 10.650207
63.100000 10.612870
63.200000 10.575600
63.300000 10.538394
63.400000 10.501255
63.500000 10.464181
63.600000 10.427172
63.700000 10.390229
63.800000 10.353352
63.900000 10.316540
64.000000 10.279793
64.100000 10.243113
64.200000 10.206497
64.300000 10.169948
64.400000 10.133464
64.500000 10.097045
64.600000 10.060692
64.700000 10.024405
64.800000 9.988183
64.900000 9.952027
65.000000 9.915936
65.100000 9.879911
65.200000 9.843951
65.300000 9.808057
65.400000 9.772229
65.500000 9.736466
65.600000 9.700768
65.700000 9.665136
65.800000 9.629570
65.900000 9.594069
66.000000 9.558634
66.100000 9.523265
66.200000 9.487961
66.300000 9.452722
66.400000 9.417549
66.500000 9.382442
66.600000 9.347400
66.700000 9.312424
66.800000 9.277513
66.900000 9.242668
67.000000 9.207889
67.100000 9.173175
67.200000 9.138526
67.300000 9.103944
67.400000 9.069426
67.500000 9.034975
67.600000 9.000588
67.700000 8.966268
67.800000 8.932013
67.900000 8.897823
68.000000 8.863699
68.100000 8.829641
68.200000 8.795648
68.300000 8.761721
68.400000 8.727859
68.500000 8.694063
68.600000 8.660333
68.700000 8.626668
68.800000 8.593068
68.900000 8.559534
69.000000 8.526066
69.100000 8.492663
69.200000 8.459326
69.300000 8.426054
69.400000 8.392848
69.500000 8.359708
69.600000 8.326633
69.700000 8.293623
69.800000 8.260679
69.900000 8.227801
70.000000 8.194988
70.100000 8.162241
70.200000 8.129560
70.300000 8.096943
70.400000 8.064393
70.500000 8.031908
70.600000 7.999489
70.700000 7.967135
70.800000 7.934847
70.900000 7.902624
71.000000 7.870467
71.100000 7.838375
71.200000 7.806349
71.300000 7.774389
71.400000 7.742494
71.500000 7.710664
71.600000 7.678901
71.700000 7.647203
71.800000 7.615570
71.900000 7.584003
72.000000 7.552501
72.100000 7.521065
72.200000 7.489695
72.300000 7.458390
72.400000 7.427151
72.500000 7.395977
72.600000 7.364869
72.700000 7.333826
72.800000 7.302849
72.900000 7.271938
73.000000 7.241092
73.100000 7.210311
73.200000 7.179596
73.300000 7.148947
73.400000 7.118364
73.500000 7.087845
73.600000 7.057393
73.700000 7.027006
73.800000 6.996684
73.900000 6.966428
74.000000 6.936238
74.100000 6.906113
74.200000 6.876054
74.300000 6.846060
74.400000 6.816132
74.500000 6.786270
74.600000 6.756473
74.700000 6.726741
74.800000 6.697076
74.900000 6.667475
75.000000 6.637941
75.100000 6.608471
75.200000 6.579068
75.300000 6.549730
75.400000 6.520457
75.500000 6.491250
75.600000 6.462109
75.700000 6.433033
75.800000 6.404023
75.900000 6.375078
76.000000 6.346199
76.100000 6.317385
76.200000 6.288637
76.300000 6.259955
76.400000 6.231338
76.500000 6.202787
76.600000 6.174301
76.700000 6.145881
76.800000 6.117526
76.900000 6.089237
77.000000 6.061013
77.100000 6.032855
77.200000 6.004763
77.300000 5.976736
77.400000 5.948775
77.500000 5.920879
77.600000 5.893049
77.700000 5.865284
77.800000 5.837585
77.900000 5.809952
78.000000 5.782384
78.100000 5.754881
78.200000 5.727445
78.300000 5.700073
78.400000 5.672768
78.500000 5.645527
78.600000 5.618353
78.700000 5.591244
78.800000 5.564200
78.900000 5.537222
79.000000 5.510310
79.100000 5.483463
79.200000 5.456682
79.300000 5.429966
79.400000 5.403316
79.500000 5.376732
79.600000 5.350213
79.700000 5.323759
79.800000 5.297372
79.900000 5.271049
80.000000 5.244793
80.100000 5.218601
80.200000 5.192476
80.300000 5.166416
80.400000 5.140421
80.500000 5.114492
80.600000 5.088629
80.700000 5.062831
80.800000 5.037099
80.900000 5.011432
81.000000 4.985831
81.100000 4.960295
81.200000 4.934825
81.300000 4.909421
81.400000 4.884082
81.500000 4.858809
81.600000 4.833601
81.700000 4.808459
81.800000 4.783382
81.900000 4.758371
82.000000 4.733425
82.100000 4.708545
82.200000 4.683731
82.300000 4.658982
82.400000 4.634299
82.500000 4.609681
82.600000 4.585129
82.700000 4.560642
82.800000 4.536221
82.900000 4.511866
83.000000 4.487576
83.100000 4.463351
83.200000 4.439192
83.300000 4.415099
83.400000 4.391071
83.500000 4.367109
83.600000 4.343213
83.700000 4.319382
83.800000 4.295616
83.900000 4.271916
84.000000 4.248282
84.100000 4.224713
84.200000 4.201210
84.300000 4.177772
84.400000 4.154400
84.500000 4.131094
84.600000 4.107853
84.700000 4.084677
84.800000 4.061567
84.900000 4.038523
85.000000 4.015544
85.100000 3.992631
85.200000 3.969783
85.300000 3.947001
85.400000 3.924285
85.500000 3.901634
85.600000 3.879049
85.700000 3.856529
85.800000 3.834074
85.900000 3.811686
86.000000 3.789363
86.100000 3.767105
86.200000 3.744913
86.300000 3.722787
86.400000 3.700726
86.500000 3.678730
86.600000 3.656800
86.700000 3.634936
86.800000 3.613138
86.900000 3.591404
87.000000 3.569737
87.100000 3.548135
87.200000 3.526598
87.300000 3.505128
87.400000 3.483722
87.500000 3.462383
87.600000 3.441108
87.700000 3.419900
87.800000 3.398757
87.900000 3.377679
88.000000 3.356667
88.100000 3.335721
88.200000 3.314840
88.300000 3.294025
88.400000 3.273275
88.500000 3.252591
88.600000 3.231972
88.700000 3.211419
88.800000 3.190932
88.900000 3.170510
89.000000 3.150154
89.100000 3.129863
89.200000 3.109637
89.300000 3.089478
89.400000 3.069384
89.500000 3.049355
89.600000 3.029392
89.700000 3.009495
89.800000 2.989663
89.900000 2.969897
90.000000 2.950196
90.100000 2.930561
90.200000 2.910991
90.300000 2.891487
90.400000 2.872048
90.500000 2.852675
90.600000 2.833368
90.700000 2.814126
90.800000 2.794950
90.900000 2.775839
91.000000 2.756794
91.100000 2.737814
91.200000 2.718900
91.300000 2.700052
91.400000 2.681269
91.500000 2.662552
91.600000 2.643900
91.700000 2.625314
91.800000 2.606793
91.900000 2.588338
92.000000 2.569948
92.100000 2.551624
92.200000 2.533366
92.300000 2.515173
92.400000 2.497046
92.500000 2.478984
92.600000 2.460988
92.700000 2.443057
92.800000 2.425192
92.900000 2.407393
93.000000 2.389659
93.100000 2.371990
93.200000 2.354387
93.300000 2.336850
93.400000 2.319378
93.500000 2.301972
93.600000 2.284632
93.700000 2.267357
93.800000 2.250147
93.900000 2.233003
94.000000 2.215925
94.100000 2.198912
94.200000 2.181965
94.300000 2.165083
94.400000 2.148267
94.500000 2.131516
94.600000 2.114831
94.700000 2.098212
94.800000 2.081658
94.900000 2.065170
95.000000 2.048747
95.100000 2.032390
95.200000 2.016098
95.300000 1.999872
95.400000 1.983712
95.500000 1.967617
95.600000 1.951587
95.700000 1.935623
95.800000 1.919725
95.900000 1.903892
96.000000 1.888125
96.100000 1.872424
96.200000 1.856788
96.300000 1.841217
96.400000 1.825712
96.500000 1.810273
96.600000 1.794899
96.700000 1.779591
96.800000 1.764348
96.900000 1.749171
97.000000 1.734060
97.100000 1.719014
97.200000 1.704033
97.300000 1.689118
97.400000 1.674269
97.500000 1.659485
97.600000 1.644767
97.700000 1.630114
97.800000 1.615527
97.900000 1.601006
98.000000 1.586550
98.100000 1.572159
98.200000 1.557834
98.300000 1.543575
98.400000 1.529381
98.500000 1.515253
98.600000 1.501191
98.700000 1.487194
98.800000 1.473262
98.900000 1.459396
99.000000 1.445596
99.100000 1.431861
99.200000 1.418192
99.300000 1.404588
99.400000 1.391050
99.500000 1.377578
99.600000 1.364171
99.700000 1.350829
99.800000 1.337553
99.900000 1.324343
100.000000 1.311198
100.100000 1.298119
100.200000 1.285105
100.300000 1.272157
100.400000 1.259275
100.500000 1.246458
100.600000 1.233706
100.700000 1.221020
100.800000 1.208400
100.900000 1.195845
101.000000 1.183356
101.100000 1.170933
101.200000 1.158575
101.300000 1.146282
101.400000 1.134055
101.500000 1.121894
101.600000 1.109798
101.700000 1.097768
101.800000 1.085803
101.900000 1.073904
102.000000 1.062070
102.100000 1.050302
102.200000 1.038600
102.300000 1.026963
102.400000 1.015392
102.500000 1.003886
102.600000 0.992446
102.700000 0.981071
102.800000 0.969762
102.900000 0.958519
103.000000 0.947341
103.100000 0.936228
103.200000 0.925181
103.300000 0.914200
103.400000 0.903284
103.500000 0.892434
103.600000 0.881650
103.700000 0.870931
103.800000 0.860277
103.900000 0.849689
104.000000 0.839167
104.100000 0.828710
104.200000 0.818319
104.300000 0.807993
104.400000 0.797733
104.500000 0.787538
104.600000 0.777409
104.700000 0.767346
104.800000 0.757348
104.900000 0.747416
105.000000 0.737549
105.100000 0.727748
105.200000 0.718012
105.300000 0.708342
105.400000 0.698737
105.500000 0.689199
105.600000 0.679725
105.700000 0.670317
105.800000 0.660975
105.900000 0.651698
106.000000 0.642487
106.100000 0.633341
106.200000 0.624261
106.300000 0.615247
106.400000 0.606298
106.500000 0.597415
106.600000 0.588597
106.700000 0.579845
106.800000 0.571158
106.900000 0.562537
107.000000 0.553981
107.100000 0.545491
107.200000 0.537067
107.300000 0.528708
107.400000 0.520415
107.500000 0.512187
107.600000 0.504025
107.700000 0.495928
107.800000 0.487897
107.900000 0.479931
108.000000 0.472031
108.100000 0.464197
108.200000 0.456428
108.300000 0.448725
108.400000 0.441087
108.500000 0.433515
108.600000 0.426008
108.700000 0.418567
108.800000 0.411192
108.900000 0.403882
109.000000 0.396637
109.100000 0.389459
109.200000 0.382345
109.300000 0.375298
109.400000 0.368316
109.500000 0.361399
109.600000 0.354548
109.700000 0.347763
109.800000 0.341043
109.900000 0.334388
110.000000 0.327800
110.100000 0.321276
110.200000 0.314819
110.300000 0.308427
110.400000 0.302100
110.500000 0.295839
110.600000 0.289644
110.700000 0.283514
110.800000 0.277450
110.900000 0.271451
111.000000 0.265518
111.100000 0.259650
111.200000 0.253848
111.300000 0.248111
111.400000 0.242441
111.500000 0.236835
111.600000 0.231295
111.700000 0.225821
111.800000 0.220412
111.900000 0.215069
112.000000 0.209792
112.100000 0.204580
112.200000 0.199433
112.300000 0.194352
112.400000 0.189337
112.500000 0.184387
112.600000 0.179503
112.700000 0.174684
112.800000 0.169931
112.900000 0.165244
113.000000 0.160622
113.100000 0.156065
113.200000 0.151575
113.300000 0.147149
113.400000 0.142789
113.500000 0.138495
113.600000 0.134267
113.700000 0.130104
113.800000 0.126006
113.900000 0.121974
114.000000 0.118008
114.100000 0.114107
114.200000 0.110272
114.300000 0.106502
114.400000 0.102798
114.500000 0.099159
114.600000 0.095586
114.700000 0.092079
114.800000 0.088637
114.900000 0.085261
115.000000 0.081950
115.100000 0.078705
115.200000 0.075525
115.300000 0.072411
115.400000 0.069362
115.500000 0.066379
115.600000 0.063462
115.700000 0.060610
115.800000 0.057824
115.900000 0.055103
116.000000 0.052448
116.100000 0.049858
116.200000 0.047334
116.300000 0.044876
116.400000 0.042483
116.500000 0.040155
116.600000 0.037894
116.700000 0.035697
116.800000 0.033567
116.900000 0.031502
117.000000 0.029502
117.100000 0.027568
117.200000 0.025699
117.300000 0.023897
117.400000 0.022159
117.500000 0.020487
117.600000 0.018881
117.700000 0.017341
117.800000 0.015865
117.900000 0.014456
118.000000 0.013112
118.100000 0.011834
118.200000 0.010621
118.300000 0.009473
118.400000 0.008392
118.500000 0.007375
118.600000 0.006425
118.700000 0.005540
118.800000 0.004720
118.900000 0.003966
119.000000 0.003278
119.100000 0.002655
119.200000 0.002098
119.300000 0.001606
119.400000 0.001180
119.500000 0.000819
119.600000 0.000524
119.700000 0.000295
119.800000 0.000131
119.900000 0.000033
120.000000 0.000000
120.100000 0.000033
120.200000 0.000131
120.300000 0.000295
120.400000 0.000524
120.500000 0.000819
120.600000 0.001180
120.700000 0.001606
120.800000 0.002098
120.900000 0.002655
121.000000 0.003278
121.100000 0.003966
121.200000 0.004720
121.300000 0.005540
121.400000 0.006425
121.500000 0.007375
121.600000 0.008392
121.700000 0.009473
121.800000 0.010621
121.900000 0.011834
122.000000 0.013112
122.100000 0.014456
122.200000 0.015865
122.300000 0.017341
122.400000 0.018881
122.500000 0.020487
122.600000 0.022159
122.700000 0.023897
122.800000 0.025699
122.900000 0.027568
123.000000 0.029502
123.100000 0.031502
123.200000 0.033567
123.300000 0.035697
123.400000 0.037894
123.500000 0.040155
123.600000 0.042483
123.700000 0.044876
123.800000 0.047334
123.900000 0.049858
124.000000 0.052448
124.100000 0.055103
124.200000 0.057824
124.300000 0.060610
124.400000 0.063462
124.500000 0.066379
124.600000 0.069362
124.700000 0.072411
124.800000 0.075525
124.900000 0.078705
125.000000 0.081950
125.100000 0.085261
125.200000 0.088637
125.300000 0.092079
125.400000 0.095586
125.500000 0.099159
125.600000 0.102798
125.700000 0.106502
125.800000 0.110272
125.900000 0.114107
126.000000 0.118008
126.100000 0.121974
126.200000 0.126006
126.300000 0.130104
126.400000 0.134267
126.500000 0.138495
126.600000 0.142789
126.700000 0.147149
126.800000 0.151575
126.900000 0.156065
127.000000 0.160622
127.100000 0.165244
127.200000 0.169931
127.300000 0.174684
127.400000 0.179503
127.500000 0.184387
127.600000 0.189337
127.700000 0.194352
127.800000 0.199433
127.900000 0.204580
128.000000 0.209792
128.100000 0.215069
128.200000 0.220412
128.300000 0.225821
128.400000 0.231295
128.500000 0.236835
128.600000 0.242441
128.700000 0.248111
128.800000 0.253848
128.900000 0.259650
129.000000 0.265518
129.100000 0.271451
129.200000 0.277450
129.300000 0.283514
129.400000 0.289644
129.500000 0.295839
129.600000 0.302100
129.700000 0.308427
129.800000 0.314819
129.900000 0.321276
130.000000 0.327800
130.100000 0.334388
130.200000 0.341043
130.300000 0.347763
130.400000 0.354548
130.500000 0.361399
130.600000 0.368316
130.700000 0.375298
130.800000 0.382345
130.900000 0.389459
131.000000 0.396637
131.100000 0.403882
131.200000 0.411192
131.300000 0.418567
131.400000 0.426008
131.500000 0.433515
131.600000 0.441087
131.700000 0.448725
131.800000 0.456428
131.900000 0.464197
132.000000 0.472031
132.100000 0.479931
132.200000 0.487897
132.300000 0.495928
132.400000 0.504025
132.500000 0.512187
132.600000 0.520415
132.700000 0.528708
132.800000 0.537067
132.900000 0.545491
133.000000 0.553981
133.100000 0.562537
133.200000 0.571158
133.300000 0.579845
133.400000 0.588597
133.500000 0.597415
133.600000 0.606298
133.700000 0.615247
133.800000 0.624261
133.900000 0.633341
134.000000 0.642487
134.100000 0.651698
134.200000 0.660975
134.300000 0.670317
134.400000 0.679725
134.500000 0.689199
134.600000 0.698737
134.700000 0.708342
134.800000 0.718012
134.900000 0.727748
135.000000 0.737549
135.100000 0.747416
135.200000 0.757348
135.300000 0.767346
135.400000 0.777409
135.500000 0.787538
135.600000 0.797733
135.700000 0.807993
135.800000 0.818319
135.900000 0.828710
136.000000 0.839167
136.100000 0.849689
136.200000 0.860277
136.300000 0.870931
136.400000 0.881650
136.500000 0.892434
136.600000 0.903284
136.700000 0.914200
136.800000 0.925181
136.900000 0.936228
137.000000 0.947341
137.100000 0.958519
137.200000 0.969762
137.300000 0.981071
137.400000 0.992446
137.500000 1.003886
137.600000 1.015392
137.700000 1.026963
137.800000 1.038600
137.900000 1.050302
138.000000 1.062070
138.100000 1.073904
138.200000 1.085803
138.300000 1.097768
138.400000 1.109798
138.500000 1.121894
138.600000 1.134055
138.700000 1.146282
138.800000 1.158575
138.900000 1.170933
139.000000 1.183356
139.100000 1.195845
139.200000 1.208400
139.300000 1.221020
139.400000 1.233706
139.500000 1.246458
139.600000 1.259275
139.700000 1.272157
139.800000 1.285105
139.900000 1.298119
140.000000 1.311198
140.100000 1.324343
140.200000 1.337553
140.300000 1.350829
140.400000 1.364171
140.500000 1.377578
140.600000 1.391050
140.700000 1.404588
140.800000 1.418192
140.900000 1.431861
141.000000 1.445596
141.100000 1.459396
141.200000 1.473262
141.300000 1.487194
141.400000 1.501191
141.500000 1.515253
141.600000 1.529381
141.700000 1.543575
141.800000 1.557834
141.900000 1.572159
142.000000 1.586550
142.100000 1.601006
142.200000 1.615527
142.300000 1.630114
142.400000 1.644767
142.500000 1.659485
142.600000 1.674269
142.700000 1.689118
142.800000 1.704033
142.900000 1.719014
143.000000 1.734060
143.100000 1.749171
143.200000 1.764348
143.300000 1.779591
143.400000 1.794899
143.500000 1.810273
143.600000 1.825712
143.700000 1.841217
143.800000 1.856788
143.900000 1.872424
144.000000 1.888125
144.100000 1.903892
144.200000 1.919725
144.300000 1.935623
144.400000 1.951587
144.500000 1.967617
144.600000 1.983712
144.700000 1.999872
144.800000 2.016098
144.900000 2.032390
145.000000 2.048747
145.100000 2.065170
145.200000 2.081658
145.300000 2.098212
145.400000 2.114831
145.500000 2.131516
145.600000 2.148267
145.700000 2.165083
145.800000 2.181965
145.900000 2.198912
146.000000 2.215925
146.100000 2.233003
146.200000 2.250147
146.300000 2.267357
146.400000 2.284632
146.500000 2.301972
146.600000 2.319378
146.700000 2.336850
146.800000 2.354387
146.900000 2.371990
147.000000 2.389659
147.100000 2.407393
147.200000 2.425192
147.300000 2.443057
147.400000 2.460988
147.500000 2.478984
147.600000 2.497046
147.700000 2.515173
147.800000 2.533366
147.900000 2.551624
148.000000 2.569948
148.100000 2.588338
148.200000 2.606793
148.300000 2.625314
148.400000 2.643900
148.500000 2.662552
148.600000 2.681269
148.700000 2.700052
148.800000 2.718900
148.900000 2.737814
149.000000 2.756794
149.100000 2.775839
149.200000 2.794950
149.300000 2.814126
149.400000 2.833368
149.500000 2.852675
149.600000 2.872048
149.700000 2.891487
149.800000 2.910991
149.900000 2.930561
150.000000 2.950196
150.100000 2.969897
150.200000 2.989663
150.300000 3.009495
150.400000 3.029392
150.500000 3.049355
150.600000 3.069384
150.700000 3.089478
150.800000 3.109637
150.900000 3.129863
151.000000 3.150154
151.100000 3.170510
151.200000 3.190932
151.300000 3.211419
151.400000 3.231972
151.500000 3.252591
151.600000 3.273275
151.700000 3.294025
151.800000 3.314840
151.900000 3.335721
152.000000 3.356667
152.100000 3.377679
152.200000 3.398757
152.300000 3.419900
152.400000 3.441108
152.500000 3.462383
152.600000 3.483722
152.700000 3.505128
152.800000 3.526598
152.900000 3.548135
153.000000 3.569737
153.100000 3.591404
153.200000 3.613138
153.300000 3.634936
153.400000 3.656800
153.500000 3.678730
153.600000 3.700726
153.700000 3.722787
153.800000 3.744913
153.900000 3.767105
154.000000 3.789363
154.100000 3.811686
154.200000 3.834074
154.300000 3.856529
154.400000 3.879049
154.500000 3.901634
154.600000 3.924285
154.700000 3.947001
154.800000 3.969783
154.900000 3.992631
155.000000 4.015544
155.100000 4.038523
155.200000 4.061567
155.300000 4.084677
155.400000 4.107853
155.500000 4.131094
155.600000 4.154400
155.700000 4.177772
155.800000 4.201210
155.900000 4.224713
156.000000 4.248282
156.100000 4.271916
156.200000 4.295616
156.300000 4.319382
156.400000 4.343213
156.500000 4.367109
156.600000 4.391071
156.700000 4.415099
156.800000 4.439192
156.900000 4.463351
157.000000 4.487576
157.100000 4.511866
157.200000 4.536221
157.300000 4.560642
157.400000 4.585129
157.500000 4.609681
157.600000 4.634299
157.700000 4.658982
157.800000 4.683731
157.900000 4.708545
158.000000 4.733425
158.100000 4.758371
158.200000 4.783382
158.300000 4.808459
158.400000 4.833601
158.500000 4.858809
158.600000 4.884082
158.700000 4.909421
158.800000 4.934825
158.900000 4.960295
159.000000 4.985831
159.100000 5.011432
159.200000 5.037099
159.300000 5.062831
159.400000 5.088629
159.500000 5.114492
159.600000 5.140421
159.700000 5.166416
159.800000 5.192476
159.900000 5.218601
160.000000 5.244793
160.100000 5.271049
160.200000 5.297372
160.300000 5.323759
160.400000 5.350213
160.500000 5.376732
160.600000 5.403316
160.700000 5.429966
160.800000 5.456682
160.900000 5.483463
161.000000 5.510310
161.100000 5.537222
161.200000 5.564200
161.300000 5.591244
161.400000 5.618353
161.500000 5.645527
161.600000 5.672768
161.700000 5.700073
161.800000 5.727445
161.900000 5.754881
162.000000 5.782384
162.100000 5.809952
162.200000 5.837585
162.300000 5.865284
162.400000 5.893049
162.500000 5.920879
162.600000 5.948775
162.700000 5.976736
162.800000 6.004763
162.900000 6.032855
163.000000 6.061013
163.100000 6.089237
163.200000 6.117526
163.300000 6.145881
163.400000 6.174301
163.500000 6.202787
163.600000 6.231338
163.700000 6.259955
163.800000 6.288637
163.900000 6.317385
164.000000 6.346199
164.100000 6.375078
164.200000 6.404023
164.300000 6.433033
164.400000 6.462109
164.500000 6.491250
164.600000 6.520457
164.700000 6.549730
164.800000 6.579068
164.900000 6.608471
165.000000 6.637941
165.100000 6.667475
165.200000 6.697076
165.300000 6.726741
165.400000 6.756473
165.500000 6.786270
165.600000 6.816132
165.700000 6.846060
165.800000 6.876054
165.900000 6.906113
166.000000 6.936238
166.100000 6.966428
166.200000 6.996684
166.300000 7.027006
166.400000 7.057393
166.500000 7.087845
166.600000 7.118364
166.700000 7.148947
166.800000 7.179596
166.900000 7.210311
167.000000 7.241092
167.100000 7.271938
167.200000 7.302849
167.300000 7.333826
167.400000 7.364869
167.500000 7.395977
167.600000 7.427151
167.700000 7.458390
167.800000 7.489695
167.900000 7.521065
168.000000 7.552501
168.100000 7.584003
168.200000 7.615570
168.300000 7.647203
168.400000 7.678901
168.500000 7.710664
168.600000 7.742494
168.700000 7.774389
168.800000 7.806349
168.900000 7.838375
169.000000 7.870467
169.100000 7.902624
169.200000 7.934847
169.300000 7.967135
169.400000 7.999489
169.500000 8.031908
169.600000 8.064393
169.700000 8.096943
169.800000 8.129560
169.900000 8.162241
170.000000 8.194988
170.100000 8.227801
170.200000 8.260679
170.300000 8.293623
170.400000 8.326633
170.500000 8.359708
170.600000 8.392848
170.700000 8.426054
170.800000 8.459326
170.900000 8.492663
171.000000 8.526066
171.100000 8.559534
171.200000 8.593068
171.300000 8.626668
171.400000 8.660333
171.500000 8.694063
171.600000 8.727859
171.700000 8.761721
171.800000 8.795648
171.900000 8.829641
172.000000 8.863699
172.100000 8.897823
172.200000 8.932013
172.300000 8.966268
172.400000 9.000588
172.500000 9.034975
172.600000 9.069426
172.700000 9.103944
172.800000 9.138526
172.900000 9.173175
173.000000 9.207889
173.100000 9.242668
173.200000 9.277513
173.300000 9.312424
173.400000 9.347400
173.500000 9.382442
173.600000 9.417549
173.700000 9.452722
173.800000 9.487961
173.900000 9.523265
174.000000 9.558634
174.100000 9.594069
174.200000 9.629570
174.300000 9.665136
174.400000 9.700768
174.500000 9.736466
174.600000 9.772229
174.700000 9.808057
174.800000 9.843951
174.900000 9.879911
175.000000 9.915936
175.100000 9.952027
175.200000 9.988183
175.300000 10.024405
175.400000 10.060692
175.500000 10.097045
175.600000 10.133464
175.700000 10.169948
175.800000 10.206497
175.900000 10.243113
176.000000 10.279793
176.100000 10.316540
176.200000 10.353352
176.300000 10.390229
176.400000 10.427172
176.500000 10.464181
176.600000 10.501255
176.700000 10.538394
176.800000 10.575600
176.900000 10.612870
177.000000 10.650207
177.100000 10.687609
177.200000 10.725076
177.300000 10.762609
177.400000 10.800208
177.500000 10.837872
177.600000 10.875602
177.700000 10.913397
177.800000 10.951258
177.900000 10.989184
178.000000 11.027176
178.100000 11.065234
178.200000 11.103357
178.300000 11.141546
178.400000 11.179800
178.500000 11.218119
178.600000 11.256505
178.700000 11.294956
178.800000 11.333472
178.900000 11.372054
179.000000 11.410702
179.100000 11.449415
179.200000 11.488194
179.300000 11.527038
179.400000 11.565948
179.500000 11.604923
179.600000 11.643964
179.700000 11.683070
179.800000 11.722242
179.900000 11.761480
180.000000 11.800783
