0.000000000000000000e+00 4.097005171218396526e+02
1.000000000000000056e-01 4.034296918500067477e+02
2.000000000000000111e-01 3.972072665802719484e+02
3.000000000000000444e-01 3.910332413126350275e+02
4.000000000000000222e-01 3.849076160470963828e+02
5.000000000000000000e-01 3.788303907836557869e+02
6.000000000000000888e-01 3.728015655223132967e+02
7.000000000000000666e-01 3.668211402630688553e+02
8.000000000000000444e-01 3.608891150059224060e+02
9.000000000000000222e-01 3.550054897508741760e+02
1.000000000000000000e+00 3.491702644979239949e+02
1.100000000000000089e+00 3.433834392470719195e+02
1.200000000000000178e+00 3.376450139983178929e+02
1.300000000000000044e+00 3.319549887516619151e+02
1.400000000000000133e+00 3.263133635071040999e+02
1.500000000000000000e+00 3.207201382646442767e+02
1.600000000000000089e+00 3.151753130242826160e+02
1.700000000000000178e+00 3.096788877860189473e+02
1.800000000000000044e+00 3.042308625498533843e+02
1.900000000000000133e+00 2.988312373157859838e+02
2.000000000000000000e+00 2.934800120838166322e+02
2.100000000000000089e+00 2.881771868539453294e+02
2.200000000000000178e+00 2.829227616261721892e+02
2.300000000000000266e+00 2.777167364004969841e+02
2.400000000000000355e+00 2.725591111769200552e+02
2.500000000000000000e+00 2.674498859554411183e+02
2.600000000000000089e+00 2.623890607360602871e+02
2.700000000000000178e+00 2.573766355187775048e+02
2.800000000000000266e+00 2.524126103035927144e+02
2.900000000000000355e+00 2.474969850905061151e+02
3.000000000000000000e+00 2.426297598795176214e+02
3.100000000000000089e+00 2.378109346706271765e+02
3.200000000000000178e+00 2.330405094638348942e+02
3.300000000000000266e+00 2.283184842591405470e+02
3.400000000000000355e+00 2.236448590565443908e+02
3.500000000000000000e+00 2.190196338560462550e+02
3.600000000000000089e+00 2.144428086576462817e+02
3.700000000000000178e+00 2.099143834613443573e+02
3.800000000000000266e+00 2.054343582671404249e+02
3.900000000000000355e+00 2.010027330750346266e+02
4.000000000000000000e+00 1.966195078850269624e+02
4.100000000000000533e+00 1.922846826971173186e+02
4.200000000000000178e+00 1.879982575113058658e+02
4.299999999999999822e+00 1.837602323275923766e+02
4.400000000000000355e+00 1.795706071459770499e+02
4.500000000000000000e+00 1.754293819664597720e+02
4.600000000000000533e+00 1.713365567890405430e+02
4.700000000000000178e+00 1.672921316137195333e+02
4.800000000000000711e+00 1.632961064404964873e+02
4.900000000000000355e+00 1.593484812693715469e+02
5.000000000000000000e+00 1.554492561003447122e+02
5.100000000000000533e+00 1.515984309334158695e+02
5.200000000000000178e+00 1.477960057685852178e+02
5.300000000000000711e+00 1.440419806058526149e+02
5.400000000000000355e+00 1.403363554452181177e+02
5.500000000000000000e+00 1.366791302866816693e+02
5.600000000000000533e+00 1.330703051302432982e+02
5.700000000000000178e+00 1.295098799759030328e+02
5.800000000000000711e+00 1.259978548236608447e+02
5.900000000000000355e+00 1.225342296735167622e+02
6.000000000000000000e+00 1.191190045254707570e+02
6.100000000000000533e+00 1.157521793795227865e+02
6.200000000000000178e+00 1.124337542356729500e+02
6.300000000000000711e+00 1.091637290939211766e+02
6.400000000000000355e+00 1.059421039542675089e+02
6.500000000000000000e+00 1.027688788167119185e+02
6.600000000000000533e+00 9.964405368125439111e+01
6.700000000000000178e+00 9.656762854789495520e+01
6.800000000000000711e+00 9.353960341663358236e+01
6.900000000000000355e+00 9.055997828747032941e+01
7.000000000000000000e+00 8.762875316040515372e+01
7.100000000000000533e+00 8.474592803543805530e+01
7.200000000000000178e+00 8.191150291256904836e+01
7.300000000000000711e+00 7.912547779179810448e+01
7.400000000000000355e+00 7.638785267312525207e+01
7.500000000000000000e+00 7.369862755655049114e+01
7.600000000000000533e+00 7.105780244207379326e+01
7.700000000000000178e+00 6.846537732969521528e+01
7.800000000000000711e+00 6.592135221941467194e+01
7.900000000000000355e+00 6.342572711123226270e+01
8.000000000000000000e+00 6.097850200514792363e+01
8.099999999999999645e+00 5.857967690116167603e+01
8.200000000000001066e+00 5.622925179927344175e+01
8.300000000000000711e+00 5.392722669948336289e+01
8.400000000000000355e+00 5.167360160179136130e+01
8.500000000000000000e+00 4.946837650619742988e+01
8.599999999999999645e+00 4.731155141270159703e+01
8.700000000000001066e+00 4.520312632130380592e+01
8.800000000000000711e+00 4.314310123200412761e+01
8.900000000000000355e+00 4.113147614480254788e+01
9.000000000000000000e+00 3.916825105969903831e+01
9.099999999999999645e+00 3.725342597669362021e+01
9.200000000000001066e+00 3.538700089578623675e+01
9.300000000000000711e+00 3.356897581697698030e+01
9.400000000000000355e+00 3.179935074026581532e+01
9.500000000000000000e+00 3.007812566565272405e+01
9.600000000000001421e+00 2.840530059313768874e+01
9.700000000000001066e+00 2.678087552272076977e+01
9.800000000000000711e+00 2.520485045440192806e+01
9.900000000000000355e+00 2.367722538818117783e+01
1.000000000000000000e+01 2.219800032405850487e+01
1.010000000000000142e+01 2.076717526203388786e+01
1.020000000000000107e+01 1.938475020210738364e+01
1.030000000000000071e+01 1.805072514427896024e+01
1.040000000000000036e+01 1.676510008854862477e+01
1.050000000000000000e+01 1.552787503491636656e+01
1.060000000000000142e+01 1.433904998338217496e+01
1.070000000000000107e+01 1.319862493394608727e+01
1.080000000000000071e+01 1.210659988660808040e+01
1.090000000000000036e+01 1.106297484136815790e+01
1.100000000000000000e+01 1.006774979822632154e+01
1.110000000000000142e+01 9.120924757182546472e+00
1.120000000000000107e+01 8.222499718236877086e+00
1.130000000000000071e+01 7.372474681389286744e+00
1.140000000000000036e+01 6.570849646639782549e+00
1.150000000000000000e+01 5.817624613988360061e+00
1.160000000000000142e+01 5.112799583435009509e+00
1.170000000000000107e+01 4.456374554979754876e+00
1.180000000000000071e+01 3.848349528622583282e+00
1.190000000000000036e+01 3.288724504363494727e+00
1.200000000000000000e+01 2.777499482202488768e+00
1.210000000000000142e+01 2.314674462139559630e+00
1.220000000000000107e+01 1.900249444174721303e+00
1.230000000000000071e+01 1.534224428307966237e+00
1.240000000000000036e+01 1.216599414539294877e+00
1.250000000000000000e+01 9.473744028687063334e-01
1.260000000000000142e+01 7.265493932961973877e-01
1.270000000000000107e+01 5.541243858217761442e-01
1.280000000000000071e+01 4.300993804454379399e-01
1.290000000000000036e+01 3.544743771671829968e-01
1.300000000000000000e+01 3.272493759870112040e-01
1.310000000000000142e+01 3.242243758558809308e-01
1.320000000000000107e+01 3.211993757247507686e-01
1.330000000000000071e+01 3.181743755936205509e-01
1.340000000000000036e+01 3.151493754624903332e-01
1.350000000000000000e+01 3.121243753313601710e-01
1.360000000000000142e+01 3.090993752002300088e-01
1.370000000000000107e+01 3.060743750690997911e-01
1.380000000000000071e+01 3.030493749379695179e-01
1.390000000000000036e+01 3.000243748068392446e-01
1.400000000000000000e+01 2.969993746757091380e-01
1.410000000000000142e+01 2.939743745445788647e-01
1.420000000000000107e+01 2.909493744134485915e-01
1.430000000000000071e+01 2.879243742823184293e-01
1.440000000000000036e+01 2.848993741511882671e-01
1.450000000000000000e+01 2.818743740200580494e-01
1.460000000000000142e+01 2.788493738889277762e-01
1.470000000000000107e+01 2.758243737577975030e-01
1.480000000000000071e+01 2.727993736266673408e-01
1.490000000000000036e+01 2.697743734955370676e-01
1.500000000000000000e+01 2.667493733644069054e-01
1.510000000000000142e+01 2.637243732332766322e-01
1.520000000000000107e+01 2.606993731021463589e-01
1.530000000000000071e+01 2.576743729710161968e-01
1.540000000000000036e+01 2.546493728398860346e-01
1.550000000000000000e+01 2.516243727087558169e-01
1.560000000000000142e+01 2.485993725776255436e-01
1.570000000000000107e+01 2.455743724464953259e-01
1.580000000000000071e+01 2.425493723153651360e-01
1.590000000000000036e+01 2.395243721842348905e-01
1.600000000000000000e+01 2.364993720531046728e-01
1.610000000000000142e+01 2.334743719219743996e-01
1.619999999999999929e+01 2.304493717908442652e-01
1.630000000000000071e+01 2.274243716597139919e-01
1.640000000000000213e+01 2.243993715285837742e-01
1.650000000000000000e+01 2.213743713974536120e-01
1.660000000000000142e+01 2.183493712663233388e-01
1.669999999999999929e+01 2.153243711351931766e-01
1.680000000000000071e+01 2.122993710040629312e-01
1.690000000000000213e+01 2.092743708729326857e-01
1.700000000000000000e+01 2.062493707418024957e-01
1.710000000000000142e+01 2.032243706106721948e-01
1.719999999999999929e+01 2.001993704795420881e-01
1.730000000000000071e+01 1.971743703484118149e-01
1.740000000000000213e+01 1.941493702172815417e-01
1.750000000000000000e+01 1.911243700861514350e-01
1.760000000000000142e+01 1.880993699550211617e-01
1.769999999999999929e+01 1.850743698238909718e-01
1.780000000000000071e+01 1.820493696927607263e-01
1.790000000000000213e+01 1.790243695616304531e-01
1.800000000000000000e+01 1.760004810409055709e-01
1.810000000000000142e+01 1.729765925201805499e-01
1.819999999999999929e+01 1.699775686065211067e-01
1.830000000000000071e+01 1.669785446928615247e-01
1.840000000000000213e+01 1.639917643816566351e-01
1.850000000000000000e+01 1.610049840704517732e-01
1.860000000000000142e+01 1.580194655980870500e-01
1.869999999999999929e+01 1.550339471257223822e-01
1.880000000000000071e+01 1.520402212363141381e-01
1.890000000000000213e+01 1.490464953469059217e-01
1.900000000000000000e+01 1.460365034989222766e-01
1.910000000000000142e+01 1.430265116509385759e-01
1.920000000000000284e+01 1.399935263630448512e-01
1.930000000000000071e+01 1.369605410751512375e-01
1.940000000000000213e+01 1.338990859157491442e-01
1.950000000000000000e+01 1.308376307563471341e-01
1.960000000000000142e+01 1.277434231702056500e-01
1.970000000000000284e+01 1.246492155840641658e-01
1.980000000000000071e+01 1.215191089141846592e-01
1.990000000000000213e+01 1.183890022443050416e-01
2.000000000000000000e+01 1.152209389579401388e-01
2.010000000000000142e+01 1.120528756715751389e-01
2.020000000000000284e+01 1.088463472412221772e-01
2.030000000000000071e+01 1.056398188108693265e-01
2.040000000000000213e+01 1.024574246286634460e-01
2.050000000000000000e+01 9.927503044645770436e-02
2.060000000000000142e+01 9.621300730224190134e-02
2.070000000000000284e+01 9.315098415802609833e-02
2.080000000000000071e+01 9.023735810943797619e-02
2.090000000000000213e+01 8.732373206084972916e-02
2.100000000000000000e+01 8.454894423420314387e-02
2.110000000000000142e+01 8.177415640755646142e-02
2.120000000000000284e+01 7.913034232999199835e-02
2.130000000000000071e+01 7.648652825242761855e-02
2.140000000000000213e+01 7.396743444026061820e-02
2.150000000000000000e+01 7.144834062809372888e-02
2.160000000000000142e+01 6.904924571106443865e-02
2.170000000000000284e+01 6.665015079403514842e-02
2.180000000000000071e+01 6.436779083403020019e-02
2.190000000000000213e+01 6.208543087402516869e-02
2.200000000000000000e+01 5.991793052555549615e-02
2.210000000000000142e+01 5.775043017708574727e-02
2.220000000000000284e+01 5.569723808500888496e-02
2.230000000000000071e+01 5.364404599293209203e-02
2.240000000000000213e+01 5.170587379554450469e-02
2.250000000000000000e+01 4.976770159815698674e-02
2.260000000000000142e+01 4.794646665826414467e-02
2.270000000000000284e+01 4.612523171837129565e-02
2.280000000000000071e+01 4.442400296885332805e-02
2.290000000000000213e+01 4.272277421933531188e-02
2.300000000000000000e+01 4.114406048542978284e-02
2.310000000000000142e+01 3.956534675152419828e-02
2.320000000000000284e+01 3.807753343961198245e-02
2.330000000000000071e+01 3.658972012769981519e-02
2.340000000000000213e+01 3.518714883083150918e-02
2.350000000000000000e+01 3.378457753396325175e-02
2.360000000000000142e+01 3.246197462116279936e-02
2.370000000000000284e+01 3.113937170836234003e-02
2.380000000000000071e+01 2.989182708014627085e-02
2.390000000000000213e+01 2.864428245193016004e-02
2.400000000000000000e+01 2.746722856311041572e-02
2.410000000000000142e+01 2.629017467429063323e-02
2.420000000000000284e+01 2.517935920239908892e-02
2.430000000000000071e+01 2.406854373050757931e-02
2.440000000000000213e+01 2.302001699077171545e-02
2.450000000000000000e+01 2.197149025103588629e-02
2.460000000000000142e+01 2.098158147361104883e-02
2.470000000000000284e+01 1.999167269618621137e-02
2.480000000000000071e+01 1.905697516129889121e-02
2.490000000000000213e+01 1.812227762641153289e-02
2.500000000000000000e+01 1.723962828097586747e-02
2.510000000000000142e+01 1.635697893554016041e-02
2.520000000000000284e+01 1.552268486890648336e-02
2.530000000000000071e+01 1.468839080227283579e-02
2.540000000000000213e+01 1.389951113751336162e-02
2.550000000000000000e+01 1.311063147275391520e-02
2.560000000000000142e+01 1.236441300596366651e-02
2.570000000000000284e+01 1.161819453917341434e-02
2.580000000000000071e+01 1.091206326997212588e-02
2.590000000000000213e+01 1.020593200077081313e-02
2.600000000000000000e+01 9.537480463929501676e-03
2.610000000000000142e+01 8.869028927088165939e-03
2.620000000000000284e+01 8.236004196954766626e-03
2.630000000000000071e+01 7.602979466821388997e-03
2.640000000000000213e+01 7.003272348279702443e-03
2.650000000000000000e+01 6.403565229738038440e-03
2.660000000000000142e+01 5.835202072809743748e-03
2.670000000000000284e+01 5.266838915881450790e-03
2.680000000000000071e+01 4.727972344591745320e-03
2.690000000000000213e+01 4.189105773302021635e-03
2.700000000000000000e+01 3.678005575914168167e-03
2.710000000000000142e+01 3.166905378526297787e-03
2.720000000000000284e+01 2.681951199950601775e-03
2.730000000000000071e+01 2.196997021374923545e-03
2.740000000000000213e+01 1.736140791646338926e-03
2.750000000000000000e+01 1.275284561917771221e-03
2.760000000000000142e+01 8.373624930290301692e-04
2.770000000000000284e+01 3.994404241402887924e-04
2.780000000000000071e+01 -1.664975916978303689e-05
2.790000000000000213e+01 -4.327399424798687982e-04
2.800000000000000000e+01 -8.280420564736129746e-04
2.810000000000000142e+01 -1.223344170467371463e-03
2.820000000000000284e+01 -1.601693466382292331e-03
2.830000000000000071e+01 -1.980042762297200623e-03
2.840000000000000213e+01 -2.342521167431823367e-03
2.850000000000000000e+01 -2.704999572566433100e-03
2.860000000000000142e+01 -3.051982767314515271e-03
2.870000000000000284e+01 -3.398965962062597441e-03
2.880000000000000071e+01 -3.731155101432002009e-03
2.890000000000000213e+01 -4.063344240801417852e-03
2.900000000000000000e+01 -4.380526728216150613e-03
2.910000000000000142e+01 -4.697709215630894650e-03
2.920000000000000284e+01 -4.998340649839593149e-03
2.930000000000000071e+01 -5.298972084048280372e-03
2.940000000000000213e+01 -5.579650732072870441e-03
2.950000000000000000e+01 -5.860329380097449234e-03
2.960000000000000142e+01 -6.120301171330239792e-03
2.970000000000000284e+01 -6.380272962563030351e-03
2.980000000000000071e+01 -6.617630407195363579e-03
2.990000000000000213e+01 -6.854987851827705481e-03
3.000000000000000000e+01 -7.076470178704299258e-03
3.010000000000000142e+01 -7.297952505580900841e-03
3.020000000000000284e+01 -7.505507887480039782e-03
3.030000000000000071e+01 -7.713063269379172651e-03
3.040000000000000213e+01 -7.906837360552889521e-03
3.050000000000000000e+01 -8.100611451726599452e-03
3.060000000000000142e+01 -8.262495727670434234e-03
3.070000000000000284e+01 -8.424380003614269016e-03
3.080000000000000071e+01 -8.541446455132654936e-03
3.090000000000000213e+01 -8.658512906651044325e-03
3.100000000000000000e+01 -8.724475235826657446e-03
3.110000000000000142e+01 -8.790437565002274037e-03
3.120000000000000284e+01 -8.798491758906089311e-03
3.130000000000000071e+01 -8.806545952809904584e-03
3.140000000000000213e+01 -8.753119606688047200e-03
3.150000000000000000e+01 -8.699693260566189815e-03
3.160000000000000142e+01 -8.584031417320947543e-03
3.170000000000000284e+01 -8.468369574075701803e-03
3.180000000000000071e+01 -8.292186058534904355e-03
3.190000000000000213e+01 -8.116002542994096500e-03
3.200000000000000000e+01 -7.883190716787722915e-03
3.210000000000000142e+01 -7.650378890581339790e-03
3.220000000000000284e+01 -7.366764092902114425e-03
3.230000000000000426e+01 -7.083149295222885590e-03
3.239999999999999858e+01 -6.755489615972548080e-03
3.250000000000000000e+01 -6.427829936722187151e-03
3.260000000000000142e+01 -6.065048745758446283e-03
3.270000000000000284e+01 -5.702267554794707149e-03
3.280000000000000426e+01 -5.314594646739234825e-03
3.289999999999999858e+01 -4.926921738683791123e-03
3.300000000000000000e+01 -4.525610962086592040e-03
3.310000000000000142e+01 -4.124300185489392957e-03
3.320000000000000284e+01 -3.717251147560181063e-03
3.330000000000000426e+01 -3.310202109630969169e-03
3.339999999999999858e+01 -2.906689042820171515e-03
3.350000000000000000e+01 -2.503175976009346104e-03
3.360000000000000142e+01 -2.112462594461800378e-03
3.370000000000000284e+01 -1.721749212914254219e-03
3.380000000000000426e+01 -1.351651617252163382e-03
3.389999999999999858e+01 -9.815540215900987828e-04
3.400000000000000000e+01 -6.392960637682994782e-04
3.410000000000000142e+01 -2.970381059465023420e-04
3.420000000000000284e+01 9.963626571833553820e-06
3.430000000000000426e+01 3.169653590901664545e-04
3.439999999999999858e+01 5.795078606557483225e-04
3.450000000000000000e+01 8.420503622213488387e-04
3.460000000000000142e+01 1.053880825145486538e-03
3.470000000000000284e+01 1.265711288069624020e-03
3.480000000000000426e+01 1.420400978861367878e-03
3.489999999999999858e+01 1.575090669653101110e-03
3.500000000000000000e+01 1.679724163629714006e-03
3.510000000000000142e+01 1.784357657606323215e-03
3.520000000000000284e+01 1.849913377756604548e-03
3.530000000000000426e+01 1.915469097906884579e-03
3.539999999999999858e+01 1.959887839593607312e-03
3.550000000000000000e+01 2.004306581280332865e-03
3.560000000000000142e+01 2.029126662265828135e-03
3.570000000000000284e+01 2.053946743251322971e-03
3.580000000000000426e+01 2.060794567542730601e-03
3.589999999999999858e+01 2.067642391834137363e-03
3.600000000000000000e+01 2.061838992049680117e-03
3.610000000000000142e+01 2.056035592265221569e-03
3.620000000000000284e+01 2.039881695047802632e-03
3.630000000000000426e+01 2.023727797830382393e-03
3.639999999999999858e+01 1.999319898616131429e-03
3.650000000000000000e+01 1.974911999401878296e-03
3.660000000000000142e+01 1.944117560639577278e-03
3.670000000000000284e+01 1.913323121877276043e-03
3.680000000000000426e+01 1.877756406775503211e-03
3.689999999999999858e+01 1.842189691673732765e-03
3.700000000000000000e+01 1.803205352767205203e-03
3.710000000000000142e+01 1.764221013860677641e-03
3.720000000000000284e+01 1.722915898703577912e-03
3.730000000000000426e+01 1.681610783546477967e-03
3.739999999999999858e+01 1.638856996960990275e-03
3.750000000000000000e+01 1.596103210375499331e-03
3.760000000000000142e+01 1.552737372821659393e-03
3.770000000000000284e+01 1.509371535267819454e-03
3.780000000000000426e+01 1.466175701398441398e-03
3.789999999999999858e+01 1.422979867529067027e-03
3.800000000000000000e+01 1.380589191808652937e-03
3.810000000000000142e+01 1.338198516088239063e-03
3.820000000000000284e+01 1.297106505601281238e-03
3.830000000000000426e+01 1.256014495114323630e-03
3.840000000000000568e+01 1.216574653234292393e-03
3.850000000000000000e+01 1.177134811354264192e-03
3.860000000000000142e+01 1.139565098375868585e-03
3.870000000000000284e+01 1.101995385397472760e-03
3.880000000000000426e+01 1.066392453919127537e-03
3.890000000000000568e+01 1.030789522440782313e-03
3.900000000000000000e+01 9.971597722336267202e-04
3.910000000000000142e+01 9.635300220264686336e-04
3.920000000000000284e+01 9.318275897638809415e-04
3.930000000000000426e+01 9.001251575012931411e-04
3.940000000000000568e+01 8.702414755313411972e-04
3.950000000000000000e+01 8.403577935613913133e-04
3.960000000000000142e+01 8.121654919836971635e-04
3.970000000000000284e+01 7.839731904060030137e-04
3.980000000000000426e+01 7.573545066311972943e-04
3.990000000000000568e+01 7.307358228563916834e-04
4.000000000000000000e+01 7.056021801384106422e-04
4.010000000000000142e+01 6.804685374204279746e-04
4.020000000000000284e+01 6.567235143179287480e-04
4.030000000000000426e+01 6.329784912154295213e-04
4.040000000000000568e+01 6.105189887911195105e-04
4.050000000000000000e+01 5.880594863668112343e-04
4.060000000000000142e+01 5.668018268996992360e-04
4.070000000000000284e+01 5.455441674325871293e-04
4.080000000000000426e+01 5.254383393146945394e-04
4.090000000000000568e+01 5.053325111968018412e-04
4.100000000000000000e+01 4.863346072373704631e-04
4.110000000000000142e+01 4.673367032779377297e-04
4.120000000000000284e+01 4.494045887080066960e-04
4.130000000000000426e+01 4.314724741380757166e-04
4.140000000000000568e+01 4.145654926331795152e-04
4.150000000000000000e+01 3.976585111282846148e-04
4.160000000000000142e+01 3.817372931206074790e-04
4.170000000000000284e+01 3.658160751129303431e-04
4.180000000000000426e+01 3.508419988431454124e-04
4.190000000000000568e+01 3.358679225733604817e-04
4.200000000000000000e+01 3.218039915056170931e-04
4.210000000000000142e+01 3.077400604378728371e-04
4.220000000000000284e+01 2.945498972275928016e-04
4.230000000000000426e+01 2.813597340173128202e-04
4.240000000000000568e+01 2.690079436662091744e-04
4.250000000000000000e+01 2.566561533151063960e-04
4.260000000000000142e+01 2.451085174194969629e-04
4.270000000000000284e+01 2.335608815238875841e-04
4.280000000000000426e+01 2.227833266427236907e-04
4.290000000000000568e+01 2.120057717615598516e-04
4.300000000000000000e+01 2.019661545647385959e-04
4.310000000000000142e+01 1.919265373679166354e-04
4.320000000000000284e+01 1.825919096142361608e-04
4.330000000000000426e+01 1.732572818605557403e-04
4.340000000000000568e+01 1.645974925502336416e-04
4.350000000000000000e+01 1.559377032399121934e-04
4.360000000000000142e+01 1.479210415263199215e-04
4.370000000000000284e+01 1.399043798127277039e-04
4.380000000000000426e+01 1.325022400569090023e-04
4.390000000000000568e+01 1.251001003010903008e-04
4.400000000000000000e+01 1.182822936570642993e-04
4.410000000000000142e+01 1.114644870130378234e-04
4.420000000000000284e+01 1.052032685660296742e-04
4.430000000000000426e+01 9.894205011902156553e-05
4.440000000000000568e+01 9.320879611589665535e-05
4.450000000000000000e+01 8.747554211277215174e-05
4.460000000000000142e+01 8.224308676916706551e-05
4.470000000000000284e+01 7.701063142556199283e-05
4.480000000000000426e+01 7.225203893784026908e-05
4.490000000000000568e+01 6.749344645011855887e-05
4.500000000000000000e+01 6.318232494766821224e-05
4.510000000000000142e+01 5.887120344521754712e-05
4.520000000000000284e+01 5.498192438728851723e-05
4.530000000000000426e+01 5.109264532935949411e-05
4.540000000000000568e+01 4.759996899308352892e-05
4.550000000000000000e+01 4.410729265680781445e-05
4.560000000000000142e+01 4.098628349440298495e-05
4.570000000000000284e+01 3.786527433199814190e-05
4.580000000000000426e+01 3.509183335807421206e-05
4.590000000000000568e+01 3.231839238415026866e-05
4.600000000000000000e+01 2.986830575818294885e-05
4.610000000000000142e+01 2.741821913221545624e-05
4.620000000000000284e+01 2.526849164922446465e-05
4.630000000000000426e+01 2.311876416623347645e-05
4.640000000000000568e+01 2.124660320316194240e-05
4.650000000000000000e+01 1.937444224009054049e-05
4.660000000000000142e+01 1.775637233127688454e-05
4.670000000000000284e+01 1.613830242246322181e-05
4.680000000000000426e+01 1.475221866320205083e-05
4.690000000000000568e+01 1.336613490394087986e-05
4.700000000000000000e+01 1.218855152157483497e-05
4.710000000000000142e+01 1.101096813920870537e-05
4.720000000000000284e+01 1.001970172235496702e-05
4.730000000000000426e+01 9.028435305501226969e-06
4.740000000000000568e+01 8.201131677359262836e-06
4.750000000000000000e+01 7.373828049217357995e-06
4.760000000000000142e+01 6.701833470683644963e-06
4.770000000000000284e+01 6.029838892149930237e-06
4.780000000000000426e+01 5.490887648136500525e-06
4.790000000000000568e+01 4.951936404123071659e-06
4.800000000000000000e+01 4.526466513459316066e-06
4.810000000000000142e+01 4.100996622795531674e-06
4.820000000000000284e+01 3.769527020742651220e-06
4.830000000000000426e+01 3.438057418689771189e-06
4.840000000000000568e+01 3.181182625562903476e-06
4.850000000000000000e+01 2.924307832436053549e-06
4.860000000000000142e+01 2.722692973497133823e-06
4.870000000000000284e+01 2.521078114558214096e-06
4.880000000000000426e+01 2.355454268035511707e-06
4.890000000000000568e+01 2.189830421512809318e-06
4.900000000000000000e+01 2.040990273127629440e-06
4.910000000000000142e+01 1.892150124742439399e-06
4.920000000000000284e+01 1.740943908547967172e-06
4.930000000000000426e+01 1.589737692353495369e-06
4.940000000000000568e+01 1.417069399021549378e-06
4.950000000000000000e+01 1.244401105689615458e-06
4.960000000000000142e+01 1.031224940623652166e-06
4.970000000000000284e+01 8.180487755576886626e-07
4.980000000000000426e+01 5.453658503717859478e-07
4.990000000000000568e+01 2.726829251858832860e-07
5.000000000000000000e+01 0.000000000000000000e+00
