0.000000000000000000e+00 4.404280702350998808e+02
1.000000000000000056e-01 4.336869328485596498e+02
2.000000000000000111e-01 4.269978254659678214e+02
3.000000000000000444e-01 4.203607480873239410e+02
4.000000000000000222e-01 4.137757007126284066e+02
5.000000000000000000e-01 4.072426833418811043e+02
6.000000000000000888e-01 4.007616959750819774e+02
7.000000000000000666e-01 3.943327386122310827e+02
8.000000000000000444e-01 3.879558112533283065e+02
9.000000000000000222e-01 3.816309138983738762e+02
1.000000000000000000e+00 3.753580465473676213e+02
1.100000000000000089e+00 3.691372092003095418e+02
1.200000000000000178e+00 3.629684018571997512e+02
1.300000000000000044e+00 3.568516245180380224e+02
1.400000000000000133e+00 3.507868771828246395e+02
1.500000000000000000e+00 3.447741598515593751e+02
1.600000000000000089e+00 3.388134725242423997e+02
1.700000000000000178e+00 3.329048152008735997e+02
1.800000000000000044e+00 3.270481878814529750e+02
1.900000000000000133e+00 3.212435905659805826e+02
2.000000000000000000e+00 3.154910232544564224e+02
2.100000000000000089e+00 3.097904859468805512e+02
2.200000000000000178e+00 3.041419786432527985e+02
2.300000000000000266e+00 2.985455013435732212e+02
2.400000000000000355e+00 2.930010540478419330e+02
2.500000000000000000e+00 2.875086367560588769e+02
2.600000000000000089e+00 2.820682494682239962e+02
2.700000000000000178e+00 2.766798921843372909e+02
2.800000000000000266e+00 2.713435649043987610e+02
2.900000000000000355e+00 2.660592676284085201e+02
3.000000000000000000e+00 2.608270003563665114e+02
3.100000000000000089e+00 2.556467630882726780e+02
3.200000000000000178e+00 2.505185558241271053e+02
3.300000000000000266e+00 2.454423785639295943e+02
3.400000000000000355e+00 2.404182313076804292e+02
3.500000000000000000e+00 2.354461140553794678e+02
3.600000000000000089e+00 2.305260268070267387e+02
3.700000000000000178e+00 2.256579695626221849e+02
3.800000000000000266e+00 2.208419423221657496e+02
3.900000000000000355e+00 2.160779450856575750e+02
4.000000000000000000e+00 2.113659778530976894e+02
4.100000000000000533e+00 2.067060406244859507e+02
4.200000000000000178e+00 2.020981333998225011e+02
4.299999999999999822e+00 1.975422561791071416e+02
4.400000000000000355e+00 1.930384089623400996e+02
4.500000000000000000e+00 1.885865917495212614e+02
4.600000000000000533e+00 1.841868045406505416e+02
4.700000000000000178e+00 1.798390473357281962e+02
4.800000000000000711e+00 1.755433201347539125e+02
4.900000000000000355e+00 1.712996229377279178e+02
5.000000000000000000e+00 1.671079557446501269e+02
5.100000000000000533e+00 1.629683185555204830e+02
5.200000000000000178e+00 1.588807113703390996e+02
5.300000000000000711e+00 1.548451341891059201e+02
5.400000000000000355e+00 1.508615870118209727e+02
5.500000000000000000e+00 1.469300698384842292e+02
5.600000000000000533e+00 1.430505826690956610e+02
5.700000000000000178e+00 1.392231255036553819e+02
5.800000000000000711e+00 1.354476983421632212e+02
5.900000000000000355e+00 1.317243011846193497e+02
6.000000000000000000e+00 1.280529340310236535e+02
6.100000000000000533e+00 1.244335968813761468e+02
6.200000000000000178e+00 1.208662897356768866e+02
6.300000000000000711e+00 1.173510125939258444e+02
6.400000000000000355e+00 1.138877654561230059e+02
6.500000000000000000e+00 1.104765483222683855e+02
6.600000000000000533e+00 1.071173611923619404e+02
6.700000000000000178e+00 1.038102040664037418e+02
6.800000000000000711e+00 1.005550769443937327e+02
6.900000000000000355e+00 9.735197982633195579e+01
7.000000000000000000e+00 9.420091271221838269e+01
7.100000000000000533e+00 9.110187560205301338e+01
7.200000000000000178e+00 8.805486849583587627e+01
7.300000000000000711e+00 8.505989139356694295e+01
7.400000000000000355e+00 8.211694429524619920e+01
7.500000000000000000e+00 7.922602720087370187e+01
7.600000000000000533e+00 7.638714011044937990e+01
7.700000000000000178e+00 7.360028302397330435e+01
7.800000000000000711e+00 7.086545594144540416e+01
7.900000000000000355e+00 6.818265886286575039e+01
8.000000000000000000e+00 6.555189178823430041e+01
8.099999999999999645e+00 6.297315471755107552e+01
8.200000000000001066e+00 6.044644765081599047e+01
8.300000000000000711e+00 5.797177058802918737e+01
8.400000000000000355e+00 5.554912352919058804e+01
8.500000000000000000e+00 5.317850647430019961e+01
8.599999999999999645e+00 5.085991942335802207e+01
8.700000000000001066e+00 4.859336237636401279e+01
8.800000000000000711e+00 4.637883533331825703e+01
8.900000000000000355e+00 4.421633829422072637e+01
9.000000000000000000e+00 4.210587125907139239e+01
9.099999999999999645e+00 4.004743422787026930e+01
9.200000000000001066e+00 3.804102720061732157e+01
9.300000000000000711e+00 3.608665017731262026e+01
9.400000000000000355e+00 3.418430315795614405e+01
9.500000000000000000e+00 3.233398614254787162e+01
9.600000000000001421e+00 3.053569913108777101e+01
9.700000000000001066e+00 2.878944212357592392e+01
9.800000000000000711e+00 2.709521512001228416e+01
9.900000000000000355e+00 2.545301812039686240e+01
1.000000000000000000e+01 2.386285112472964798e+01
1.010000000000000142e+01 2.232471413301060892e+01
1.020000000000000107e+01 2.083860714523981983e+01
1.030000000000000071e+01 1.940453016141724163e+01
1.040000000000000036e+01 1.802248318154287077e+01
1.050000000000000000e+01 1.669246620561671079e+01
1.060000000000000142e+01 1.541447923363874395e+01
1.070000000000000107e+01 1.418852226560901109e+01
1.080000000000000071e+01 1.301459530152748734e+01
1.090000000000000036e+01 1.189269834139417625e+01
1.100000000000000000e+01 1.082283138520907428e+01
1.110000000000000142e+01 9.804994432972168994e+00
1.120000000000000107e+01 8.839187484683492357e+00
1.130000000000000071e+01 7.925410540343026611e+00
1.140000000000000036e+01 7.063663599950772642e+00
1.150000000000000000e+01 6.253946663506730452e+00
1.160000000000000142e+01 5.496259731010887606e+00
1.170000000000000107e+01 4.790602802463268084e+00
1.180000000000000071e+01 4.136975877863861228e+00
1.190000000000000036e+01 3.535378957212665707e+00
1.200000000000000000e+01 2.985812040509680632e+00
1.210000000000000142e+01 2.488275127754898897e+00
1.220000000000000107e+01 2.042768218948338710e+00
1.230000000000000071e+01 1.649291314089988969e+00
1.240000000000000036e+01 1.307844413179851228e+00
1.250000000000000000e+01 1.018427516217924600e+00
1.260000000000000142e+01 7.810406232042054198e-01
1.270000000000000107e+01 5.956837341387023477e-01
1.280000000000000071e+01 4.623568490214106652e-01
1.290000000000000036e+01 3.810599678523303724e-01
1.300000000000000000e+01 3.517930906314615247e-01
1.310000000000000142e+01 3.485412153846982330e-01
1.320000000000000107e+01 3.452893401379350524e-01
1.330000000000000071e+01 3.420374648911717608e-01
1.340000000000000036e+01 3.387855896444086357e-01
1.350000000000000000e+01 3.355337143976453995e-01
1.360000000000000142e+01 3.322818391508822189e-01
1.370000000000000107e+01 3.290299639041189272e-01
1.380000000000000071e+01 3.257780886573557466e-01
1.390000000000000036e+01 3.225262134105924550e-01
1.400000000000000000e+01 3.192743381638292743e-01
1.410000000000000142e+01 3.160224629170659827e-01
1.420000000000000107e+01 3.127705876703027466e-01
1.430000000000000071e+01 3.095187124235395659e-01
1.440000000000000036e+01 3.062668371767763298e-01
1.450000000000000000e+01 3.030149619300131492e-01
1.460000000000000142e+01 2.997630866832498575e-01
1.470000000000000107e+01 2.965112114364866214e-01
1.480000000000000071e+01 2.932593361897233852e-01
1.490000000000000036e+01 2.900074609429601491e-01
1.500000000000000000e+01 2.867555856961969130e-01
1.510000000000000142e+01 2.835037104494336213e-01
1.520000000000000107e+01 2.802518352026703852e-01
1.530000000000000071e+01 2.769999599559072045e-01
1.540000000000000036e+01 2.737480847091439684e-01
1.550000000000000000e+01 2.704962094623807323e-01
1.560000000000000142e+01 2.672443342156174961e-01
1.570000000000000107e+01 2.639924589688542600e-01
1.580000000000000071e+01 2.607405837220910239e-01
1.590000000000000036e+01 2.574887084753277877e-01
1.600000000000000000e+01 2.542368332285645516e-01
1.610000000000000142e+01 2.509849579818012599e-01
1.619999999999999929e+01 2.477330827350381348e-01
1.630000000000000071e+01 2.444812074882748432e-01
1.640000000000000213e+01 2.412293322415115793e-01
1.650000000000000000e+01 2.379774569947484264e-01
1.660000000000000142e+01 2.347255817479851348e-01
1.669999999999999929e+01 2.314737065012219541e-01
1.680000000000000071e+01 2.282218312544586902e-01
1.690000000000000213e+01 2.249699560076954263e-01
1.700000000000000000e+01 2.217180807609322180e-01
1.710000000000000142e+01 2.184662055141689263e-01
1.719999999999999929e+01 2.152143302674057734e-01
1.730000000000000071e+01 2.119624550206425095e-01
1.740000000000000213e+01 2.087105797738792456e-01
1.750000000000000000e+01 2.054587045271161205e-01
1.760000000000000142e+01 2.022068292803528011e-01
1.769999999999999929e+01 1.989549540335896205e-01
1.780000000000000071e+01 1.957030787868263288e-01
1.790000000000000213e+01 1.924512035400630650e-01
1.800000000000000000e+01 1.892005232745244403e-01
1.810000000000000142e+01 1.859498430089856769e-01
1.819999999999999929e+01 1.827258921969120153e-01
1.830000000000000071e+01 1.795019413848382706e-01
1.840000000000000213e+01 1.762911524458314616e-01
1.850000000000000000e+01 1.730803635068247359e-01
1.860000000000000142e+01 1.698709310446152310e-01
1.869999999999999929e+01 1.666614985824058370e-01
1.880000000000000071e+01 1.634432431465875357e-01
1.890000000000000213e+01 1.602249877107692899e-01
1.900000000000000000e+01 1.569892463689135098e-01
1.910000000000000142e+01 1.537535050270576464e-01
1.920000000000000284e+01 1.504930457364943852e-01
1.930000000000000071e+01 1.472325864459312628e-01
1.940000000000000213e+01 1.439415220425007413e-01
1.950000000000000000e+01 1.406504576390703309e-01
1.960000000000000142e+01 1.373241843757495029e-01
1.970000000000000284e+01 1.339979111124286471e-01
1.980000000000000071e+01 1.306330463328338742e-01
1.990000000000000213e+01 1.272681815532389626e-01
2.000000000000000000e+01 1.238625134095948793e-01
2.010000000000000142e+01 1.204568452659506572e-01
2.020000000000000284e+01 1.170098270911740929e-01
2.030000000000000071e+01 1.135628089163976395e-01
2.040000000000000213e+01 1.101417350592232836e-01
2.050000000000000000e+01 1.067206612020490664e-01
2.060000000000000142e+01 1.034289862149239680e-01
2.070000000000000284e+01 1.001373112277988559e-01
2.080000000000000071e+01 9.700516312366365412e-02
2.090000000000000213e+01 9.387301501952829974e-02
2.100000000000000000e+01 9.089011800883604886e-02
2.110000000000000142e+01 8.790722099814371471e-02
2.120000000000000284e+01 8.506512077229551327e-02
2.130000000000000071e+01 8.222302054644739511e-02
2.140000000000000213e+01 7.951499461026349802e-02
2.150000000000000000e+01 7.680696867407973971e-02
2.160000000000000142e+01 7.422794155436579500e-02
2.170000000000000284e+01 7.164891443465186416e-02
2.180000000000000071e+01 6.919537739782186114e-02
2.190000000000000213e+01 6.674184036099177486e-02
2.200000000000000000e+01 6.441177741057935169e-02
2.210000000000000142e+01 6.208171446016686607e-02
2.220000000000000284e+01 5.987453288937460982e-02
2.230000000000000071e+01 5.766735131858242297e-02
2.240000000000000213e+01 5.558381613860392811e-02
2.250000000000000000e+01 5.350028095862550265e-02
2.260000000000000142e+01 5.154245333454368638e-02
2.270000000000000284e+01 4.958462571046186318e-02
2.280000000000000071e+01 4.775580474523020286e-02
2.290000000000000213e+01 4.592698377999849396e-02
2.300000000000000000e+01 4.422986646083514051e-02
2.310000000000000142e+01 4.253274914167171072e-02
2.320000000000000284e+01 4.093334977933035801e-02
2.330000000000000071e+01 3.933395041698906081e-02
2.340000000000000213e+01 3.782618622380122531e-02
2.350000000000000000e+01 3.631842203061345226e-02
2.360000000000000142e+01 3.489662385309541537e-02
2.370000000000000284e+01 3.347482567557739236e-02
2.380000000000000071e+01 3.213371515661270911e-02
2.390000000000000213e+01 3.079260463764798075e-02
2.400000000000000000e+01 2.952727166599973876e-02
2.410000000000000142e+01 2.826193869435145167e-02
2.420000000000000284e+01 2.706781202321768831e-02
2.430000000000000071e+01 2.587368535208395617e-02
2.440000000000000213e+01 2.474651907019607272e-02
2.450000000000000000e+01 2.361935278830822743e-02
2.460000000000000142e+01 2.255520081795483675e-02
2.470000000000000284e+01 2.149104884760144260e-02
2.480000000000000071e+01 2.048624896490688213e-02
2.490000000000000213e+01 1.948144908221227656e-02
2.500000000000000000e+01 1.853260100499860147e-02
2.510000000000000142e+01 1.758375292778488821e-02
2.520000000000000284e+01 1.668688677697456602e-02
2.530000000000000071e+01 1.579002062616426810e-02
2.540000000000000213e+01 1.494197495895706329e-02
2.550000000000000000e+01 1.409392929174988623e-02
2.560000000000000142e+01 1.329174441385165897e-02
2.570000000000000284e+01 1.248955953595342824e-02
2.580000000000000071e+01 1.173046839686536259e-02
2.590000000000000213e+01 1.097137725777727613e-02
2.600000000000000000e+01 1.025279183229402431e-02
2.610000000000000142e+01 9.534206406810748213e-03
2.620000000000000284e+01 8.853704799777539769e-03
2.630000000000000071e+01 8.173203192744355611e-03
2.640000000000000213e+01 7.528518019337510428e-03
2.650000000000000000e+01 6.883832845930689531e-03
2.660000000000000142e+01 6.272842432354483640e-03
2.670000000000000284e+01 5.661852018778280350e-03
2.680000000000000071e+01 5.082570435795188794e-03
2.690000000000000213e+01 4.503288852812079891e-03
2.700000000000000000e+01 3.953856122744599591e-03
2.710000000000000142e+01 3.404423392677100643e-03
2.720000000000000284e+01 2.883097633747136630e-03
2.730000000000000071e+01 2.361771874817191266e-03
2.740000000000000213e+01 1.866351411740688887e-03
2.750000000000000000e+01 1.370930948664204506e-03
2.760000000000000142e+01 9.001647092926472497e-04
2.770000000000000284e+01 4.293984699210897770e-04
2.780000000000000071e+01 -1.789849168983586022e-05
2.790000000000000213e+01 -4.651954533007764798e-04
2.800000000000000000e+01 -8.901452396695949979e-04
2.810000000000000142e+01 -1.315095026038428858e-03
2.820000000000000284e+01 -1.721820532379593960e-03
2.830000000000000071e+01 -2.128546038720745184e-03
2.840000000000000213e+01 -2.518210336918011612e-03
2.850000000000000000e+01 -2.907874635115263295e-03
2.860000000000000142e+01 -3.280881581605059067e-03
2.870000000000000284e+01 -3.653888528094854839e-03
2.880000000000000071e+01 -4.010991864535155479e-03
2.890000000000000213e+01 -4.368095200975467829e-03
2.900000000000000000e+01 -4.709066386039645162e-03
2.910000000000000142e+01 -5.050037571103833771e-03
2.920000000000000284e+01 -5.373216373392656307e-03
2.930000000000000071e+01 -5.696395175681467568e-03
2.940000000000000213e+01 -5.998124732124531650e-03
2.950000000000000000e+01 -6.299854288567584455e-03
2.960000000000000142e+01 -6.579323973235250839e-03
2.970000000000000284e+01 -6.858793657902917222e-03
2.980000000000000071e+01 -7.113952919184162588e-03
2.990000000000000213e+01 -7.369112180465416627e-03
3.000000000000000000e+01 -7.607205689604017683e-03
3.010000000000000142e+01 -7.845299198742626545e-03
3.020000000000000284e+01 -8.068421241543371342e-03
3.030000000000000071e+01 -8.291543284344110934e-03
3.040000000000000213e+01 -8.499850439133033522e-03
3.050000000000000000e+01 -8.708157593921947437e-03
3.060000000000000142e+01 -8.882183196223412611e-03
3.070000000000000284e+01 -9.056208798524877784e-03
3.080000000000000071e+01 -9.182055238001496714e-03
3.090000000000000213e+01 -9.307901677478120847e-03
3.100000000000000000e+01 -9.378811183648912836e-03
3.110000000000000142e+01 -9.449720689819708294e-03
3.120000000000000284e+01 -9.458378948548002221e-03
3.130000000000000071e+01 -9.467037207276296149e-03
3.140000000000000213e+01 -9.409603883326731963e-03
3.150000000000000000e+01 -9.352170559377171247e-03
3.160000000000000142e+01 -9.227834073843303730e-03
3.170000000000000284e+01 -9.103497588309437949e-03
3.180000000000000071e+01 -8.914100302941126500e-03
3.190000000000000213e+01 -8.724703017572804642e-03
3.200000000000000000e+01 -8.474430296258448139e-03
3.210000000000000142e+01 -8.224157574944079493e-03
3.220000000000000284e+01 -7.919271657519589419e-03
3.230000000000000426e+01 -7.614385740095097610e-03
3.239999999999999858e+01 -7.262151573441209991e-03
3.250000000000000000e+01 -6.909917406787297219e-03
3.260000000000000142e+01 -6.519927613813140087e-03
3.270000000000000284e+01 -6.129937820838983822e-03
3.280000000000000426e+01 -5.713189431120636180e-03
3.289999999999999858e+01 -5.296441041402318896e-03
3.300000000000000000e+01 -4.865031942524636159e-03
3.310000000000000142e+01 -4.433622843646952555e-03
3.320000000000000284e+01 -3.996045113636661865e-03
3.330000000000000426e+01 -3.558467383626371609e-03
3.339999999999999858e+01 -3.124690822692046711e-03
3.350000000000000000e+01 -2.690914261757690155e-03
3.360000000000000142e+01 -2.270897362929023659e-03
3.370000000000000284e+01 -1.850880464100357597e-03
3.380000000000000426e+01 -1.453025535819585032e-03
3.389999999999999858e+01 -1.055170607538840656e-03
3.400000000000000000e+01 -6.872432909100625658e-04
3.410000000000000142e+01 -3.193159742812866440e-04
3.420000000000000284e+01 1.071089891319518095e-05
3.430000000000000426e+01 3.407377721076737228e-04
3.439999999999999858e+01 6.229709704730000642e-04
3.450000000000000000e+01 9.052041688383463550e-04
3.460000000000000142e+01 1.132921923890485441e-03
3.470000000000000284e+01 1.360639678942624419e-03
3.480000000000000426e+01 1.526931101953963319e-03
3.489999999999999858e+01 1.693222524965290509e-03
3.500000000000000000e+01 1.805703534649666419e-03
3.510000000000000142e+01 1.918184544334038859e-03
3.520000000000000284e+01 1.988656945788377841e-03
3.530000000000000426e+01 2.059129347242715739e-03
3.539999999999999858e+01 2.106879496109471516e-03
3.550000000000000000e+01 2.154629644976230329e-03
3.560000000000000142e+01 2.181311232903710654e-03
3.570000000000000284e+01 2.207992820831190979e-03
3.580000000000000426e+01 2.215354232183954029e-03
3.589999999999999858e+01 2.222715643536716645e-03
3.600000000000000000e+01 2.216476988565453232e-03
3.610000000000000142e+01 2.210238333594188951e-03
3.620000000000000284e+01 2.192872893520486557e-03
3.630000000000000426e+01 2.175507453446783729e-03
3.639999999999999858e+01 2.149268960937806509e-03
3.650000000000000000e+01 2.123030468428827554e-03
3.660000000000000142e+01 2.089926445682329780e-03
3.670000000000000284e+01 2.056822422935832007e-03
3.680000000000000426e+01 2.018588202957493673e-03
3.689999999999999858e+01 1.980353982979157507e-03
3.700000000000000000e+01 1.938445817291178106e-03
3.710000000000000142e+01 1.896537651603198271e-03
3.720000000000000284e+01 1.852134651364684918e-03
3.730000000000000426e+01 1.807731651126171565e-03
3.739999999999999858e+01 1.761771329051474736e-03
3.750000000000000000e+01 1.715811006976774222e-03
3.760000000000000142e+01 1.669192730089692376e-03
3.770000000000000284e+01 1.622574453202610314e-03
3.780000000000000426e+01 1.576138930282271070e-03
3.789999999999999858e+01 1.529703407361935295e-03
3.800000000000000000e+01 1.484133429479892298e-03
3.810000000000000142e+01 1.438563451597849301e-03
3.820000000000000284e+01 1.394389538887191816e-03
3.830000000000000426e+01 1.350215626176534981e-03
3.840000000000000568e+01 1.307817794776107521e-03
3.850000000000000000e+01 1.265419963375683529e-03
3.860000000000000142e+01 1.225032520609921523e-03
3.870000000000000284e+01 1.184645077844159299e-03
3.880000000000000426e+01 1.146371925259739031e-03
3.890000000000000568e+01 1.108098772675318762e-03
3.900000000000000000e+01 1.071946790026438636e-03
3.910000000000000142e+01 1.035794807377555691e-03
3.920000000000000284e+01 1.001714691586493055e-03
3.930000000000000426e+01 9.676345757954305264e-04
3.940000000000000568e+01 9.355096166325615852e-04
3.950000000000000000e+01 9.033846574696951376e-04
3.960000000000000142e+01 8.730779322876585204e-04
3.970000000000000284e+01 8.427712071056221201e-04
3.980000000000000426e+01 8.141561211167274489e-04
3.990000000000000568e+01 7.855410351278329945e-04
4.000000000000000000e+01 7.585223683269636278e-04
4.010000000000000142e+01 7.315037015260925264e-04
4.020000000000000284e+01 7.059778008604324345e-04
4.030000000000000426e+01 6.804519001947725593e-04
4.040000000000000568e+01 6.563079343031265811e-04
4.050000000000000000e+01 6.321639684114826628e-04
4.060000000000000142e+01 6.093119837408583804e-04
4.070000000000000284e+01 5.864599990702343149e-04
4.080000000000000426e+01 5.648462331403059219e-04
4.090000000000000568e+01 5.432324672103775289e-04
4.100000000000000000e+01 5.228097197895441046e-04
4.110000000000000142e+01 5.023869723687093792e-04
4.120000000000000284e+01 4.831099485788645036e-04
4.130000000000000426e+01 4.638329247890196822e-04
4.140000000000000568e+01 4.456579190799409701e-04
4.150000000000000000e+01 4.274829133708635590e-04
4.160000000000000142e+01 4.103676034557719211e-04
4.170000000000000284e+01 3.932522935406804459e-04
4.180000000000000426e+01 3.771551610269489397e-04
4.190000000000000568e+01 3.610580285132173792e-04
4.200000000000000000e+01 3.459393021235125372e-04
4.210000000000000142e+01 3.308205757338067193e-04
4.220000000000000284e+01 3.166411498214346566e-04
4.230000000000000426e+01 3.024617239090627023e-04
4.240000000000000568e+01 2.891835488496270279e-04
4.250000000000000000e+01 2.759053737901922751e-04
4.260000000000000142e+01 2.634916647985379172e-04
4.270000000000000284e+01 2.510779558068835593e-04
4.280000000000000426e+01 2.394920839326914483e-04
4.290000000000000568e+01 2.279062120584993915e-04
4.300000000000000000e+01 2.171136232207846644e-04
4.310000000000000142e+01 2.063210343830691783e-04
4.320000000000000284e+01 1.962863092213875879e-04
4.330000000000000426e+01 1.862515840597059975e-04
4.340000000000000568e+01 1.769423102482368785e-04
4.350000000000000000e+01 1.676330364367684101e-04
4.360000000000000142e+01 1.590151248142769775e-04
4.370000000000000284e+01 1.503972131917855992e-04
4.380000000000000426e+01 1.424399126953934203e-04
4.390000000000000568e+01 1.344826121990012413e-04
4.400000000000000000e+01 1.271534698182230833e-04
4.410000000000000142e+01 1.198243274374443832e-04
4.420000000000000284e+01 1.130935173879268636e-04
4.430000000000000426e+01 1.063627073384093439e-04
4.440000000000000568e+01 1.001994590845316685e-04
4.450000000000000000e+01 9.403621083065441327e-05
4.460000000000000142e+01 8.841132115327577105e-05
4.470000000000000284e+01 8.278643147589714239e-05
4.480000000000000426e+01 7.767094438516632072e-05
4.490000000000000568e+01 7.255545729443548550e-05
4.500000000000000000e+01 6.792100152852149312e-05
4.510000000000000142e+01 6.328654576260717547e-05
4.520000000000000284e+01 5.910557063930738347e-05
4.530000000000000426e+01 5.492459551600759824e-05
4.540000000000000568e+01 5.116996833235589316e-05
4.550000000000000000e+01 4.741534114870445235e-05
4.560000000000000142e+01 4.406025618996313914e-05
4.570000000000000284e+01 4.070517123122180560e-05
4.580000000000000426e+01 3.772372208725350716e-05
4.590000000000000568e+01 3.474227294328521550e-05
4.600000000000000000e+01 3.210842973467948686e-05
4.610000000000000142e+01 2.947458652607357188e-05
4.620000000000000284e+01 2.716362940667234045e-05
4.630000000000000426e+01 2.485267228727110902e-05
4.640000000000000568e+01 2.284009918649108374e-05
4.650000000000000000e+01 2.082752608571120077e-05
4.660000000000000142e+01 1.908810087714512887e-05
4.670000000000000284e+01 1.734867566857905020e-05
4.680000000000000426e+01 1.585863557889553000e-05
4.690000000000000568e+01 1.436859548921201150e-05
4.700000000000000000e+01 1.310269331198297826e-05
4.710000000000000142e+01 1.183679113475385014e-05
4.720000000000000284e+01 1.077117970196690701e-05
4.730000000000000426e+01 9.705568269179965565e-06
4.740000000000000568e+01 8.816216839992718554e-06
4.750000000000000000e+01 7.926865410805535917e-06
4.760000000000000142e+01 7.204471215379035059e-06
4.770000000000000284e+01 6.482077019952534202e-06
4.780000000000000426e+01 5.902704413788479316e-06
4.790000000000000568e+01 5.323331807624424430e-06
4.800000000000000000e+01 4.865951660280237528e-06
4.810000000000000142e+01 4.408571512936019286e-06
4.820000000000000284e+01 4.052241679136147024e-06
4.830000000000000426e+01 3.695911845336276032e-06
4.840000000000000568e+01 3.419771433740793297e-06
4.850000000000000000e+01 3.143631022145329619e-06
4.860000000000000142e+01 2.926895041734587201e-06
4.870000000000000284e+01 2.710159061323843935e-06
4.880000000000000426e+01 2.532113420519306422e-06
4.890000000000000568e+01 2.354067779714769757e-06
4.900000000000000000e+01 2.194064614995072763e-06
4.910000000000000142e+01 2.034061450275364756e-06
4.920000000000000284e+01 1.871514762577926527e-06
4.930000000000000426e+01 1.708968074880488510e-06
4.940000000000000568e+01 1.523349653509637388e-06
4.950000000000000000e+01 1.337731232138799607e-06
4.960000000000000142e+01 1.108566847237132357e-06
4.970000000000000284e+01 8.794024623354650004e-07
4.980000000000000426e+01 5.862683082236364162e-07
4.990000000000000568e+01 2.931341541118078319e-07
5.000000000000000000e+01 0.000000000000000000e+00
