0.000000 106.668765
0.100000 106.550277
0.200000 106.431855
0.300000 106.313499
0.400000 106.195209
0.500000 106.076984
0.600000 105.958825
0.700000 105.840732
0.800000 105.722705
0.900000 105.604744
1.000000 105.486849
1.100000 105.369019
1.200000 105.251256
1.300000 105.133558
1.400000 105.015926
1.500000 104.898360
1.600000 104.780860
1.700000 104.663425
1.800000 104.546057
1.900000 104.428754
2.000000 104.311517
2.100000 104.194346
2.200000 104.077241
2.300000 103.960202
2.400000 103.843228
2.500000 103.726320
2.600000 103.609479
2.700000 103.492703
2.800000 103.375993
2.900000 103.259348
3.000000 103.142770
3.100000 103.026257
3.200000 102.909811
3.300000 102.793430
3.400000 102.677115
3.500000 102.560865
3.600000 102.444682
3.700000 102.328565
3.800000 102.212513
3.900000 102.096527
4.000000 101.980607
4.100000 101.864753
4.200000 101.748965
4.300000 101.633242
4.400000 101.517586
4.500000 101.401995
4.600000 101.286470
4.700000 101.171011
4.800000 101.055618
4.900000 100.940290
5.000000 100.825029
5.100000 100.709833
5.200000 100.594703
5.300000 100.479639
5.400000 100.364641
5.500000 100.249709
5.600000 100.134842
5.700000 100.020042
5.800000 99.905307
5.900000 99.790638
6.000000 99.676035
6.100000 99.561498
6.200000 99.447026
6.300000 99.332621
6.400000 99.218281
6.500000 99.104007
6.600000 98.989799
6.700000 98.875657
6.800000 98.761581
6.900000 98.647570
7.000000 98.533626
7.100000 98.419747
7.200000 98.305934
7.300000 98.192187
7.400000 98.078506
7.500000 97.964890
7.600000 97.851341
7.700000 97.737857
7.800000 97.624439
7.900000 97.511087
8.000000 97.397801
8.100000 97.284581
8.200000 97.171426
8.300000 97.058337
8.400000 96.945315
8.500000 96.832358
8.600000 96.719467
8.700000 96.606641
8.800000 96.493882
8.900000 96.381188
9.000000 96.268561
9.100000 96.155999
9.200000 96.043503
9.300000 95.931072
9.400000 95.818708
9.500000 95.706410
9.600000 95.594177
9.700000 95.482010
9.800000 95.369909
9.900000 95.257874
10.000000 95.145905
10.100000 95.034001
10.200000 94.922164
10.300000 94.810392
10.400000 94.698686
10.500000 94.587046
10.600000 94.475472
10.700000 94.363963
10.800000 94.252521
10.900000 94.141144
11.000000 94.029833
11.100000 93.918588
11.200000 93.807409
11.300000 93.696296
11.400000 93.585249
11.500000 93.474267
11.600000 93.363351
11.700000 93.252501
11.800000 93.141717
11.900000 93.030999
12.000000 92.920347
12.100000 92.809760
12.200000 92.699239
12.300000 92.588785
12.400000 92.478396
12.500000 92.368072
12.600000 92.257815
12.700000 92.147624
12.800000 92.037498
12.900000 91.927438
13.000000 91.817444
13.100000 91.707516
13.200000 91.597654
13.300000 91.487857
13.400000 91.378127
13.500000 91.268462
13.600000 91.158863
13.700000 91.049330
13.800000 90.939863
13.900000 90.830462
14.000000 90.721126
14.100000 90.611857
14.200000 90.502653
14.300000 90.393515
14.400000 90.284443
14.500000 90.175437
14.600000 90.066496
14.700000 89.957622
14.800000 89.848813
14.900000 89.740070
15.000000 89.631393
15.100000 89.522782
15.200000 89.414236
15.300000 89.305757
15.400000 89.197343
15.500000 89.088995
15.600000 88.980714
15.700000 88.872497
15.800000 88.764347
15.900000 88.656263
16.000000 88.548244
16.100000 88.440291
16.200000 88.332404
16.300000 88.224583
16.400000 88.116828
16.500000 88.009139
16.600000 87.901515
16.700000 87.793958
16.800000 87.686466
16.900000 87.579040
17.000000 87.471680
17.100000 87.364385
17.200000 87.257157
17.300000 87.149994
17.400000 87.042898
17.500000 86.935867
17.600000 86.828902
17.700000 86.722002
17.800000 86.615169
17.900000 86.508402
18.000000 86.401700
18.100000 86.295064
18.200000 86.188494
18.300000 86.081990
18.400000 85.975552
18.500000 85.869179
18.600000 85.762872
18.700000 85.656632
18.800000 85.550457
18.900000 85.444348
19.000000 85.338304
19.100000 85.232327
19.200000 85.126415
19.300000 85.020570
19.400000 84.914790
19.500000 84.809076
19.600000 84.703428
19.700000 84.597845
19.800000 84.492329
19.900000 84.386878
20.000000 84.281494
20.100000 84.176175
20.200000 84.070921
20.300000 83.965734
20.400000 83.860613
20.500000 83.755557
20.600000 83.650568
20.700000 83.545644
20.800000 83.440786
20.900000 83.335993
21.000000 83.231267
21.100000 83.126607
21.200000 83.022012
21.300000 82.917483
21.400000 82.813020
21.500000 82.708623
21.600000 82.604292
21.700000 82.500026
21.800000 82.395827
21.900000 82.291693
22.000000 82.187625
22.100000 82.083623
22.200000 81.979687
22.300000 81.875817
22.400000 81.772012
22.500000 81.668273
22.600000 81.564601
22.700000 81.460994
22.800000 81.357452
22.900000 81.253977
23.000000 81.150568
23.100000 81.047224
23.200000 80.943946
23.300000 80.840734
23.400000 80.737588
23.500000 80.634508
23.600000 80.531494
23.700000 80.428545
23.800000 80.325663
23.900000 80.222846
24.000000 80.120095
24.100000 80.017410
24.200000 79.914790
24.300000 79.812237
24.400000 79.709749
24.500000 79.607327
24.600000 79.504972
24.700000 79.402681
24.800000 79.300457
24.900000 79.198299
25.000000 79.096206
25.100000 78.994180
25.200000 78.892219
25.300000 78.790324
25.400000 78.688495
25.500000 78.586731
25.600000 78.485034
25.700000 78.383402
25.800000 78.281836
25.900000 78.180336
26.000000 78.078902
26.100000 77.977534
26.200000 77.876232
26.300000 77.774995
26.400000 77.673824
26.500000 77.572720
26.600000 77.471681
26.700000 77.370707
26.800000 77.269800
26.900000 77.168959
27.000000 77.068183
27.100000 76.967473
27.200000 76.866829
27.300000 76.766251
27.400000 76.665739
27.500000 76.565292
27.600000 76.464912
27.700000 76.364597
27.800000 76.264348
27.900000 76.164165
28.000000 76.064048
28.100000 75.963997
28.200000 75.864011
28.300000 75.764091
28.400000 75.664238
28.500000 75.564450
28.600000 75.464727
28.700000 75.365071
28.800000 75.265481
28.900000 75.165956
29.000000 75.066497
29.100000 74.967104
29.200000 74.867777
29.300000 74.768516
29.400000 74.669321
29.500000 74.570191
29.600000 74.471128
29.700000 74.372130
29.800000 74.273198
29.900000 74.174332
30.000000 74.075531
30.100000 73.976797
30.200000 73.878128
30.300000 73.779526
30.400000 73.680989
30.500000 73.582518
30.600000 73.484112
30.700000 73.385773
30.800000 73.287499
30.900000 73.189292
31.000000 73.091150
31.100000 72.993074
31.200000 72.895064
31.300000 72.797119
31.400000 72.699241
31.500000 72.601428
31.600000 72.503682
31.700000 72.406001
31.800000 72.308386
31.900000 72.210836
32.000000 72.113353
32.100000 72.015935
32.200000 71.918584
32.300000 71.821298
32.400000 71.724078
32.500000 71.626924
32.600000 71.529835
32.700000 71.432813
32.800000 71.335856
32.900000 71.238965
33.000000 71.142140
33.100000 71.045381
33.200000 70.948688
33.300000 70.852061
33.400000 70.755499
33.500000 70.659003
33.600000 70.562573
33.700000 70.466209
33.800000 70.369911
33.900000 70.273679
34.000000 70.177512
34.100000 70.081412
34.200000 69.985377
34.300000 69.889408
34.400000 69.793505
34.500000 69.697667
34.600000 69.601896
34.700000 69.506190
34.800000 69.410551
34.900000 69.314977
35.000000 69.219469
35.100000 69.124027
35.200000 69.028650
35.300000 68.933340
35.400000 68.838095
35.500000 68.742916
35.600000 68.647803
35.700000 68.552756
35.800000 68.457775
35.900000 68.362859
36.000000 68.268010
36.100000 68.173226
36.200000 68.078508
36.300000 67.983856
36.400000 67.889270
36.500000 67.794749
36.600000 67.700295
36.700000 67.605906
36.800000 67.511583
36.900000 67.417326
37.000000 67.323135
37.100000 67.229010
37.200000 67.134950
37.300000 67.040957
37.400000 66.947029
37.500000 66.853167
37.600000 66.759371
37.700000 66.665641
37.800000 66.571976
37.900000 66.478378
38.000000 66.384845
38.100000 66.291378
38.200000 66.197977
38.300000 66.104642
38.400000 66.011373
38.500000 65.918169
38.600000 65.825032
38.700000 65.731960
38.800000 65.638954
38.900000 65.546014
39.000000 65.453140
39.100000 65.360331
39.200000 65.267589
39.300000 65.174912
39.400000 65.082301
39.500000 64.989756
39.600000 64.897277
39.700000 64.804863
39.800000 64.712516
39.900000 64.620234
40.000000 64.528018
40.100000 64.435869
40.200000 64.343784
40.300000 64.251766
40.400000 64.159814
40.500000 64.067927
40.600000 63.976106
40.700000 63.884351
40.800000 63.792662
40.900000 63.701039
41.000000 63.609482
41.100000 63.517990
41.200000 63.426565
41.300000 63.335205
41.400000 63.243911
41.500000 63.152683
41.600000 63.061520
41.700000 62.970424
41.800000 62.879393
41.900000 62.788429
42.000000 62.697530
42.100000 62.606697
42.200000 62.515929
42.300000 62.425228
42.400000 62.334593
42.500000 62.244023
42.600000 62.153519
42.700000 62.063081
42.800000 61.972709
42.900000 61.882403
43.000000 61.792162
43.100000 61.701988
43.200000 61.611879
43.300000 61.521836
43.400000 61.431859
43.500000 61.341948
43.600000 61.252102
43.700000 61.162323
43.800000 61.072609
43.900000 60.982961
44.000000 60.893379
44.100000 60.803863
44.200000 60.714413
44.300000 60.625028
44.400000 60.535709
44.500000 60.446457
44.600000 60.357270
44.700000 60.268149
44.800000 60.179093
44.900000 60.090104
45.000000 60.001180
45.100000 59.912323
45.200000 59.823531
45.300000 59.734805
45.400000 59.646145
45.500000 59.557550
45.600000 59.469022
45.700000 59.380559
45.800000 59.292162
45.900000 59.203831
46.000000 59.115566
46.100000 59.027367
46.200000 58.939234
46.300000 58.851166
46.400000 58.763164
46.500000 58.675228
46.600000 58.587358
46.700000 58.499554
46.800000 58.411816
46.900000 58.324143
47.000000 58.236537
47.100000 58.148996
47.200000 58.061521
47.300000 57.974112
47.400000 57.886768
47.500000 57.799491
47.600000 57.712279
47.700000 57.625134
47.800000 57.538054
47.900000 57.451040
48.000000 57.364092
48.100000 57.277209
48.200000 57.190393
48.300000 57.103642
48.400000 57.016957
48.500000 56.930338
48.600000 56.843785
48.700000 56.757298
48.800000 56.670876
48.900000 56.584521
49.000000 56.498231
49.100000 56.412007
49.200000 56.325849
49.300000 56.239757
49.400000 56.153730
49.500000 56.067770
49.600000 55.981875
49.700000 55.896046
49.800000 55.810283
49.900000 55.724586
50.000000 55.638955
50.100000 55.553389
50.200000 55.467890
50.300000 55.382456
50.400000 55.297088
50.500000 55.211786
50.600000 55.126550
50.700000 55.041379
50.800000 54.956275
50.900000 54.871236
51.000000 54.786263
51.100000 54.701356
51.200000 54.616515
51.300000 54.531739
51.400000 54.447030
51.500000 54.362386
51.600000 54.277809
51.700000 54.193297
51.800000 54.108851
51.900000 54.024470
52.000000 53.940156
52.100000 53.855907
52.200000 53.771725
52.300000 53.687608
52.400000 53.603557
52.500000 53.519571
52.600000 53.435652
52.700000 53.351799
52.800000 53.268011
52.900000 53.184289
53.000000 53.100633
53.100000 53.017043
53.200000 52.933519
53.300000 52.850060
53.400000 52.766668
53.500000 52.683341
53.600000 52.600080
53.700000 52.516885
53.800000 52.433756
53.900000 52.350692
54.000000 52.267695
54.100000 52.184763
54.200000 52.101897
54.300000 52.019097
54.400000 51.936363
54.500000 51.853695
54.600000 51.771093
54.700000 51.688556
54.800000 51.606085
54.900000 51.523680
55.000000 51.441341
55.100000 51.359068
55.200000 51.276861
55.300000 51.194719
55.400000 51.112643
55.500000 51.030634
55.600000 50.948690
55.700000 50.866811
55.800000 50.784999
55.900000 50.703253
56.000000 50.621572
56.100000 50.539957
56.200000 50.458408
56.300000 50.376925
56.400000 50.295508
56.500000 50.214157
56.600000 50.132871
56.700000 50.051651
56.800000 49.970497
56.900000 49.889409
57.000000 49.808387
57.100000 49.727431
57.200000 49.646541
57.300000 49.565716
57.400000 49.484957
57.500000 49.404264
57.600000 49.323637
57.700000 49.243076
57.800000 49.162580
57.900000 49.082151
58.000000 49.001787
58.100000 48.921489
58.200000 48.841257
58.300000 48.761091
58.400000 48.680991
58.500000 48.600956
58.600000 48.520987
58.700000 48.441085
58.800000 48.361248
58.900000 48.281477
59.000000 48.201771
59.100000 48.122132
59.200000 48.042558
59.300000 47.963051
59.400000 47.883609
59.500000 47.804233
59.600000 47.724922
59.700000 47.645678
59.800000 47.566500
59.900000 47.487387
60.000000 47.408340
60.100000 47.329359
60.200000 47.250444
60.300000 47.171595
60.400000 47.092811
60.500000 47.014094
60.600000 46.935442
60.700000 46.856856
60.800000 46.778336
60.900000 46.699882
61.000000 46.621493
61.100000 46.543171
61.200000 46.464914
61.300000 46.386723
61.400000 46.308598
61.500000 46.230539
61.600000 46.152546
61.700000 46.074618
61.800000 45.996757
61.900000 45.918961
62.000000 45.841231
62.100000 45.763567
62.200000 45.685969
62.300000 45.608436
62.400000 45.530970
62.500000 45.453569
62.600000 45.376234
62.700000 45.298965
62.800000 45.221762
62.900000 45.144625
63.000000 45.067553
63.100000 44.990548
63.200000 44.913608
63.300000 44.836734
63.400000 44.759926
63.500000 44.683184
63.600000 44.606507
63.700000 44.529897
63.800000 44.453352
63.900000 44.376873
64.000000 44.300460
64.100000 44.224113
64.200000 44.147832
64.300000 44.071616
64.400000 43.995466
64.500000 43.919383
64.600000 43.843365
64.700000 43.767412
64.800000 43.691526
64.900000 43.615706
65.000000 43.539951
65.100000 43.464263
65.200000 43.388640
65.300000 43.313083
65.400000 43.237591
65.500000 43.162166
65.600000 43.086807
65.700000 43.011513
65.800000 42.936285
65.900000 42.861123
66.000000 42.786027
66.100000 42.710997
66.200000 42.636032
66.300000 42.561134
66.400000 42.486301
66.500000 42.411534
66.600000 42.336833
66.700000 42.262198
66.800000 42.187628
66.900000 42.113125
67.000000 42.038687
67.100000 41.964315
67.200000 41.890009
67.300000 41.815769
67.400000 41.741595
67.500000 41.667486
67.600000 41.593444
67.700000 41.519467
67.800000 41.445556
67.900000 41.371711
68.000000 41.297932
68.100000 41.224218
68.200000 41.150571
68.300000 41.076989
68.400000 41.003473
68.500000 40.930023
68.600000 40.856639
68.700000 40.783321
68.800000 40.710068
68.900000 40.636882
69.000000 40.563761
69.100000 40.490706
69.200000 40.417717
69.300000 40.344794
69.400000 40.271936
69.500000 40.199145
69.600000 40.126419
69.700000 40.053759
69.800000 39.981165
69.900000 39.908637
70.000000 39.836175
70.100000 39.763778
70.200000 39.691448
70.300000 39.619183
70.400000 39.546984
70.500000 39.474851
70.600000 39.402783
70.700000 39.330782
70.800000 39.258846
70.900000 39.186977
71.000000 39.115173
71.100000 39.043435
71.200000 38.971763
71.300000 38.900156
71.400000 38.828616
71.500000 38.757141
71.600000 38.685732
71.700000 38.614389
71.800000 38.543112
71.900000 38.471901
72.000000 38.400755
72.100000 38.329676
72.200000 38.258662
72.300000 38.187714
72.400000 38.116832
72.500000 38.046016
72.600000 37.975266
72.700000 37.904581
72.800000 37.833962
72.900000 37.763410
73.000000 37.692923
73.100000 37.622501
73.200000 37.552146
73.300000 37.481857
73.400000 37.411633
73.500000 37.341475
73.600000 37.271383
73.700000 37.201357
73.800000 37.131397
73.900000 37.061503
74.000000 36.991674
74.100000 36.921912
74.200000 36.852215
74.300000 36.782584
74.400000 36.713019
74.500000 36.643519
74.600000 36.574086
74.700000 36.504718
74.800000 36.435416
74.900000 36.366180
75.000000 36.297010
75.100000 36.227906
75.200000 36.158868
75.300000 36.089895
75.400000 36.020988
75.500000 35.952148
75.600000 35.883373
75.700000 35.814663
75.800000 35.746020
75.900000 35.677443
76.000000 35.608931
76.100000 35.540485
76.200000 35.472105
76.300000 35.403791
76.400000 35.335543
76.500000 35.267360
76.600000 35.199244
76.700000 35.131193
76.800000 35.063208
76.900000 34.995289
77.000000 34.927436
77.100000 34.859649
77.200000 34.791927
77.300000 34.724272
77.400000 34.656682
77.500000 34.589158
77.600000 34.521700
77.700000 34.454307
77.800000 34.386981
77.900000 34.319720
78.000000 34.252526
78.100000 34.185397
78.200000 34.118334
78.300000 34.051337
78.400000 33.984405
78.500000 33.917540
78.600000 33.850740
78.700000 33.784006
78.800000 33.717338
78.900000 33.650736
79.000000 33.584200
79.100000 33.517729
79.200000 33.451325
79.300000 33.384986
79.400000 33.318713
79.500000 33.252506
79.600000 33.186365
79.700000 33.120289
79.800000 33.054280
79.900000 32.988336
80.000000 32.922458
80.100000 32.856646
80.200000 32.790900
80.300000 32.725220
80.400000 32.659605
80.500000 32.594057
80.600000 32.528574
80.700000 32.463157
80.800000 32.397806
80.900000 32.332521
81.000000 32.267301
81.100000 32.202148
81.200000 32.137060
81.300000 32.072038
81.400000 32.007082
81.500000 31.942192
81.600000 31.877368
81.700000 31.812609
81.800000 31.747917
81.900000 31.683290
82.000000 31.618729
82.100000 31.554234
82.200000 31.489805
82.300000 31.425441
82.400000 31.361144
82.500000 31.296912
82.600000 31.232746
82.700000 31.168646
82.800000 31.104612
82.900000 31.040644
83.000000 30.976741
83.100000 30.912904
83.200000 30.849134
83.300000 30.785429
83.400000 30.721790
83.500000 30.658216
83.600000 30.594709
83.700000 30.531267
83.800000 30.467892
83.900000 30.404582
84.000000 30.341338
84.100000 30.278159
84.200000 30.215047
84.300000 30.152001
84.400000 30.089020
84.500000 30.026105
84.600000 29.963256
84.700000 29.900473
84.800000 29.837756
84.900000 29.775104
85.000000 29.712519
85.100000 29.649999
85.200000 29.587545
85.300000 29.525157
85.400000 29.462835
85.500000 29.400578
85.600000 29.338388
85.700000 29.276263
85.800000 29.214204
85.900000 29.152211
86.000000 29.090284
86.100000 29.028423
86.200000 28.966627
86.300000 28.904898
86.400000 28.843234
86.500000 28.781636
86.600000 28.720104
86.700000 28.658638
86.800000 28.597238
86.900000 28.535903
87.000000 28.474634
87.100000 28.413431
87.200000 28.352294
87.300000 28.291223
87.400000 28.230218
87.500000 28.169278
87.600000 28.108405
87.700000 28.047597
87.800000 27.986855
87.900000 27.926179
88.000000 27.865569
88.100000 27.805024
88.200000 27.744546
88.300000 27.684133
88.400000 27.623786
88.500000 27.563505
88.600000 27.503290
88.700000 27.443141
88.800000 27.383057
88.900000 27.323040
89.000000 27.263088
89.100000 27.203202
89.200000 27.143382
89.300000 27.083627
89.400000 27.023939
89.500000 26.964316
89.600000 26.904760
89.700000 26.845269
89.800000 26.785844
89.900000 26.726485
90.000000 26.667191
90.100000 26.607964
90.200000 26.548802
90.300000 26.489706
90.400000 26.430676
90.500000 26.371712
90.600000 26.312814
90.700000 26.253982
90.800000 26.195215
90.900000 26.136514
91.000000 26.077879
91.100000 26.019310
91.200000 25.960807
91.300000 25.902370
91.400000 25.843998
91.500000 25.785692
91.600000 25.727453
91.700000 25.669279
91.800000 25.611171
91.900000 25.553128
92.000000 25.495152
92.100000 25.437241
92.200000 25.379396
92.300000 25.321618
92.400000 25.263904
92.500000 25.206257
92.600000 25.148676
92.700000 25.091160
92.800000 25.033711
92.900000 24.976327
93.000000 24.919009
93.100000 24.861757
93.200000 24.804570
93.300000 24.747450
93.400000 24.690395
93.500000 24.633406
93.600000 24.576484
93.700000 24.519626
93.800000 24.462835
93.900000 24.406110
94.000000 24.349450
94.100000 24.292857
94.200000 24.236329
94.300000 24.179867
94.400000 24.123470
94.500000 24.067140
94.600000 24.010876
94.700000 23.954677
94.800000 23.898544
94.900000 23.842477
95.000000 23.786476
95.100000 23.730541
95.200000 23.674672
95.300000 23.618868
95.400000 23.563130
95.500000 23.507458
95.600000 23.451852
95.700000 23.396312
95.800000 23.340838
95.900000 23.285429
96.000000 23.230087
96.100000 23.174810
96.200000 23.119599
96.300000 23.064454
96.400000 23.009374
96.500000 22.954361
96.600000 22.899413
96.700000 22.844532
96.800000 22.789716
96.900000 22.734966
97.000000 22.680282
97.100000 22.625663
97.200000 22.571111
97.300000 22.516624
97.400000 22.462203
97.500000 22.407848
97.600000 22.353559
97.700000 22.299336
97.800000 22.245178
97.900000 22.191087
98.000000 22.137061
98.100000 22.083101
98.200000 22.029207
98.300000 21.975379
98.400000 21.921616
98.500000 21.867920
98.600000 21.814289
98.700000 21.760724
98.800000 21.707225
98.900000 21.653792
99.000000 21.600425
99.100000 21.547123
99.200000 21.493888
99.300000 21.440718
99.400000 21.387614
99.500000 21.334576
99.600000 21.281604
99.700000 21.228697
99.800000 21.175857
99.900000 21.123082
100.000000 21.070373
100.100000 21.017730
100.200000 20.965153
100.300000 20.912642
100.400000 20.860196
100.500000 20.807817
100.600000 20.755503
100.700000 20.703255
100.800000 20.651073
100.900000 20.598957
101.000000 20.546906
101.100000 20.494922
101.200000 20.443003
101.300000 20.391150
101.400000 20.339363
101.500000 20.287642
101.600000 20.235987
101.700000 20.184397
101.800000 20.132873
101.900000 20.081416
102.000000 20.030024
102.100000 19.978698
102.200000 19.927437
102.300000 19.876243
102.400000 19.825114
102.500000 19.774052
102.600000 19.723055
102.700000 19.672124
102.800000 19.621258
102.900000 19.570459
103.000000 19.519726
103.100000 19.469058
103.200000 19.418456
103.300000 19.367920
103.400000 19.317450
103.500000 19.267046
103.600000 19.216707
103.700000 19.166435
103.800000 19.116228
103.900000 19.066087
104.000000 19.016012
104.100000 18.966003
104.200000 18.916059
104.300000 18.866182
104.400000 18.816370
104.500000 18.766624
104.600000 18.716944
104.700000 18.667330
104.800000 18.617782
104.900000 18.568299
105.000000 18.518883
105.100000 18.469532
105.200000 18.420247
105.300000 18.371028
105.400000 18.321875
105.500000 18.272787
105.600000 18.223766
105.700000 18.174810
105.800000 18.125920
105.900000 18.077096
106.000000 18.028338
106.100000 17.979646
106.200000 17.931019
106.300000 17.882459
106.400000 17.833964
106.500000 17.785535
106.600000 17.737172
106.700000 17.688875
106.800000 17.640643
106.900000 17.592478
107.000000 17.544378
107.100000 17.496344
107.200000 17.448376
107.300000 17.400474
107.400000 17.352638
107.500000 17.304867
107.600000 17.257163
107.700000 17.209524
107.800000 17.161951
107.900000 17.114444
108.000000 17.067002
108.100000 17.019627
108.200000 16.972317
108.300000 16.925074
108.400000 16.877896
108.500000 16.830784
108.600000 16.783738
108.700000 16.736757
108.800000 16.689843
108.900000 16.642994
109.000000 16.596211
109.100000 16.549494
109.200000 16.502843
109.300000 16.456258
109.400000 16.409738
109.500000 16.363285
109.600000 16.316897
109.700000 16.270575
109.800000 16.224319
109.900000 16.178129
110.000000 16.132005
110.100000 16.085946
110.200000 16.039953
110.300000 15.994027
110.400000 15.948166
110.500000 15.902370
110.600000 15.856641
110.700000 15.810978
110.800000 15.765380
110.900000 15.719848
111.000000 15.674382
111.100000 15.628982
111.200000 15.583648
111.300000 15.538380
111.400000 15.493177
111.500000 15.448041
111.600000 15.402970
111.700000 15.357965
111.800000 15.313026
111.900000 15.268152
112.000000 15.223345
112.100000 15.178603
112.200000 15.133927
112.300000 15.089317
112.400000 15.044773
112.500000 15.000295
112.600000 14.955883
112.700000 14.911536
112.800000 14.867255
112.900000 14.823041
113.000000 14.778892
113.100000 14.734808
113.200000 14.690791
113.300000 14.646840
113.400000 14.602954
113.500000 14.559134
113.600000 14.515380
113.700000 14.471692
113.800000 14.428070
113.900000 14.384513
114.000000 14.341023
114.100000 14.297598
114.200000 14.254239
114.300000 14.210946
114.400000 14.167719
114.500000 14.124558
114.600000 14.081462
114.700000 14.038433
114.800000 13.995469
114.900000 13.952571
115.000000 13.909739
115.100000 13.866972
115.200000 13.824272
115.300000 13.781637
115.400000 13.739069
115.500000 13.696566
115.600000 13.654129
115.700000 13.611758
115.800000 13.569452
115.900000 13.527213
116.000000 13.485039
116.100000 13.442931
116.200000 13.400889
116.300000 13.358913
116.400000 13.317003
116.500000 13.275158
116.600000 13.233380
116.700000 13.191667
116.800000 13.150020
116.900000 13.108439
117.000000 13.066924
117.100000 13.025474
117.200000 12.984091
117.300000 12.942773
117.400000 12.901521
117.500000 12.860335
117.600000 12.819215
117.700000 12.778161
117.800000 12.737172
117.900000 12.696250
118.000000 12.655393
118.100000 12.614602
118.200000 12.573877
118.300000 12.533218
118.400000 12.492624
118.500000 12.452097
118.600000 12.411635
118.700000 12.371239
118.800000 12.330909
118.900000 12.290645
119.000000 12.250447
119.100000 12.210314
119.200000 12.170248
119.300000 12.130247
119.400000 12.090312
119.500000 12.050443
119.600000 12.010640
119.700000 11.970902
119.800000 11.931231
119.900000 11.891625
120.000000 11.852085
120.100000 11.812611
120.200000 11.773203
120.300000 11.733860
120.400000 11.694584
120.500000 11.655373
120.600000 11.616229
120.700000 11.577150
120.800000 11.538136
120.900000 11.499189
121.000000 11.460308
121.100000 11.421492
121.200000 11.382742
121.300000 11.344059
121.400000 11.305441
121.500000 11.266888
121.600000 11.228402
121.700000 11.189981
121.800000 11.151627
121.900000 11.113338
122.000000 11.075115
122.100000 11.036958
122.200000 10.998867
122.300000 10.960841
122.400000 10.922882
122.500000 10.884988
122.600000 10.847160
122.700000 10.809398
122.800000 10.771702
122.900000 10.734071
123.000000 10.696507
123.100000 10.659008
123.200000 10.621575
123.300000 10.584208
123.400000 10.546907
123.500000 10.509672
123.600000 10.472502
123.700000 10.435399
123.800000 10.398361
123.900000 10.361389
124.000000 10.324483
124.100000 10.287643
124.200000 10.250868
124.300000 10.214160
124.400000 10.177517
124.500000 10.140940
124.600000 10.104429
124.700000 10.067984
124.800000 10.031605
124.900000 9.995291
125.000000 9.959044
125.100000 9.922862
125.200000 9.886746
125.300000 9.850696
125.400000 9.814712
125.500000 9.778793
125.600000 9.742941
125.700000 9.707154
125.800000 9.671433
125.900000 9.635778
126.000000 9.600189
126.100000 9.564666
126.200000 9.529208
126.300000 9.493816
126.400000 9.458491
126.500000 9.423231
126.600000 9.388037
126.700000 9.352908
126.800000 9.317846
126.900000 9.282849
127.000000 9.247919
127.100000 9.213054
127.200000 9.178255
127.300000 9.143521
127.400000 9.108854
127.500000 9.074253
127.600000 9.039717
127.700000 9.005247
127.800000 8.970843
127.900000 8.936505
128.000000 8.902233
128.100000 8.868026
128.200000 8.833886
128.300000 8.799811
128.400000 8.765802
128.500000 8.731859
128.600000 8.697982
128.700000 8.664170
128.800000 8.630425
128.900000 8.596745
129.000000 8.563131
129.100000 8.529583
129.200000 8.496101
129.300000 8.462685
129.400000 8.429335
129.500000 8.396050
129.600000 8.362831
129.700000 8.329678
129.800000 8.296591
129.900000 8.263570
130.000000 8.230615
130.100000 8.197725
130.200000 8.164901
130.300000 8.132144
130.400000 8.099452
130.500000 8.066825
130.600000 8.034265
130.700000 8.001771
130.800000 7.969342
130.900000 7.936979
131.000000 7.904682
131.100000 7.872451
131.200000 7.840286
131.300000 7.808187
131.400000 7.776153
131.500000 7.744185
131.600000 7.712283
131.700000 7.680447
131.800000 7.648677
131.900000 7.616973
132.000000 7.585334
132.100000 7.553762
132.200000 7.522255
132.300000 7.490814
132.400000 7.459439
132.500000 7.428130
132.600000 7.396886
132.700000 7.365709
132.800000 7.334597
132.900000 7.303551
133.000000 7.272571
133.100000 7.241657
133.200000 7.210809
133.300000 7.180026
133.400000 7.149309
133.500000 7.118659
133.600000 7.088074
133.700000 7.057554
133.800000 7.027101
133.900000 6.996714
134.000000 6.966392
134.100000 6.936136
134.200000 6.905947
134.300000 6.875823
134.400000 6.845764
134.500000 6.815772
134.600000 6.785845
134.700000 6.755985
134.800000 6.726190
134.900000 6.696461
135.000000 6.666798
135.100000 6.637201
135.200000 6.607669
135.300000 6.578203
135.400000 6.548804
135.500000 6.519470
135.600000 6.490202
135.700000 6.461000
135.800000 6.431863
135.900000 6.402793
136.000000 6.373788
136.100000 6.344849
136.200000 6.315976
136.300000 6.287169
136.400000 6.258428
136.500000 6.229752
136.600000 6.201143
136.700000 6.172599
136.800000 6.144121
136.900000 6.115709
137.000000 6.087363
137.100000 6.059082
137.200000 6.030868
137.300000 6.002719
137.400000 5.974636
137.500000 5.946619
137.600000 5.918668
137.700000 5.890783
137.800000 5.862963
137.900000 5.835209
138.000000 5.807522
138.100000 5.779900
138.200000 5.752344
138.300000 5.724853
138.400000 5.697429
138.500000 5.670070
138.600000 5.642778
138.700000 5.615551
138.800000 5.588390
138.900000 5.561295
139.000000 5.534265
139.100000 5.507302
139.200000 5.480404
139.300000 5.453572
139.400000 5.426806
139.500000 5.400106
139.600000 5.373472
139.700000 5.346904
139.800000 5.320401
139.900000 5.293964
140.000000 5.267593
140.100000 5.241288
140.200000 5.215049
140.300000 5.188876
140.400000 5.162768
140.500000 5.136727
140.600000 5.110751
140.700000 5.084841
140.800000 5.058997
140.900000 5.033218
141.000000 5.007506
141.100000 4.981859
141.200000 4.956279
141.300000 4.930764
141.400000 4.905315
141.500000 4.879931
141.600000 4.854614
141.700000 4.829363
141.800000 4.804177
141.900000 4.779057
142.000000 4.754003
142.100000 4.729015
142.200000 4.704093
142.300000 4.679236
142.400000 4.654445
142.500000 4.629721
142.600000 4.605062
142.700000 4.580469
142.800000 4.555941
142.900000 4.531480
143.000000 4.507085
143.100000 4.482755
143.200000 4.458491
143.300000 4.434293
143.400000 4.410161
143.500000 4.386095
143.600000 4.362094
143.700000 4.338159
143.800000 4.314291
143.900000 4.290488
144.000000 4.266751
144.100000 4.243079
144.200000 4.219474
144.300000 4.195934
144.400000 4.172461
144.500000 4.149053
144.600000 4.125711
144.700000 4.102435
144.800000 4.079224
144.900000 4.056080
145.000000 4.033001
145.100000 4.009988
145.200000 3.987041
145.300000 3.964160
145.400000 3.941345
145.500000 3.918596
145.600000 3.895912
145.700000 3.873294
145.800000 3.850742
145.900000 3.828256
146.000000 3.805836
146.100000 3.783482
146.200000 3.761193
146.300000 3.738971
146.400000 3.716814
146.500000 3.694723
146.600000 3.672698
146.700000 3.650738
146.800000 3.628845
146.900000 3.607017
147.000000 3.585256
147.100000 3.563560
147.200000 3.541930
147.300000 3.520366
147.400000 3.498867
147.500000 3.477435
147.600000 3.456068
147.700000 3.434767
147.800000 3.413532
147.900000 3.392363
148.000000 3.371260
148.100000 3.350222
148.200000 3.329251
148.300000 3.308345
148.400000 3.287505
148.500000 3.266731
148.600000 3.246023
148.700000 3.225380
148.800000 3.204804
148.900000 3.184293
149.000000 3.163848
149.100000 3.143469
149.200000 3.123156
149.300000 3.102909
149.400000 3.082727
149.500000 3.062612
149.600000 3.042562
149.700000 3.022578
149.800000 3.002660
149.900000 2.982808
150.000000 2.963021
150.100000 2.943301
150.200000 2.923646
150.300000 2.904057
150.400000 2.884534
150.500000 2.865077
150.600000 2.845686
150.700000 2.826360
150.800000 2.807100
150.900000 2.787907
151.000000 2.768779
151.100000 2.749717
151.200000 2.730720
151.300000 2.711790
151.400000 2.692925
151.500000 2.674127
151.600000 2.655394
151.700000 2.636727
151.800000 2.618126
151.900000 2.599590
152.000000 2.581121
152.100000 2.562717
152.200000 2.544379
152.300000 2.526107
152.400000 2.507901
152.500000 2.489761
152.600000 2.471686
152.700000 2.453678
152.800000 2.435735
152.900000 2.417858
153.000000 2.400047
153.100000 2.382302
153.200000 2.364623
153.300000 2.347009
153.400000 2.329461
153.500000 2.311980
153.600000 2.294564
153.700000 2.277214
153.800000 2.259929
153.900000 2.242711
154.000000 2.225558
154.100000 2.208471
154.200000 2.191451
154.300000 2.174495
154.400000 2.157606
154.500000 2.140783
154.600000 2.124025
154.700000 2.107334
154.800000 2.090708
154.900000 2.074148
155.000000 2.057654
155.100000 2.041225
155.200000 2.024863
155.300000 2.008566
155.400000 1.992335
155.500000 1.976171
155.600000 1.960071
155.700000 1.944038
155.800000 1.928071
155.900000 1.912169
156.000000 1.896334
156.100000 1.880564
156.200000 1.864860
156.300000 1.849222
156.400000 1.833649
156.500000 1.818143
156.600000 1.802702
156.700000 1.787327
156.800000 1.772018
156.900000 1.756775
157.000000 1.741598
157.100000 1.726487
157.200000 1.711441
157.300000 1.696461
157.400000 1.681547
157.500000 1.666699
157.600000 1.651917
157.700000 1.637201
157.800000 1.622550
157.900000 1.607966
158.000000 1.593447
158.100000 1.578994
158.200000 1.564607
158.300000 1.550286
158.400000 1.536030
158.500000 1.521841
158.600000 1.507717
158.700000 1.493659
158.800000 1.479667
158.900000 1.465741
159.000000 1.451880
159.100000 1.438086
159.200000 1.424357
159.300000 1.410694
159.400000 1.397097
159.500000 1.383566
159.600000 1.370101
159.700000 1.356702
159.800000 1.343368
159.900000 1.330100
160.000000 1.316898
160.100000 1.303762
160.200000 1.290692
160.300000 1.277688
160.400000 1.264749
160.500000 1.251876
160.600000 1.239070
160.700000 1.226329
160.800000 1.213654
160.900000 1.201044
161.000000 1.188501
161.100000 1.176023
161.200000 1.163611
161.300000 1.151265
161.400000 1.138985
161.500000 1.126771
161.600000 1.114623
161.700000 1.102540
161.800000 1.090524
161.900000 1.078573
162.000000 1.066688
162.100000 1.054868
162.200000 1.043115
162.300000 1.031428
162.400000 1.019806
162.500000 1.008250
162.600000 0.996760
162.700000 0.985336
162.800000 0.973978
162.900000 0.962686
163.000000 0.951459
163.100000 0.940298
163.200000 0.929203
163.300000 0.918174
163.400000 0.907211
163.500000 0.896314
163.600000 0.885482
163.700000 0.874717
163.800000 0.864017
163.900000 0.853383
164.000000 0.842815
164.100000 0.832313
164.200000 0.821876
164.300000 0.811506
164.400000 0.801201
164.500000 0.790962
164.600000 0.780789
164.700000 0.770682
164.800000 0.760640
164.900000 0.750665
165.000000 0.740755
165.100000 0.730911
165.200000 0.721134
165.300000 0.711421
165.400000 0.701775
165.500000 0.692195
165.600000 0.682680
165.700000 0.673231
165.800000 0.663848
165.900000 0.654531
166.000000 0.645280
166.100000 0.636095
166.200000 0.626975
166.300000 0.617922
166.400000 0.608934
166.500000 0.600012
166.600000 0.591156
166.700000 0.582365
166.800000 0.573641
166.900000 0.564982
167.000000 0.556390
167.100000 0.547863
167.200000 0.539402
167.300000 0.531006
167.400000 0.522677
167.500000 0.514413
167.600000 0.506216
167.700000 0.498084
167.800000 0.490018
167.900000 0.482018
168.000000 0.474083
168.100000 0.466215
168.200000 0.458412
168.300000 0.450676
168.400000 0.443005
168.500000 0.435400
168.600000 0.427860
168.700000 0.420387
168.800000 0.412979
168.900000 0.405638
169.000000 0.398362
169.100000 0.391152
169.200000 0.384008
169.300000 0.376929
169.400000 0.369917
169.500000 0.362970
169.600000 0.356089
169.700000 0.349274
169.800000 0.342525
169.900000 0.335842
170.000000 0.329225
170.100000 0.322673
170.200000 0.316187
170.300000 0.309767
170.400000 0.303413
170.500000 0.297125
170.600000 0.290903
170.700000 0.284746
170.800000 0.278656
170.900000 0.272631
171.000000 0.266672
171.100000 0.260779
171.200000 0.254952
171.300000 0.249190
171.400000 0.243495
171.500000 0.237865
171.600000 0.232301
171.700000 0.226803
171.800000 0.221371
171.900000 0.216004
172.000000 0.210704
172.100000 0.205469
172.200000 0.200300
172.300000 0.195197
172.400000 0.190160
172.500000 0.185189
172.600000 0.180283
172.700000 0.175444
172.800000 0.170670
172.900000 0.165962
173.000000 0.161320
173.100000 0.156744
173.200000 0.152233
173.300000 0.147789
173.400000 0.143410
173.500000 0.139097
173.600000 0.134850
173.700000 0.130669
173.800000 0.126554
173.900000 0.122504
174.000000 0.118521
174.100000 0.114603
174.200000 0.110751
174.300000 0.106965
174.400000 0.103245
174.500000 0.099590
174.600000 0.096002
174.700000 0.092479
174.800000 0.089022
174.900000 0.085631
175.000000 0.082306
175.100000 0.079047
175.200000 0.075853
175.300000 0.072726
175.400000 0.069664
175.500000 0.066668
175.600000 0.063738
175.700000 0.060874
175.800000 0.058075
175.900000 0.055343
176.000000 0.052676
176.100000 0.050075
176.200000 0.047540
176.300000 0.045071
176.400000 0.042668
176.500000 0.040330
176.600000 0.038058
176.700000 0.035853
176.800000 0.033713
176.900000 0.031638
177.000000 0.029630
177.100000 0.027688
177.200000 0.025811
177.300000 0.024000
177.400000 0.022256
177.500000 0.020577
177.600000 0.018963
177.700000 0.017416
177.800000 0.015934
177.900000 0.014519
178.000000 0.013169
178.100000 0.011885
178.200000 0.010667
178.300000 0.009515
178.400000 0.008428
178.500000 0.007408
178.600000 0.006453
178.700000 0.005564
178.800000 0.004741
178.900000 0.003984
179.000000 0.003292
179.100000 0.002667
179.200000 0.002107
179.300000 0.001613
179.400000 0.001185
179.500000 0.000823
179.600000 0.000527
179.700000 0.000296
179.800000 0.000132
179.900000 0.000033
180.000000 0.000000
180.100000 0.000033
180.200000 0.000132
180.300000 0.000296
180.400000 0.000527
180.500000 0.000823
180.600000 0.001185
180.700000 0.001613
180.800000 0.002107
180.900000 0.002667
181.000000 0.003292
