0.000000000000000000e+00 4.489775471638377269e+01
1.000000000000000056e-01 4.421055525444038636e+01
2.000000000000000111e-01 4.352865979220327830e+01
3.000000000000000444e-01 4.285206832967241297e+01
4.000000000000000222e-01 4.218078086684782591e+01
5.000000000000000000e-01 4.151479740372951710e+01
6.000000000000000888e-01 4.085411794031747945e+01
7.000000000000000666e-01 4.019874247661169875e+01
8.000000000000000444e-01 3.954867101261217499e+01
9.000000000000000222e-01 3.890390354831894371e+01
1.000000000000000000e+00 3.826444008373196226e+01
1.100000000000000089e+00 3.763028061885126618e+01
1.200000000000000178e+00 3.700142515367683416e+01
1.300000000000000044e+00 3.637787368820865908e+01
1.400000000000000133e+00 3.575962622244675515e+01
1.500000000000000000e+00 3.514668275639112949e+01
1.600000000000000089e+00 3.453904329004176788e+01
1.700000000000000178e+00 3.393670782339867031e+01
1.800000000000000044e+00 3.333967635646182970e+01
1.900000000000000133e+00 3.274794888923127445e+01
2.000000000000000000e+00 3.216152542170699036e+01
2.100000000000000089e+00 3.158040595388896676e+01
2.200000000000000178e+00 3.100459048577721788e+01
2.300000000000000266e+00 3.043407901737172594e+01
2.400000000000000355e+00 2.986887154867251226e+01
2.500000000000000000e+00 2.930896807967956263e+01
2.600000000000000089e+00 2.875436861039288416e+01
2.700000000000000178e+00 2.820507314081246975e+01
2.800000000000000266e+00 2.766108167093832293e+01
2.900000000000000355e+00 2.712239420077044727e+01
3.000000000000000000e+00 2.658901073030883921e+01
3.100000000000000089e+00 2.606093125955350231e+01
3.200000000000000178e+00 2.553815578850443657e+01
3.300000000000000266e+00 2.502068431716162777e+01
3.400000000000000355e+00 2.450851684552509724e+01
3.500000000000000000e+00 2.400165337359483075e+01
3.600000000000000089e+00 2.350009390137083543e+01
3.700000000000000178e+00 2.300383842885310770e+01
3.800000000000000266e+00 2.251288695604164047e+01
3.900000000000000355e+00 2.202723948293644440e+01
4.000000000000000000e+00 2.154689600953752304e+01
4.100000000000000533e+00 2.107185653584486218e+01
4.200000000000000178e+00 2.060212106185848313e+01
4.299999999999999822e+00 2.013768958757835748e+01
4.400000000000000355e+00 1.967856211300451008e+01
4.500000000000000000e+00 1.922473863813693029e+01
4.600000000000000533e+00 1.877621916297560745e+01
4.700000000000000178e+00 1.833300368752057352e+01
4.800000000000000711e+00 1.789509221177179299e+01
4.900000000000000355e+00 1.746248473572928361e+01
5.000000000000000000e+00 1.703518125939304184e+01
5.100000000000000533e+00 1.661318178276306412e+01
5.200000000000000178e+00 1.619648630583936466e+01
5.300000000000000711e+00 1.578509482862192570e+01
5.400000000000000355e+00 1.537900735111075967e+01
5.500000000000000000e+00 1.497822387330585947e+01
5.600000000000000533e+00 1.458274439520722687e+01
5.700000000000000178e+00 1.419256891681486543e+01
5.800000000000000711e+00 1.380769743812876804e+01
5.900000000000000355e+00 1.342812995914894358e+01
6.000000000000000000e+00 1.305386647987538673e+01
6.100000000000000533e+00 1.268490700030809570e+01
6.200000000000000178e+00 1.232125152044707406e+01
6.300000000000000711e+00 1.196290004029232001e+01
6.400000000000000355e+00 1.160985255984383713e+01
6.500000000000000000e+00 1.126210907910162184e+01
6.600000000000000533e+00 1.091966959806567417e+01
6.700000000000000178e+00 1.058253411673599231e+01
6.800000000000000711e+00 1.025070263511257984e+01
6.900000000000000355e+00 9.924175153195436749e+00
7.000000000000000000e+00 9.602951670984564814e+00
7.100000000000000533e+00 9.287032188479958705e+00
7.200000000000000178e+00 8.976416705681620201e+00
7.300000000000000711e+00 8.671105222589549300e+00
7.400000000000000355e+00 8.371097739203747778e+00
7.500000000000000000e+00 8.076394255524215637e+00
7.600000000000000533e+00 7.786994771550948435e+00
7.700000000000000178e+00 7.502899287283954166e+00
7.800000000000000711e+00 7.224107802723223060e+00
7.900000000000000355e+00 6.950620317868764886e+00
8.000000000000000000e+00 6.682436832720574316e+00
8.099999999999999645e+00 6.419557347278652237e+00
8.200000000000001066e+00 6.161981861542993322e+00
8.300000000000000711e+00 5.909710375513607339e+00
8.400000000000000355e+00 5.662742889190489848e+00
8.500000000000000000e+00 5.421079402573640849e+00
8.599999999999999645e+00 5.184719915663059453e+00
8.700000000000001066e+00 4.953664428458743885e+00
8.800000000000000711e+00 4.727912940960698585e+00
8.900000000000000355e+00 4.507465453168923553e+00
9.000000000000000000e+00 4.292321965083415236e+00
9.099999999999999645e+00 4.082482476704176300e+00
9.200000000000001066e+00 3.877946988031201414e+00
9.300000000000000711e+00 3.678715499064498129e+00
9.400000000000000355e+00 3.484788009804063780e+00
9.500000000000000000e+00 3.296164520249897478e+00
9.600000000000001421e+00 3.112845030401996116e+00
9.700000000000001066e+00 2.934829540260367242e+00
9.800000000000000711e+00 2.762118049825005528e+00
9.900000000000000355e+00 2.594710559095912750e+00
1.000000000000000000e+01 2.432607068073087575e+00
1.010000000000000142e+01 2.275807576756528228e+00
1.020000000000000107e+01 2.124312085146240037e+00
1.030000000000000071e+01 1.978120593242220338e+00
1.040000000000000036e+01 1.837233101044469130e+00
1.050000000000000000e+01 1.701649608552985526e+00
1.060000000000000142e+01 1.571370115767768416e+00
1.070000000000000107e+01 1.446394622688821574e+00
1.080000000000000071e+01 1.326723129316143446e+00
1.090000000000000036e+01 1.212355635649733143e+00
1.100000000000000000e+01 1.103292141689591332e+00
1.110000000000000142e+01 9.995326474357159041e-01
1.120000000000000107e+01 9.010771528881108550e-01
1.130000000000000071e+01 8.079256580467738535e-01
1.140000000000000036e+01 7.200781629117052329e-01
1.150000000000000000e+01 6.375346674829048821e-01
1.160000000000000142e+01 5.602951717603715798e-01
1.170000000000000107e+01 4.883596757441078795e-01
1.180000000000000071e+01 4.217281794341124490e-01
1.190000000000000036e+01 3.604006828303853438e-01
1.200000000000000000e+01 3.043771859329263973e-01
1.210000000000000142e+01 2.536576887417349990e-01
1.220000000000000107e+01 2.082421912568128142e-01
1.230000000000000071e+01 1.681306934781588713e-01
1.240000000000000036e+01 1.333231954057732260e-01
1.250000000000000000e+01 1.038196970396558505e-01
1.260000000000000142e+01 7.962019837980635617e-02
1.270000000000000107e+01 6.072469942622561040e-02
1.280000000000000071e+01 4.713320017891314134e-02
1.290000000000000036e+01 3.884570063786896982e-02
1.300000000000000000e+01 3.586220080309306113e-02
1.310000000000000142e+01 3.553070082145128733e-02
1.320000000000000107e+01 3.519920083980952047e-02
1.330000000000000071e+01 3.486770085816774667e-02
1.340000000000000036e+01 3.453620087652597981e-02
1.350000000000000000e+01 3.420470089488422682e-02
1.360000000000000142e+01 3.387320091324245303e-02
1.370000000000000107e+01 3.354170093160067923e-02
1.380000000000000071e+01 3.321020094995891236e-02
1.390000000000000036e+01 3.287870096831714550e-02
1.400000000000000000e+01 3.254720098667537864e-02
1.410000000000000142e+01 3.221570100503359790e-02
1.420000000000000107e+01 3.188420102339183104e-02
1.430000000000000071e+01 3.155270104175006418e-02
1.440000000000000036e+01 3.122120106010829732e-02
1.450000000000000000e+01 3.088970107846653046e-02
1.460000000000000142e+01 3.055820109682475319e-02
1.470000000000000107e+01 3.022670111518298286e-02
1.480000000000000071e+01 2.989520113354121600e-02
1.490000000000000036e+01 2.956370115189944220e-02
1.500000000000000000e+01 2.923220117025767187e-02
1.510000000000000142e+01 2.890070118861590154e-02
1.520000000000000107e+01 2.856920120697413121e-02
1.530000000000000071e+01 2.823770122533236435e-02
1.540000000000000036e+01 2.790620124369059749e-02
1.550000000000000000e+01 2.757470126204882716e-02
1.560000000000000142e+01 2.724320128040705682e-02
1.570000000000000107e+01 2.691170129876528649e-02
1.580000000000000071e+01 2.658020131712351963e-02
1.590000000000000036e+01 2.624870133548174930e-02
1.600000000000000000e+01 2.591720135383997550e-02
1.610000000000000142e+01 2.558570137219820170e-02
1.619999999999999929e+01 2.525420139055644178e-02
1.630000000000000071e+01 2.492270140891467145e-02
1.640000000000000213e+01 2.459120142727289418e-02
1.650000000000000000e+01 2.425970144563113773e-02
1.660000000000000142e+01 2.392820146398936046e-02
1.669999999999999929e+01 2.359670148234759360e-02
1.680000000000000071e+01 2.326520150070582327e-02
1.690000000000000213e+01 2.293370151906404947e-02
1.700000000000000000e+01 2.260220153742228261e-02
1.710000000000000142e+01 2.227070155578050534e-02
1.719999999999999929e+01 2.193920157413874542e-02
1.730000000000000071e+01 2.160770159249697508e-02
1.740000000000000213e+01 2.127620161085519782e-02
1.750000000000000000e+01 2.094470162921344136e-02
1.760000000000000142e+01 2.061320164757166409e-02
1.769999999999999929e+01 2.028170166592989723e-02
1.780000000000000071e+01 1.995020168428812343e-02
1.790000000000000213e+01 1.961870170264634963e-02
1.800000000000000000e+01 1.928732353879399758e-02
1.810000000000000142e+01 1.895594537494162818e-02
1.819999999999999929e+01 1.862729204296644306e-02
1.830000000000000071e+01 1.829863871099123712e-02
1.840000000000000213e+01 1.797132711581371847e-02
1.850000000000000000e+01 1.764401552063621370e-02
1.860000000000000142e+01 1.731684220629645457e-02
1.869999999999999929e+01 1.698966889195670585e-02
1.880000000000000071e+01 1.666159615332560642e-02
1.890000000000000213e+01 1.633352341469451394e-02
1.900000000000000000e+01 1.600366814226659301e-02
1.910000000000000142e+01 1.567381286983866168e-02
1.920000000000000284e+01 1.534143782069085846e-02
1.930000000000000071e+01 1.500906277154306565e-02
1.940000000000000213e+01 1.467356780124707410e-02
1.950000000000000000e+01 1.433807283095109818e-02
1.960000000000000142e+01 1.399898862812876989e-02
1.970000000000000284e+01 1.365990442530644333e-02
1.980000000000000071e+01 1.331688615799345686e-02
1.990000000000000213e+01 1.297386789068045998e-02
2.000000000000000000e+01 1.262669008051701611e-02
2.010000000000000142e+01 1.227951227035355662e-02
2.020000000000000284e+01 1.192811918945518683e-02
2.030000000000000071e+01 1.157672610855682918e-02
2.040000000000000213e+01 1.122797782186371086e-02
2.050000000000000000e+01 1.087922953517060816e-02
2.060000000000000142e+01 1.054367232125572387e-02
2.070000000000000284e+01 1.020811510734084132e-02
2.080000000000000071e+01 9.888820251225555538e-03
2.090000000000000213e+01 9.569525395110255878e-03
2.100000000000000000e+01 9.265445370740315809e-03
2.110000000000000142e+01 8.961365346370365331e-03
2.120000000000000284e+01 8.671638311598497614e-03
2.130000000000000071e+01 8.381911276826638571e-03
2.140000000000000213e+01 8.105851932599354367e-03
2.150000000000000000e+01 7.829792588372084042e-03
2.160000000000000142e+01 7.566883534991338499e-03
2.170000000000000284e+01 7.303974481610595558e-03
2.180000000000000071e+01 7.053858034653991138e-03
2.190000000000000213e+01 6.803741587697379779e-03
2.200000000000000000e+01 6.566212234117560498e-03
2.210000000000000142e+01 6.328682880537735145e-03
2.220000000000000284e+01 6.103680199107699295e-03
2.230000000000000071e+01 5.878677517677671251e-03
2.240000000000000213e+01 5.666279494536920723e-03
2.250000000000000000e+01 5.453881471396176267e-03
2.260000000000000142e+01 5.254298224133885191e-03
2.270000000000000284e+01 5.054714976871593247e-03
2.280000000000000071e+01 4.868282819917290130e-03
2.290000000000000213e+01 4.681850662962980941e-03
2.300000000000000000e+01 4.508844530361011751e-03
2.310000000000000142e+01 4.335838397759034755e-03
2.320000000000000284e+01 4.172793748435001636e-03
2.330000000000000071e+01 4.009749099110973720e-03
2.340000000000000213e+01 3.856045846546353635e-03
2.350000000000000000e+01 3.702342593981739621e-03
2.360000000000000142e+01 3.557402818012576819e-03
2.370000000000000284e+01 3.412463042043414451e-03
2.380000000000000071e+01 3.275748660746380121e-03
2.390000000000000213e+01 3.139034279449341019e-03
2.400000000000000000e+01 3.010044750318533347e-03
2.410000000000000142e+01 2.881055221187721338e-03
2.420000000000000284e+01 2.759324545955698250e-03
2.430000000000000071e+01 2.637593870723678631e-03
2.440000000000000213e+01 2.522689216209341063e-03
2.450000000000000000e+01 2.407784561695007399e-03
2.460000000000000142e+01 2.299303660102202003e-03
2.470000000000000284e+01 2.190822758509396607e-03
2.480000000000000071e+01 2.088392278435340001e-03
2.490000000000000213e+01 1.985961798361279059e-03
2.500000000000000000e+01 1.889235111047476512e-03
2.510000000000000142e+01 1.792508423733670279e-03
2.520000000000000284e+01 1.701080835044750791e-03
2.530000000000000071e+01 1.609653246355834339e-03
2.540000000000000213e+01 1.523202475099958916e-03
2.550000000000000000e+01 1.436751703844086963e-03
2.560000000000000142e+01 1.354976035309060287e-03
2.570000000000000284e+01 1.273200366774033610e-03
2.580000000000000071e+01 1.195817724582395663e-03
2.590000000000000213e+01 1.118435082390755548e-03
2.600000000000000000e+01 1.045181640213708714e-03
2.610000000000000142e+01 9.719281980366588445e-04
2.620000000000000284e+01 9.025570650378633448e-04
2.630000000000000071e+01 8.331859320390703387e-04
2.640000000000000213e+01 7.674659683467945125e-04
2.650000000000000000e+01 7.017460046545211799e-04
2.660000000000000142e+01 6.394609243503454046e-04
2.670000000000000284e+01 5.771758440461697377e-04
2.680000000000000071e+01 5.181231991713550807e-04
2.690000000000000213e+01 4.590705542965383638e-04
2.700000000000000000e+01 4.030607365422909233e-04
2.710000000000000142e+01 3.470509187880415855e-04
2.720000000000000284e+01 2.939063586802450386e-04
2.730000000000000071e+01 2.407617985724502807e-04
2.740000000000000213e+01 1.902580547470109681e-04
2.750000000000000000e+01 1.397543109215735257e-04
2.760000000000000142e+01 9.176384761441865772e-05
2.770000000000000284e+01 4.377338430726376942e-05
2.780000000000000071e+01 -1.824593262764841935e-06
2.790000000000000213e+01 -4.742257083279498092e-05
2.800000000000000000e+01 -9.074245111422753608e-05
2.810000000000000142e+01 -1.340623313956616498e-04
2.820000000000000284e+01 -1.755244071685680221e-04
2.830000000000000071e+01 -2.169864829414729036e-04
2.840000000000000213e+01 -2.567093191195890284e-04
2.850000000000000000e+01 -2.964321552977036895e-04
2.860000000000000142e+01 -3.344569214804461038e-04
2.870000000000000284e+01 -3.724816876631885723e-04
2.880000000000000071e+01 -4.088852211603619417e-04
2.890000000000000213e+01 -4.452887546575365037e-04
2.900000000000000000e+01 -4.800477576979065263e-04
2.910000000000000142e+01 -5.148067607382776330e-04
2.920000000000000284e+01 -5.477519873832388314e-04
2.930000000000000071e+01 -5.806972140281988371e-04
2.940000000000000213e+01 -6.114558793617517161e-04
2.950000000000000000e+01 -6.422145446953036194e-04
2.960000000000000142e+01 -6.707040125581854428e-04
2.970000000000000284e+01 -6.991934804210673746e-04
2.980000000000000071e+01 -7.252047151738928894e-04
2.990000000000000213e+01 -7.512159499267190548e-04
3.000000000000000000e+01 -7.754874818641856486e-04
3.010000000000000142e+01 -7.997590138016528929e-04
3.020000000000000284e+01 -8.225043368782200331e-04
3.030000000000000071e+01 -8.452496599547865228e-04
3.040000000000000213e+01 -8.664847359488949720e-04
3.050000000000000000e+01 -8.877198119430024454e-04
3.060000000000000142e+01 -9.054601862164481530e-04
3.070000000000000284e+01 -9.232005604898939691e-04
3.080000000000000071e+01 -9.360294943235967103e-04
3.090000000000000213e+01 -9.488584281572998852e-04
3.100000000000000000e+01 -9.560870264921350874e-04
3.110000000000000142e+01 -9.633156248269706149e-04
3.120000000000000284e+01 -9.641982578899504835e-04
3.130000000000000071e+01 -9.650808909529304605e-04
3.140000000000000213e+01 -9.592260704600911927e-04
3.150000000000000000e+01 -9.533712499672520333e-04
3.160000000000000142e+01 -9.406962426117561858e-04
3.170000000000000284e+01 -9.280212352562602299e-04
3.180000000000000071e+01 -9.087138535585492652e-04
3.190000000000000213e+01 -8.894064718608371079e-04
3.200000000000000000e+01 -8.638933767309654515e-04
3.210000000000000142e+01 -8.383802816010927110e-04
3.220000000000000284e+01 -8.072998531222781542e-04
3.230000000000000426e+01 -7.762194246434631637e-04
3.239999999999999858e+01 -7.403122600326464799e-04
3.250000000000000000e+01 -7.044050954218270856e-04
3.260000000000000142e+01 -6.646490779238953218e-04
3.270000000000000284e+01 -6.248930604259634496e-04
3.280000000000000426e+01 -5.824092401507610260e-04
3.289999999999999858e+01 -5.399254198755615297e-04
3.300000000000000000e+01 -4.959470696911895057e-04
3.310000000000000142e+01 -4.519687195068175360e-04
3.320000000000000284e+01 -4.073615318203767637e-04
3.330000000000000426e+01 -3.627543441339359915e-04
3.339999999999999858e+01 -3.185346520871738460e-04
3.350000000000000000e+01 -2.743149600404086105e-04
3.360000000000000142e+01 -2.314979441079786948e-04
3.370000000000000284e+01 -1.886809281755487519e-04
3.380000000000000426e+01 -1.481231295476832680e-04
3.389999999999999858e+01 -1.075653309198206301e-04
3.400000000000000000e+01 -7.005838817060331195e-05
3.410000000000000142e+01 -3.255144542138623101e-05
3.420000000000000284e+01 1.091881614039535566e-06
3.430000000000000426e+01 3.473520864946497307e-05
3.439999999999999858e+01 6.350639234414366273e-05
3.450000000000000000e+01 9.227757603882438527e-05
3.460000000000000142e+01 1.154913914194810788e-04
3.470000000000000284e+01 1.387052068001377316e-04
3.480000000000000426e+01 1.556571497537649076e-04
3.489999999999999858e+01 1.726090927073908638e-04
3.500000000000000000e+01 1.840755389317755785e-04
3.510000000000000142e+01 1.955419851561598866e-04
3.520000000000000284e+01 2.027260245228662105e-04
3.530000000000000426e+01 2.099100638895723717e-04
3.539999999999999858e+01 2.147777701425957267e-04
3.550000000000000000e+01 2.196454763956194340e-04
3.560000000000000142e+01 2.223654288036759467e-04
3.570000000000000284e+01 2.250853812117324594e-04
3.580000000000000426e+01 2.258358121302393555e-04
3.589999999999999858e+01 2.265862430487462244e-04
3.600000000000000000e+01 2.259502672343290835e-04
3.610000000000000142e+01 2.253142914199118612e-04
3.620000000000000284e+01 2.235440380649089448e-04
3.630000000000000426e+01 2.217737847099059741e-04
3.639999999999999858e+01 2.190990019691808378e-04
3.650000000000000000e+01 2.164242192284554847e-04
3.660000000000000142e+01 2.130495562724716207e-04
3.670000000000000284e+01 2.096748933164877568e-04
3.680000000000000426e+01 2.057772520298110073e-04
3.689999999999999858e+01 2.018796107431345018e-04
3.700000000000000000e+01 1.976074431161526377e-04
3.710000000000000142e+01 1.933352754891708007e-04
3.720000000000000284e+01 1.888087814981857977e-04
3.730000000000000426e+01 1.842822875072007947e-04
3.739999999999999858e+01 1.795970382993239260e-04
3.750000000000000000e+01 1.749117890914467048e-04
3.760000000000000142e+01 1.701594671972963071e-04
3.770000000000000284e+01 1.654071453031459365e-04
3.780000000000000426e+01 1.606734535629906709e-04
3.789999999999999858e+01 1.559397618228357577e-04
3.800000000000000000e+01 1.512943047603763913e-04
3.810000000000000142e+01 1.466488476979170249e-04
3.820000000000000284e+01 1.421457071585609450e-04
3.830000000000000426e+01 1.376425666192048923e-04
3.840000000000000568e+01 1.333204818944350590e-04
3.850000000000000000e+01 1.289983971696655781e-04
3.860000000000000142e+01 1.248812538233043065e-04
3.870000000000000284e+01 1.207641104769430483e-04
3.880000000000000426e+01 1.168625003546800182e-04
3.890000000000000568e+01 1.129608902324170152e-04
3.900000000000000000e+01 1.092755146644747746e-04
3.910000000000000142e+01 1.055901390965322629e-04
3.920000000000000284e+01 1.021159720692664779e-04
3.930000000000000426e+01 9.864180504200069290e-05
3.940000000000000568e+01 9.536694897753954312e-05
3.950000000000000000e+01 9.209209291307862374e-05
3.960000000000000142e+01 8.900258975594884205e-05
3.970000000000000284e+01 8.591308659881904681e-05
3.980000000000000426e+01 8.299603112769109875e-05
3.990000000000000568e+01 8.007897565656316424e-05
4.000000000000000000e+01 7.732466103228958219e-05
4.010000000000000142e+01 7.457034640801579685e-05
4.020000000000000284e+01 7.196820611666284015e-05
4.030000000000000426e+01 6.936606582530991055e-05
4.040000000000000568e+01 6.690480158775752371e-05
4.050000000000000000e+01 6.444353735020535371e-05
4.060000000000000142e+01 6.211397919562050866e-05
4.070000000000000284e+01 5.978442104103565683e-05
4.080000000000000426e+01 5.758108835903550488e-05
4.090000000000000568e+01 5.537775567703533938e-05
4.100000000000000000e+01 5.329583682057876392e-05
4.110000000000000142e+01 5.121391796412204617e-05
4.120000000000000284e+01 4.924879552014078282e-05
4.130000000000000426e+01 4.728367307615952624e-05
4.140000000000000568e+01 4.543089164953632722e-05
4.150000000000000000e+01 4.357811022291327050e-05
4.160000000000000142e+01 4.183335543003077555e-05
4.170000000000000284e+01 4.008860063714830092e-05
4.180000000000000426e+01 3.844764004430313375e-05
4.190000000000000568e+01 3.680667945145795302e-05
4.200000000000000000e+01 3.526545872793153765e-05
4.210000000000000142e+01 3.372423800440501387e-05
4.220000000000000284e+01 3.227877067464788295e-05
4.230000000000000426e+01 3.083330334489075880e-05
4.240000000000000568e+01 2.947971058550664827e-05
4.250000000000000000e+01 2.812611782612262922e-05
4.260000000000000142e+01 2.686064975291296261e-05
4.270000000000000284e+01 2.559518167970328923e-05
4.280000000000000426e+01 2.441410429445567098e-05
4.290000000000000568e+01 2.323302690920805611e-05
4.300000000000000000e+01 2.213281772832674044e-05
4.310000000000000142e+01 2.103260854744535362e-05
4.320000000000000284e+01 2.000965687973032875e-05
4.330000000000000426e+01 1.898670521201530387e-05
4.340000000000000568e+01 1.803770690690753266e-05
4.350000000000000000e+01 1.708870860179983260e-05
4.360000000000000142e+01 1.621018857016889506e-05
4.370000000000000284e+01 1.533166853853796090e-05
4.380000000000000426e+01 1.452049198092012454e-05
4.390000000000000568e+01 1.370931542330228818e-05
4.400000000000000000e+01 1.296217404169603019e-05
4.410000000000000142e+01 1.221503266008971459e-05
4.420000000000000284e+01 1.152888597901079366e-05
4.430000000000000426e+01 1.084273929793187103e-05
4.440000000000000568e+01 1.021445053284232843e-05
4.450000000000000000e+01 9.586161767752831577e-06
4.460000000000000142e+01 9.012753908197337934e-06
4.470000000000000284e+01 8.439346048641845985e-06
4.480000000000000426e+01 7.917867287009189943e-06
4.490000000000000568e+01 7.396388525376532206e-06
4.500000000000000000e+01 6.923946661916590091e-06
4.510000000000000142e+01 6.451504798456614941e-06
4.520000000000000284e+01 6.025291284270260978e-06
4.530000000000000426e+01 5.599077770083907015e-06
4.540000000000000568e+01 5.216326665566258456e-06
4.550000000000000000e+01 4.833575561048637002e-06
4.560000000000000142e+01 4.491554260158828845e-06
4.570000000000000284e+01 4.149532959269020689e-06
4.580000000000000426e+01 3.845600532133287300e-06
4.590000000000000568e+01 3.541668104997554759e-06
4.600000000000000000e+01 3.273171035139429163e-06
4.610000000000000142e+01 3.004673965281283662e-06
4.620000000000000284e+01 2.769092282552542086e-06
4.630000000000000426e+01 2.533510599823800086e-06
4.640000000000000568e+01 2.328346534374067366e-06
4.650000000000000000e+01 2.123182468924349469e-06
4.660000000000000142e+01 1.945863420390484042e-06
4.670000000000000284e+01 1.768544371856618614e-06
4.680000000000000426e+01 1.616647935218331253e-06
4.690000000000000568e+01 1.464751498580043680e-06
4.700000000000000000e+01 1.335703943963857835e-06
4.710000000000000142e+01 1.206656389347662460e-06
4.720000000000000284e+01 1.098026708440395103e-06
4.730000000000000426e+01 9.893970275331277456e-07
4.740000000000000568e+01 8.987354983917182088e-07
4.750000000000000000e+01 8.080739692503150246e-07
4.760000000000000142e+01 7.344322565922520249e-07
4.770000000000000284e+01 6.607905439341888134e-07
4.780000000000000426e+01 6.017286200494093897e-07
4.790000000000000568e+01 5.426666961646298601e-07
4.800000000000000000e+01 4.960408267993076885e-07
4.810000000000000142e+01 4.494149574339820760e-07
4.820000000000000284e+01 4.130902757043718402e-07
4.830000000000000426e+01 3.767655939747616573e-07
4.840000000000000568e+01 3.486155161187404610e-07
4.850000000000000000e+01 3.204654382627211175e-07
4.860000000000000142e+01 2.983711178859520131e-07
4.870000000000000284e+01 2.762767975091828029e-07
4.880000000000000426e+01 2.581266157896198883e-07
4.890000000000000568e+01 2.399764340700569738e-07
4.900000000000000000e+01 2.236655235515802875e-07
4.910000000000000142e+01 2.073546130331023837e-07
4.920000000000000284e+01 1.907844127951734959e-07
4.930000000000000426e+01 1.742142125572446082e-07
4.940000000000000568e+01 1.552920526933144289e-07
4.950000000000000000e+01 1.363698928293855732e-07
4.960000000000000142e+01 1.130086063029528113e-07
4.970000000000000284e+01 8.964731977652004952e-08
4.980000000000000426e+01 5.976487985101265607e-08
4.990000000000000568e+01 2.988243992550526924e-08
5.000000000000000000e+01 0.000000000000000000e+00
