0.000000 14.066920
0.100000 14.035678
0.200000 14.004470
0.300000 13.973297
0.400000 13.942159
0.500000 13.911055
0.600000 13.879986
0.700000 13.848952
0.800000 13.817953
0.900000 13.786988
1.000000 13.756059
1.100000 13.725163
1.200000 13.694303
1.300000 13.663477
1.400000 13.632686
1.500000 13.601930
1.600000 13.571209
1.700000 13.540522
1.800000 13.509870
1.900000 13.479253
2.000000 13.448670
2.100000 13.418123
2.200000 13.387609
2.300000 13.357131
2.400000 13.326688
2.500000 13.296279
2.600000 13.265905
2.700000 13.235565
2.800000 13.205261
2.900000 13.174991
3.000000 13.144755
3.100000 13.114555
3.200000 13.084389
3.300000 13.054258
3.400000 13.024162
3.500000 12.994100
3.600000 12.964074
3.700000 12.934082
3.800000 12.904124
3.900000 12.874202
4.000000 12.844314
4.100000 12.814461
4.200000 12.784642
4.300000 12.754859
4.400000 12.725110
4.500000 12.695395
4.600000 12.665716
4.700000 12.636071
4.800000 12.606461
4.900000 12.576886
5.000000 12.547345
5.100000 12.517840
5.200000 12.488369
5.300000 12.458932
5.400000 12.429531
5.500000 12.400164
5.600000 12.370832
5.700000 12.341534
5.800000 12.312272
5.900000 12.283044
6.000000 12.253850
6.100000 12.224692
6.200000 12.195568
6.300000 12.166479
6.400000 12.137425
6.500000 12.108405
6.600000 12.079421
6.700000 12.050471
6.800000 12.021555
6.900000 11.992675
7.000000 11.963829
7.100000 11.935018
7.200000 11.906241
7.300000 11.877500
7.400000 11.848793
7.500000 11.820120
7.600000 11.791483
7.700000 11.762880
7.800000 11.734312
7.900000 11.705779
8.000000 11.677280
8.100000 11.648817
8.200000 11.620388
8.300000 11.591993
8.400000 11.563634
8.500000 11.535309
8.600000 11.507019
8.700000 11.478763
8.800000 11.450542
8.900000 11.422357
9.000000 11.394205
9.100000 11.366089
9.200000 11.338007
9.300000 11.309960
9.400000 11.281948
9.500000 11.253970
9.600000 11.226027
9.700000 11.198119
9.800000 11.170246
9.900000 11.142407
10.000000 11.114604
10.100000 11.086834
10.200000 11.059100
10.300000 11.031400
10.400000 11.003735
10.500000 10.976105
10.600000 10.948510
10.700000 10.920949
10.800000 10.893423
10.900000 10.865932
11.000000 10.838475
11.100000 10.811053
11.200000 10.783666
11.300000 10.756314
11.400000 10.728996
11.500000 10.701713
11.600000 10.674465
11.700000 10.647252
11.800000 10.620073
11.900000 10.592929
12.000000 10.565820
12.100000 10.538746
12.200000 10.511706
12.300000 10.484701
12.400000 10.457731
12.500000 10.430795
12.600000 10.403894
12.700000 10.377028
12.800000 10.350197
12.900000 10.323400
13.000000 10.296638
13.100000 10.269911
13.200000 10.243219
13.300000 10.216561
13.400000 10.189938
13.500000 10.163350
13.600000 10.136796
13.700000 10.110278
13.800000 10.083794
13.900000 10.057344
14.000000 10.030930
14.100000 10.004550
14.200000 9.978205
14.300000 9.951894
14.400000 9.925619
14.500000 9.899378
14.600000 9.873172
14.700000 9.847000
14.800000 9.820864
14.900000 9.794762
15.000000 9.768695
15.100000 9.742662
15.200000 9.716664
15.300000 9.690701
15.400000 9.664773
15.500000 9.638879
15.600000 9.613021
15.700000 9.587197
15.800000 9.561407
15.900000 9.535653
16.000000 9.509933
16.100000 9.484248
16.200000 9.458597
16.300000 9.432981
16.400000 9.407400
16.500000 9.381854
16.600000 9.356343
16.700000 9.330866
16.800000 9.305424
16.900000 9.280017
17.000000 9.254644
17.100000 9.229306
17.200000 9.204003
17.300000 9.178735
17.400000 9.153501
17.500000 9.128302
17.600000 9.103138
17.700000 9.078009
17.800000 9.052914
17.900000 9.027854
18.000000 9.002829
18.100000 8.977838
18.200000 8.952883
18.300000 8.927962
18.400000 8.903075
18.500000 8.878224
18.600000 8.853407
18.700000 8.828625
18.800000 8.803878
18.900000 8.779165
19.000000 8.754487
19.100000 8.729844
19.200000 8.705235
19.300000 8.680662
19.400000 8.656123
19.500000 8.631619
19.600000 8.607149
19.700000 8.582714
19.800000 8.558314
19.900000 8.533949
20.000000 8.509618
20.100000 8.485323
20.200000 8.461061
20.300000 8.436835
20.400000 8.412643
20.500000 8.388487
20.600000 8.364364
20.700000 8.340277
20.800000 8.316224
20.900000 8.292206
21.000000 8.268223
21.100000 8.244275
21.200000 8.220361
21.300000 8.196482
21.400000 8.172637
21.500000 8.148828
21.600000 8.125053
21.700000 8.101313
21.800000 8.077608
21.900000 8.053937
22.000000 8.030301
22.100000 8.006700
22.200000 7.983133
22.300000 7.959602
22.400000 7.936105
22.500000 7.912643
22.600000 7.889215
22.700000 7.865822
22.800000 7.842464
22.900000 7.819141
23.000000 7.795852
23.100000 7.772599
23.200000 7.749379
23.300000 7.726195
23.400000 7.703045
23.500000 7.679931
23.600000 7.656850
23.700000 7.633805
23.800000 7.610794
23.900000 7.587818
24.000000 7.564877
24.100000 7.541971
24.200000 7.519099
24.300000 7.496262
24.400000 7.473459
24.500000 7.450692
24.600000 7.427959
24.700000 7.405261
24.800000 7.382598
24.900000 7.359969
25.000000 7.337375
25.100000 7.314816
25.200000 7.292291
25.300000 7.269802
25.400000 7.247347
25.500000 7.224926
25.600000 7.202541
25.700000 7.180190
25.800000 7.157874
25.900000 7.135593
26.000000 7.113346
26.100000 7.091134
26.200000 7.068957
26.300000 7.046815
26.400000 7.024707
26.500000 7.002634
26.600000 6.980596
26.700000 6.958593
26.800000 6.936624
26.900000 6.914690
27.000000 6.892791
27.100000 6.870926
27.200000 6.849097
27.300000 6.827302
27.400000 6.805541
27.500000 6.783816
27.600000 6.762125
27.700000 6.740469
27.800000 6.718847
27.900000 6.697261
28.000000 6.675709
28.100000 6.654192
28.200000 6.632709
28.300000 6.611261
28.400000 6.589848
28.500000 6.568470
28.600000 6.547127
28.700000 6.525818
28.800000 6.504544
28.900000 6.483305
29.000000 6.462100
29.100000 6.440930
29.200000 6.419795
29.300000 6.398695
29.400000 6.377629
29.500000 6.356598
29.600000 6.335602
29.700000 6.314640
29.800000 6.293714
29.900000 6.272822
30.000000 6.251965
30.100000 6.231142
30.200000 6.210354
30.300000 6.189601
30.400000 6.168883
30.500000 6.148199
30.600000 6.127550
30.700000 6.106936
30.800000 6.086357
30.900000 6.065812
31.000000 6.045302
31.100000 6.024827
31.200000 6.004387
31.300000 5.983981
31.400000 5.963610
31.500000 5.943274
31.600000 5.922972
31.700000 5.902705
31.800000 5.882473
31.900000 5.862276
32.000000 5.842114
32.100000 5.821986
32.200000 5.801893
32.300000 5.781834
32.400000 5.761811
32.500000 5.741822
32.600000 5.721867
32.700000 5.701948
32.800000 5.682063
32.900000 5.662213
33.000000 5.642398
33.100000 5.622617
33.200000 5.602872
33.300000 5.583161
33.400000 5.563484
33.500000 5.543843
33.600000 5.524236
33.700000 5.504664
33.800000 5.485126
33.900000 5.465624
34.000000 5.446156
34.100000 5.426723
34.200000 5.407324
34.300000 5.387960
34.400000 5.368631
34.500000 5.349337
34.600000 5.330078
34.700000 5.310853
34.800000 5.291663
34.900000 5.272507
35.000000 5.253387
35.100000 5.234301
35.200000 5.215250
35.300000 5.196233
35.400000 5.177252
35.500000 5.158305
35.600000 5.139393
35.700000 5.120515
35.800000 5.101673
35.900000 5.082865
36.000000 5.064091
36.100000 5.045353
36.200000 5.026649
36.300000 5.007980
36.400000 4.989346
36.500000 4.970746
36.600000 4.952181
36.700000 4.933651
36.800000 4.915156
36.900000 4.896695
37.000000 4.878269
37.100000 4.859878
37.200000 4.841521
37.300000 4.823200
37.400000 4.804913
37.500000 4.786660
37.600000 4.768443
37.700000 4.750260
37.800000 4.732112
37.900000 4.713999
38.000000 4.695920
38.100000 4.677876
38.200000 4.659867
38.300000 4.641893
38.400000 4.623953
38.500000 4.606048
38.600000 4.588178
38.700000 4.570342
38.800000 4.552542
38.900000 4.534776
39.000000 4.517044
39.100000 4.499348
39.200000 4.481686
39.300000 4.464059
39.400000 4.446467
39.500000 4.428909
39.600000 4.411386
39.700000 4.393898
39.800000 4.376445
39.900000 4.359026
40.000000 4.341642
40.100000 4.324293
40.200000 4.306978
40.300000 4.289699
40.400000 4.272454
40.500000 4.255243
40.600000 4.238068
40.700000 4.220927
40.800000 4.203821
40.900000 4.186750
41.000000 4.169713
41.100000 4.152711
41.200000 4.135744
41.300000 4.118812
41.400000 4.101914
41.500000 4.085051
41.600000 4.068223
41.700000 4.051429
41.800000 4.034671
41.900000 4.017947
42.000000 4.001257
42.100000 3.984603
42.200000 3.967983
42.300000 3.951398
42.400000 3.934848
42.500000 3.918332
42.600000 3.901851
42.700000 3.885405
42.800000 3.868994
42.900000 3.852617
43.000000 3.836275
43.100000 3.819968
43.200000 3.803695
43.300000 3.787457
43.400000 3.771254
43.500000 3.755086
43.600000 3.738953
43.700000 3.722854
43.800000 3.706790
43.900000 3.690760
44.000000 3.674766
44.100000 3.658806
44.200000 3.642881
44.300000 3.626990
44.400000 3.611135
44.500000 3.595314
44.600000 3.579528
44.700000 3.563776
44.800000 3.548059
44.900000 3.532377
45.000000 3.516730
45.100000 3.501117
45.200000 3.485540
45.300000 3.469997
45.400000 3.454488
45.500000 3.439015
45.600000 3.423576
45.700000 3.408172
45.800000 3.392802
45.900000 3.377468
46.000000 3.362168
46.100000 3.346902
46.200000 3.331672
46.300000 3.316476
46.400000 3.301315
46.500000 3.286189
46.600000 3.271097
46.700000 3.256040
46.800000 3.241018
46.900000 3.226031
47.000000 3.211078
47.100000 3.196161
47.200000 3.181277
47.300000 3.166429
47.400000 3.151615
47.500000 3.136836
47.600000 3.122092
47.700000 3.107383
47.800000 3.092708
47.900000 3.078068
48.000000 3.063463
48.100000 3.048892
48.200000 3.034356
48.300000 3.019855
48.400000 3.005389
48.500000 2.990957
48.600000 2.976560
48.700000 2.962198
48.800000 2.947871
48.900000 2.933578
49.000000 2.919320
49.100000 2.905097
49.200000 2.890908
49.300000 2.876755
49.400000 2.862636
49.500000 2.848551
49.600000 2.834502
49.700000 2.820487
49.800000 2.806507
49.900000 2.792562
50.000000 2.778651
50.100000 2.764775
50.200000 2.750934
50.300000 2.737127
50.400000 2.723356
50.500000 2.709619
50.600000 2.695917
50.700000 2.682249
50.800000 2.668616
50.900000 2.655018
51.000000 2.641455
51.100000 2.627926
51.200000 2.614433
51.300000 2.600974
51.400000 2.587549
51.500000 2.574160
51.600000 2.560805
51.700000 2.547485
51.800000 2.534199
51.900000 2.520948
52.000000 2.507732
52.100000 2.494551
52.200000 2.481405
52.300000 2.468293
52.400000 2.455216
52.500000 2.442174
52.600000 2.429166
52.700000 2.416193
52.800000 2.403255
52.900000 2.390352
53.000000 2.377483
53.100000 2.364649
53.200000 2.351850
53.300000 2.339086
53.400000 2.326356
53.500000 2.313661
53.600000 2.301001
53.700000 2.288375
53.800000 2.275785
53.900000 2.263229
54.000000 2.250707
54.100000 2.238221
54.200000 2.225769
54.300000 2.213352
54.400000 2.200969
54.500000 2.188622
54.600000 2.176309
54.700000 2.164031
54.800000 2.151787
54.900000 2.139579
55.000000 2.127405
55.100000 2.115265
55.200000 2.103161
55.300000 2.091091
55.400000 2.079056
55.500000 2.067056
55.600000 2.055090
55.700000 2.043159
55.800000 2.031263
55.900000 2.019402
56.000000 2.007575
56.100000 1.995783
56.200000 1.984026
56.300000 1.972304
56.400000 1.960616
56.500000 1.948963
56.600000 1.937345
56.700000 1.925761
56.800000 1.914213
56.900000 1.902699
57.000000 1.891219
57.100000 1.879775
57.200000 1.868365
57.300000 1.856990
57.400000 1.845649
57.500000 1.834344
57.600000 1.823073
57.700000 1.811837
57.800000 1.800635
57.900000 1.789469
58.000000 1.778337
58.100000 1.767239
58.200000 1.756177
58.300000 1.745149
58.400000 1.734156
58.500000 1.723198
58.600000 1.712274
58.700000 1.701385
58.800000 1.690531
58.900000 1.679712
59.000000 1.668927
59.100000 1.658177
59.200000 1.647462
59.300000 1.636782
59.400000 1.626136
59.500000 1.615525
59.600000 1.604949
59.700000 1.594407
59.800000 1.583900
59.900000 1.573428
60.000000 1.562991
60.100000 1.552589
60.200000 1.542221
60.300000 1.531888
60.400000 1.521589
60.500000 1.511326
60.600000 1.501097
60.700000 1.490903
60.800000 1.480743
60.900000 1.470618
61.000000 1.460528
61.100000 1.450473
61.200000 1.440453
61.300000 1.430467
61.400000 1.420516
61.500000 1.410599
61.600000 1.400718
61.700000 1.390871
61.800000 1.381059
61.900000 1.371282
62.000000 1.361539
62.100000 1.351831
62.200000 1.342158
62.300000 1.332519
62.400000 1.322916
62.500000 1.313347
62.600000 1.303812
62.700000 1.294313
62.800000 1.284848
62.900000 1.275418
63.000000 1.266023
63.100000 1.256662
63.200000 1.247336
63.300000 1.238045
63.400000 1.228789
63.500000 1.219567
63.600000 1.210380
63.700000 1.201228
63.800000 1.192111
63.900000 1.183028
64.000000 1.173980
64.100000 1.164967
64.200000 1.155988
64.300000 1.147044
64.400000 1.138135
64.500000 1.129261
64.600000 1.120422
64.700000 1.111617
64.800000 1.102847
64.900000 1.094111
65.000000 1.085411
65.100000 1.076745
65.200000 1.068113
65.300000 1.059517
65.400000 1.050955
65.500000 1.042428
65.600000 1.033936
65.700000 1.025478
65.800000 1.017056
65.900000 1.008668
66.000000 1.000314
66.100000 0.991996
66.200000 0.983712
66.300000 0.975463
66.400000 0.967248
66.500000 0.959069
66.600000 0.950924
66.700000 0.942814
66.800000 0.934738
66.900000 0.926697
67.000000 0.918691
67.100000 0.910720
67.200000 0.902784
67.300000 0.894882
67.400000 0.887015
67.500000 0.879183
67.600000 0.871385
67.700000 0.863622
67.800000 0.855894
67.900000 0.848201
68.000000 0.840542
68.100000 0.832918
68.200000 0.825329
68.300000 0.817774
68.400000 0.810255
68.500000 0.802770
68.600000 0.795319
68.700000 0.787904
68.800000 0.780523
68.900000 0.773177
69.000000 0.765866
69.100000 0.758589
69.200000 0.751347
69.300000 0.744140
69.400000 0.736968
69.500000 0.729830
69.600000 0.722727
69.700000 0.715659
69.800000 0.708625
69.900000 0.701627
70.000000 0.694663
70.100000 0.687733
70.200000 0.680839
70.300000 0.673979
70.400000 0.667154
70.500000 0.660364
70.600000 0.653608
70.700000 0.646887
70.800000 0.640201
70.900000 0.633550
71.000000 0.626933
71.100000 0.620351
71.200000 0.613804
71.300000 0.607292
71.400000 0.600814
71.500000 0.594371
71.600000 0.587963
71.700000 0.581589
71.800000 0.575250
71.900000 0.568946
72.000000 0.562677
72.100000 0.556442
72.200000 0.550242
72.300000 0.544077
72.400000 0.537947
72.500000 0.531851
72.600000 0.525790
72.700000 0.519764
72.800000 0.513773
72.900000 0.507816
73.000000 0.501894
73.100000 0.496007
73.200000 0.490154
73.300000 0.484336
73.400000 0.478553
73.500000 0.472805
73.600000 0.467091
73.700000 0.461412
73.800000 0.455768
73.900000 0.450159
74.000000 0.444584
74.100000 0.439044
74.200000 0.433539
74.300000 0.428069
74.400000 0.422633
74.500000 0.417232
74.600000 0.411866
74.700000 0.406534
74.800000 0.401237
74.900000 0.395975
75.000000 0.390748
75.100000 0.385555
75.200000 0.380397
75.300000 0.375274
75.400000 0.370186
75.500000 0.365132
75.600000 0.360113
75.700000 0.355129
75.800000 0.350179
75.900000 0.345265
76.000000 0.340385
76.100000 0.335539
76.200000 0.330729
76.300000 0.325953
76.400000 0.321212
76.500000 0.316506
76.600000 0.311834
76.700000 0.307197
76.800000 0.302595
76.900000 0.298028
77.000000 0.293495
77.100000 0.288997
77.200000 0.284534
77.300000 0.280105
77.400000 0.275712
77.500000 0.271353
77.600000 0.267028
77.700000 0.262739
77.800000 0.258484
77.900000 0.254264
78.000000 0.250079
78.100000 0.245928
78.200000 0.241812
78.300000 0.237731
78.400000 0.233685
78.500000 0.229673
78.600000 0.225696
78.700000 0.221754
78.800000 0.217846
78.900000 0.213973
79.000000 0.210135
79.100000 0.206332
79.200000 0.202564
79.300000 0.198830
79.400000 0.195131
79.500000 0.191466
79.600000 0.187837
79.700000 0.184242
79.800000 0.180682
79.900000 0.177156
80.000000 0.173666
80.100000 0.170210
80.200000 0.166789
80.300000 0.163402
80.400000 0.160050
80.500000 0.156733
80.600000 0.153451
80.700000 0.150203
80.800000 0.146991
80.900000 0.143813
81.000000 0.140669
81.100000 0.137561
81.200000 0.134487
81.300000 0.131448
81.400000 0.128443
81.500000 0.125473
81.600000 0.122539
81.700000 0.119638
81.800000 0.116773
81.900000 0.113942
82.000000 0.111146
82.100000 0.108385
82.200000 0.105658
82.300000 0.102966
82.400000 0.100309
82.500000 0.097687
82.600000 0.095099
82.700000 0.092546
82.800000 0.090028
82.900000 0.087545
83.000000 0.085096
83.100000 0.082682
83.200000 0.080303
83.300000 0.077959
83.400000 0.075649
83.500000 0.073374
83.600000 0.071133
83.700000 0.068928
83.800000 0.066757
83.900000 0.064621
84.000000 0.062520
84.100000 0.060453
84.200000 0.058421
84.300000 0.056424
84.400000 0.054462
84.500000 0.052534
84.600000 0.050641
84.700000 0.048783
84.800000 0.046959
84.900000 0.045170
85.000000 0.043416
85.100000 0.041697
85.200000 0.040013
85.300000 0.038363
85.400000 0.036748
85.500000 0.035167
85.600000 0.033622
85.700000 0.032111
85.800000 0.030635
85.900000 0.029193
86.000000 0.027787
86.100000 0.026415
86.200000 0.025077
86.300000 0.023775
86.400000 0.022507
86.500000 0.021274
86.600000 0.020076
86.700000 0.018912
86.800000 0.017783
86.900000 0.016689
87.000000 0.015630
87.100000 0.014605
87.200000 0.013615
87.300000 0.012660
87.400000 0.011740
87.500000 0.010854
87.600000 0.010003
87.700000 0.009187
87.800000 0.008405
87.900000 0.007659
88.000000 0.006947
88.100000 0.006269
88.200000 0.005627
88.300000 0.005019
88.400000 0.004446
88.500000 0.003907
88.600000 0.003404
88.700000 0.002935
88.800000 0.002501
88.900000 0.002101
89.000000 0.001737
89.100000 0.001407
89.200000 0.001111
89.300000 0.000851
89.400000 0.000625
89.500000 0.000434
89.600000 0.000278
89.700000 0.000156
89.800000 0.000069
89.900000 0.000017
90.000000 0.000000
90.100000 0.000017
90.200000 0.000069
90.300000 0.000156
90.400000 0.000278
90.500000 0.000434
90.600000 0.000625
90.700000 0.000851
90.800000 0.001111
90.900000 0.001407
91.000000 0.001737
91.100000 0.002101
91.200000 0.002501
91.300000 0.002935
91.400000 0.003404
91.500000 0.003907
91.600000 0.004446
91.700000 0.005019
91.800000 0.005627
91.900000 0.006269
92.000000 0.006947
92.100000 0.007659
92.200000 0.008405
92.300000 0.009187
92.400000 0.010003
92.500000 0.010854
92.600000 0.011740
92.700000 0.012660
92.800000 0.013615
92.900000 0.014605
93.000000 0.015630
93.100000 0.016689
93.200000 0.017783
93.300000 0.018912
93.400000 0.020076
93.500000 0.021274
93.600000 0.022507
93.700000 0.023775
93.800000 0.025077
93.900000 0.026415
94.000000 0.027787
94.100000 0.029193
94.200000 0.030635
94.300000 0.032111
94.400000 0.033622
94.500000 0.035167
94.600000 0.036748
94.700000 0.038363
94.800000 0.040013
94.900000 0.041697
95.000000 0.043416
95.100000 0.045170
95.200000 0.046959
95.300000 0.048783
95.400000 0.050641
95.500000 0.052534
95.600000 0.054462
95.700000 0.056424
95.800000 0.058421
95.900000 0.060453
96.000000 0.062520
96.100000 0.064621
96.200000 0.066757
96.300000 0.068928
96.400000 0.071133
96.500000 0.073374
96.600000 0.075649
96.700000 0.077959
96.800000 0.080303
96.900000 0.082682
97.000000 0.085096
97.100000 0.087545
97.200000 0.090028
97.300000 0.092546
97.400000 0.095099
97.500000 0.097687
97.600000 0.100309
97.700000 0.102966
97.800000 0.105658
97.900000 0.108385
98.000000 0.111146
98.100000 0.113942
98.200000 0.116773
98.300000 0.119638
98.400000 0.122539
98.500000 0.125473
98.600000 0.128443
98.700000 0.131448
98.800000 0.134487
98.900000 0.137561
99.000000 0.140669
99.100000 0.143813
99.200000 0.146991
99.300000 0.150203
99.400000 0.153451
99.500000 0.156733
99.600000 0.160050
99.700000 0.163402
99.800000 0.166789
99.900000 0.170210
100.000000 0.173666
100.100000 0.177156
100.200000 0.180682
100.300000 0.184242
100.400000 0.187837
100.500000 0.191466
100.600000 0.195131
100.700000 0.198830
100.800000 0.202564
100.900000 0.206332
101.000000 0.210135
101.100000 0.213973
101.200000 0.217846
101.300000 0.221754
101.400000 0.225696
101.500000 0.229673
101.600000 0.233685
101.700000 0.237731
101.800000 0.241812
101.900000 0.245928
102.000000 0.250079
102.100000 0.254264
102.200000 0.258484
102.300000 0.262739
102.400000 0.267028
102.500000 0.271353
102.600000 0.275712
102.700000 0.280105
102.800000 0.284534
102.900000 0.288997
103.000000 0.293495
103.100000 0.298028
103.200000 0.302595
103.300000 0.307197
103.400000 0.311834
103.500000 0.316506
103.600000 0.321212
103.700000 0.325953
103.800000 0.330729
103.900000 0.335539
104.000000 0.340385
104.100000 0.345265
104.200000 0.350179
104.300000 0.355129
104.400000 0.360113
104.500000 0.365132
104.600000 0.370186
104.700000 0.375274
104.800000 0.380397
104.900000 0.385555
105.000000 0.390748
105.100000 0.395975
105.200000 0.401237
105.300000 0.406534
105.400000 0.411866
105.500000 0.417232
105.600000 0.422633
105.700000 0.428069
105.800000 0.433539
105.900000 0.439044
106.000000 0.444584
106.100000 0.450159
106.200000 0.455768
106.300000 0.461412
106.400000 0.467091
106.500000 0.472805
106.600000 0.478553
106.700000 0.484336
106.800000 0.490154
106.900000 0.496007
107.000000 0.501894
107.100000 0.507816
107.200000 0.513773
107.300000 0.519764
107.400000 0.525790
107.500000 0.531851
107.600000 0.537947
107.700000 0.544077
107.800000 0.550242
107.900000 0.556442
108.000000 0.562677
108.100000 0.568946
108.200000 0.575250
108.300000 0.581589
108.400000 0.587963
108.500000 0.594371
108.600000 0.600814
108.700000 0.607292
108.800000 0.613804
108.900000 0.620351
109.000000 0.626933
109.100000 0.633550
109.200000 0.640201
109.300000 0.646887
109.400000 0.653608
109.500000 0.660364
109.600000 0.667154
109.700000 0.673979
109.800000 0.680839
109.900000 0.687733
110.000000 0.694663
110.100000 0.701627
110.200000 0.708625
110.300000 0.715659
110.400000 0.722727
110.500000 0.729830
110.600000 0.736968
110.700000 0.744140
110.800000 0.751347
110.900000 0.758589
111.000000 0.765866
111.100000 0.773177
111.200000 0.780523
111.300000 0.787904
111.400000 0.795319
111.500000 0.802770
111.600000 0.810255
111.700000 0.817774
111.800000 0.825329
111.900000 0.832918
112.000000 0.840542
112.100000 0.848201
112.200000 0.855894
112.300000 0.863622
112.400000 0.871385
112.500000 0.879183
112.600000 0.887015
112.700000 0.894882
112.800000 0.902784
112.900000 0.910720
113.000000 0.918691
113.100000 0.926697
113.200000 0.934738
113.300000 0.942814
113.400000 0.950924
113.500000 0.959069
113.600000 0.967248
113.700000 0.975463
113.800000 0.983712
113.900000 0.991996
114.000000 1.000314
114.100000 1.008668
114.200000 1.017056
114.300000 1.025478
114.400000 1.033936
114.500000 1.042428
114.600000 1.050955
114.700000 1.059517
114.800000 1.068113
114.900000 1.076745
115.000000 1.085411
115.100000 1.094111
115.200000 1.102847
115.300000 1.111617
115.400000 1.120422
115.500000 1.129261
115.600000 1.138135
115.700000 1.147044
115.800000 1.155988
115.900000 1.164967
116.000000 1.173980
116.100000 1.183028
116.200000 1.192111
116.300000 1.201228
116.400000 1.210380
116.500000 1.219567
116.600000 1.228789
116.700000 1.238045
116.800000 1.247336
116.900000 1.256662
117.000000 1.266023
117.100000 1.275418
117.200000 1.284848
117.300000 1.294313
117.400000 1.303812
117.500000 1.313347
117.600000 1.322916
117.700000 1.332519
117.800000 1.342158
117.900000 1.351831
118.000000 1.361539
118.100000 1.371282
118.200000 1.381059
118.300000 1.390871
118.400000 1.400718
118.500000 1.410599
118.600000 1.420516
118.700000 1.430467
118.800000 1.440453
118.900000 1.450473
119.000000 1.460528
119.100000 1.470618
119.200000 1.480743
119.300000 1.490903
119.400000 1.501097
119.500000 1.511326
119.600000 1.521589
119.700000 1.531888
119.800000 1.542221
119.900000 1.552589
120.000000 1.562991
120.100000 1.573428
120.200000 1.583900
120.300000 1.594407
120.400000 1.604949
120.500000 1.615525
120.600000 1.626136
120.700000 1.636782
120.800000 1.647462
120.900000 1.658177
121.000000 1.668927
121.100000 1.679712
121.200000 1.690531
121.300000 1.701385
121.400000 1.712274
121.500000 1.723198
121.600000 1.734156
121.700000 1.745149
121.800000 1.756177
121.900000 1.767239
122.000000 1.778337
122.100000 1.789469
122.200000 1.800635
122.300000 1.811837
122.400000 1.823073
122.500000 1.834344
122.600000 1.845649
122.700000 1.856990
122.800000 1.868365
122.900000 1.879775
123.000000 1.891219
123.100000 1.902699
123.200000 1.914213
123.300000 1.925761
123.400000 1.937345
123.500000 1.948963
123.600000 1.960616
123.700000 1.972304
123.800000 1.984026
123.900000 1.995783
124.000000 2.007575
124.100000 2.019402
124.200000 2.031263
124.300000 2.043159
124.400000 2.055090
124.500000 2.067056
124.600000 2.079056
124.700000 2.091091
124.800000 2.103161
124.900000 2.115265
125.000000 2.127405
125.100000 2.139579
125.200000 2.151787
125.300000 2.164031
125.400000 2.176309
125.500000 2.188622
125.600000 2.200969
125.700000 2.213352
125.800000 2.225769
125.900000 2.238221
126.000000 2.250707
126.100000 2.263229
126.200000 2.275785
126.300000 2.288375
126.400000 2.301001
126.500000 2.313661
126.600000 2.326356
126.700000 2.339086
126.800000 2.351850
126.900000 2.364649
127.000000 2.377483
127.100000 2.390352
127.200000 2.403255
127.300000 2.416193
127.400000 2.429166
127.500000 2.442174
127.600000 2.455216
127.700000 2.468293
127.800000 2.481405
127.900000 2.494551
128.000000 2.507732
128.100000 2.520948
128.200000 2.534199
128.300000 2.547485
128.400000 2.560805
128.500000 2.574160
128.600000 2.587549
128.700000 2.600974
128.800000 2.614433
128.900000 2.627926
129.000000 2.641455
129.100000 2.655018
129.200000 2.668616
129.300000 2.682249
129.400000 2.695917
129.500000 2.709619
129.600000 2.723356
129.700000 2.737127
129.800000 2.750934
129.900000 2.764775
130.000000 2.778651
130.100000 2.792562
130.200000 2.806507
130.300000 2.820487
130.400000 2.834502
130.500000 2.848551
130.600000 2.862636
130.700000 2.876755
130.800000 2.890908
130.900000 2.905097
131.000000 2.919320
131.100000 2.933578
131.200000 2.947871
131.300000 2.962198
131.400000 2.976560
131.500000 2.990957
131.600000 3.005389
131.700000 3.019855
131.800000 3.034356
131.900000 3.048892
132.000000 3.063463
132.100000 3.078068
132.200000 3.092708
132.300000 3.107383
132.400000 3.122092
132.500000 3.136836
132.600000 3.151615
132.700000 3.166429
132.800000 3.181277
132.900000 3.196161
133.000000 3.211078
133.100000 3.226031
133.200000 3.241018
133.300000 3.256040
133.400000 3.271097
133.500000 3.286189
133.600000 3.301315
133.700000 3.316476
133.800000 3.331672
133.900000 3.346902
134.000000 3.362168
134.100000 3.377468
134.200000 3.392802
134.300000 3.408172
134.400000 3.423576
134.500000 3.439015
134.600000 3.454488
134.700000 3.469997
134.800000 3.485540
134.900000 3.501117
135.000000 3.516730
135.100000 3.532377
135.200000 3.548059
135.300000 3.563776
135.400000 3.579528
135.500000 3.595314
135.600000 3.611135
135.700000 3.626990
135.800000 3.642881
135.900000 3.658806
136.000000 3.674766
136.100000 3.690760
136.200000 3.706790
136.300000 3.722854
136.400000 3.738953
136.500000 3.755086
136.600000 3.771254
136.700000 3.787457
136.800000 3.803695
136.900000 3.819968
137.000000 3.836275
137.100000 3.852617
137.200000 3.868994
137.300000 3.885405
137.400000 3.901851
137.500000 3.918332
137.600000 3.934848
137.700000 3.951398
137.800000 3.967983
137.900000 3.984603
138.000000 4.001257
138.100000 4.017947
138.200000 4.034671
138.300000 4.051429
138.400000 4.068223
138.500000 4.085051
138.600000 4.101914
138.700000 4.118812
138.800000 4.135744
138.900000 4.152711
139.000000 4.169713
139.100000 4.186750
139.200000 4.203821
139.300000 4.220927
139.400000 4.238068
139.500000 4.255243
139.600000 4.272454
139.700000 4.289699
139.800000 4.306978
139.900000 4.324293
140.000000 4.341642
140.100000 4.359026
140.200000 4.376445
140.300000 4.393898
140.400000 4.411386
140.500000 4.428909
140.600000 4.446467
140.700000 4.464059
140.800000 4.481686
140.900000 4.499348
141.000000 4.517044
141.100000 4.534776
141.200000 4.552542
141.300000 4.570342
141.400000 4.588178
141.500000 4.606048
141.600000 4.623953
141.700000 4.641893
141.800000 4.659867
141.900000 4.677876
142.000000 4.695920
142.100000 4.713999
142.200000 4.732112
142.300000 4.750260
142.400000 4.768443
142.500000 4.786660
142.600000 4.804913
142.700000 4.823200
142.800000 4.841521
142.900000 4.859878
143.000000 4.878269
143.100000 4.896695
143.200000 4.915156
143.300000 4.933651
143.400000 4.952181
143.500000 4.970746
143.600000 4.989346
143.700000 5.007980
143.800000 5.026649
143.900000 5.045353
144.000000 5.064091
144.100000 5.082865
144.200000 5.101673
144.300000 5.120515
144.400000 5.139393
144.500000 5.158305
144.600000 5.177252
144.700000 5.196233
144.800000 5.215250
144.900000 5.234301
145.000000 5.253387
145.100000 5.272507
145.200000 5.291663
145.300000 5.310853
145.400000 5.330078
145.500000 5.349337
145.600000 5.368631
145.700000 5.387960
145.800000 5.407324
145.900000 5.426723
146.000000 5.446156
146.100000 5.465624
146.200000 5.485126
146.300000 5.504664
146.400000 5.524236
146.500000 5.543843
146.600000 5.563484
146.700000 5.583161
146.800000 5.602872
146.900000 5.622617
147.000000 5.642398
147.100000 5.662213
147.200000 5.682063
147.300000 5.701948
147.400000 5.721867
147.500000 5.741822
147.600000 5.761811
147.700000 5.781834
147.800000 5.801893
147.900000 5.821986
148.000000 5.842114
148.100000 5.862276
148.200000 5.882473
148.300000 5.902705
148.400000 5.922972
148.500000 5.943274
148.600000 5.963610
148.700000 5.983981
148.800000 6.004387
148.900000 6.024827
149.000000 6.045302
149.100000 6.065812
149.200000 6.086357
149.300000 6.106936
149.400000 6.127550
149.500000 6.148199
149.600000 6.168883
149.700000 6.189601
149.800000 6.210354
149.900000 6.231142
150.000000 6.251965
150.100000 6.272822
150.200000 6.293714
150.300000 6.314640
150.400000 6.335602
150.500000 6.356598
150.600000 6.377629
150.700000 6.398695
150.800000 6.419795
150.900000 6.440930
151.000000 6.462100
151.100000 6.483305
151.200000 6.504544
151.300000 6.525818
151.400000 6.547127
151.500000 6.568470
151.600000 6.589848
151.700000 6.611261
151.800000 6.632709
151.900000 6.654192
152.000000 6.675709
152.100000 6.697261
152.200000 6.718847
152.300000 6.740469
152.400000 6.762125
152.500000 6.783816
152.600000 6.805541
152.700000 6.827302
152.800000 6.849097
152.900000 6.870926
153.000000 6.892791
153.100000 6.914690
153.200000 6.936624
153.300000 6.958593
153.400000 6.980596
153.500000 7.002634
153.600000 7.024707
153.700000 7.046815
153.800000 7.068957
153.900000 7.091134
154.000000 7.113346
154.100000 7.135593
154.200000 7.157874
154.300000 7.180190
154.400000 7.202541
154.500000 7.224926
154.600000 7.247347
154.700000 7.269802
154.800000 7.292291
154.900000 7.314816
155.000000 7.337375
155.100000 7.359969
155.200000 7.382598
155.300000 7.405261
155.400000 7.427959
155.500000 7.450692
155.600000 7.473459
155.700000 7.496262
155.800000 7.519099
155.900000 7.541971
156.000000 7.564877
156.100000 7.587818
156.200000 7.610794
156.300000 7.633805
156.400000 7.656850
156.500000 7.679931
156.600000 7.703045
156.700000 7.726195
156.800000 7.749379
156.900000 7.772599
157.000000 7.795852
157.100000 7.819141
157.200000 7.842464
157.300000 7.865822
157.400000 7.889215
157.500000 7.912643
157.600000 7.936105
157.700000 7.959602
157.800000 7.983133
157.900000 8.006700
158.000000 8.030301
158.100000 8.053937
158.200000 8.077608
158.300000 8.101313
158.400000 8.125053
158.500000 8.148828
158.600000 8.172637
158.700000 8.196482
158.800000 8.220361
158.900000 8.244275
159.000000 8.268223
159.100000 8.292206
159.200000 8.316224
159.300000 8.340277
159.400000 8.364364
159.500000 8.388487
159.600000 8.412643
159.700000 8.436835
159.800000 8.461061
159.900000 8.485323
160.000000 8.509618
160.100000 8.533949
160.200000 8.558314
160.300000 8.582714
160.400000 8.607149
160.500000 8.631619
160.600000 8.656123
160.700000 8.680662
160.800000 8.705235
160.900000 8.729844
161.000000 8.754487
161.100000 8.779165
161.200000 8.803878
161.300000 8.828625
161.400000 8.853407
161.500000 8.878224
161.600000 8.903075
161.700000 8.927962
161.800000 8.952883
161.900000 8.977838
162.000000 9.002829
162.100000 9.027854
162.200000 9.052914
162.300000 9.078009
162.400000 9.103138
162.500000 9.128302
162.600000 9.153501
162.700000 9.178735
162.800000 9.204003
162.900000 9.229306
163.000000 9.254644
163.100000 9.280017
163.200000 9.305424
163.300000 9.330866
163.400000 9.356343
163.500000 9.381854
163.600000 9.407400
163.700000 9.432981
163.800000 9.458597
163.900000 9.484248
164.000000 9.509933
164.100000 9.535653
164.200000 9.561407
164.300000 9.587197
164.400000 9.613021
164.500000 9.638879
164.600000 9.664773
164.700000 9.690701
164.800000 9.716664
164.900000 9.742662
165.000000 9.768695
165.100000 9.794762
165.200000 9.820864
165.300000 9.847000
165.400000 9.873172
165.500000 9.899378
165.600000 9.925619
165.700000 9.951894
165.800000 9.978205
165.900000 10.004550
166.000000 10.030930
166.100000 10.057344
166.200000 10.083794
166.300000 10.110278
166.400000 10.136796
166.500000 10.163350
166.600000 10.189938
166.700000 10.216561
166.800000 10.243219
166.900000 10.269911
167.000000 10.296638
167.100000 10.323400
167.200000 10.350197
167.300000 10.377028
167.400000 10.403894
167.500000 10.430795
167.600000 10.457731
167.700000 10.484701
167.800000 10.511706
167.900000 10.538746
168.000000 10.565820
168.100000 10.592929
168.200000 10.620073
168.300000 10.647252
168.400000 10.674465
168.500000 10.701713
168.600000 10.728996
168.700000 10.756314
168.800000 10.783666
168.900000 10.811053
169.000000 10.838475
169.100000 10.865932
169.200000 10.893423
169.300000 10.920949
169.400000 10.948510
169.500000 10.976105
169.600000 11.003735
169.700000 11.031400
169.800000 11.059100
169.900000 11.086834
170.000000 11.114604
170.100000 11.142407
170.200000 11.170246
170.300000 11.198119
170.400000 11.226027
170.500000 11.253970
170.600000 11.281948
170.700000 11.309960
170.800000 11.338007
170.900000 11.366089
171.000000 11.394205
171.100000 11.422357
171.200000 11.450542
171.300000 11.478763
171.400000 11.507019
171.500000 11.535309
171.600000 11.563634
171.700000 11.591993
171.800000 11.620388
171.900000 11.648817
172.000000 11.677280
172.100000 11.705779
172.200000 11.734312
172.300000 11.762880
172.400000 11.791483
172.500000 11.820120
172.600000 11.848793
172.700000 11.877500
172.800000 11.906241
172.900000 11.935018
173.000000 11.963829
173.100000 11.992675
173.200000 12.021555
173.300000 12.050471
173.400000 12.079421
173.500000 12.108405
173.600000 12.137425
173.700000 12.166479
173.800000 12.195568
173.900000 12.224692
174.000000 12.253850
174.100000 12.283044
174.200000 12.312272
174.300000 12.341534
174.400000 12.370832
174.500000 12.400164
174.600000 12.429531
174.700000 12.458932
174.800000 12.488369
174.900000 12.517840
175.000000 12.547345
175.100000 12.576886
175.200000 12.606461
175.300000 12.636071
175.400000 12.665716
175.500000 12.695395
175.600000 12.725110
175.700000 12.754859
175.800000 12.784642
175.900000 12.814461
176.000000 12.844314
176.100000 12.874202
176.200000 12.904124
176.300000 12.934082
176.400000 12.964074
176.500000 12.994100
176.600000 13.024162
176.700000 13.054258
176.800000 13.084389
176.900000 13.114555
177.000000 13.144755
177.100000 13.174991
177.200000 13.205261
177.300000 13.235565
177.400000 13.265905
177.500000 13.296279
177.600000 13.326688
177.700000 13.357131
177.800000 13.387609
177.900000 13.418123
178.000000 13.448670
178.100000 13.479253
178.200000 13.509870
178.300000 13.540522
178.400000 13.571209
178.500000 13.601930
178.600000 13.632686
178.700000 13.663477
178.800000 13.694303
178.900000 13.725163
179.000000 13.756059
179.100000 13.786988
179.200000 13.817953
179.300000 13.848952
179.400000 13.879986
179.500000 13.911055
179.600000 13.942159
179.700000 13.973297
179.800000 14.004470
179.900000 14.035678
180.000000 14.066920
180.100000 14.098197
180.200000 14.129509
180.300000 14.160856
180.400000 14.192237
180.500000 14.223653
180.600000 14.255104
180.700000 14.286590
180.800000 14.318110
180.900000 14.349665
181.000000 14.381255
