0.000000 127.435215
0.100000 127.293659
0.200000 127.152182
0.300000 127.010784
0.400000 126.869465
0.500000 126.728224
0.600000 126.587062
0.700000 126.445979
0.800000 126.304974
0.900000 126.164048
1.000000 126.023201
1.100000 125.882432
1.200000 125.741742
1.300000 125.601131
1.400000 125.460598
1.500000 125.320144
1.600000 125.179769
1.700000 125.039472
1.800000 124.899254
1.900000 124.759114
2.000000 124.619054
2.100000 124.479072
2.200000 124.339168
2.300000 124.199343
2.400000 124.059597
2.500000 123.919930
2.600000 123.780341
2.700000 123.640831
2.800000 123.501400
2.900000 123.362047
3.000000 123.222773
3.100000 123.083577
3.200000 122.944461
3.300000 122.805422
3.400000 122.666463
3.500000 122.527582
3.600000 122.388780
3.700000 122.250057
3.800000 122.111412
3.900000 121.972846
4.000000 121.834358
4.100000 121.695949
4.200000 121.557619
4.300000 121.419368
4.400000 121.281195
4.500000 121.143101
4.600000 121.005085
4.700000 120.867149
4.800000 120.729290
4.900000 120.591511
5.000000 120.453810
5.100000 120.316188
5.200000 120.178644
5.300000 120.041180
5.400000 119.903793
5.500000 119.766486
5.600000 119.629257
5.700000 119.492107
5.800000 119.355035
5.900000 119.218042
6.000000 119.081128
6.100000 118.944293
6.200000 118.807536
6.300000 118.670858
6.400000 118.534258
6.500000 118.397737
6.600000 118.261295
6.700000 118.124931
6.800000 117.988647
6.900000 117.852440
7.000000 117.716313
7.100000 117.580264
7.200000 117.444294
7.300000 117.308402
7.400000 117.172589
7.500000 117.036855
7.600000 116.901199
7.700000 116.765623
7.800000 116.630124
7.900000 116.494705
8.000000 116.359364
8.100000 116.224102
8.200000 116.088918
8.300000 115.953813
8.400000 115.818787
8.500000 115.683839
8.600000 115.548970
8.700000 115.414180
8.800000 115.279468
8.900000 115.144835
9.000000 115.010281
9.100000 114.875806
9.200000 114.741409
9.300000 114.607090
9.400000 114.472851
9.500000 114.338690
9.600000 114.204607
9.700000 114.070604
9.800000 113.936679
9.900000 113.802832
10.000000 113.669065
10.100000 113.535376
10.200000 113.401766
10.300000 113.268234
10.400000 113.134781
10.500000 113.001407
10.600000 112.868111
10.700000 112.734894
10.800000 112.601756
10.900000 112.468696
11.000000 112.335715
11.100000 112.202813
11.200000 112.069989
11.300000 111.937244
11.400000 111.804577
11.500000 111.671990
11.600000 111.539481
11.700000 111.407050
11.800000 111.274699
11.900000 111.142426
12.000000 111.010231
12.100000 110.878116
12.200000 110.746079
12.300000 110.614120
12.400000 110.482240
12.500000 110.350439
12.600000 110.218717
12.700000 110.087073
12.800000 109.955508
12.900000 109.824022
13.000000 109.692614
13.100000 109.561285
13.200000 109.430035
13.300000 109.298863
13.400000 109.167770
13.500000 109.036755
13.600000 108.905820
13.700000 108.774963
13.800000 108.644184
13.900000 108.513484
14.000000 108.382863
14.100000 108.252321
14.200000 108.121857
14.300000 107.991472
14.400000 107.861166
14.500000 107.730938
14.600000 107.600789
14.700000 107.470718
14.800000 107.340726
14.900000 107.210813
15.000000 107.080979
15.100000 106.951223
15.200000 106.821546
15.300000 106.691947
15.400000 106.562428
15.500000 106.432987
15.600000 106.303624
15.700000 106.174340
15.800000 106.045135
15.900000 105.916009
16.000000 105.786961
16.100000 105.657992
16.200000 105.529101
16.300000 105.400289
16.400000 105.271556
16.500000 105.142902
16.600000 105.014326
16.700000 104.885829
16.800000 104.757410
16.900000 104.629070
17.000000 104.500809
17.100000 104.372627
17.200000 104.244523
17.300000 104.116498
17.400000 103.988551
17.500000 103.860683
17.600000 103.732894
17.700000 103.605183
17.800000 103.477552
17.900000 103.349998
18.000000 103.222524
18.100000 103.095128
18.200000 102.967811
18.300000 102.840572
18.400000 102.713412
18.500000 102.586331
18.600000 102.459328
18.700000 102.332405
18.800000 102.205559
18.900000 102.078793
19.000000 101.952105
19.100000 101.825496
19.200000 101.698965
19.300000 101.572513
19.400000 101.446140
19.500000 101.319845
19.600000 101.193629
19.700000 101.067492
19.800000 100.941433
19.900000 100.815453
20.000000 100.689552
20.100000 100.563730
20.200000 100.437986
20.300000 100.312320
20.400000 100.186734
20.500000 100.061226
20.600000 99.935797
20.700000 99.810446
20.800000 99.685174
20.900000 99.559981
21.000000 99.434866
21.100000 99.309830
21.200000 99.184873
21.300000 99.059994
21.400000 98.935194
21.500000 98.810473
21.600000 98.685830
21.700000 98.561266
21.800000 98.436781
21.900000 98.312374
22.000000 98.188046
22.100000 98.063797
22.200000 97.939626
22.300000 97.815534
22.400000 97.691521
22.500000 97.567586
22.600000 97.443730
22.700000 97.319953
22.800000 97.196254
22.900000 97.072634
23.000000 96.949093
23.100000 96.825630
23.200000 96.702246
23.300000 96.578941
23.400000 96.455714
23.500000 96.332566
23.600000 96.209496
23.700000 96.086506
23.800000 95.963594
23.900000 95.840760
24.000000 95.718006
24.100000 95.595330
24.200000 95.472732
24.300000 95.350213
24.400000 95.227773
24.500000 95.105412
24.600000 94.983129
24.700000 94.860925
24.800000 94.738800
24.900000 94.616753
25.000000 94.494785
25.100000 94.372895
25.200000 94.251085
25.300000 94.129353
25.400000 94.007699
25.500000 93.886124
25.600000 93.764628
25.700000 93.643211
25.800000 93.521872
25.900000 93.400612
26.000000 93.279430
26.100000 93.158328
26.200000 93.037304
26.300000 92.916358
26.400000 92.795491
26.500000 92.674703
26.600000 92.553994
26.700000 92.433363
26.800000 92.312811
26.900000 92.192337
27.000000 92.071943
27.100000 91.951626
27.200000 91.831389
27.300000 91.711230
27.400000 91.591150
27.500000 91.471148
27.600000 91.351226
27.700000 91.231381
27.800000 91.111616
27.900000 90.991929
28.000000 90.872321
28.100000 90.752791
28.200000 90.633341
28.300000 90.513968
28.400000 90.394675
28.500000 90.275460
28.600000 90.156324
28.700000 90.037266
28.800000 89.918287
28.900000 89.799387
29.000000 89.680566
29.100000 89.561823
29.200000 89.443159
29.300000 89.324573
29.400000 89.206066
29.500000 89.087638
29.600000 88.969288
29.700000 88.851017
29.800000 88.732825
29.900000 88.614712
30.000000 88.496677
30.100000 88.378721
30.200000 88.260843
30.300000 88.143044
30.400000 88.025324
30.500000 87.907682
30.600000 87.790119
30.700000 87.672635
30.800000 87.555229
30.900000 87.437903
31.000000 87.320654
31.100000 87.203485
31.200000 87.086394
31.300000 86.969381
31.400000 86.852448
31.500000 86.735593
31.600000 86.618817
31.700000 86.502119
31.800000 86.385500
31.900000 86.268960
32.000000 86.152498
32.100000 86.036115
32.200000 85.919811
32.300000 85.803585
32.400000 85.687438
32.500000 85.571370
32.600000 85.455380
32.700000 85.339469
32.800000 85.223637
32.900000 85.107883
33.000000 84.992208
33.100000 84.876612
33.200000 84.761094
33.300000 84.645655
33.400000 84.530295
33.500000 84.415013
33.600000 84.299810
33.700000 84.184686
33.800000 84.069640
33.900000 83.954673
34.000000 83.839785
34.100000 83.724975
34.200000 83.610244
34.300000 83.495592
34.400000 83.381018
34.500000 83.266523
34.600000 83.152107
34.700000 83.037769
34.800000 82.923510
34.900000 82.809330
35.000000 82.695228
35.100000 82.581205
35.200000 82.467261
35.300000 82.353395
35.400000 82.239608
35.500000 82.125899
35.600000 82.012270
35.700000 81.898719
35.800000 81.785246
35.900000 81.671852
36.000000 81.558537
36.100000 81.445301
36.200000 81.332143
36.300000 81.219064
36.400000 81.106064
36.500000 80.993142
36.600000 80.880299
36.700000 80.767534
36.800000 80.654849
36.900000 80.542241
37.000000 80.429713
37.100000 80.317263
37.200000 80.204892
37.300000 80.092600
37.400000 79.980386
37.500000 79.868251
37.600000 79.756194
37.700000 79.644217
37.800000 79.532317
37.900000 79.420497
38.000000 79.308755
38.100000 79.197092
38.200000 79.085508
38.300000 78.974002
38.400000 78.862575
38.500000 78.751226
38.600000 78.639956
38.700000 78.528765
38.800000 78.417653
38.900000 78.306619
39.000000 78.195664
39.100000 78.084787
39.200000 77.973989
39.300000 77.863270
39.400000 77.752630
39.500000 77.642068
39.600000 77.531585
39.700000 77.421180
39.800000 77.310854
39.900000 77.200607
40.000000 77.090438
40.100000 76.980349
40.200000 76.870337
40.300000 76.760405
40.400000 76.650551
40.500000 76.540776
40.600000 76.431079
40.700000 76.321461
40.800000 76.211922
40.900000 76.102462
41.000000 75.993080
41.100000 75.883776
41.200000 75.774552
41.300000 75.665406
41.400000 75.556339
41.500000 75.447350
41.600000 75.338440
41.700000 75.229609
41.800000 75.120856
41.900000 75.012182
42.000000 74.903587
42.100000 74.795071
42.200000 74.686633
42.300000 74.578273
42.400000 74.469993
42.500000 74.361791
42.600000 74.253668
42.700000 74.145623
42.800000 74.037657
42.900000 73.929770
43.000000 73.821961
43.100000 73.714231
43.200000 73.606580
43.300000 73.499007
43.400000 73.391513
43.500000 73.284098
43.600000 73.176761
43.700000 73.069503
43.800000 72.962324
43.900000 72.855223
44.000000 72.748201
44.100000 72.641258
44.200000 72.534394
44.300000 72.427608
44.400000 72.320900
44.500000 72.214272
44.600000 72.107722
44.700000 72.001250
44.800000 71.894858
44.900000 71.788544
45.000000 71.682308
45.100000 71.576151
45.200000 71.470073
45.300000 71.364074
45.400000 71.258153
45.500000 71.152311
45.600000 71.046548
45.700000 70.940863
45.800000 70.835257
45.900000 70.729730
46.000000 70.624281
46.100000 70.518911
46.200000 70.413620
46.300000 70.308407
46.400000 70.203273
46.500000 70.098218
46.600000 69.993241
46.700000 69.888343
46.800000 69.783523
46.900000 69.678783
47.000000 69.574121
47.100000 69.469537
47.200000 69.365033
47.300000 69.260606
47.400000 69.156259
47.500000 69.051990
47.600000 68.947800
47.700000 68.843689
47.800000 68.739656
47.900000 68.635702
48.000000 68.531826
48.100000 68.428030
48.200000 68.324312
48.300000 68.220672
48.400000 68.117111
48.500000 68.013629
48.600000 67.910226
48.700000 67.806901
48.800000 67.703655
48.900000 67.600487
49.000000 67.497399
49.100000 67.394389
49.200000 67.291457
49.300000 67.188604
49.400000 67.085830
49.500000 66.983135
49.600000 66.880518
49.700000 66.777980
49.800000 66.675520
49.900000 66.573139
50.000000 66.470837
50.100000 66.368614
50.200000 66.266469
50.300000 66.164403
50.400000 66.062415
50.500000 65.960506
50.600000 65.858676
50.700000 65.756925
50.800000 65.655252
50.900000 65.553658
51.000000 65.452142
51.100000 65.350705
51.200000 65.249347
51.300000 65.148068
51.400000 65.046867
51.500000 64.945744
51.600000 64.844701
51.700000 64.743736
51.800000 64.642850
51.900000 64.542042
52.000000 64.441313
52.100000 64.340663
52.200000 64.240092
52.300000 64.139599
52.400000 64.039185
52.500000 63.938849
52.600000 63.838592
52.700000 63.738414
52.800000 63.638314
52.900000 63.538293
53.000000 63.438351
53.100000 63.338488
53.200000 63.238703
53.300000 63.138996
53.400000 63.039369
53.500000 62.939820
53.600000 62.840350
53.700000 62.740958
53.800000 62.641645
53.900000 62.542411
54.000000 62.443255
54.100000 62.344178
54.200000 62.245180
54.300000 62.146260
54.400000 62.047419
54.500000 61.948657
54.600000 61.849973
54.700000 61.751368
54.800000 61.652842
54.900000 61.554395
55.000000 61.456026
55.100000 61.357735
55.200000 61.259524
55.300000 61.161391
55.400000 61.063336
55.500000 60.965361
55.600000 60.867464
55.700000 60.769645
55.800000 60.671906
55.900000 60.574245
56.000000 60.476662
56.100000 60.379159
56.200000 60.281734
56.300000 60.184387
56.400000 60.087120
56.500000 59.989931
56.600000 59.892820
56.700000 59.795789
56.800000 59.698836
56.900000 59.601961
57.000000 59.505165
57.100000 59.408448
57.200000 59.311810
57.300000 59.215250
57.400000 59.118769
57.500000 59.022367
57.600000 58.926043
57.700000 58.829798
57.800000 58.733632
57.900000 58.637544
58.000000 58.541535
58.100000 58.445605
58.200000 58.349753
58.300000 58.253980
58.400000 58.158285
58.500000 58.062670
58.600000 57.967133
58.700000 57.871674
58.800000 57.776294
58.900000 57.680993
59.000000 57.585771
59.100000 57.490627
59.200000 57.395562
59.300000 57.300576
59.400000 57.205668
59.500000 57.110839
59.600000 57.016088
59.700000 56.921416
59.800000 56.826823
59.900000 56.732309
60.000000 56.637873
60.100000 56.543516
60.200000 56.449238
60.300000 56.355038
60.400000 56.260917
60.500000 56.166874
60.600000 56.072910
60.700000 55.979025
60.800000 55.885219
60.900000 55.791491
61.000000 55.697842
61.100000 55.604271
61.200000 55.510779
61.300000 55.417366
61.400000 55.324032
61.500000 55.230776
61.600000 55.137599
61.700000 55.044500
61.800000 54.951480
61.900000 54.858539
62.000000 54.765677
62.100000 54.672893
62.200000 54.580188
62.300000 54.487561
62.400000 54.395013
62.500000 54.302544
62.600000 54.210154
62.700000 54.117842
62.800000 54.025609
62.900000 53.933454
63.000000 53.841378
63.100000 53.749381
63.200000 53.657462
63.300000 53.565622
63.400000 53.473861
63.500000 53.382179
63.600000 53.290575
63.700000 53.199050
63.800000 53.107603
63.900000 53.016235
64.000000 52.924946
64.100000 52.833735
64.200000 52.742603
64.300000 52.651550
64.400000 52.560576
64.500000 52.469680
64.600000 52.378862
64.700000 52.288124
64.800000 52.197464
64.900000 52.106883
65.000000 52.016380
65.100000 51.925956
65.200000 51.835611
65.300000 51.745344
65.400000 51.655156
65.500000 51.565047
65.600000 51.475016
65.700000 51.385064
65.800000 51.295191
65.900000 51.205396
66.000000 51.115680
66.100000 51.026043
66.200000 50.936485
66.300000 50.847005
66.400000 50.757603
66.500000 50.668281
66.600000 50.579037
66.700000 50.489871
66.800000 50.400785
66.900000 50.311777
67.000000 50.222847
67.100000 50.133997
67.200000 50.045225
67.300000 49.956531
67.400000 49.867917
67.500000 49.779381
67.600000 49.690923
67.700000 49.602545
67.800000 49.514245
67.900000 49.426023
68.000000 49.337881
68.100000 49.249817
68.200000 49.161831
68.300000 49.073925
68.400000 48.986096
68.500000 48.898347
68.600000 48.810676
68.700000 48.723084
68.800000 48.635571
68.900000 48.548136
69.000000 48.460780
69.100000 48.373503
69.200000 48.286304
69.300000 48.199184
69.400000 48.112143
69.500000 48.025180
69.600000 47.938296
69.700000 47.851490
69.800000 47.764764
69.900000 47.678116
70.000000 47.591546
70.100000 47.505055
70.200000 47.418643
70.300000 47.332310
70.400000 47.246055
70.500000 47.159879
70.600000 47.073782
70.700000 46.987763
70.800000 46.901823
70.900000 46.815961
71.000000 46.730179
71.100000 46.644474
71.200000 46.558849
71.300000 46.473302
71.400000 46.387834
71.500000 46.302445
71.600000 46.217134
71.700000 46.131902
71.800000 46.046748
71.900000 45.961673
72.000000 45.876677
72.100000 45.791760
72.200000 45.706921
72.300000 45.622161
72.400000 45.537479
72.500000 45.452876
72.600000 45.368352
72.700000 45.283907
72.800000 45.199540
72.900000 45.115252
73.000000 45.031042
73.100000 44.946911
73.200000 44.862859
73.300000 44.778886
73.400000 44.694991
73.500000 44.611175
73.600000 44.527437
73.700000 44.443778
73.800000 44.360198
73.900000 44.276697
74.000000 44.193274
74.100000 44.109930
74.200000 44.026664
74.300000 43.943477
74.400000 43.860369
74.500000 43.777339
74.600000 43.694389
74.700000 43.611516
74.800000 43.528723
74.900000 43.446008
75.000000 43.363372
75.100000 43.280814
75.200000 43.198335
75.300000 43.115935
75.400000 43.033613
75.500000 42.951370
75.600000 42.869206
75.700000 42.787121
75.800000 42.705114
75.900000 42.623185
76.000000 42.541336
76.100000 42.459565
76.200000 42.377873
76.300000 42.296259
76.400000 42.214724
76.500000 42.133268
76.600000 42.051890
76.700000 41.970591
76.800000 41.889371
76.900000 41.808229
77.000000 41.727166
77.100000 41.646182
77.200000 41.565276
77.300000 41.484450
77.400000 41.403701
77.500000 41.323032
77.600000 41.242441
77.700000 41.161928
77.800000 41.081495
77.900000 41.001140
78.000000 40.920863
78.100000 40.840666
78.200000 40.760547
78.300000 40.680506
78.400000 40.600545
78.500000 40.520662
78.600000 40.440857
78.700000 40.361132
78.800000 40.281485
78.900000 40.201916
79.000000 40.122427
79.100000 40.043016
79.200000 39.963683
79.300000 39.884430
79.400000 39.805255
79.500000 39.726158
79.600000 39.647140
79.700000 39.568201
79.800000 39.489341
79.900000 39.410559
80.000000 39.331856
80.100000 39.253232
80.200000 39.174686
80.300000 39.096219
80.400000 39.017831
80.500000 38.939521
80.600000 38.861290
80.700000 38.783138
80.800000 38.705064
80.900000 38.627069
81.000000 38.549152
81.100000 38.471315
81.200000 38.393556
81.300000 38.315875
81.400000 38.238273
81.500000 38.160750
81.600000 38.083306
81.700000 38.005940
81.800000 37.928653
81.900000 37.851445
82.000000 37.774315
82.100000 37.697264
82.200000 37.620291
82.300000 37.543397
82.400000 37.466582
82.500000 37.389846
82.600000 37.313188
82.700000 37.236609
82.800000 37.160109
82.900000 37.083687
83.000000 37.007344
83.100000 36.931079
83.200000 36.854893
83.300000 36.778786
83.400000 36.702758
83.500000 36.626808
83.600000 36.550937
83.700000 36.475144
83.800000 36.399430
83.900000 36.323795
84.000000 36.248239
84.100000 36.172761
84.200000 36.097362
84.300000 36.022041
84.400000 35.946799
84.500000 35.871636
84.600000 35.796552
84.700000 35.721546
84.800000 35.646619
84.900000 35.571770
85.000000 35.497000
85.100000 35.422309
85.200000 35.347697
85.300000 35.273163
85.400000 35.198708
85.500000 35.124331
85.600000 35.050033
85.700000 34.975814
85.800000 34.901673
85.900000 34.827611
86.000000 34.753628
86.100000 34.679724
86.200000 34.605898
86.300000 34.532151
86.400000 34.458482
86.500000 34.384892
86.600000 34.311381
86.700000 34.237948
86.800000 34.164594
86.900000 34.091319
87.000000 34.018123
87.100000 33.945005
87.200000 33.871965
87.300000 33.799005
87.400000 33.726123
87.500000 33.653320
87.600000 33.580595
87.700000 33.507949
87.800000 33.435382
87.900000 33.362893
88.000000 33.290483
88.100000 33.218152
88.200000 33.145899
88.300000 33.073725
88.400000 33.001630
88.500000 32.929613
88.600000 32.857675
88.700000 32.785816
88.800000 32.714036
88.900000 32.642334
89.000000 32.570710
89.100000 32.499166
89.200000 32.427700
89.300000 32.356312
89.400000 32.285004
89.500000 32.213774
89.600000 32.142622
89.700000 32.071550
89.800000 32.000556
89.900000 31.929640
90.000000 31.858804
90.100000 31.788046
90.200000 31.717366
90.300000 31.646766
90.400000 31.576244
90.500000 31.505800
90.600000 31.435436
90.700000 31.365150
90.800000 31.294942
90.900000 31.224813
91.000000 31.154763
91.100000 31.084792
91.200000 31.014899
91.300000 30.945085
91.400000 30.875350
91.500000 30.805693
91.600000 30.736115
91.700000 30.666616
91.800000 30.597195
91.900000 30.527853
92.000000 30.458590
92.100000 30.389405
92.200000 30.320299
92.300000 30.251271
92.400000 30.182323
92.500000 30.113453
92.600000 30.044661
92.700000 29.975948
92.800000 29.907314
92.900000 29.838759
93.000000 29.770282
93.100000 29.701884
93.200000 29.633565
93.300000 29.565324
93.400000 29.497162
93.500000 29.429078
93.600000 29.361073
93.700000 29.293147
93.800000 29.225300
93.900000 29.157531
94.000000 29.089841
94.100000 29.022229
94.200000 28.954697
94.300000 28.887243
94.400000 28.819867
94.500000 28.752570
94.600000 28.685352
94.700000 28.618213
94.800000 28.551152
94.900000 28.484170
95.000000 28.417266
95.100000 28.350441
95.200000 28.283695
95.300000 28.217028
95.400000 28.150439
95.500000 28.083929
95.600000 28.017497
95.700000 27.951144
95.800000 27.884870
95.900000 27.818675
96.000000 27.752558
96.100000 27.686520
96.200000 27.620560
96.300000 27.554679
96.400000 27.488877
96.500000 27.423154
96.600000 27.357509
96.700000 27.291942
96.800000 27.226455
96.900000 27.161046
97.000000 27.095716
97.100000 27.030464
97.200000 26.965291
97.300000 26.900197
97.400000 26.835182
97.500000 26.770245
97.600000 26.705386
97.700000 26.640607
97.800000 26.575906
97.900000 26.511284
98.000000 26.446740
98.100000 26.382275
98.200000 26.317889
98.300000 26.253581
98.400000 26.189353
98.500000 26.125202
98.600000 26.061131
98.700000 25.997138
98.800000 25.933223
98.900000 25.869388
99.000000 25.805631
99.100000 25.741953
99.200000 25.678353
99.300000 25.614832
99.400000 25.551390
99.500000 25.488026
99.600000 25.424741
99.700000 25.361535
99.800000 25.298407
99.900000 25.235358
100.000000 25.172388
100.100000 25.109496
100.200000 25.046683
100.300000 24.983949
100.400000 24.921293
100.500000 24.858717
100.600000 24.796218
100.700000 24.733799
100.800000 24.671458
100.900000 24.609195
101.000000 24.547012
101.100000 24.484907
101.200000 24.422880
101.300000 24.360933
101.400000 24.299064
101.500000 24.237273
101.600000 24.175561
101.700000 24.113928
101.800000 24.052374
101.900000 23.990898
102.000000 23.929501
102.100000 23.868183
102.200000 23.806943
102.300000 23.745782
102.400000 23.684700
102.500000 23.623696
102.600000 23.562771
102.700000 23.501925
102.800000 23.441157
102.900000 23.380468
103.000000 23.319858
103.100000 23.259326
103.200000 23.198873
103.300000 23.138498
103.400000 23.078203
103.500000 23.017986
103.600000 22.957847
103.700000 22.897787
103.800000 22.837806
103.900000 22.777904
104.000000 22.718080
104.100000 22.658335
104.200000 22.598669
104.300000 22.539081
104.400000 22.479572
104.500000 22.420141
104.600000 22.360790
104.700000 22.301517
104.800000 22.242322
104.900000 22.183206
105.000000 22.124169
105.100000 22.065211
105.200000 22.006331
105.300000 21.947530
105.400000 21.888807
105.500000 21.830164
105.600000 21.771598
105.700000 21.713112
105.800000 21.654704
105.900000 21.596375
106.000000 21.538125
106.100000 21.479953
106.200000 21.421860
106.300000 21.363845
106.400000 21.305909
106.500000 21.248052
106.600000 21.190274
106.700000 21.132574
106.800000 21.074953
106.900000 21.017410
107.000000 20.959946
107.100000 20.902561
107.200000 20.845255
107.300000 20.788027
107.400000 20.730878
107.500000 20.673807
107.600000 20.616815
107.700000 20.559902
107.800000 20.503067
107.900000 20.446312
108.000000 20.389634
108.100000 20.333036
108.200000 20.276516
108.300000 20.220075
108.400000 20.163712
108.500000 20.107428
108.600000 20.051223
108.700000 19.995096
108.800000 19.939049
108.900000 19.883079
109.000000 19.827189
109.100000 19.771377
109.200000 19.715644
109.300000 19.659989
109.400000 19.604413
109.500000 19.548916
109.600000 19.493497
109.700000 19.438157
109.800000 19.382896
109.900000 19.327714
110.000000 19.272610
110.100000 19.217584
110.200000 19.162638
110.300000 19.107770
110.400000 19.052981
110.500000 18.998270
110.600000 18.943638
110.700000 18.889085
110.800000 18.834610
110.900000 18.780214
111.000000 18.725897
111.100000 18.671658
111.200000 18.617498
111.300000 18.563417
111.400000 18.509414
111.500000 18.455490
111.600000 18.401645
111.700000 18.347878
111.800000 18.294190
111.900000 18.240581
112.000000 18.187050
112.100000 18.133598
112.200000 18.080225
112.300000 18.026930
112.400000 17.973714
112.500000 17.920577
112.600000 17.867518
112.700000 17.814538
112.800000 17.761637
112.900000 17.708814
113.000000 17.656070
113.100000 17.603405
113.200000 17.550818
113.300000 17.498310
113.400000 17.445881
113.500000 17.393530
113.600000 17.341258
113.700000 17.289065
113.800000 17.236950
113.900000 17.184914
114.000000 17.132957
114.100000 17.081078
114.200000 17.029278
114.300000 16.977556
114.400000 16.925914
114.500000 16.874350
114.600000 16.822864
114.700000 16.771458
114.800000 16.720129
114.900000 16.668880
115.000000 16.617709
115.100000 16.566617
115.200000 16.515604
115.300000 16.464669
115.400000 16.413813
115.500000 16.363036
115.600000 16.312337
115.700000 16.261717
115.800000 16.211175
115.900000 16.160712
116.000000 16.110328
116.100000 16.060023
116.200000 16.009796
116.300000 15.959648
116.400000 15.909579
116.500000 15.859588
116.600000 15.809676
116.700000 15.759842
116.800000 15.710087
116.900000 15.660411
117.000000 15.610814
117.100000 15.561295
117.200000 15.511855
117.300000 15.462493
117.400000 15.413211
117.500000 15.364006
117.600000 15.314881
117.700000 15.265834
117.800000 15.216866
117.900000 15.167976
118.000000 15.119166
118.100000 15.070433
118.200000 15.021780
118.300000 14.973205
118.400000 14.924709
118.500000 14.876291
118.600000 14.827953
118.700000 14.779692
118.800000 14.731511
118.900000 14.683408
119.000000 14.635384
119.100000 14.587438
119.200000 14.539571
119.300000 14.491783
119.400000 14.444074
119.500000 14.396443
119.600000 14.348891
119.700000 14.301417
119.800000 14.254022
119.900000 14.206706
120.000000 14.159468
120.100000 14.112309
120.200000 14.065229
120.300000 14.018228
120.400000 13.971305
120.500000 13.924460
120.600000 13.877695
120.700000 13.831008
120.800000 13.784400
120.900000 13.737870
121.000000 13.691419
121.100000 13.645047
121.200000 13.598753
121.300000 13.552538
121.400000 13.506402
121.500000 13.460345
121.600000 13.414366
121.700000 13.368465
121.800000 13.322644
121.900000 13.276901
122.000000 13.231236
122.100000 13.185651
122.200000 13.140144
122.300000 13.094716
122.400000 13.049366
122.500000 13.004095
122.600000 12.958903
122.700000 12.913789
122.800000 12.868754
122.900000 12.823798
123.000000 12.778920
123.100000 12.734121
123.200000 12.689401
123.300000 12.644759
123.400000 12.600196
123.500000 12.555712
123.600000 12.511306
123.700000 12.466979
123.800000 12.422731
123.900000 12.378561
124.000000 12.334470
124.100000 12.290458
124.200000 12.246524
124.300000 12.202669
124.400000 12.158893
124.500000 12.115195
124.600000 12.071576
124.700000 12.028036
124.800000 11.984574
124.900000 11.941191
125.000000 11.897887
125.100000 11.854661
125.200000 11.811514
125.300000 11.768445
125.400000 11.725456
125.500000 11.682545
125.600000 11.639712
125.700000 11.596959
125.800000 11.554283
125.900000 11.511687
126.000000 11.469169
126.100000 11.426730
126.200000 11.384370
126.300000 11.342088
126.400000 11.299885
126.500000 11.257761
126.600000 11.215715
126.700000 11.173748
126.800000 11.131859
126.900000 11.090050
127.000000 11.048318
127.100000 11.006666
127.200000 10.965092
127.300000 10.923597
127.400000 10.882181
127.500000 10.840843
127.600000 10.799584
127.700000 10.758403
127.800000 10.717302
127.900000 10.676278
128.000000 10.635334
128.100000 10.594468
128.200000 10.553681
128.300000 10.512973
128.400000 10.472343
128.500000 10.431792
128.600000 10.391319
128.700000 10.350925
128.800000 10.310610
128.900000 10.270374
129.000000 10.230216
129.100000 10.190137
129.200000 10.150136
129.300000 10.110214
129.400000 10.070371
129.500000 10.030607
129.600000 9.990921
129.700000 9.951314
129.800000 9.911785
129.900000 9.872335
130.000000 9.832964
130.100000 9.793672
130.200000 9.754458
130.300000 9.715323
130.400000 9.676266
130.500000 9.637288
130.600000 9.598389
130.700000 9.559568
130.800000 9.520826
130.900000 9.482163
131.000000 9.443579
131.100000 9.405073
131.200000 9.366646
131.300000 9.328297
131.400000 9.290027
131.500000 9.251836
131.600000 9.213723
131.700000 9.175689
131.800000 9.137734
131.900000 9.099858
132.000000 9.062060
132.100000 9.024340
132.200000 8.986700
132.300000 8.949138
132.400000 8.911655
132.500000 8.874250
132.600000 8.836924
132.700000 8.799677
132.800000 8.762508
132.900000 8.725418
133.000000 8.688407
133.100000 8.651474
133.200000 8.614621
133.300000 8.577845
133.400000 8.541149
133.500000 8.504531
133.600000 8.467991
133.700000 8.431531
133.800000 8.395149
133.900000 8.358845
134.000000 8.322621
134.100000 8.286475
134.200000 8.250408
134.300000 8.214419
134.400000 8.178509
134.500000 8.142678
134.600000 8.106925
134.700000 8.071251
134.800000 8.035656
134.900000 8.000139
135.000000 7.964701
135.100000 7.929342
135.200000 7.894061
135.300000 7.858859
135.400000 7.823736
135.500000 7.788691
135.600000 7.753725
135.700000 7.718837
135.800000 7.684029
135.900000 7.649299
136.000000 7.614647
136.100000 7.580075
136.200000 7.545581
136.300000 7.511165
136.400000 7.476829
136.500000 7.442571
136.600000 7.408391
136.700000 7.374290
136.800000 7.340268
136.900000 7.306325
137.000000 7.272460
137.100000 7.238674
137.200000 7.204967
137.300000 7.171338
137.400000 7.137788
137.500000 7.104317
137.600000 7.070924
137.700000 7.037610
137.800000 7.004374
137.900000 6.971218
138.000000 6.938139
138.100000 6.905140
138.200000 6.872219
138.300000 6.839377
138.400000 6.806614
138.500000 6.773929
138.600000 6.741323
138.700000 6.708795
138.800000 6.676347
138.900000 6.643977
139.000000 6.611685
139.100000 6.579472
139.200000 6.547338
139.300000 6.515283
139.400000 6.483306
139.500000 6.451408
139.600000 6.419588
139.700000 6.387847
139.800000 6.356185
139.900000 6.324602
140.000000 6.293097
140.100000 6.261671
140.200000 6.230323
140.300000 6.199055
140.400000 6.167864
140.500000 6.136753
140.600000 6.105720
140.700000 6.074766
140.800000 6.043890
140.900000 6.013094
141.000000 5.982375
141.100000 5.951736
141.200000 5.921175
141.300000 5.890693
141.400000 5.860289
141.500000 5.829964
141.600000 5.799718
141.700000 5.769551
141.800000 5.739462
141.900000 5.709452
142.000000 5.679520
142.100000 5.649667
142.200000 5.619893
142.300000 5.590197
142.400000 5.560581
142.500000 5.531042
142.600000 5.501583
142.700000 5.472202
142.800000 5.442900
142.900000 5.413676
143.000000 5.384531
143.100000 5.355465
143.200000 5.326477
143.300000 5.297568
143.400000 5.268738
143.500000 5.239987
143.600000 5.211314
143.700000 5.182719
143.800000 5.154204
143.900000 5.125767
144.000000 5.097409
144.100000 5.069129
144.200000 5.040928
144.300000 5.012806
144.400000 4.984762
144.500000 4.956797
144.600000 4.928911
144.700000 4.901103
144.800000 4.873374
144.900000 4.845724
145.000000 4.818152
145.100000 4.790659
145.200000 4.763245
145.300000 4.735909
145.400000 4.708653
145.500000 4.681474
145.600000 4.654375
145.700000 4.627354
145.800000 4.600411
145.900000 4.573548
146.000000 4.546763
146.100000 4.520056
146.200000 4.493429
146.300000 4.466880
146.400000 4.440409
146.500000 4.414018
146.600000 4.387705
146.700000 4.361470
146.800000 4.335315
146.900000 4.309238
147.000000 4.283239
147.100000 4.257319
147.200000 4.231478
147.300000 4.205716
147.400000 4.180032
147.500000 4.154427
147.600000 4.128901
147.700000 4.103453
147.800000 4.078084
147.900000 4.052794
148.000000 4.027582
148.100000 4.002449
148.200000 3.977395
148.300000 3.952419
148.400000 3.927522
148.500000 3.902703
148.600000 3.877964
148.700000 3.853303
148.800000 3.828720
148.900000 3.804216
149.000000 3.779791
149.100000 3.755445
149.200000 3.731177
149.300000 3.706988
149.400000 3.682878
149.500000 3.658846
149.600000 3.634893
149.700000 3.611018
149.800000 3.587223
149.900000 3.563506
150.000000 3.539867
150.100000 3.516307
150.200000 3.492826
150.300000 3.469424
150.400000 3.446100
150.500000 3.422855
150.600000 3.399688
150.700000 3.376601
150.800000 3.353591
150.900000 3.330661
151.000000 3.307809
151.100000 3.285036
151.200000 3.262341
151.300000 3.239726
151.400000 3.217189
151.500000 3.194730
151.600000 3.172350
151.700000 3.150049
151.800000 3.127827
151.900000 3.105683
152.000000 3.083618
152.100000 3.061631
152.200000 3.039723
152.300000 3.017894
152.400000 2.996143
152.500000 2.974472
152.600000 2.952878
152.700000 2.931364
152.800000 2.909928
152.900000 2.888571
153.000000 2.867292
153.100000 2.846092
153.200000 2.824971
153.300000 2.803929
153.400000 2.782965
153.500000 2.762080
153.600000 2.741273
153.700000 2.720545
153.800000 2.699896
153.900000 2.679325
154.000000 2.658833
154.100000 2.638420
154.200000 2.618086
154.300000 2.597830
154.400000 2.577653
154.500000 2.557554
154.600000 2.537534
154.700000 2.517593
154.800000 2.497730
154.900000 2.477946
155.000000 2.458241
155.100000 2.438614
155.200000 2.419066
155.300000 2.399597
155.400000 2.380207
155.500000 2.360895
155.600000 2.341661
155.700000 2.322507
155.800000 2.303431
155.900000 2.284434
156.000000 2.265515
156.100000 2.246675
156.200000 2.227914
156.300000 2.209231
156.400000 2.190627
156.500000 2.172102
156.600000 2.153655
156.700000 2.135287
156.800000 2.116998
156.900000 2.098787
157.000000 2.080655
157.100000 2.062602
157.200000 2.044627
157.300000 2.026731
157.400000 2.008914
157.500000 1.991175
157.600000 1.973515
157.700000 1.955934
157.800000 1.938431
157.900000 1.921007
158.000000 1.903662
158.100000 1.886395
158.200000 1.869207
158.300000 1.852098
158.400000 1.835067
158.500000 1.818115
158.600000 1.801242
158.700000 1.784447
158.800000 1.767731
158.900000 1.751094
159.000000 1.734535
159.100000 1.718055
159.200000 1.701653
159.300000 1.685331
159.400000 1.669087
159.500000 1.652921
159.600000 1.636835
159.700000 1.620826
159.800000 1.604897
159.900000 1.589046
160.000000 1.573274
160.100000 1.557581
160.200000 1.541966
160.300000 1.526430
160.400000 1.510973
160.500000 1.495594
160.600000 1.480294
160.700000 1.465072
160.800000 1.449930
160.900000 1.434865
161.000000 1.419880
161.100000 1.404973
161.200000 1.390145
161.300000 1.375396
161.400000 1.360725
161.500000 1.346133
161.600000 1.331619
161.700000 1.317185
161.800000 1.302828
161.900000 1.288551
162.000000 1.274352
162.100000 1.260232
162.200000 1.246191
162.300000 1.232228
162.400000 1.218344
162.500000 1.204538
162.600000 1.190811
162.700000 1.177163
162.800000 1.163594
162.900000 1.150103
163.000000 1.136691
163.100000 1.123357
163.200000 1.110102
163.300000 1.096926
163.400000 1.083829
163.500000 1.070810
163.600000 1.057870
163.700000 1.045008
163.800000 1.032225
163.900000 1.019521
164.000000 1.006896
164.100000 0.994349
164.200000 0.981880
164.300000 0.969491
164.400000 0.957180
164.500000 0.944948
164.600000 0.932794
164.700000 0.920719
164.800000 0.908723
164.900000 0.896806
165.000000 0.884967
165.100000 0.873207
165.200000 0.861525
165.300000 0.849922
165.400000 0.838398
165.500000 0.826952
165.600000 0.815585
165.700000 0.804297
165.800000 0.793088
165.900000 0.781957
166.000000 0.770904
166.100000 0.759931
166.200000 0.749036
166.300000 0.738220
166.400000 0.727482
166.500000 0.716823
166.600000 0.706243
166.700000 0.695741
166.800000 0.685318
166.900000 0.674974
167.000000 0.664708
167.100000 0.654521
167.200000 0.644413
167.300000 0.634384
167.400000 0.624433
167.500000 0.614560
167.600000 0.604767
167.700000 0.595052
167.800000 0.585415
167.900000 0.575858
168.000000 0.566379
168.100000 0.556978
168.200000 0.547657
168.300000 0.538414
168.400000 0.529249
168.500000 0.520164
168.600000 0.511157
168.700000 0.502228
168.800000 0.493379
168.900000 0.484608
169.000000 0.475915
169.100000 0.467302
169.200000 0.458767
169.300000 0.450310
169.400000 0.441933
169.500000 0.433634
169.600000 0.425413
169.700000 0.417272
169.800000 0.409209
169.900000 0.401224
170.000000 0.393319
170.100000 0.385492
170.200000 0.377743
170.300000 0.370073
170.400000 0.362482
170.500000 0.354970
170.600000 0.347536
170.700000 0.340181
170.800000 0.332905
170.900000 0.325707
171.000000 0.318588
171.100000 0.311548
171.200000 0.304586
171.300000 0.297703
171.400000 0.290898
171.500000 0.284173
171.600000 0.277526
171.700000 0.270957
171.800000 0.264467
171.900000 0.258056
172.000000 0.251724
172.100000 0.245470
172.200000 0.239295
172.300000 0.233199
172.400000 0.227181
172.500000 0.221242
172.600000 0.215381
172.700000 0.209599
172.800000 0.203896
172.900000 0.198272
173.000000 0.192726
173.100000 0.187259
173.200000 0.181871
173.300000 0.176561
173.400000 0.171330
173.500000 0.166177
173.600000 0.161103
173.700000 0.156108
173.800000 0.151192
173.900000 0.146354
174.000000 0.141595
174.100000 0.136914
174.200000 0.132312
174.300000 0.127789
174.400000 0.123345
174.500000 0.118979
174.600000 0.114692
174.700000 0.110483
174.800000 0.106353
174.900000 0.102302
175.000000 0.098330
175.100000 0.094436
175.200000 0.090621
175.300000 0.086884
175.400000 0.083226
175.500000 0.079647
175.600000 0.076146
175.700000 0.072725
175.800000 0.069381
175.900000 0.066117
176.000000 0.062931
176.100000 0.059824
176.200000 0.056795
176.300000 0.053845
176.400000 0.050974
176.500000 0.048182
176.600000 0.045468
176.700000 0.042832
176.800000 0.040276
176.900000 0.037798
177.000000 0.035399
177.100000 0.033078
177.200000 0.030836
177.300000 0.028673
177.400000 0.026588
177.500000 0.024582
177.600000 0.022655
177.700000 0.020807
177.800000 0.019037
177.900000 0.017345
178.000000 0.015733
178.100000 0.014199
178.200000 0.012744
178.300000 0.011367
178.400000 0.010069
178.500000 0.008850
178.600000 0.007709
178.700000 0.006647
178.800000 0.005664
178.900000 0.004759
179.000000 0.003933
179.100000 0.003186
179.200000 0.002517
179.300000 0.001927
179.400000 0.001416
179.500000 0.000983
179.600000 0.000629
179.700000 0.000354
179.800000 0.000157
179.900000 0.000039
180.000000 0.000000
180.100000 0.000039
180.200000 0.000157
180.300000 0.000354
180.400000 0.000629
180.500000 0.000983
180.600000 0.001416
180.700000 0.001927
180.800000 0.002517
180.900000 0.003186
181.000000 0.003933
