-180.000000 4.999988
-179.900000 4.999988
-179.800000 4.999988
-179.700000 4.999988
-179.600000 4.999988
-179.500000 4.999989
-179.400000 4.999989
-179.300000 4.999989
-179.200000 4.999989
-179.100000 4.999989
-179.000000 4.999989
-178.900000 4.999989
-178.800000 4.999989
-178.700000 4.999990
-178.600000 4.999990
-178.500000 4.999990
-178.400000 4.999990
-178.300000 4.999990
-178.200000 4.999990
-178.100000 4.999990
-178.000000 4.999990
-177.900000 4.999991
-177.800000 4.999991
-177.700000 4.999991
-177.600000 4.999991
-177.500000 4.999991
-177.400000 4.999991
-177.300000 4.999991
-177.200000 4.999991
-177.100000 4.999991
-177.000000 4.999991
-176.900000 4.999992
-176.800000 4.999992
-176.700000 4.999992
-176.600000 4.999992
-176.500000 4.999992
-176.400000 4.999992
-176.300000 4.999992
-176.200000 4.999992
-176.100000 4.999992
-176.000000 4.999992
-175.900000 4.999993
-175.800000 4.999993
-175.700000 4.999993
-175.600000 4.999993
-175.500000 4.999993
-175.400000 4.999993
-175.300000 4.999993
-175.200000 4.999993
-175.100000 4.999993
-175.000000 4.999993
-174.900000 4.999993
-174.800000 4.999994
-174.700000 4.999994
-174.600000 4.999994
-174.500000 4.999994
-174.400000 4.999994
-174.300000 4.999994
-174.200000 4.999994
-174.100000 4.999994
-174.000000 4.999994
-173.900000 4.999994
-173.800000 4.999994
-173.700000 4.999994
-173.600000 4.999994
-173.500000 4.999995
-173.400000 4.999995
-173.300000 4.999995
-173.200000 4.999995
-173.100000 4.999995
-173.000000 4.999995
-172.900000 4.999995
-172.800000 4.999995
-172.700000 4.999995
-172.600000 4.999995
-172.500000 4.999995
-172.400000 4.999995
-172.300000 4.999995
-172.200000 4.999995
-172.100000 4.999995
-172.000000 4.999996
-171.900000 4.999996
-171.800000 4.999996
-171.700000 4.999996
-171.600000 4.999996
-171.500000 4.999996
-171.400000 4.999996
-171.300000 4.999996
-171.200000 4.999996
-171.100000 4.999996
-171.000000 4.999996
-170.900000 4.999996
-170.800000 4.999996
-170.700000 4.999996
-170.600000 4.999996
-170.500000 4.999996
-170.400000 4.999996
-170.300000 4.999996
-170.200000 4.999997
-170.100000 4.999997
-170.000000 4.999997
-169.900000 4.999997
-169.800000 4.999997
-169.700000 4.999997
-169.600000 4.999997
-169.500000 4.999997
-169.400000 4.999997
-169.300000 4.999997
-169.200000 4.999997
-169.100000 4.999997
-169.000000 4.999997
-168.900000 4.999997
-168.800000 4.999997
-168.700000 4.999997
-168.600000 4.999997
-168.500000 4.999997
-168.400000 4.999997
-168.300000 4.999997
-168.200000 4.999997
-168.100000 4.999997
-168.000000 4.999998
-167.900000 4.999998
-167.800000 4.999998
-167.700000 4.999998
-167.600000 4.999998
-167.500000 4.999998
-167.400000 4.999998
-167.300000 4.999998
-167.200000 4.999998
-167.100000 4.999998
-167.000000 4.999998
-166.900000 4.999998
-166.800000 4.999998
-166.700000 4.999998
-166.600000 4.999998
-166.500000 4.999998
-166.400000 4.999998
-166.300000 4.999998
-166.200000 4.999998
-166.100000 4.999998
-166.000000 4.999998
-165.900000 4.999998
-165.800000 4.999998
-165.700000 4.999998
-165.600000 4.999998
-165.500000 4.999998
-165.400000 4.999998
-165.300000 4.999999
-165.200000 4.999999
-165.100000 4.999999
-165.000000 4.999999
-164.900000 4.999999
-164.800000 4.999999
-164.700000 4.999999
-164.600000 4.999999
-164.500000 4.999999
-164.400000 4.999999
-164.300000 4.999999
-164.200000 4.999999
-164.100000 4.999999
-164.000000 4.999999
-163.900000 4.999999
-163.800000 4.999999
-163.700000 4.999999
-163.600000 4.999999
-163.500000 4.999999
-163.400000 4.999999
-163.300000 4.999999
-163.200000 4.999999
-163.100000 4.999999
-163.000000 4.999999
-162.900000 4.999999
-162.800000 4.999999
-162.700000 4.999999
-162.600000 4.999999
-162.500000 4.999999
-162.400000 4.999999
-162.300000 4.999999
-162.200000 4.999999
-162.100000 4.999999
-162.000000 4.999999
-161.900000 4.999999
-161.800000 4.999999
-161.700000 4.999999
-161.600000 4.999999
-161.500000 4.999999
-161.400000 5.000000
-161.300000 5.000000
-161.200000 5.000000
-161.100000 5.000000
-161.000000 5.000000
-160.900000 5.000000
-160.800000 5.000000
-160.700000 5.000000
-160.600000 5.000000
-160.500000 5.000000
-160.400000 5.000000
-160.300000 5.000000
-160.200000 5.000000
-160.100000 5.000000
-160.000000 5.000000
-159.900000 5.000000
-159.800000 5.000000
-159.700000 5.000000
-159.600000 5.000000
-159.500000 5.000000
-159.400000 5.000000
-159.300000 5.000000
-159.200000 5.000000
-159.100000 5.000000
-159.000000 5.000000
-158.900000 5.000000
-158.800000 5.000000
-158.700000 5.000000
-158.600000 5.000000
-158.500000 5.000000
-158.400000 5.000000
-158.300000 5.000000
-158.200000 5.000000
-158.100000 5.000000
-158.000000 5.000000
-157.900000 5.000000
-157.800000 5.000000
-157.700000 5.000000
-157.600000 5.000000
-157.500000 5.000000
-157.400000 5.000000
-157.300000 5.000000
-157.200000 5.000000
-157.100000 5.000000
-157.000000 5.000000
-156.900000 5.000000
-156.800000 5.000000
-156.700000 5.000000
-156.600000 5.000000
-156.500000 5.000000
-156.400000 5.000000
-156.300000 5.000000
-156.200000 5.000000
-156.100000 5.000000
-156.000000 5.000000
-155.900000 5.000000
-155.800000 5.000000
-155.700000 5.000000
-155.600000 5.000000
-155.500000 5.000000
-155.400000 5.000000
-155.300000 5.000000
-155.200000 5.000000
-155.100000 5.000000
-155.000000 5.000000
-154.900000 5.000001
-154.800000 5.000001
-154.700000 5.000001
-154.600000 5.000001
-154.500000 5.000001
-154.400000 5.000001
-154.300000 5.000001
-154.200000 5.000001
-154.100000 5.000001
-154.000000 5.000001
-153.900000 5.000001
-153.800000 5.000001
-153.700000 5.000001
-153.600000 5.000001
-153.500000 5.000001
-153.400000 5.000001
-153.300000 5.000001
-153.200000 5.000001
-153.100000 5.000001
-153.000000 5.000001
-152.900000 5.000001
-152.800000 5.000001
-152.700000 5.000001
-152.600000 5.000001
-152.500000 5.000001
-152.400000 5.000001
-152.300000 5.000001
-152.200000 5.000001
-152.100000 5.000001
-152.000000 5.000001
-151.900000 5.000001
-151.800000 5.000001
-151.700000 5.000001
-151.600000 5.000001
-151.500000 5.000001
-151.400000 5.000001
-151.300000 5.000001
-151.200000 5.000001
-151.100000 5.000001
-151.000000 5.000001
-150.900000 5.000001
-150.800000 5.000001
-150.700000 5.000001
-150.600000 5.000001
-150.500000 5.000001
-150.400000 5.000001
-150.300000 5.000001
-150.200000 5.000001
-150.100000 5.000001
-150.000000 5.000001
-149.900000 5.000001
-149.800000 5.000001
-149.700000 5.000001
-149.600000 5.000001
-149.500000 5.000001
-149.400000 5.000001
-149.300000 5.000001
-149.200000 5.000001
-149.100000 5.000001
-149.000000 5.000001
-148.900000 5.000001
-148.800000 5.000001
-148.700000 5.000001
-148.600000 5.000001
-148.500000 5.000001
-148.400000 5.000001
-148.300000 5.000001
-148.200000 5.000001
-148.100000 5.000001
-148.000000 5.000001
-147.900000 5.000001
-147.800000 5.000001
-147.700000 5.000001
-147.600000 5.000001
-147.500000 5.000001
-147.400000 5.000001
-147.300000 5.000001
-147.200000 5.000001
-147.100000 5.000001
-147.000000 5.000001
-146.900000 5.000001
-146.800000 5.000001
-146.700000 5.000001
-146.600000 5.000001
-146.500000 5.000001
-146.400000 5.000001
-146.300000 5.000001
-146.200000 5.000001
-146.100000 5.000001
-146.000000 5.000001
-145.900000 5.000001
-145.800000 5.000001
-145.700000 5.000001
-145.600000 5.000001
-145.500000 5.000001
-145.400000 5.000001
-145.300000 5.000001
-145.200000 5.000001
-145.100000 5.000001
-145.000000 5.000001
-144.900000 5.000001
-144.800000 5.000001
-144.700000 5.000001
-144.600000 5.000001
-144.500000 5.000001
-144.400000 5.000001
-144.300000 5.000001
-144.200000 5.000001
-144.100000 5.000001
-144.000000 5.000001
-143.900000 5.000001
-143.800000 5.000001
-143.700000 5.000001
-143.600000 5.000001
-143.500000 5.000001
-143.400000 5.000001
-143.300000 5.000001
-143.200000 5.000001
-143.100000 5.000001
-143.000000 5.000001
-142.900000 5.000001
-142.800000 5.000001
-142.700000 5.000001
-142.600000 5.000001
-142.500000 5.000001
-142.400000 5.000001
-142.300000 5.000001
-142.200000 5.000001
-142.100000 5.000001
-142.000000 5.000001
-141.900000 5.000001
-141.800000 5.000001
-141.700000 5.000001
-141.600000 5.000001
-141.500000 5.000001
-141.400000 5.000001
-141.300000 5.000001
-141.200000 5.000001
-141.100000 5.000001
-141.000000 5.000001
-140.900000 5.000001
-140.800000 5.000001
-140.700000 5.000001
-140.600000 5.000001
-140.500000 5.000001
-140.400000 5.000001
-140.300000 5.000001
-140.200000 5.000001
-140.100000 5.000001
-140.000000 5.000001
-139.900000 5.000001
-139.800000 5.000001
-139.700000 5.000001
-139.600000 5.000001
-139.500000 5.000001
-139.400000 5.000001
-139.300000 5.000001
-139.200000 5.000001
-139.100000 5.000001
-139.000000 5.000001
-138.900000 5.000001
-138.800000 5.000001
-138.700000 5.000001
-138.600000 5.000001
-138.500000 5.000001
-138.400000 5.000001
-138.300000 5.000001
-138.200000 5.000001
-138.100000 5.000001
-138.000000 5.000001
-137.900000 5.000001
-137.800000 5.000001
-137.700000 5.000001
-137.600000 5.000001
-137.500000 5.000001
-137.400000 5.000001
-137.300000 5.000001
-137.200000 5.000001
-137.100000 5.000001
-137.000000 5.000001
-136.900000 5.000001
-136.800000 5.000001
-136.700000 5.000001
-136.600000 5.000001
-136.500000 5.000001
-136.400000 5.000001
-136.300000 5.000001
-136.200000 5.000001
-136.100000 5.000001
-136.000000 5.000000
-135.900000 5.000000
-135.800000 5.000000
-135.700000 5.000000
-135.600000 5.000000
-135.500000 5.000000
-135.400000 5.000000
-135.300000 5.000000
-135.200000 5.000000
-135.100000 5.000000
-135.000000 5.000000
-134.900000 5.000000
-134.800000 5.000000
-134.700000 5.000000
-134.600000 5.000000
-134.500000 5.000000
-134.400000 5.000000
-134.300000 5.000000
-134.200000 5.000000
-134.100000 5.000000
-134.000000 5.000000
-133.900000 5.000000
-133.800000 5.000000
-133.700000 5.000000
-133.600000 5.000000
-133.500000 5.000000
-133.400000 5.000000
-133.300000 5.000000
-133.200000 5.000000
-133.100000 5.000000
-133.000000 5.000000
-132.900000 5.000000
-132.800000 5.000000
-132.700000 5.000000
-132.600000 5.000000
-132.500000 5.000000
-132.400000 5.000000
-132.300000 5.000000
-132.200000 5.000000
-132.100000 5.000000
-132.000000 5.000000
-131.900000 5.000000
-131.800000 5.000000
-131.700000 5.000000
-131.600000 5.000000
-131.500000 5.000000
-131.400000 5.000000
-131.300000 5.000000
-131.200000 5.000000
-131.100000 5.000000
-131.000000 5.000000
-130.900000 5.000000
-130.800000 5.000000
-130.700000 5.000000
-130.600000 5.000000
-130.500000 5.000000
-130.400000 5.000000
-130.300000 5.000000
-130.200000 5.000000
-130.100000 5.000000
-130.000000 5.000000
-129.900000 5.000000
-129.800000 5.000000
-129.700000 5.000000
-129.600000 5.000000
-129.500000 4.999999
-129.400000 4.999999
-129.300000 4.999999
-129.200000 4.999999
-129.100000 4.999999
-129.000000 4.999999
-128.900000 4.999999
-128.800000 4.999999
-128.700000 4.999999
-128.600000 4.999999
-128.500000 4.999999
-128.400000 4.999999
-128.300000 4.999999
-128.200000 4.999999
-128.100000 4.999999
-128.000000 4.999999
-127.900000 4.999999
-127.800000 4.999999
-127.700000 4.999999
-127.600000 4.999999
-127.500000 4.999999
-127.400000 4.999999
-127.300000 4.999999
-127.200000 4.999999
-127.100000 4.999999
-127.000000 4.999999
-126.900000 4.999999
-126.800000 4.999999
-126.700000 4.999999
-126.600000 4.999999
-126.500000 4.999999
-126.400000 4.999999
-126.300000 4.999999
-126.200000 4.999999
-126.100000 4.999999
-126.000000 4.999999
-125.900000 4.999999
-125.800000 4.999999
-125.700000 4.999998
-125.600000 4.999998
-125.500000 4.999998
-125.400000 4.999998
-125.300000 4.999998
-125.200000 4.999998
-125.100000 4.999998
-125.000000 4.999998
-124.900000 4.999998
-124.800000 4.999998
-124.700000 4.999998
-124.600000 4.999998
-124.500000 4.999998
-124.400000 4.999998
-124.300000 4.999998
-124.200000 4.999998
-124.100000 4.999998
-124.000000 4.999998
-123.900000 4.999998
-123.800000 4.999998
-123.700000 4.999998
-123.600000 4.999998
-123.500000 4.999998
-123.400000 4.999998
-123.300000 4.999998
-123.200000 4.999998
-123.100000 4.999998
-123.000000 4.999998
-122.900000 4.999997
-122.800000 4.999997
-122.700000 4.999997
-122.600000 4.999997
-122.500000 4.999997
-122.400000 4.999997
-122.300000 4.999997
-122.200000 4.999997
-122.100000 4.999997
-122.000000 4.999997
-121.900000 4.999997
-121.800000 4.999997
-121.700000 4.999997
-121.600000 4.999997
-121.500000 4.999997
-121.400000 4.999997
-121.300000 4.999997
-121.200000 4.999997
-121.100000 4.999997
-121.000000 4.999997
-120.900000 4.999997
-120.800000 4.999997
-120.700000 4.999996
-120.600000 4.999996
-120.500000 4.999996
-120.400000 4.999996
-120.300000 4.999996
-120.200000 4.999996
-120.100000 4.999996
-120.000000 4.999996
-119.900000 4.999996
-119.800000 4.999996
-119.700000 4.999996
-119.600000 4.999996
-119.500000 4.999996
-119.400000 4.999996
-119.300000 4.999996
-119.200000 4.999996
-119.100000 4.999996
-119.000000 4.999995
-118.900000 4.999995
-118.800000 4.999995
-118.700000 4.999995
-118.600000 4.999995
-118.500000 4.999995
-118.400000 4.999995
-118.300000 4.999995
-118.200000 4.999995
-118.100000 4.999995
-118.000000 4.999995
-117.900000 4.999995
-117.800000 4.999995
-117.700000 4.999995
-117.600000 4.999995
-117.500000 4.999994
-117.400000 4.999994
-117.300000 4.999994
-117.200000 4.999994
-117.100000 4.999994
-117.000000 4.999994
-116.900000 4.999994
-116.800000 4.999994
-116.700000 4.999994
-116.600000 4.999994
-116.500000 4.999994
-116.400000 4.999994
-116.300000 4.999994
-116.200000 4.999993
-116.100000 4.999993
-116.000000 4.999993
-115.900000 4.999993
-115.800000 4.999993
-115.700000 4.999993
-115.600000 4.999993
-115.500000 4.999993
-115.400000 4.999993
-115.300000 4.999993
-115.200000 4.999993
-115.100000 4.999993
-115.000000 4.999992
-114.900000 4.999992
-114.800000 4.999992
-114.700000 4.999992
-114.600000 4.999992
-114.500000 4.999992
-114.400000 4.999992
-114.300000 4.999992
-114.200000 4.999992
-114.100000 4.999992
-114.000000 4.999991
-113.900000 4.999991
-113.800000 4.999991
-113.700000 4.999991
-113.600000 4.999991
-113.500000 4.999991
-113.400000 4.999991
-113.300000 4.999991
-113.200000 4.999991
-113.100000 4.999990
-113.000000 4.999990
-112.900000 4.999990
-112.800000 4.999990
-112.700000 4.999990
-112.600000 4.999990
-112.500000 4.999990
-112.400000 4.999990
-112.300000 4.999990
-112.200000 4.999989
-112.100000 4.999989
-112.000000 4.999989
-111.900000 4.999989
-111.800000 4.999989
-111.700000 4.999989
-111.600000 4.999989
-111.500000 4.999989
-111.400000 4.999988
-111.300000 4.999988
-111.200000 4.999988
-111.100000 4.999988
-111.000000 4.999988
-110.900000 4.999988
-110.800000 4.999988
-110.700000 4.999987
-110.600000 4.999987
-110.500000 4.999987
-110.400000 4.999987
-110.300000 4.999987
-110.200000 4.999987
-110.100000 4.999987
-110.000000 4.999986
-109.900000 4.999986
-109.800000 4.999986
-109.700000 4.999986
-109.600000 4.999986
-109.500000 4.999986
-109.400000 4.999985
-109.300000 4.999985
-109.200000 4.999985
-109.100000 4.999985
-109.000000 4.999985
-108.900000 4.999985
-108.800000 4.999984
-108.700000 4.999984
-108.600000 4.999984
-108.500000 4.999984
-108.400000 4.999984
-108.300000 4.999984
-108.200000 4.999983
-108.100000 4.999983
-108.000000 4.999983
-107.900000 4.999983
-107.800000 4.999983
-107.700000 4.999982
-107.600000 4.999982
-107.500000 4.999982
-107.400000 4.999982
-107.300000 4.999982
-107.200000 4.999981
-107.100000 4.999981
-107.000000 4.999981
-106.900000 4.999981
-106.800000 4.999981
-106.700000 4.999980
-106.600000 4.999980
-106.500000 4.999980
-106.400000 4.999980
-106.300000 4.999980
-106.200000 4.999979
-106.100000 4.999979
-106.000000 4.999979
-105.900000 4.999979
-105.800000 4.999978
-105.700000 4.999978
-105.600000 4.999978
-105.500000 4.999978
-105.400000 4.999977
-105.300000 4.999977
-105.200000 4.999977
-105.100000 4.999977
-105.000000 4.999976
-104.900000 4.999976
-104.800000 4.999976
-104.700000 4.999976
-104.600000 4.999975
-104.500000 4.999975
-104.400000 4.999975
-104.300000 4.999975
-104.200000 4.999974
-104.100000 4.999974
-104.000000 4.999974
-103.900000 4.999973
-103.800000 4.999973
-103.700000 4.999973
-103.600000 4.999973
-103.500000 4.999972
-103.400000 4.999972
-103.300000 4.999972
-103.200000 4.999971
-103.100000 4.999971
-103.000000 4.999971
-102.900000 4.999970
-102.800000 4.999970
-102.700000 4.999970
-102.600000 4.999969
-102.500000 4.999969
-102.400000 4.999969
-102.300000 4.999968
-102.200000 4.999968
-102.100000 4.999968
-102.000000 4.999967
-101.900000 4.999967
-101.800000 4.999967
-101.700000 4.999966
-101.600000 4.999966
-101.500000 4.999966
-101.400000 4.999965
-101.300000 4.999965
-101.200000 4.999965
-101.100000 4.999964
-101.000000 4.999964
-100.900000 4.999963
-100.800000 4.999963
-100.700000 4.999963
-100.600000 4.999962
-100.500000 4.999962
-100.400000 4.999961
-100.300000 4.999961
-100.200000 4.999961
-100.100000 4.999960
-100.000000 4.999960
-99.900000 4.999959
-99.800000 4.999959
-99.700000 4.999959
-99.600000 4.999958
-99.500000 4.999958
-99.400000 4.999957
-99.300000 4.999957
-99.200000 4.999956
-99.100000 4.999956
-99.000000 4.999955
-98.900000 4.999955
-98.800000 4.999954
-98.700000 4.999954
-98.600000 4.999954
-98.500000 4.999953
-98.400000 4.999953
-98.300000 4.999952
-98.200000 4.999952
-98.100000 4.999951
-98.000000 4.999951
-97.900000 4.999950
-97.800000 4.999949
-97.700000 4.999949
-97.600000 4.999948
-97.500000 4.999948
-97.400000 4.999947
-97.300000 4.999947
-97.200000 4.999946
-97.100000 4.999946
-97.000000 4.999945
-96.900000 4.999945
-96.800000 4.999944
-96.700000 4.999943
-96.600000 4.999943
-96.500000 4.999942
-96.400000 4.999942
-96.300000 4.999941
-96.200000 4.999940
-96.100000 4.999940
-96.000000 4.999939
-95.900000 4.999938
-95.800000 4.999938
-95.700000 4.999937
-95.600000 4.999937
-95.500000 4.999936
-95.400000 4.999935
-95.300000 4.999935
-95.200000 4.999934
-95.100000 4.999933
-95.000000 4.999932
-94.900000 4.999932
-94.800000 4.999931
-94.700000 4.999930
-94.600000 4.999930
-94.500000 4.999929
-94.400000 4.999928
-94.300000 4.999927
-94.200000 4.999927
-94.100000 4.999926
-94.000000 4.999925
-93.900000 4.999924
-93.800000 4.999924
-93.700000 4.999923
-93.600000 4.999922
-93.500000 4.999921
-93.400000 4.999920
-93.300000 4.999920
-93.200000 4.999919
-93.100000 4.999918
-93.000000 4.999917
-92.900000 4.999916
-92.800000 4.999915
-92.700000 4.999914
-92.600000 4.999914
-92.500000 4.999913
-92.400000 4.999912
-92.300000 4.999911
-92.200000 4.999910
-92.100000 4.999909
-92.000000 4.999908
-91.900000 4.999907
-91.800000 4.999906
-91.700000 4.999905
-91.600000 4.999904
-91.500000 4.999903
-91.400000 4.999902
-91.300000 4.999901
-91.200000 4.999900
-91.100000 4.999899
-91.000000 4.999898
-90.900000 4.999897
-90.800000 4.999896
-90.700000 4.999895
-90.600000 4.999894
-90.500000 4.999893
-90.400000 4.999892
-90.300000 4.999891
-90.200000 4.999890
-90.100000 4.999888
-90.000000 4.999887
-89.900000 4.999886
-89.800000 4.999885
-89.700000 4.999884
-89.600000 4.999883
-89.500000 4.999881
-89.400000 4.999880
-89.300000 4.999879
-89.200000 4.999878
-89.100000 4.999876
-89.000000 4.999875
-88.900000 4.999874
-88.800000 4.999873
-88.700000 4.999871
-88.600000 4.999870
-88.500000 4.999869
-88.400000 4.999867
-88.300000 4.999866
-88.200000 4.999865
-88.100000 4.999863
-88.000000 4.999862
-87.900000 4.999860
-87.800000 4.999859
-87.700000 4.999858
-87.600000 4.999856
-87.500000 4.999855
-87.400000 4.999853
-87.300000 4.999852
-87.200000 4.999850
-87.100000 4.999849
-87.000000 4.999847
-86.900000 4.999846
-86.800000 4.999844
-86.700000 4.999842
-86.600000 4.999841
-86.500000 4.999839
-86.400000 4.999838
-86.300000 4.999836
-86.200000 4.999834
-86.100000 4.999833
-86.000000 4.999831
-85.900000 4.999829
-85.800000 4.999827
-85.700000 4.999826
-85.600000 4.999824
-85.500000 4.999822
-85.400000 4.999820
-85.300000 4.999818
-85.200000 4.999817
-85.100000 4.999815
-85.000000 4.999813
-84.900000 4.999811
-84.800000 4.999809
-84.700000 4.999807
-84.600000 4.999805
-84.500000 4.999803
-84.400000 4.999801
-84.300000 4.999799
-84.200000 4.999797
-84.100000 4.999795
-84.000000 4.999793
-83.900000 4.999791
-83.800000 4.999789
-83.700000 4.999787
-83.600000 4.999784
-83.500000 4.999782
-83.400000 4.999780
-83.300000 4.999778
-83.200000 4.999776
-83.100000 4.999773
-83.000000 4.999771
-82.900000 4.999769
-82.800000 4.999766
-82.700000 4.999764
-82.600000 4.999762
-82.500000 4.999759
-82.400000 4.999757
-82.300000 4.999754
-82.200000 4.999752
-82.100000 4.999749
-82.000000 4.999747
-81.900000 4.999744
-81.800000 4.999742
-81.700000 4.999739
-81.600000 4.999736
-81.500000 4.999734
-81.400000 4.999731
-81.300000 4.999728
-81.200000 4.999726
-81.100000 4.999723
-81.000000 4.999720
-80.900000 4.999717
-80.800000 4.999714
-80.700000 4.999711
-80.600000 4.999708
-80.500000 4.999706
-80.400000 4.999703
-80.300000 4.999700
-80.200000 4.999697
-80.100000 4.999693
-80.000000 4.999690
-79.900000 4.999687
-79.800000 4.999684
-79.700000 4.999681
-79.600000 4.999678
-79.500000 4.999674
-79.400000 4.999671
-79.300000 4.999668
-79.200000 4.999664
-79.100000 4.999661
-79.000000 4.999658
-78.900000 4.999654
-78.800000 4.999651
-78.700000 4.999647
-78.600000 4.999644
-78.500000 4.999640
-78.400000 4.999636
-78.300000 4.999633
-78.200000 4.999629
-78.100000 4.999625
-78.000000 4.999622
-77.900000 4.999618
-77.800000 4.999614
-77.700000 4.999610
-77.600000 4.999606
-77.500000 4.999602
-77.400000 4.999598
-77.300000 4.999594
-77.200000 4.999590
-77.100000 4.999586
-77.000000 4.999582
-76.900000 4.999578
-76.800000 4.999573
-76.700000 4.999569
-76.600000 4.999565
-76.500000 4.999560
-76.400000 4.999556
-76.300000 4.999551
-76.200000 4.999547
-76.100000 4.999542
-76.000000 4.999538
-75.900000 4.999533
-75.800000 4.999528
-75.700000 4.999524
-75.600000 4.999519
-75.500000 4.999514
-75.400000 4.999509
-75.300000 4.999504
-75.200000 4.999499
-75.100000 4.999494
-75.000000 4.999489
-74.900000 4.999484
-74.800000 4.999479
-74.700000 4.999474
-74.600000 4.999468
-74.500000 4.999463
-74.400000 4.999458
-74.300000 4.999452
-74.200000 4.999447
-74.100000 4.999441
-74.000000 4.999436
-73.900000 4.999430
-73.800000 4.999424
-73.700000 4.999418
-73.600000 4.999413
-73.500000 4.999407
-73.400000 4.999401
-73.300000 4.999395
-73.200000 4.999389
-73.100000 4.999383
-73.000000 4.999376
-72.900000 4.999370
-72.800000 4.999364
-72.700000 4.999358
-72.600000 4.999351
-72.500000 4.999345
-72.400000 4.999338
-72.300000 4.999331
-72.200000 4.999325
-72.100000 4.999318
-72.000000 4.999311
-71.900000 4.999304
-71.800000 4.999297
-71.700000 4.999290
-71.600000 4.999283
-71.500000 4.999276
-71.400000 4.999269
-71.300000 4.999261
-71.200000 4.999254
-71.100000 4.999247
-71.000000 4.999239
-70.900000 4.999231
-70.800000 4.999224
-70.700000 4.999216
-70.600000 4.999208
-70.500000 4.999200
-70.400000 4.999192
-70.300000 4.999184
-70.200000 4.999176
-70.100000 4.999168
-70.000000 4.999160
-69.900000 4.999151
-69.800000 4.999143
-69.700000 4.999134
-69.600000 4.999125
-69.500000 4.999117
-69.400000 4.999108
-69.300000 4.999099
-69.200000 4.999090
-69.100000 4.999081
-69.000000 4.999072
-68.900000 4.999062
-68.800000 4.999053
-68.700000 4.999044
-68.600000 4.999034
-68.500000 4.999025
-68.400000 4.999015
-68.300000 4.999005
-68.200000 4.998995
-68.100000 4.998985
-68.000000 4.998975
-67.900000 4.998965
-67.800000 4.998954
-67.700000 4.998944
-67.600000 4.998933
-67.500000 4.998923
-67.400000 4.998912
-67.300000 4.998901
-67.200000 4.998890
-67.100000 4.998879
-67.000000 4.998868
-66.900000 4.998857
-66.800000 4.998845
-66.700000 4.998834
-66.600000 4.998822
-66.500000 4.998811
-66.400000 4.998799
-66.300000 4.998787
-66.200000 4.998775
-66.100000 4.998763
-66.000000 4.998750
-65.900000 4.998738
-65.800000 4.998725
-65.700000 4.998713
-65.600000 4.998700
-65.500000 4.998687
-65.400000 4.998674
-65.300000 4.998661
-65.200000 4.998647
-65.100000 4.998634
-65.000000 4.998620
-64.900000 4.998607
-64.800000 4.998593
-64.700000 4.998579
-64.600000 4.998565
-64.500000 4.998550
-64.400000 4.998536
-64.300000 4.998521
-64.200000 4.998507
-64.100000 4.998492
-64.000000 4.998477
-63.900000 4.998462
-63.800000 4.998447
-63.700000 4.998431
-63.600000 4.998416
-63.500000 4.998400
-63.400000 4.998384
-63.300000 4.998368
-63.200000 4.998352
-63.100000 4.998335
-63.000000 4.998319
-62.900000 4.998302
-62.800000 4.998285
-62.700000 4.998268
-62.600000 4.998251
-62.500000 4.998234
-62.400000 4.998216
-62.300000 4.998199
-62.200000 4.998181
-62.100000 4.998163
-62.000000 4.998145
-61.900000 4.998126
-61.800000 4.998108
-61.700000 4.998089
-61.600000 4.998070
-61.500000 4.998051
-61.400000 4.998032
-61.300000 4.998012
-61.200000 4.997992
-61.100000 4.997973
-61.000000 4.997953
-60.900000 4.997932
-60.800000 4.997912
-60.700000 4.997891
-60.600000 4.997870
-60.500000 4.997849
-60.400000 4.997828
-60.300000 4.997806
-60.200000 4.997785
-60.100000 4.997763
-60.000000 4.997741
-59.900000 4.997718
-59.800000 4.997696
-59.700000 4.997673
-59.600000 4.997650
-59.500000 4.997627
-59.400000 4.997603
-59.300000 4.997580
-59.200000 4.997556
-59.100000 4.997532
-59.000000 4.997507
-58.900000 4.997483
-58.800000 4.997458
-58.700000 4.997433
-58.600000 4.997407
-58.500000 4.997382
-58.400000 4.997356
-58.300000 4.997330
-58.200000 4.997303
-58.100000 4.997277
-58.000000 4.997250
-57.900000 4.997223
-57.800000 4.997195
-57.700000 4.997168
-57.600000 4.997140
-57.500000 4.997111
-57.400000 4.997083
-57.300000 4.997054
-57.200000 4.997025
-57.100000 4.996996
-57.000000 4.996966
-56.900000 4.996936
-56.800000 4.996906
-56.700000 4.996876
-56.600000 4.996845
-56.500000 4.996814
-56.400000 4.996782
-56.300000 4.996751
-56.200000 4.996719
-56.100000 4.996686
-56.000000 4.996654
-55.900000 4.996621
-55.800000 4.996588
-55.700000 4.996554
-55.600000 4.996520
-55.500000 4.996486
-55.400000 4.996451
-55.300000 4.996416
-55.200000 4.996381
-55.100000 4.996345
-55.000000 4.996309
-54.900000 4.996273
-54.800000 4.996236
-54.700000 4.996199
-54.600000 4.996162
-54.500000 4.996124
-54.400000 4.996086
-54.300000 4.996048
-54.200000 4.996009
-54.100000 4.995970
-54.000000 4.995930
-53.900000 4.995890
-53.800000 4.995850
-53.700000 4.995809
-53.600000 4.995768
-53.500000 4.995726
-53.400000 4.995684
-53.300000 4.995642
-53.200000 4.995599
-53.100000 4.995556
-53.000000 4.995512
-52.900000 4.995468
-52.800000 4.995424
-52.700000 4.995379
-52.600000 4.995334
-52.500000 4.995288
-52.400000 4.995242
-52.300000 4.995195
-52.200000 4.995148
-52.100000 4.995100
-52.000000 4.995052
-51.900000 4.995004
-51.800000 4.994955
-51.700000 4.994905
-51.600000 4.994855
-51.500000 4.994805
-51.400000 4.994754
-51.300000 4.994703
-51.200000 4.994651
-51.100000 4.994598
-51.000000 4.994546
-50.900000 4.994492
-50.800000 4.994438
-50.700000 4.994384
-50.600000 4.994329
-50.500000 4.994273
-50.400000 4.994217
-50.300000 4.994161
-50.200000 4.994104
-50.100000 4.994046
-50.000000 4.993988
-49.900000 4.993929
-49.800000 4.993869
-49.700000 4.993810
-49.600000 4.993749
-49.500000 4.993688
-49.400000 4.993626
-49.300000 4.993564
-49.200000 4.993501
-49.100000 4.993438
-49.000000 4.993373
-48.900000 4.993309
-48.800000 4.993243
-48.700000 4.993177
-48.600000 4.993111
-48.500000 4.993043
-48.400000 4.992976
-48.300000 4.992907
-48.200000 4.992838
-48.100000 4.992768
-48.000000 4.992697
-47.900000 4.992626
-47.800000 4.992554
-47.700000 4.992482
-47.600000 4.992408
-47.500000 4.992334
-47.400000 4.992259
-47.300000 4.992184
-47.200000 4.992108
-47.100000 4.992031
-47.000000 4.991953
-46.900000 4.991875
-46.800000 4.991796
-46.700000 4.991716
-46.600000 4.991635
-46.500000 4.991554
-46.400000 4.991471
-46.300000 4.991388
-46.200000 4.991305
-46.100000 4.991220
-46.000000 4.991134
-45.900000 4.991048
-45.800000 4.990961
-45.700000 4.990873
-45.600000 4.990784
-45.500000 4.990695
-45.400000 4.990604
-45.300000 4.990513
-45.200000 4.990421
-45.100000 4.990328
-45.000000 4.990234
-44.900000 4.990139
-44.800000 4.990043
-44.700000 4.989946
-44.600000 4.989848
-44.500000 4.989750
-44.400000 4.989650
-44.300000 4.989550
-44.200000 4.989448
-44.100000 4.989346
-44.000000 4.989243
-43.900000 4.989138
-43.800000 4.989033
-43.700000 4.988926
-43.600000 4.988819
-43.500000 4.988710
-43.400000 4.988601
-43.300000 4.988490
-43.200000 4.988379
-43.100000 4.988266
-43.000000 4.988152
-42.900000 4.988038
-42.800000 4.987922
-42.700000 4.987805
-42.600000 4.987687
-42.500000 4.987567
-42.400000 4.987447
-42.300000 4.987325
-42.200000 4.987203
-42.100000 4.987079
-42.000000 4.986954
-41.900000 4.986827
-41.800000 4.986700
-41.700000 4.986571
-41.600000 4.986441
-41.500000 4.986310
-41.400000 4.986178
-41.300000 4.986044
-41.200000 4.985909
-41.100000 4.985773
-41.000000 4.985636
-40.900000 4.985497
-40.800000 4.985357
-40.700000 4.985215
-40.600000 4.985072
-40.500000 4.984928
-40.400000 4.984783
-40.300000 4.984636
-40.200000 4.984487
-40.100000 4.984338
-40.000000 4.984186
-39.900000 4.984034
-39.800000 4.983880
-39.700000 4.983724
-39.600000 4.983567
-39.500000 4.983409
-39.400000 4.983249
-39.300000 4.983087
-39.200000 4.982924
-39.100000 4.982760
-39.000000 4.982594
-38.900000 4.982426
-38.800000 4.982257
-38.700000 4.982086
-38.600000 4.981913
-38.500000 4.981739
-38.400000 4.981563
-38.300000 4.981386
-38.200000 4.981207
-38.100000 4.981026
-38.000000 4.980843
-37.900000 4.980659
-37.800000 4.980473
-37.700000 4.980285
-37.600000 4.980096
-37.500000 4.979904
-37.400000 4.979711
-37.300000 4.979516
-37.200000 4.979319
-37.100000 4.979121
-37.000000 4.978920
-36.900000 4.978718
-36.800000 4.978513
-36.700000 4.978307
-36.600000 4.978099
-36.500000 4.977889
-36.400000 4.977676
-36.300000 4.977462
-36.200000 4.977246
-36.100000 4.977028
-36.000000 4.976808
-35.900000 4.976585
-35.800000 4.976361
-35.700000 4.976134
-35.600000 4.975905
-35.500000 4.975675
-35.400000 4.975441
-35.300000 4.975206
-35.200000 4.974969
-35.100000 4.974729
-35.000000 4.974487
-34.900000 4.974243
-34.800000 4.973996
-34.700000 4.973748
-34.600000 4.973496
-34.500000 4.973243
-34.400000 4.972987
-34.300000 4.972729
-34.200000 4.972468
-34.100000 4.972205
-34.000000 4.971939
-33.900000 4.971671
-33.800000 4.971400
-33.700000 4.971127
-33.600000 4.970851
-33.500000 4.970573
-33.400000 4.970292
-33.300000 4.970009
-33.200000 4.969722
-33.100000 4.969433
-33.000000 4.969142
-32.900000 4.968847
-32.800000 4.968550
-32.700000 4.968250
-32.600000 4.967948
-32.500000 4.967642
-32.400000 4.967334
-32.300000 4.967023
-32.200000 4.966708
-32.100000 4.966391
-32.000000 4.966071
-31.900000 4.965748
-31.800000 4.965422
-31.700000 4.965093
-31.600000 4.964761
-31.500000 4.964426
-31.400000 4.964087
-31.300000 4.963746
-31.200000 4.963401
-31.100000 4.963053
-31.000000 4.962702
-30.900000 4.962347
-30.800000 4.961990
-30.700000 4.961629
-30.600000 4.961264
-30.500000 4.960896
-30.400000 4.960525
-30.300000 4.960150
-30.200000 4.959772
-30.100000 4.959390
-30.000000 4.959005
-29.900000 4.958616
-29.800000 4.958224
-29.700000 4.957828
-29.600000 4.957428
-29.500000 4.957025
-29.400000 4.956617
-29.300000 4.956206
-29.200000 4.955792
-29.100000 4.955373
-29.000000 4.954950
-28.900000 4.954524
-28.800000 4.954094
-28.700000 4.953659
-28.600000 4.953221
-28.500000 4.952778
-28.400000 4.952332
-28.300000 4.951881
-28.200000 4.951426
-28.100000 4.950967
-28.000000 4.950504
-27.900000 4.950036
-27.800000 4.949564
-27.700000 4.949088
-27.600000 4.948607
-27.500000 4.948122
-27.400000 4.947633
-27.300000 4.947139
-27.200000 4.946640
-27.100000 4.946137
-27.000000 4.945629
-26.900000 4.945117
-26.800000 4.944599
-26.700000 4.944077
-26.600000 4.943550
-26.500000 4.943019
-26.400000 4.942482
-26.300000 4.941941
-26.200000 4.941394
-26.100000 4.940843
-26.000000 4.940286
-25.900000 4.939724
-25.800000 4.939158
-25.700000 4.938586
-25.600000 4.938008
-25.500000 4.937426
-25.400000 4.936838
-25.300000 4.936244
-25.200000 4.935646
-25.100000 4.935041
-25.000000 4.934432
-24.900000 4.933816
-24.800000 4.933195
-24.700000 4.932569
-24.600000 4.931936
-24.500000 4.931298
-24.400000 4.930654
-24.300000 4.930004
-24.200000 4.929348
-24.100000 4.928686
-24.000000 4.928018
-23.900000 4.927344
-23.800000 4.926664
-23.700000 4.925978
-23.600000 4.925285
-23.500000 4.924586
-23.400000 4.923881
-23.300000 4.923169
-23.200000 4.922451
-23.100000 4.921726
-23.000000 4.920995
-22.900000 4.920257
-22.800000 4.919512
-22.700000 4.918761
-22.600000 4.918003
-22.500000 4.917237
-22.400000 4.916465
-22.300000 4.915686
-22.200000 4.914900
-22.100000 4.914107
-22.000000 4.913306
-21.900000 4.912498
-21.800000 4.911683
-21.700000 4.910861
-21.600000 4.910031
-21.500000 4.909193
-21.400000 4.908348
-21.300000 4.907495
-21.200000 4.906635
-21.100000 4.905767
-21.000000 4.904891
-20.900000 4.904007
-20.800000 4.903115
-20.700000 4.902215
-20.600000 4.901307
-20.500000 4.900390
-20.400000 4.899466
-20.300000 4.898533
-20.200000 4.897591
-20.100000 4.896642
-20.000000 4.895683
-19.900000 4.894716
-19.800000 4.893741
-19.700000 4.892756
-19.600000 4.891763
-19.500000 4.890761
-19.400000 4.889749
-19.300000 4.888729
-19.200000 4.887700
-19.100000 4.886661
-19.000000 4.885613
-18.900000 4.884555
-18.800000 4.883488
-18.700000 4.882412
-18.600000 4.881326
-18.500000 4.880230
-18.400000 4.879124
-18.300000 4.878009
-18.200000 4.876883
-18.100000 4.875748
-18.000000 4.874602
-17.900000 4.873446
-17.800000 4.872280
-17.700000 4.871103
-17.600000 4.869916
-17.500000 4.868718
-17.400000 4.867510
-17.300000 4.866290
-17.200000 4.865060
-17.100000 4.863819
-17.000000 4.862567
-16.900000 4.861304
-16.800000 4.860030
-16.700000 4.858744
-16.600000 4.857447
-16.500000 4.856138
-16.400000 4.854818
-16.300000 4.853486
-16.200000 4.852142
-16.100000 4.850786
-16.000000 4.849418
-15.900000 4.848039
-15.800000 4.846646
-15.700000 4.845242
-15.600000 4.843825
-15.500000 4.842396
-15.400000 4.840954
-15.300000 4.839499
-15.200000 4.838032
-15.100000 4.836551
-15.000000 4.835058
-14.900000 4.833551
-14.800000 4.832031
-14.700000 4.830498
-14.600000 4.828951
-14.500000 4.827390
-14.400000 4.825816
-14.300000 4.824228
-14.200000 4.822626
-14.100000 4.821010
-14.000000 4.819380
-13.900000 4.817736
-13.800000 4.816077
-13.700000 4.814403
-13.600000 4.812715
-13.500000 4.811012
-13.400000 4.809294
-13.300000 4.807561
-13.200000 4.805813
-13.100000 4.804050
-13.000000 4.802271
-12.900000 4.800477
-12.800000 4.798667
-12.700000 4.796842
-12.600000 4.795000
-12.500000 4.793143
-12.400000 4.791269
-12.300000 4.789379
-12.200000 4.787472
-12.100000 4.785549
-12.000000 4.783610
-11.900000 4.781653
-11.800000 4.779679
-11.700000 4.777689
-11.600000 4.775681
-11.500000 4.773655
-11.400000 4.771612
-11.300000 4.769552
-11.200000 4.767473
-11.100000 4.765377
-11.000000 4.763263
-10.900000 4.761130
-10.800000 4.758979
-10.700000 4.756809
-10.600000 4.754621
-10.500000 4.752413
-10.400000 4.750187
-10.300000 4.747942
-10.200000 4.745677
-10.100000 4.743393
-10.000000 4.741089
-9.900000 4.738765
-9.800000 4.736422
-9.700000 4.734058
-9.600000 4.731674
-9.500000 4.729270
-9.400000 4.726845
-9.300000 4.724399
-9.200000 4.721933
-9.100000 4.719445
-9.000000 4.716936
-8.900000 4.714406
-8.800000 4.711854
-8.700000 4.709280
-8.600000 4.706685
-8.500000 4.704067
-8.400000 4.701427
-8.300000 4.698765
-8.200000 4.696080
-8.100000 4.693372
-8.000000 4.690642
-7.900000 4.687888
-7.800000 4.685111
-7.700000 4.682310
-7.600000 4.679485
-7.500000 4.676637
-7.400000 4.673765
-7.300000 4.670868
-7.200000 4.667947
-7.100000 4.665001
-7.000000 4.662031
-6.900000 4.659035
-6.800000 4.656015
-6.700000 4.652968
-6.600000 4.649897
-6.500000 4.646799
-6.400000 4.643676
-6.300000 4.640526
-6.200000 4.637350
-6.100000 4.634147
-6.000000 4.630917
-5.900000 4.627661
-5.800000 4.624377
-5.700000 4.621066
-5.600000 4.617727
-5.500000 4.614361
-5.400000 4.610966
-5.300000 4.607543
-5.200000 4.604092
-5.100000 4.600612
-5.000000 4.597103
-4.900000 4.593565
-4.800000 4.589997
-4.700000 4.586400
-4.600000 4.582773
-4.500000 4.579117
-4.400000 4.575430
-4.300000 4.571712
-4.200000 4.567964
-4.100000 4.564185
-4.000000 4.560375
-3.900000 4.556533
-3.800000 4.552660
-3.700000 4.548755
-3.600000 4.544818
-3.500000 4.540849
-3.400000 4.536847
-3.300000 4.532813
-3.200000 4.528745
-3.100000 4.524644
-3.000000 4.520510
-2.900000 4.516341
-2.800000 4.512139
-2.700000 4.507903
-2.600000 4.503632
-2.500000 4.499326
-2.400000 4.494986
-2.300000 4.490610
-2.200000 4.486199
-2.100000 4.481752
-2.000000 4.477269
-1.900000 4.472749
-1.800000 4.468193
-1.700000 4.463601
-1.600000 4.458971
-1.500000 4.454304
-1.400000 4.449600
-1.300000 4.444857
-1.200000 4.440077
-1.100000 4.435258
-1.000000 4.430400
-0.900000 4.425504
-0.800000 4.420568
-0.700000 4.415593
-0.600000 4.410579
-0.500000 4.405524
-0.400000 4.400429
-0.300000 4.395293
-0.200000 4.390117
-0.100000 4.384899
-0.000000 4.379640
0.100000 4.374339
0.200000 4.368997
0.300000 4.363612
0.400000 4.358184
0.500000 4.352714
0.600000 4.347200
0.700000 4.341643
0.800000 4.336043
0.900000 4.330398
1.000000 4.324709
1.100000 4.318976
1.200000 4.313197
1.300000 4.307373
1.400000 4.301504
1.500000 4.295589
1.600000 4.289628
1.700000 4.283621
1.800000 4.277567
1.900000 4.271465
2.000000 4.265317
2.100000 4.259120
2.200000 4.252876
2.300000 4.246584
2.400000 4.240243
2.500000 4.233853
2.600000 4.227414
2.700000 4.220925
2.800000 4.214387
2.900000 4.207798
3.000000 4.201159
3.100000 4.194469
3.200000 4.187729
3.300000 4.180936
3.400000 4.174092
3.500000 4.167196
3.600000 4.160247
3.700000 4.153246
3.800000 4.146192
3.900000 4.139084
4.000000 4.131922
4.100000 4.124707
4.200000 4.117437
4.300000 4.110113
4.400000 4.102733
4.500000 4.095298
4.600000 4.087808
4.700000 4.080261
4.800000 4.072658
4.900000 4.064999
5.000000 4.057282
5.100000 4.049508
5.200000 4.041676
5.300000 4.033787
5.400000 4.025839
5.500000 4.017832
5.600000 4.009766
5.700000 4.001641
5.800000 3.993456
5.900000 3.985211
6.000000 3.976906
6.100000 3.968540
6.200000 3.960112
6.300000 3.951624
6.400000 3.943073
6.500000 3.934461
6.600000 3.925786
6.700000 3.917049
6.800000 3.908248
6.900000 3.899384
7.000000 3.890456
7.100000 3.881464
7.200000 3.872407
7.300000 3.863286
7.400000 3.854099
7.500000 3.844847
7.600000 3.835529
7.700000 3.826145
7.800000 3.816694
7.900000 3.807177
8.000000 3.797592
8.100000 3.787940
8.200000 3.778220
8.300000 3.768432
8.400000 3.758575
8.500000 3.748649
8.600000 3.738654
8.700000 3.728590
8.800000 3.718456
8.900000 3.708251
9.000000 3.697976
9.100000 3.687630
9.200000 3.677213
9.300000 3.666725
9.400000 3.656164
9.500000 3.645532
9.600000 3.634827
9.700000 3.624049
9.800000 3.613198
9.900000 3.602273
10.000000 3.591275
10.100000 3.580203
10.200000 3.569056
10.300000 3.557835
10.400000 3.546539
10.500000 3.535167
10.600000 3.523720
10.700000 3.512197
10.800000 3.500597
10.900000 3.488921
11.000000 3.477169
11.100000 3.465339
11.200000 3.453432
11.300000 3.441447
11.400000 3.429384
11.500000 3.417243
11.600000 3.405023
11.700000 3.392725
11.800000 3.380348
11.900000 3.367891
12.000000 3.355355
12.100000 3.342739
12.200000 3.330042
12.300000 3.317266
12.400000 3.304409
12.500000 3.291470
12.600000 3.278451
12.700000 3.265351
12.800000 3.252169
12.900000 3.238905
13.000000 3.225559
13.100000 3.212131
13.200000 3.198621
13.300000 3.185028
13.400000 3.171352
13.500000 3.157593
13.600000 3.143751
13.700000 3.129825
13.800000 3.115816
13.900000 3.101723
14.000000 3.087546
14.100000 3.073285
14.200000 3.058939
14.300000 3.044510
14.400000 3.029996
14.500000 3.015397
14.600000 3.000713
14.700000 2.985944
14.800000 2.971091
14.900000 2.956152
15.000000 2.941128
15.100000 2.926018
15.200000 2.910823
15.300000 2.895543
15.400000 2.880177
15.500000 2.864725
15.600000 2.849188
15.700000 2.833565
15.800000 2.817857
15.900000 2.802062
16.000000 2.786182
16.100000 2.770216
16.200000 2.754164
16.300000 2.738027
16.400000 2.721804
16.500000 2.705495
16.600000 2.689101
16.700000 2.672621
16.800000 2.656055
16.900000 2.639404
17.000000 2.622668
17.100000 2.605847
17.200000 2.588940
17.300000 2.571949
17.400000 2.554873
17.500000 2.537712
17.600000 2.520467
17.700000 2.503138
17.800000 2.485724
17.900000 2.468227
18.000000 2.450646
18.100000 2.432982
18.200000 2.415234
18.300000 2.397404
18.400000 2.379492
18.500000 2.361497
18.600000 2.343420
18.700000 2.325262
18.800000 2.307022
18.900000 2.288702
19.000000 2.270301
19.100000 2.251820
19.200000 2.233260
19.300000 2.214621
19.400000 2.195903
19.500000 2.177107
19.600000 2.158233
19.700000 2.139282
19.800000 2.120254
19.900000 2.101151
20.000000 2.081972
20.100000 2.062718
20.200000 2.043390
20.300000 2.023989
20.400000 2.004515
20.500000 1.984969
20.600000 1.965351
20.700000 1.945663
20.800000 1.925905
20.900000 1.906077
21.000000 1.886182
21.100000 1.866219
21.200000 1.846190
21.300000 1.826095
21.400000 1.805936
21.500000 1.785713
21.600000 1.765427
21.700000 1.745080
21.800000 1.724672
21.900000 1.704204
22.000000 1.683678
22.100000 1.663095
22.200000 1.642456
22.300000 1.621762
22.400000 1.601014
22.500000 1.580214
22.600000 1.559362
22.700000 1.538462
22.800000 1.517512
22.900000 1.496516
23.000000 1.475475
23.100000 1.454389
23.200000 1.433261
23.300000 1.412092
23.400000 1.390884
23.500000 1.369638
23.600000 1.348356
23.700000 1.327040
23.800000 1.305691
23.900000 1.284312
24.000000 1.262904
24.100000 1.241469
24.200000 1.220009
24.300000 1.198526
24.400000 1.177021
24.500000 1.155499
24.600000 1.133959
24.700000 1.112404
24.800000 1.090838
24.900000 1.069261
25.000000 1.047676
25.100000 1.026086
25.200000 1.004493
25.300000 0.982967
25.400000 0.961675
25.500000 0.940616
25.600000 0.919789
25.700000 0.899196
25.800000 0.878836
25.900000 0.858710
26.000000 0.838816
26.100000 0.819156
26.200000 0.799728
26.300000 0.780534
26.400000 0.761573
26.500000 0.742845
26.600000 0.724350
26.700000 0.706089
26.800000 0.688060
26.900000 0.670265
27.000000 0.652703
27.100000 0.635374
27.200000 0.618278
27.300000 0.601415
27.400000 0.584786
27.500000 0.568389
27.600000 0.552226
27.700000 0.536296
27.800000 0.520599
27.900000 0.505135
28.000000 0.489904
28.100000 0.474906
28.200000 0.460142
28.300000 0.445611
28.400000 0.431312
28.500000 0.417247
28.600000 0.403416
28.700000 0.389817
28.800000 0.376451
28.900000 0.363319
29.000000 0.350420
29.100000 0.337753
29.200000 0.325320
29.300000 0.313120
29.400000 0.301154
29.500000 0.289420
29.600000 0.277920
29.700000 0.266652
29.800000 0.255618
29.900000 0.244817
30.000000 0.234249
30.100000 0.223915
30.200000 0.213813
30.300000 0.203945
30.400000 0.194309
30.500000 0.184907
30.600000 0.175738
30.700000 0.166803
30.800000 0.158100
30.900000 0.149630
31.000000 0.141394
31.100000 0.133391
31.200000 0.125620
31.300000 0.118083
31.400000 0.110780
31.500000 0.103709
31.600000 0.096871
31.700000 0.090267
31.800000 0.083896
31.900000 0.077758
32.000000 0.071853
32.100000 0.066181
32.200000 0.060742
32.300000 0.055537
32.400000 0.050564
32.500000 0.045825
32.600000 0.041319
32.700000 0.037046
32.800000 0.033006
32.900000 0.029199
33.000000 0.025626
33.100000 0.022285
33.200000 0.019178
33.300000 0.016304
33.400000 0.013663
33.500000 0.011255
33.600000 0.009081
33.700000 0.007139
33.800000 0.005431
33.900000 0.003955
34.000000 0.002713
34.100000 0.001704
34.200000 0.000929
34.300000 0.000386
34.400000 0.000076
34.500000 0.000000
34.600000 0.000157
34.700000 0.000547
34.800000 0.001170
34.900000 0.002026
35.000000 0.003115
35.100000 0.004438
35.200000 0.005993
35.300000 0.007782
35.400000 0.009804
35.500000 0.012059
35.600000 0.014547
35.700000 0.017269
35.800000 0.020223
35.900000 0.023411
36.000000 0.026832
36.100000 0.030486
36.200000 0.034373
36.300000 0.038493
36.400000 0.042846
36.500000 0.047433
36.600000 0.052252
36.700000 0.057305
36.800000 0.062591
36.900000 0.068110
37.000000 0.073862
37.100000 0.079848
37.200000 0.086066
37.300000 0.092518
37.400000 0.099203
37.500000 0.106121
37.600000 0.113272
37.700000 0.120656
37.800000 0.128273
37.900000 0.136124
38.000000 0.144208
38.100000 0.152524
38.200000 0.161074
38.300000 0.169857
38.400000 0.178874
38.500000 0.188123
38.600000 0.197606
38.700000 0.207321
38.800000 0.217270
38.900000 0.227452
39.000000 0.237867
39.100000 0.248515
39.200000 0.259397
39.300000 0.270511
39.400000 0.281859
39.500000 0.293440
39.600000 0.305254
39.700000 0.317301
39.800000 0.329581
39.900000 0.342095
40.000000 0.354841
40.100000 0.367821
40.200000 0.381034
40.300000 0.394480
40.400000 0.408159
40.500000 0.422071
40.600000 0.436217
40.700000 0.450595
40.800000 0.465207
40.900000 0.480052
41.000000 0.495130
41.100000 0.510441
41.200000 0.525985
41.300000 0.541762
41.400000 0.557773
41.500000 0.574017
41.600000 0.590494
41.700000 0.607204
41.800000 0.624147
41.900000 0.641323
42.000000 0.658732
42.100000 0.676375
42.200000 0.694251
42.300000 0.712360
42.400000 0.730702
42.500000 0.749277
42.600000 0.768085
42.700000 0.787126
42.800000 0.806401
42.900000 0.825909
43.000000 0.845650
43.100000 0.865624
43.200000 0.885831
43.300000 0.906271
43.400000 0.926945
43.500000 0.947851
43.600000 0.968991
43.700000 0.990364
43.800000 1.011957
43.900000 1.033550
44.000000 1.055138
44.100000 1.076720
44.200000 1.098294
44.300000 1.119857
44.400000 1.141406
44.500000 1.162941
44.600000 1.184457
44.700000 1.205954
44.800000 1.227430
44.900000 1.248881
45.000000 1.270307
45.100000 1.291706
45.200000 1.313075
45.300000 1.334412
45.400000 1.355717
45.500000 1.376986
45.600000 1.398219
45.700000 1.419414
45.800000 1.440569
45.900000 1.461683
46.000000 1.482754
46.100000 1.503780
46.200000 1.524760
46.300000 1.545693
46.400000 1.566577
46.500000 1.587410
46.600000 1.608193
46.700000 1.628922
46.800000 1.649597
46.900000 1.670217
47.000000 1.690781
47.100000 1.711287
47.200000 1.731734
47.300000 1.752121
47.400000 1.772447
47.500000 1.792712
47.600000 1.812913
47.700000 1.833050
47.800000 1.853122
47.900000 1.873129
48.000000 1.893068
48.100000 1.912940
48.200000 1.932744
48.300000 1.952478
48.400000 1.972142
48.500000 1.991735
48.600000 2.011257
48.700000 2.030706
48.800000 2.050082
48.900000 2.069384
49.000000 2.088612
49.100000 2.107765
49.200000 2.126843
49.300000 2.145844
49.400000 2.164768
49.500000 2.183615
49.600000 2.202384
49.700000 2.221075
49.800000 2.239688
49.900000 2.258220
50.000000 2.276674
50.100000 2.295047
50.200000 2.313339
50.300000 2.331551
50.400000 2.349681
50.500000 2.367729
50.600000 2.385696
50.700000 2.403580
50.800000 2.421382
50.900000 2.439101
51.000000 2.456736
51.100000 2.474288
51.200000 2.491757
51.300000 2.509141
51.400000 2.526441
51.500000 2.543658
51.600000 2.560789
51.700000 2.577836
51.800000 2.594798
51.900000 2.611675
52.000000 2.628467
52.100000 2.645174
52.200000 2.661795
52.300000 2.678331
52.400000 2.694782
52.500000 2.711147
52.600000 2.727426
52.700000 2.743620
52.800000 2.759727
52.900000 2.775750
53.000000 2.791686
53.100000 2.807537
53.200000 2.823301
53.300000 2.838980
53.400000 2.854574
53.500000 2.870081
53.600000 2.885504
53.700000 2.900840
53.800000 2.916091
53.900000 2.931256
54.000000 2.946336
54.100000 2.961331
54.200000 2.976240
54.300000 2.991065
54.400000 3.005804
54.500000 3.020459
54.600000 3.035028
54.700000 3.049513
54.800000 3.063914
54.900000 3.078230
55.000000 3.092462
55.100000 3.106610
55.200000 3.120674
55.300000 3.134655
55.400000 3.148551
55.500000 3.162365
55.600000 3.176095
55.700000 3.189743
55.800000 3.203307
55.900000 3.216789
56.000000 3.230189
56.100000 3.243506
56.200000 3.256742
56.300000 3.269896
56.400000 3.282968
56.500000 3.295959
56.600000 3.308869
56.700000 3.321699
56.800000 3.334448
56.900000 3.347116
57.000000 3.359705
57.100000 3.372214
57.200000 3.384643
57.300000 3.396993
57.400000 3.409264
57.500000 3.421457
57.600000 3.433571
57.700000 3.445607
57.800000 3.457565
57.900000 3.469445
58.000000 3.481248
58.100000 3.492974
58.200000 3.504624
58.300000 3.516197
58.400000 3.527694
58.500000 3.539115
58.600000 3.550461
58.700000 3.561731
58.800000 3.572927
58.900000 3.584048
59.000000 3.595094
59.100000 3.606067
59.200000 3.616966
59.300000 3.627792
59.400000 3.638545
59.500000 3.649225
59.600000 3.659832
59.700000 3.670368
59.800000 3.680832
59.900000 3.691224
60.000000 3.701546
60.100000 3.711796
60.200000 3.721976
60.300000 3.732087
60.400000 3.742127
60.500000 3.752098
60.600000 3.762000
60.700000 3.771833
60.800000 3.781598
60.900000 3.791294
61.000000 3.800923
61.100000 3.810484
61.200000 3.819979
61.300000 3.829407
61.400000 3.838768
61.500000 3.848063
61.600000 3.857292
61.700000 3.866456
61.800000 3.875555
61.900000 3.884590
62.000000 3.893560
62.100000 3.902466
62.200000 3.911308
62.300000 3.920087
62.400000 3.928803
62.500000 3.937456
62.600000 3.946047
62.700000 3.954576
62.800000 3.963043
62.900000 3.971450
63.000000 3.979795
63.100000 3.988079
63.200000 3.996303
63.300000 4.004468
63.400000 4.012572
63.500000 4.020618
63.600000 4.028604
63.700000 4.036532
63.800000 4.044402
63.900000 4.052213
64.000000 4.059968
64.100000 4.067665
64.200000 4.075305
64.300000 4.082888
64.400000 4.090415
64.500000 4.097887
64.600000 4.105302
64.700000 4.112663
64.800000 4.119968
64.900000 4.127220
65.000000 4.134416
65.100000 4.141559
65.200000 4.148648
65.300000 4.155685
65.400000 4.162668
65.500000 4.169598
65.600000 4.176476
65.700000 4.183302
65.800000 4.190077
65.900000 4.196800
66.000000 4.203473
66.100000 4.210094
66.200000 4.216665
66.300000 4.223187
66.400000 4.229658
66.500000 4.236080
66.600000 4.242453
66.700000 4.248777
66.800000 4.255053
66.900000 4.261281
67.000000 4.267461
67.100000 4.273593
67.200000 4.279678
67.300000 4.285716
67.400000 4.291707
67.500000 4.297652
67.600000 4.303552
67.700000 4.309405
67.800000 4.315213
67.900000 4.320976
68.000000 4.326694
68.100000 4.332368
68.200000 4.337997
68.300000 4.343583
68.400000 4.349125
68.500000 4.354623
68.600000 4.360079
68.700000 4.365492
68.800000 4.370862
68.900000 4.376190
69.000000 4.381476
69.100000 4.386721
69.200000 4.391925
69.300000 4.397087
69.400000 4.402209
69.500000 4.407290
69.600000 4.412331
69.700000 4.417332
69.800000 4.422293
69.900000 4.427215
70.000000 4.432098
70.100000 4.436942
70.200000 4.441748
70.300000 4.446515
70.400000 4.451244
70.500000 4.455936
70.600000 4.460590
70.700000 4.465207
70.800000 4.469787
70.900000 4.474330
71.000000 4.478837
71.100000 4.483307
71.200000 4.487742
71.300000 4.492141
71.400000 4.496505
71.500000 4.500833
71.600000 4.505127
71.700000 4.509386
71.800000 4.513610
71.900000 4.517801
72.000000 4.521957
72.100000 4.526080
72.200000 4.530170
72.300000 4.534226
72.400000 4.538249
72.500000 4.542240
72.600000 4.546198
72.700000 4.550124
72.800000 4.554018
72.900000 4.557880
73.000000 4.561711
73.100000 4.565510
73.200000 4.569278
73.300000 4.573016
73.400000 4.576723
73.500000 4.580399
73.600000 4.584046
73.700000 4.587662
73.800000 4.591249
73.900000 4.594806
74.000000 4.598334
74.100000 4.601833
74.200000 4.605303
74.300000 4.608745
74.400000 4.612158
74.500000 4.615543
74.600000 4.618900
74.700000 4.622229
74.800000 4.625531
74.900000 4.628805
75.000000 4.632052
75.100000 4.635273
75.200000 4.638466
75.300000 4.641633
75.400000 4.644774
75.500000 4.647888
75.600000 4.650977
75.700000 4.654040
75.800000 4.657077
75.900000 4.660089
76.000000 4.663076
76.100000 4.666038
76.200000 4.668975
76.300000 4.671888
76.400000 4.674776
76.500000 4.677640
76.600000 4.680480
76.700000 4.683297
76.800000 4.686089
76.900000 4.688858
77.000000 4.691604
77.100000 4.694327
77.200000 4.697027
77.300000 4.699704
77.400000 4.702358
77.500000 4.704991
77.600000 4.707601
77.700000 4.710189
77.800000 4.712755
77.900000 4.715299
78.000000 4.717822
78.100000 4.720323
78.200000 4.722804
78.300000 4.725263
78.400000 4.727702
78.500000 4.730119
78.600000 4.732517
78.700000 4.734894
78.800000 4.737250
78.900000 4.739587
79.000000 4.741904
79.100000 4.744201
79.200000 4.746478
79.300000 4.748736
79.400000 4.750975
79.500000 4.753195
79.600000 4.755396
79.700000 4.757578
79.800000 4.759741
79.900000 4.761886
80.000000 4.764012
80.100000 4.766120
80.200000 4.768210
80.300000 4.770283
80.400000 4.772337
80.500000 4.774374
80.600000 4.776393
80.700000 4.778395
80.800000 4.780380
80.900000 4.782348
81.000000 4.784299
81.100000 4.786233
81.200000 4.788150
81.300000 4.790051
81.400000 4.791935
81.500000 4.793803
81.600000 4.795655
81.700000 4.797491
81.800000 4.799312
81.900000 4.801116
82.000000 4.802905
82.100000 4.804678
82.200000 4.806436
82.300000 4.808179
82.400000 4.809907
82.500000 4.811619
82.600000 4.813317
82.700000 4.815000
82.800000 4.816669
82.900000 4.818323
83.000000 4.819962
83.100000 4.821587
83.200000 4.823199
83.300000 4.824796
83.400000 4.826379
83.500000 4.827948
83.600000 4.829504
83.700000 4.831046
83.800000 4.832575
83.900000 4.834090
84.000000 4.835593
84.100000 4.837082
84.200000 4.838558
84.300000 4.840021
84.400000 4.841471
84.500000 4.842909
84.600000 4.844334
84.700000 4.845746
84.800000 4.847146
84.900000 4.848534
85.000000 4.849910
85.100000 4.851273
85.200000 4.852625
85.300000 4.853965
85.400000 4.855293
85.500000 4.856609
85.600000 4.857914
85.700000 4.859207
85.800000 4.860489
85.900000 4.861759
86.000000 4.863019
86.100000 4.864267
86.200000 4.865504
86.300000 4.866730
86.400000 4.867946
86.500000 4.869151
86.600000 4.870345
86.700000 4.871528
86.800000 4.872701
86.900000 4.873864
87.000000 4.875016
87.100000 4.876159
87.200000 4.877291
87.300000 4.878413
87.400000 4.879525
87.500000 4.880627
87.600000 4.881720
87.700000 4.882802
87.800000 4.883876
87.900000 4.884939
88.000000 4.885993
88.100000 4.887038
88.200000 4.888074
88.300000 4.889100
88.400000 4.890117
88.500000 4.891125
88.600000 4.892125
88.700000 4.893115
88.800000 4.894096
88.900000 4.895069
89.000000 4.896033
89.100000 4.896988
89.200000 4.897935
89.300000 4.898874
89.400000 4.899804
89.500000 4.900725
89.600000 4.901639
89.700000 4.902544
89.800000 4.903441
89.900000 4.904331
90.000000 4.905212
90.100000 4.906085
90.200000 4.906951
90.300000 4.907808
90.400000 4.908659
90.500000 4.909501
90.600000 4.910336
90.700000 4.911163
90.800000 4.911983
90.900000 4.912796
91.000000 4.913601
91.100000 4.914399
91.200000 4.915190
91.300000 4.915974
91.400000 4.916751
91.500000 4.917520
91.600000 4.918283
91.700000 4.919039
91.800000 4.919788
91.900000 4.920531
92.000000 4.921266
92.100000 4.921995
92.200000 4.922718
92.300000 4.923434
92.400000 4.924143
92.500000 4.924846
92.600000 4.925543
92.700000 4.926234
92.800000 4.926918
92.900000 4.927596
93.000000 4.928268
93.100000 4.928933
93.200000 4.929593
93.300000 4.930247
93.400000 4.930895
93.500000 4.931537
93.600000 4.932173
93.700000 4.932804
93.800000 4.933428
93.900000 4.934047
94.000000 4.934661
94.100000 4.935269
94.200000 4.935871
94.300000 4.936468
94.400000 4.937059
94.500000 4.937645
94.600000 4.938226
94.700000 4.938802
94.800000 4.939372
94.900000 4.939937
95.000000 4.940497
95.100000 4.941052
95.200000 4.941601
95.300000 4.942146
95.400000 4.942686
95.500000 4.943221
95.600000 4.943751
95.700000 4.944276
95.800000 4.944796
95.900000 4.945312
96.000000 4.945823
96.100000 4.946329
96.200000 4.946831
96.300000 4.947328
96.400000 4.947820
96.500000 4.948308
96.600000 4.948792
96.700000 4.949271
96.800000 4.949746
96.900000 4.950216
97.000000 4.950682
97.100000 4.951144
97.200000 4.951602
97.300000 4.952055
97.400000 4.952504
97.500000 4.952950
97.600000 4.953391
97.700000 4.953828
97.800000 4.954261
97.900000 4.954690
98.000000 4.955115
98.100000 4.955536
98.200000 4.955953
98.300000 4.956367
98.400000 4.956776
98.500000 4.957182
98.600000 4.957585
98.700000 4.957983
98.800000 4.958378
98.900000 4.958769
99.000000 4.959157
99.100000 4.959541
99.200000 4.959921
99.300000 4.960298
99.400000 4.960672
99.500000 4.961042
99.600000 4.961408
99.700000 4.961772
99.800000 4.962132
99.900000 4.962488
100.000000 4.962842
100.100000 4.963192
100.200000 4.963539
100.300000 4.963882
100.400000 4.964223
100.500000 4.964560
100.600000 4.964894
100.700000 4.965225
100.800000 4.965553
100.900000 4.965878
101.000000 4.966200
101.100000 4.966519
101.200000 4.966835
101.300000 4.967149
101.400000 4.967459
101.500000 4.967766
101.600000 4.968071
101.700000 4.968372
101.800000 4.968671
101.900000 4.968968
102.000000 4.969261
102.100000 4.969552
102.200000 4.969840
102.300000 4.970125
102.400000 4.970408
102.500000 4.970688
102.600000 4.970965
102.700000 4.971240
102.800000 4.971512
102.900000 4.971782
103.000000 4.972049
103.100000 4.972314
103.200000 4.972576
103.300000 4.972836
103.400000 4.973094
103.500000 4.973349
103.600000 4.973602
103.700000 4.973852
103.800000 4.974100
103.900000 4.974346
104.000000 4.974589
104.100000 4.974830
104.200000 4.975069
104.300000 4.975306
104.400000 4.975540
104.500000 4.975773
104.600000 4.976003
104.700000 4.976231
104.800000 4.976457
104.900000 4.976680
105.000000 4.976902
105.100000 4.977122
105.200000 4.977339
105.300000 4.977555
105.400000 4.977768
105.500000 4.977980
105.600000 4.978189
105.700000 4.978397
105.800000 4.978602
105.900000 4.978806
106.000000 4.979008
106.100000 4.979208
106.200000 4.979406
106.300000 4.979602
106.400000 4.979796
106.500000 4.979989
106.600000 4.980180
106.700000 4.980369
106.800000 4.980556
106.900000 4.980741
107.000000 4.980925
107.100000 4.981107
107.200000 4.981287
107.300000 4.981466
107.400000 4.981643
107.500000 4.981818
107.600000 4.981991
107.700000 4.982163
107.800000 4.982334
107.900000 4.982502
108.000000 4.982670
108.100000 4.982835
108.200000 4.982999
108.300000 4.983162
108.400000 4.983323
108.500000 4.983482
108.600000 4.983640
108.700000 4.983796
108.800000 4.983951
108.900000 4.984105
109.000000 4.984257
109.100000 4.984408
109.200000 4.984557
109.300000 4.984705
109.400000 4.984851
109.500000 4.984996
109.600000 4.985140
109.700000 4.985282
109.800000 4.985423
109.900000 4.985563
110.000000 4.985701
110.100000 4.985838
110.200000 4.985974
110.300000 4.986109
110.400000 4.986242
110.500000 4.986374
110.600000 4.986505
110.700000 4.986634
110.800000 4.986762
110.900000 4.986889
111.000000 4.987015
111.100000 4.987140
111.200000 4.987263
111.300000 4.987386
111.400000 4.987507
111.500000 4.987627
111.600000 4.987746
111.700000 4.987863
111.800000 4.987980
111.900000 4.988096
112.000000 4.988210
112.100000 4.988323
112.200000 4.988436
112.300000 4.988547
112.400000 4.988657
112.500000 4.988766
112.600000 4.988874
112.700000 4.988981
112.800000 4.989087
112.900000 4.989193
113.000000 4.989297
113.100000 4.989400
113.200000 4.989502
113.300000 4.989603
113.400000 4.989703
113.500000 4.989802
113.600000 4.989901
113.700000 4.989998
113.800000 4.990094
113.900000 4.990190
114.000000 4.990284
114.100000 4.990378
114.200000 4.990471
114.300000 4.990563
114.400000 4.990654
114.500000 4.990744
114.600000 4.990833
114.700000 4.990922
114.800000 4.991010
114.900000 4.991096
115.000000 4.991182
115.100000 4.991267
115.200000 4.991352
115.300000 4.991435
115.400000 4.991518
115.500000 4.991600
115.600000 4.991681
115.700000 4.991762
115.800000 4.991841
115.900000 4.991920
116.000000 4.991998
116.100000 4.992076
116.200000 4.992152
116.300000 4.992228
116.400000 4.992304
116.500000 4.992378
116.600000 4.992452
116.700000 4.992525
116.800000 4.992597
116.900000 4.992669
117.000000 4.992740
117.100000 4.992810
117.200000 4.992880
117.300000 4.992949
117.400000 4.993017
117.500000 4.993085
117.600000 4.993152
117.700000 4.993218
117.800000 4.993284
117.900000 4.993349
118.000000 4.993414
118.100000 4.993478
118.200000 4.993541
118.300000 4.993604
118.400000 4.993666
118.500000 4.993727
118.600000 4.993788
118.700000 4.993849
118.800000 4.993908
118.900000 4.993967
119.000000 4.994026
119.100000 4.994084
119.200000 4.994142
119.300000 4.994199
119.400000 4.994255
119.500000 4.994311
119.600000 4.994366
119.700000 4.994421
119.800000 4.994475
119.900000 4.994529
120.000000 4.994582
120.100000 4.994635
120.200000 4.994687
120.300000 4.994739
120.400000 4.994790
120.500000 4.994841
120.600000 4.994891
120.700000 4.994941
120.800000 4.994990
120.900000 4.995039
121.000000 4.995087
121.100000 4.995135
121.200000 4.995182
121.300000 4.995229
121.400000 4.995276
121.500000 4.995322
121.600000 4.995368
121.700000 4.995413
121.800000 4.995458
121.900000 4.995502
122.000000 4.995546
122.100000 4.995589
122.200000 4.995632
122.300000 4.995675
122.400000 4.995717
122.500000 4.995759
122.600000 4.995800
122.700000 4.995841
122.800000 4.995882
122.900000 4.995922
123.000000 4.995962
123.100000 4.996002
123.200000 4.996041
123.300000 4.996079
123.400000 4.996118
123.500000 4.996156
123.600000 4.996193
123.700000 4.996231
123.800000 4.996267
123.900000 4.996304
124.000000 4.996340
124.100000 4.996376
124.200000 4.996411
124.300000 4.996447
124.400000 4.996481
124.500000 4.996516
124.600000 4.996550
124.700000 4.996584
124.800000 4.996617
124.900000 4.996650
125.000000 4.996683
125.100000 4.996716
125.200000 4.996748
125.300000 4.996780
125.400000 4.996812
125.500000 4.996843
125.600000 4.996874
125.700000 4.996905
125.800000 4.996935
125.900000 4.996965
126.000000 4.996995
126.100000 4.997024
126.200000 4.997054
126.300000 4.997082
126.400000 4.997111
126.500000 4.997140
126.600000 4.997168
126.700000 4.997196
126.800000 4.997223
126.900000 4.997250
127.000000 4.997277
127.100000 4.997304
127.200000 4.997331
127.300000 4.997357
127.400000 4.997383
127.500000 4.997409
127.600000 4.997434
127.700000 4.997460
127.800000 4.997485
127.900000 4.997509
128.000000 4.997534
128.100000 4.997558
128.200000 4.997582
128.300000 4.997606
128.400000 4.997630
128.500000 4.997653
128.600000 4.997676
128.700000 4.997699
128.800000 4.997722
128.900000 4.997744
129.000000 4.997767
129.100000 4.997789
129.200000 4.997811
129.300000 4.997832
129.400000 4.997854
129.500000 4.997875
129.600000 4.997896
129.700000 4.997917
129.800000 4.997937
129.900000 4.997958
130.000000 4.997978
130.100000 4.997998
130.200000 4.998018
130.300000 4.998037
130.400000 4.998057
130.500000 4.998076
130.600000 4.998095
130.700000 4.998114
130.800000 4.998132
130.900000 4.998151
131.000000 4.998169
131.100000 4.998187
131.200000 4.998205
131.300000 4.998223
131.400000 4.998241
131.500000 4.998258
131.600000 4.998275
131.700000 4.998293
131.800000 4.998310
131.900000 4.998326
132.000000 4.998343
132.100000 4.998359
132.200000 4.998376
132.300000 4.998392
132.400000 4.998408
132.500000 4.998424
132.600000 4.998439
132.700000 4.998455
132.800000 4.998470
132.900000 4.998485
133.000000 4.998500
133.100000 4.998515
133.200000 4.998530
133.300000 4.998545
133.400000 4.998559
133.500000 4.998574
133.600000 4.998588
133.700000 4.998602
133.800000 4.998616
133.900000 4.998630
134.000000 4.998643
134.100000 4.998657
134.200000 4.998670
134.300000 4.998684
134.400000 4.998697
134.500000 4.998710
134.600000 4.998723
134.700000 4.998735
134.800000 4.998748
134.900000 4.998760
135.000000 4.998773
135.100000 4.998785
135.200000 4.998797
135.300000 4.998809
135.400000 4.998821
135.500000 4.998833
135.600000 4.998845
135.700000 4.998856
135.800000 4.998868
135.900000 4.998879
136.000000 4.998890
136.100000 4.998901
136.200000 4.998912
136.300000 4.998923
136.400000 4.998934
136.500000 4.998945
136.600000 4.998955
136.700000 4.998966
136.800000 4.998976
136.900000 4.998987
137.000000 4.998997
137.100000 4.999007
137.200000 4.999017
137.300000 4.999027
137.400000 4.999036
137.500000 4.999046
137.600000 4.999056
137.700000 4.999065
137.800000 4.999075
137.900000 4.999084
138.000000 4.999093
138.100000 4.999102
138.200000 4.999111
138.300000 4.999120
138.400000 4.999129
138.500000 4.999138
138.600000 4.999147
138.700000 4.999155
138.800000 4.999164
138.900000 4.999172
139.000000 4.999181
139.100000 4.999189
139.200000 4.999197
139.300000 4.999205
139.400000 4.999213
139.500000 4.999221
139.600000 4.999229
139.700000 4.999237
139.800000 4.999245
139.900000 4.999252
140.000000 4.999260
140.100000 4.999267
140.200000 4.999275
140.300000 4.999282
140.400000 4.999290
140.500000 4.999297
140.600000 4.999304
140.700000 4.999311
140.800000 4.999318
140.900000 4.999325
141.000000 4.999332
141.100000 4.999339
141.200000 4.999345
141.300000 4.999352
141.400000 4.999359
141.500000 4.999365
141.600000 4.999372
141.700000 4.999378
141.800000 4.999384
141.900000 4.999391
142.000000 4.999397
142.100000 4.999403
142.200000 4.999409
142.300000 4.999415
142.400000 4.999421
142.500000 4.999427
142.600000 4.999433
142.700000 4.999439
142.800000 4.999444
142.900000 4.999450
143.000000 4.999456
143.100000 4.999461
143.200000 4.999467
143.300000 4.999472
143.400000 4.999478
143.500000 4.999483
143.600000 4.999489
143.700000 4.999494
143.800000 4.999499
143.900000 4.999504
144.000000 4.999509
144.100000 4.999514
144.200000 4.999519
144.300000 4.999524
144.400000 4.999529
144.500000 4.999534
144.600000 4.999539
144.700000 4.999544
144.800000 4.999548
144.900000 4.999553
145.000000 4.999558
145.100000 4.999562
145.200000 4.999567
145.300000 4.999571
145.400000 4.999576
145.500000 4.999580
145.600000 4.999584
145.700000 4.999589
145.800000 4.999593
145.900000 4.999597
146.000000 4.999601
146.100000 4.999606
146.200000 4.999610
146.300000 4.999614
146.400000 4.999618
146.500000 4.999622
146.600000 4.999626
146.700000 4.999630
146.800000 4.999634
146.900000 4.999637
147.000000 4.999641
147.100000 4.999645
147.200000 4.999649
147.300000 4.999652
147.400000 4.999656
147.500000 4.999660
147.600000 4.999663
147.700000 4.999667
147.800000 4.999670
147.900000 4.999674
148.000000 4.999677
148.100000 4.999681
148.200000 4.999684
148.300000 4.999687
148.400000 4.999691
148.500000 4.999694
148.600000 4.999697
148.700000 4.999700
148.800000 4.999703
148.900000 4.999707
149.000000 4.999710
149.100000 4.999713
149.200000 4.999716
149.300000 4.999719
149.400000 4.999722
149.500000 4.999725
149.600000 4.999728
149.700000 4.999731
149.800000 4.999734
149.900000 4.999736
150.000000 4.999739
150.100000 4.999742
150.200000 4.999745
150.300000 4.999748
150.400000 4.999750
150.500000 4.999753
150.600000 4.999756
150.700000 4.999758
150.800000 4.999761
150.900000 4.999763
151.000000 4.999766
151.100000 4.999768
151.200000 4.999771
151.300000 4.999773
151.400000 4.999776
151.500000 4.999778
151.600000 4.999781
151.700000 4.999783
151.800000 4.999785
151.900000 4.999788
152.000000 4.999790
152.100000 4.999792
152.200000 4.999795
152.300000 4.999797
152.400000 4.999799
152.500000 4.999801
152.600000 4.999803
152.700000 4.999806
152.800000 4.999808
152.900000 4.999810
153.000000 4.999812
153.100000 4.999814
153.200000 4.999816
153.300000 4.999818
153.400000 4.999820
153.500000 4.999822
153.600000 4.999824
153.700000 4.999826
153.800000 4.999828
153.900000 4.999830
154.000000 4.999832
154.100000 4.999834
154.200000 4.999836
154.300000 4.999837
154.400000 4.999839
154.500000 4.999841
154.600000 4.999843
154.700000 4.999845
154.800000 4.999846
154.900000 4.999848
155.000000 4.999850
155.100000 4.999851
155.200000 4.999853
155.300000 4.999855
155.400000 4.999856
155.500000 4.999858
155.600000 4.999860
155.700000 4.999861
155.800000 4.999863
155.900000 4.999864
156.000000 4.999866
156.100000 4.999868
156.200000 4.999869
156.300000 4.999871
156.400000 4.999872
156.500000 4.999873
156.600000 4.999875
156.700000 4.999876
156.800000 4.999878
156.900000 4.999879
157.000000 4.999881
157.100000 4.999882
157.200000 4.999883
157.300000 4.999885
157.400000 4.999886
157.500000 4.999887
157.600000 4.999889
157.700000 4.999890
157.800000 4.999891
157.900000 4.999893
158.000000 4.999894
158.100000 4.999895
158.200000 4.999896
158.300000 4.999898
158.400000 4.999899
158.500000 4.999900
158.600000 4.999901
158.700000 4.999903
158.800000 4.999904
158.900000 4.999905
159.000000 4.999906
159.100000 4.999907
159.200000 4.999908
159.300000 4.999909
159.400000 4.999910
159.500000 4.999912
159.600000 4.999913
159.700000 4.999914
159.800000 4.999915
159.900000 4.999916
160.000000 4.999917
160.100000 4.999918
160.200000 4.999919
160.300000 4.999920
160.400000 4.999921
160.500000 4.999922
160.600000 4.999923
160.700000 4.999924
160.800000 4.999925
160.900000 4.999926
161.000000 4.999927
161.100000 4.999928
161.200000 4.999929
161.300000 4.999930
161.400000 4.999930
161.500000 4.999931
161.600000 4.999932
161.700000 4.999933
161.800000 4.999934
161.900000 4.999935
162.000000 4.999936
162.100000 4.999936
162.200000 4.999937
162.300000 4.999938
162.400000 4.999939
162.500000 4.999940
162.600000 4.999941
162.700000 4.999941
162.800000 4.999942
162.900000 4.999943
163.000000 4.999944
163.100000 4.999944
163.200000 4.999945
163.300000 4.999946
163.400000 4.999947
163.500000 4.999947
163.600000 4.999948
163.700000 4.999949
163.800000 4.999950
163.900000 4.999950
164.000000 4.999951
164.100000 4.999952
164.200000 4.999952
164.300000 4.999953
164.400000 4.999954
164.500000 4.999954
164.600000 4.999955
164.700000 4.999956
164.800000 4.999956
164.900000 4.999957
165.000000 4.999958
165.100000 4.999958
165.200000 4.999959
165.300000 4.999959
165.400000 4.999960
165.500000 4.999961
165.600000 4.999961
165.700000 4.999962
165.800000 4.999962
165.900000 4.999963
166.000000 4.999964
166.100000 4.999964
166.200000 4.999965
166.300000 4.999965
166.400000 4.999966
166.500000 4.999966
166.600000 4.999967
166.700000 4.999967
166.800000 4.999968
166.900000 4.999968
167.000000 4.999969
167.100000 4.999969
167.200000 4.999970
167.300000 4.999970
167.400000 4.999971
167.500000 4.999971
167.600000 4.999972
167.700000 4.999972
167.800000 4.999973
167.900000 4.999973
168.000000 4.999974
168.100000 4.999974
168.200000 4.999975
168.300000 4.999975
168.400000 4.999976
168.500000 4.999976
168.600000 4.999977
168.700000 4.999977
168.800000 4.999977
168.900000 4.999978
169.000000 4.999978
169.100000 4.999979
169.200000 4.999979
169.300000 4.999980
169.400000 4.999980
169.500000 4.999980
169.600000 4.999981
169.700000 4.999981
169.800000 4.999982
169.900000 4.999982
170.000000 4.999982
170.100000 4.999983
170.200000 4.999983
170.300000 4.999983
170.400000 4.999984
170.500000 4.999984
170.600000 4.999984
170.700000 4.999985
170.800000 4.999985
170.900000 4.999986
171.000000 4.999986
171.100000 4.999986
171.200000 4.999987
171.300000 4.999987
171.400000 4.999987
171.500000 4.999988
171.600000 4.999988
171.700000 4.999988
171.800000 4.999989
171.900000 4.999989
172.000000 4.999989
172.100000 4.999989
172.200000 4.999990
172.300000 4.999990
172.400000 4.999990
172.500000 4.999991
172.600000 4.999991
172.700000 4.999991
172.800000 4.999992
172.900000 4.999992
173.000000 4.999992
173.100000 4.999992
173.200000 4.999993
173.300000 4.999993
173.400000 4.999993
173.500000 4.999993
173.600000 4.999994
173.700000 4.999994
173.800000 4.999994
173.900000 4.999995
174.000000 4.999995
174.100000 4.999995
174.200000 4.999995
174.300000 4.999996
174.400000 4.999996
174.500000 4.999996
174.600000 4.999996
174.700000 4.999996
174.800000 4.999997
174.900000 4.999997
175.000000 4.999997
175.100000 4.999997
175.200000 4.999998
175.300000 4.999998
175.400000 4.999998
175.500000 4.999998
175.600000 4.999999
175.700000 4.999999
175.800000 4.999999
175.900000 4.999999
176.000000 4.999999
176.100000 5.000000
176.200000 5.000000
176.300000 5.000000
176.400000 5.000000
176.500000 5.000000
176.600000 5.000001
176.700000 5.000001
176.800000 5.000001
176.900000 5.000001
177.000000 5.000001
177.100000 5.000002
177.200000 5.000002
177.300000 5.000002
177.400000 5.000002
177.500000 5.000002
177.600000 5.000002
177.700000 5.000003
177.800000 5.000003
177.900000 5.000003
178.000000 5.000003
178.100000 5.000003
178.200000 5.000003
178.300000 5.000004
178.400000 5.000004
178.500000 5.000004
178.600000 5.000004
178.700000 5.000004
178.800000 5.000004
178.900000 5.000005
179.000000 5.000005
179.100000 5.000005
179.200000 5.000005
179.300000 5.000005
179.400000 5.000005
179.500000 5.000005
179.600000 5.000006
179.700000 5.000006
179.800000 5.000006
179.900000 5.000006
180.000000 5.000006
