-180.000000 4.999881
-179.900000 4.999883
-179.800000 4.999884
-179.700000 4.999885
-179.600000 4.999886
-179.500000 4.999888
-179.400000 4.999889
-179.300000 4.999890
-179.200000 4.999891
-179.100000 4.999892
-179.000000 4.999893
-178.900000 4.999895
-178.800000 4.999896
-178.700000 4.999897
-178.600000 4.999898
-178.500000 4.999899
-178.400000 4.999900
-178.300000 4.999901
-178.200000 4.999902
-178.100000 4.999903
-178.000000 4.999904
-177.900000 4.999905
-177.800000 4.999907
-177.700000 4.999908
-177.600000 4.999909
-177.500000 4.999910
-177.400000 4.999911
-177.300000 4.999912
-177.200000 4.999913
-177.100000 4.999914
-177.000000 4.999915
-176.900000 4.999915
-176.800000 4.999916
-176.700000 4.999917
-176.600000 4.999918
-176.500000 4.999919
-176.400000 4.999920
-176.300000 4.999921
-176.200000 4.999922
-176.100000 4.999923
-176.000000 4.999924
-175.900000 4.999925
-175.800000 4.999925
-175.700000 4.999926
-175.600000 4.999927
-175.500000 4.999928
-175.400000 4.999929
-175.300000 4.999930
-175.200000 4.999931
-175.100000 4.999931
-175.000000 4.999932
-174.900000 4.999933
-174.800000 4.999934
-174.700000 4.999935
-174.600000 4.999935
-174.500000 4.999936
-174.400000 4.999937
-174.300000 4.999938
-174.200000 4.999938
-174.100000 4.999939
-174.000000 4.999940
-173.900000 4.999941
-173.800000 4.999941
-173.700000 4.999942
-173.600000 4.999943
-173.500000 4.999943
-173.400000 4.999944
-173.300000 4.999945
-173.200000 4.999946
-173.100000 4.999946
-173.000000 4.999947
-172.900000 4.999948
-172.800000 4.999948
-172.700000 4.999949
-172.600000 4.999950
-172.500000 4.999950
-172.400000 4.999951
-172.300000 4.999951
-172.200000 4.999952
-172.100000 4.999953
-172.000000 4.999953
-171.900000 4.999954
-171.800000 4.999955
-171.700000 4.999955
-171.600000 4.999956
-171.500000 4.999956
-171.400000 4.999957
-171.300000 4.999958
-171.200000 4.999958
-171.100000 4.999959
-171.000000 4.999959
-170.900000 4.999960
-170.800000 4.999960
-170.700000 4.999961
-170.600000 4.999961
-170.500000 4.999962
-170.400000 4.999963
-170.300000 4.999963
-170.200000 4.999964
-170.100000 4.999964
-170.000000 4.999965
-169.900000 4.999965
-169.800000 4.999966
-169.700000 4.999966
-169.600000 4.999967
-169.500000 4.999967
-169.400000 4.999968
-169.300000 4.999968
-169.200000 4.999969
-169.100000 4.999969
-169.000000 4.999970
-168.900000 4.999970
-168.800000 4.999970
-168.700000 4.999971
-168.600000 4.999971
-168.500000 4.999972
-168.400000 4.999972
-168.300000 4.999973
-168.200000 4.999973
-168.100000 4.999974
-168.000000 4.999974
-167.900000 4.999974
-167.800000 4.999975
-167.700000 4.999975
-167.600000 4.999976
-167.500000 4.999976
-167.400000 4.999977
-167.300000 4.999977
-167.200000 4.999977
-167.100000 4.999978
-167.000000 4.999978
-166.900000 4.999979
-166.800000 4.999979
-166.700000 4.999979
-166.600000 4.999980
-166.500000 4.999980
-166.400000 4.999980
-166.300000 4.999981
-166.200000 4.999981
-166.100000 4.999982
-166.000000 4.999982
-165.900000 4.999982
-165.800000 4.999983
-165.700000 4.999983
-165.600000 4.999983
-165.500000 4.999984
-165.400000 4.999984
-165.300000 4.999984
-165.200000 4.999985
-165.100000 4.999985
-165.000000 4.999985
-164.900000 4.999986
-164.800000 4.999986
-164.700000 4.999986
-164.600000 4.999987
-164.500000 4.999987
-164.400000 4.999987
-164.300000 4.999988
-164.200000 4.999988
-164.100000 4.999988
-164.000000 4.999988
-163.900000 4.999989
-163.800000 4.999989
-163.700000 4.999989
-163.600000 4.999990
-163.500000 4.999990
-163.400000 4.999990
-163.300000 4.999990
-163.200000 4.999991
-163.100000 4.999991
-163.000000 4.999991
-162.900000 4.999992
-162.800000 4.999992
-162.700000 4.999992
-162.600000 4.999992
-162.500000 4.999993
-162.400000 4.999993
-162.300000 4.999993
-162.200000 4.999993
-162.100000 4.999994
-162.000000 4.999994
-161.900000 4.999994
-161.800000 4.999994
-161.700000 4.999995
-161.600000 4.999995
-161.500000 4.999995
-161.400000 4.999995
-161.300000 4.999996
-161.200000 4.999996
-161.100000 4.999996
-161.000000 4.999996
-160.900000 4.999997
-160.800000 4.999997
-160.700000 4.999997
-160.600000 4.999997
-160.500000 4.999997
-160.400000 4.999998
-160.300000 4.999998
-160.200000 4.999998
-160.100000 4.999998
-160.000000 4.999999
-159.900000 4.999999
-159.800000 4.999999
-159.700000 4.999999
-159.600000 4.999999
-159.500000 5.000000
-159.400000 5.000000
-159.300000 5.000000
-159.200000 5.000000
-159.100000 5.000000
-159.000000 5.000001
-158.900000 5.000001
-158.800000 5.000001
-158.700000 5.000001
-158.600000 5.000001
-158.500000 5.000001
-158.400000 5.000002
-158.300000 5.000002
-158.200000 5.000002
-158.100000 5.000002
-158.000000 5.000002
-157.900000 5.000003
-157.800000 5.000003
-157.700000 5.000003
-157.600000 5.000003
-157.500000 5.000003
-157.400000 5.000003
-157.300000 5.000004
-157.200000 5.000004
-157.100000 5.000004
-157.000000 5.000004
-156.900000 5.000004
-156.800000 5.000004
-156.700000 5.000004
-156.600000 5.000005
-156.500000 5.000005
-156.400000 5.000005
-156.300000 5.000005
-156.200000 5.000005
-156.100000 5.000005
-156.000000 5.000006
-155.900000 5.000006
-155.800000 5.000006
-155.700000 5.000006
-155.600000 5.000006
-155.500000 5.000006
-155.400000 5.000006
-155.300000 5.000007
-155.200000 5.000007
-155.100000 5.000007
-155.000000 5.000007
-154.900000 5.000007
-154.800000 5.000007
-154.700000 5.000007
-154.600000 5.000007
-154.500000 5.000008
-154.400000 5.000008
-154.300000 5.000008
-154.200000 5.000008
-154.100000 5.000008
-154.000000 5.000008
-153.900000 5.000008
-153.800000 5.000008
-153.700000 5.000009
-153.600000 5.000009
-153.500000 5.000009
-153.400000 5.000009
-153.300000 5.000009
-153.200000 5.000009
-153.100000 5.000009
-153.000000 5.000009
-152.900000 5.000009
-152.800000 5.000010
-152.700000 5.000010
-152.600000 5.000010
-152.500000 5.000010
-152.400000 5.000010
-152.300000 5.000010
-152.200000 5.000010
-152.100000 5.000010
-152.000000 5.000010
-151.900000 5.000011
-151.800000 5.000011
-151.700000 5.000011
-151.600000 5.000011
-151.500000 5.000011
-151.400000 5.000011
-151.300000 5.000011
-151.200000 5.000011
-151.100000 5.000011
-151.000000 5.000011
-150.900000 5.000012
-150.800000 5.000012
-150.700000 5.000012
-150.600000 5.000012
-150.500000 5.000012
-150.400000 5.000012
-150.300000 5.000012
-150.200000 5.000012
-150.100000 5.000012
-150.000000 5.000012
-149.900000 5.000012
-149.800000 5.000012
-149.700000 5.000013
-149.600000 5.000013
-149.500000 5.000013
-149.400000 5.000013
-149.300000 5.000013
-149.200000 5.000013
-149.100000 5.000013
-149.000000 5.000013
-148.900000 5.000013
-148.800000 5.000013
-148.700000 5.000013
-148.600000 5.000013
-148.500000 5.000013
-148.400000 5.000014
-148.300000 5.000014
-148.200000 5.000014
-148.100000 5.000014
-148.000000 5.000014
-147.900000 5.000014
-147.800000 5.000014
-147.700000 5.000014
-147.600000 5.000014
-147.500000 5.000014
-147.400000 5.000014
-147.300000 5.000014
-147.200000 5.000014
-147.100000 5.000014
-147.000000 5.000015
-146.900000 5.000015
-146.800000 5.000015
-146.700000 5.000015
-146.600000 5.000015
-146.500000 5.000015
-146.400000 5.000015
-146.300000 5.000015
-146.200000 5.000015
-146.100000 5.000015
-146.000000 5.000015
-145.900000 5.000015
-145.800000 5.000015
-145.700000 5.000015
-145.600000 5.000015
-145.500000 5.000015
-145.400000 5.000015
-145.300000 5.000016
-145.200000 5.000016
-145.100000 5.000016
-145.000000 5.000016
-144.900000 5.000016
-144.800000 5.000016
-144.700000 5.000016
-144.600000 5.000016
-144.500000 5.000016
-144.400000 5.000016
-144.300000 5.000016
-144.200000 5.000016
-144.100000 5.000016
-144.000000 5.000016
-143.900000 5.000016
-143.800000 5.000016
-143.700000 5.000016
-143.600000 5.000016
-143.500000 5.000016
-143.400000 5.000017
-143.300000 5.000017
-143.200000 5.000017
-143.100000 5.000017
-143.000000 5.000017
-142.900000 5.000017
-142.800000 5.000017
-142.700000 5.000017
-142.600000 5.000017
-142.500000 5.000017
-142.400000 5.000017
-142.300000 5.000017
-142.200000 5.000017
-142.100000 5.000017
-142.000000 5.000017
-141.900000 5.000017
-141.800000 5.000017
-141.700000 5.000017
-141.600000 5.000017
-141.500000 5.000017
-141.400000 5.000017
-141.300000 5.000017
-141.200000 5.000017
-141.100000 5.000017
-141.000000 5.000018
-140.900000 5.000018
-140.800000 5.000018
-140.700000 5.000018
-140.600000 5.000018
-140.500000 5.000018
-140.400000 5.000018
-140.300000 5.000018
-140.200000 5.000018
-140.100000 5.000018
-140.000000 5.000018
-139.900000 5.000018
-139.800000 5.000018
-139.700000 5.000018
-139.600000 5.000018
-139.500000 5.000018
-139.400000 5.000018
-139.300000 5.000018
-139.200000 5.000018
-139.100000 5.000018
-139.000000 5.000018
-138.900000 5.000018
-138.800000 5.000018
-138.700000 5.000018
-138.600000 5.000018
-138.500000 5.000018
-138.400000 5.000018
-138.300000 5.000018
-138.200000 5.000018
-138.100000 5.000018
-138.000000 5.000018
-137.900000 5.000019
-137.800000 5.000019
-137.700000 5.000019
-137.600000 5.000019
-137.500000 5.000019
-137.400000 5.000019
-137.300000 5.000019
-137.200000 5.000019
-137.100000 5.000019
-137.000000 5.000019
-136.900000 5.000019
-136.800000 5.000019
-136.700000 5.000019
-136.600000 5.000019
-136.500000 5.000019
-136.400000 5.000019
-136.300000 5.000019
-136.200000 5.000019
-136.100000 5.000019
-136.000000 5.000019
-135.900000 5.000019
-135.800000 5.000018
-135.700000 5.000018
-135.600000 5.000018
-135.500000 5.000018
-135.400000 5.000018
-135.300000 5.000018
-135.200000 5.000018
-135.100000 5.000018
-135.000000 5.000018
-134.900000 5.000018
-134.800000 5.000018
-134.700000 5.000018
-134.600000 5.000018
-134.500000 5.000018
-134.400000 5.000018
-134.300000 5.000018
-134.200000 5.000018
-134.100000 5.000018
-134.000000 5.000018
-133.900000 5.000018
-133.800000 5.000018
-133.700000 5.000018
-133.600000 5.000018
-133.500000 5.000018
-133.400000 5.000018
-133.300000 5.000018
-133.200000 5.000018
-133.100000 5.000018
-133.000000 5.000018
-132.900000 5.000018
-132.800000 5.000018
-132.700000 5.000017
-132.600000 5.000017
-132.500000 5.000017
-132.400000 5.000017
-132.300000 5.000017
-132.200000 5.000017
-132.100000 5.000017
-132.000000 5.000017
-131.900000 5.000017
-131.800000 5.000017
-131.700000 5.000017
-131.600000 5.000017
-131.500000 5.000017
-131.400000 5.000017
-131.300000 5.000017
-131.200000 5.000017
-131.100000 5.000017
-131.000000 5.000017
-130.900000 5.000017
-130.800000 5.000017
-130.700000 5.000017
-130.600000 5.000017
-130.500000 5.000017
-130.400000 5.000017
-130.300000 5.000016
-130.200000 5.000016
-130.100000 5.000016
-130.000000 5.000016
-129.900000 5.000016
-129.800000 5.000016
-129.700000 5.000016
-129.600000 5.000016
-129.500000 5.000016
-129.400000 5.000016
-129.300000 5.000016
-129.200000 5.000016
-129.100000 5.000016
-129.000000 5.000016
-128.900000 5.000016
-128.800000 5.000016
-128.700000 5.000016
-128.600000 5.000016
-128.500000 5.000016
-128.400000 5.000015
-128.300000 5.000015
-128.200000 5.000015
-128.100000 5.000015
-128.000000 5.000015
-127.900000 5.000015
-127.800000 5.000015
-127.700000 5.000015
-127.600000 5.000015
-127.500000 5.000015
-127.400000 5.000015
-127.300000 5.000015
-127.200000 5.000015
-127.100000 5.000015
-127.000000 5.000015
-126.900000 5.000015
-126.800000 5.000015
-126.700000 5.000014
-126.600000 5.000014
-126.500000 5.000014
-126.400000 5.000014
-126.300000 5.000014
-126.200000 5.000014
-126.100000 5.000014
-126.000000 5.000014
-125.900000 5.000014
-125.800000 5.000014
-125.700000 5.000014
-125.600000 5.000014
-125.500000 5.000014
-125.400000 5.000014
-125.300000 5.000013
-125.200000 5.000013
-125.100000 5.000013
-125.000000 5.000013
-124.900000 5.000013
-124.800000 5.000013
-124.700000 5.000013
-124.600000 5.000013
-124.500000 5.000013
-124.400000 5.000013
-124.300000 5.000013
-124.200000 5.000013
-124.100000 5.000013
-124.000000 5.000012
-123.900000 5.000012
-123.800000 5.000012
-123.700000 5.000012
-123.600000 5.000012
-123.500000 5.000012
-123.400000 5.000012
-123.300000 5.000012
-123.200000 5.000012
-123.100000 5.000012
-123.000000 5.000012
-122.900000 5.000012
-122.800000 5.000011
-122.700000 5.000011
-122.600000 5.000011
-122.500000 5.000011
-122.400000 5.000011
-122.300000 5.000011
-122.200000 5.000011
-122.100000 5.000011
-122.000000 5.000011
-121.900000 5.000011
-121.800000 5.000010
-121.700000 5.000010
-121.600000 5.000010
-121.500000 5.000010
-121.400000 5.000010
-121.300000 5.000010
-121.200000 5.000010
-121.100000 5.000010
-121.000000 5.000010
-120.900000 5.000009
-120.800000 5.000009
-120.700000 5.000009
-120.600000 5.000009
-120.500000 5.000009
-120.400000 5.000009
-120.300000 5.000009
-120.200000 5.000009
-120.100000 5.000009
-120.000000 5.000008
-119.900000 5.000008
-119.800000 5.000008
-119.700000 5.000008
-119.600000 5.000008
-119.500000 5.000008
-119.400000 5.000008
-119.300000 5.000008
-119.200000 5.000007
-119.100000 5.000007
-119.000000 5.000007
-118.900000 5.000007
-118.800000 5.000007
-118.700000 5.000007
-118.600000 5.000007
-118.500000 5.000007
-118.400000 5.000006
-118.300000 5.000006
-118.200000 5.000006
-118.100000 5.000006
-118.000000 5.000006
-117.900000 5.000006
-117.800000 5.000006
-117.700000 5.000005
-117.600000 5.000005
-117.500000 5.000005
-117.400000 5.000005
-117.300000 5.000005
-117.200000 5.000005
-117.100000 5.000005
-117.000000 5.000004
-116.900000 5.000004
-116.800000 5.000004
-116.700000 5.000004
-116.600000 5.000004
-116.500000 5.000004
-116.400000 5.000003
-116.300000 5.000003
-116.200000 5.000003
-116.100000 5.000003
-116.000000 5.000003
-115.900000 5.000003
-115.800000 5.000002
-115.700000 5.000002
-115.600000 5.000002
-115.500000 5.000002
-115.400000 5.000002
-115.300000 5.000001
-115.200000 5.000001
-115.100000 5.000001
-115.000000 5.000001
-114.900000 5.000001
-114.800000 5.000001
-114.700000 5.000000
-114.600000 5.000000
-114.500000 5.000000
-114.400000 5.000000
-114.300000 5.000000
-114.200000 4.999999
-114.100000 4.999999
-114.000000 4.999999
-113.900000 4.999999
-113.800000 4.999999
-113.700000 4.999998
-113.600000 4.999998
-113.500000 4.999998
-113.400000 4.999998
-113.300000 4.999997
-113.200000 4.999997
-113.100000 4.999997
-113.000000 4.999997
-112.900000 4.999997
-112.800000 4.999996
-112.700000 4.999996
-112.600000 4.999996
-112.500000 4.999996
-112.400000 4.999995
-112.300000 4.999995
-112.200000 4.999995
-112.100000 4.999995
-112.000000 4.999994
-111.900000 4.999994
-111.800000 4.999994
-111.700000 4.999994
-111.600000 4.999993
-111.500000 4.999993
-111.400000 4.999993
-111.300000 4.999993
-111.200000 4.999992
-111.100000 4.999992
-111.000000 4.999992
-110.900000 4.999992
-110.800000 4.999991
-110.700000 4.999991
-110.600000 4.999991
-110.500000 4.999991
-110.400000 4.999990
-110.300000 4.999990
-110.200000 4.999990
-110.100000 4.999989
-110.000000 4.999989
-109.900000 4.999989
-109.800000 4.999988
-109.700000 4.999988
-109.600000 4.999988
-109.500000 4.999988
-109.400000 4.999987
-109.300000 4.999987
-109.200000 4.999987
-109.100000 4.999986
-109.000000 4.999986
-108.900000 4.999986
-108.800000 4.999985
-108.700000 4.999985
-108.600000 4.999985
-108.500000 4.999984
-108.400000 4.999984
-108.300000 4.999984
-108.200000 4.999983
-108.100000 4.999983
-108.000000 4.999983
-107.900000 4.999982
-107.800000 4.999982
-107.700000 4.999982
-107.600000 4.999981
-107.500000 4.999981
-107.400000 4.999980
-107.300000 4.999980
-107.200000 4.999980
-107.100000 4.999979
-107.000000 4.999979
-106.900000 4.999979
-106.800000 4.999978
-106.700000 4.999978
-106.600000 4.999977
-106.500000 4.999977
-106.400000 4.999977
-106.300000 4.999976
-106.200000 4.999976
-106.100000 4.999975
-106.000000 4.999975
-105.900000 4.999974
-105.800000 4.999974
-105.700000 4.999974
-105.600000 4.999973
-105.500000 4.999973
-105.400000 4.999972
-105.300000 4.999972
-105.200000 4.999971
-105.100000 4.999971
-105.000000 4.999970
-104.900000 4.999970
-104.800000 4.999970
-104.700000 4.999969
-104.600000 4.999969
-104.500000 4.999968
-104.400000 4.999968
-104.300000 4.999967
-104.200000 4.999967
-104.100000 4.999966
-104.000000 4.999966
-103.900000 4.999965
-103.800000 4.999965
-103.700000 4.999964
-103.600000 4.999964
-103.500000 4.999963
-103.400000 4.999963
-103.300000 4.999962
-103.200000 4.999961
-103.100000 4.999961
-103.000000 4.999960
-102.900000 4.999960
-102.800000 4.999959
-102.700000 4.999959
-102.600000 4.999958
-102.500000 4.999958
-102.400000 4.999957
-102.300000 4.999956
-102.200000 4.999956
-102.100000 4.999955
-102.000000 4.999955
-101.900000 4.999954
-101.800000 4.999953
-101.700000 4.999953
-101.600000 4.999952
-101.500000 4.999952
-101.400000 4.999951
-101.300000 4.999950
-101.200000 4.999950
-101.100000 4.999949
-101.000000 4.999948
-100.900000 4.999948
-100.800000 4.999947
-100.700000 4.999946
-100.600000 4.999946
-100.500000 4.999945
-100.400000 4.999944
-100.300000 4.999944
-100.200000 4.999943
-100.100000 4.999942
-100.000000 4.999941
-99.900000 4.999941
-99.800000 4.999940
-99.700000 4.999939
-99.600000 4.999938
-99.500000 4.999938
-99.400000 4.999937
-99.300000 4.999936
-99.200000 4.999935
-99.100000 4.999935
-99.000000 4.999934
-98.900000 4.999933
-98.800000 4.999932
-98.700000 4.999931
-98.600000 4.999931
-98.500000 4.999930
-98.400000 4.999929
-98.300000 4.999928
-98.200000 4.999927
-98.100000 4.999926
-98.000000 4.999926
-97.900000 4.999925
-97.800000 4.999924
-97.700000 4.999923
-97.600000 4.999922
-97.500000 4.999921
-97.400000 4.999920
-97.300000 4.999919
-97.200000 4.999918
-97.100000 4.999917
-97.000000 4.999916
-96.900000 4.999916
-96.800000 4.999915
-96.700000 4.999914
-96.600000 4.999913
-96.500000 4.999912
-96.400000 4.999911
-96.300000 4.999910
-96.200000 4.999909
-96.100000 4.999908
-96.000000 4.999907
-95.900000 4.999906
-95.800000 4.999905
-95.700000 4.999903
-95.600000 4.999902
-95.500000 4.999901
-95.400000 4.999900
-95.300000 4.999899
-95.200000 4.999898
-95.100000 4.999897
-95.000000 4.999896
-94.900000 4.999895
-94.800000 4.999894
-94.700000 4.999892
-94.600000 4.999891
-94.500000 4.999890
-94.400000 4.999889
-94.300000 4.999888
-94.200000 4.999886
-94.100000 4.999885
-94.000000 4.999884
-93.900000 4.999883
-93.800000 4.999881
-93.700000 4.999880
-93.600000 4.999879
-93.500000 4.999878
-93.400000 4.999876
-93.300000 4.999875
-93.200000 4.999874
-93.100000 4.999872
-93.000000 4.999871
-92.900000 4.999870
-92.800000 4.999868
-92.700000 4.999867
-92.600000 4.999866
-92.500000 4.999864
-92.400000 4.999863
-92.300000 4.999861
-92.200000 4.999860
-92.100000 4.999858
-92.000000 4.999857
-91.900000 4.999855
-91.800000 4.999854
-91.700000 4.999852
-91.600000 4.999851
-91.500000 4.999849
-91.400000 4.999848
-91.300000 4.999846
-91.200000 4.999845
-91.100000 4.999843
-91.000000 4.999841
-90.900000 4.999840
-90.800000 4.999838
-90.700000 4.999837
-90.600000 4.999835
-90.500000 4.999833
-90.400000 4.999832
-90.300000 4.999830
-90.200000 4.999828
-90.100000 4.999826
-90.000000 4.999825
-89.900000 4.999823
-89.800000 4.999821
-89.700000 4.999819
-89.600000 4.999817
-89.500000 4.999816
-89.400000 4.999814
-89.300000 4.999812
-89.200000 4.999810
-89.100000 4.999808
-89.000000 4.999806
-88.900000 4.999804
-88.800000 4.999802
-88.700000 4.999800
-88.600000 4.999798
-88.500000 4.999796
-88.400000 4.999794
-88.300000 4.999792
-88.200000 4.999790
-88.100000 4.999788
-88.000000 4.999786
-87.900000 4.999784
-87.800000 4.999782
-87.700000 4.999780
-87.600000 4.999777
-87.500000 4.999775
-87.400000 4.999773
-87.300000 4.999771
-87.200000 4.999768
-87.100000 4.999766
-87.000000 4.999764
-86.900000 4.999762
-86.800000 4.999759
-86.700000 4.999757
-86.600000 4.999754
-86.500000 4.999752
-86.400000 4.999750
-86.300000 4.999747
-86.200000 4.999745
-86.100000 4.999742
-86.000000 4.999740
-85.900000 4.999737
-85.800000 4.999735
-85.700000 4.999732
-85.600000 4.999729
-85.500000 4.999727
-85.400000 4.999724
-85.300000 4.999722
-85.200000 4.999719
-85.100000 4.999716
-85.000000 4.999713
-84.900000 4.999711
-84.800000 4.999708
-84.700000 4.999705
-84.600000 4.999702
-84.500000 4.999699
-84.400000 4.999696
-84.300000 4.999694
-84.200000 4.999691
-84.100000 4.999688
-84.000000 4.999685
-83.900000 4.999682
-83.800000 4.999679
-83.700000 4.999675
-83.600000 4.999672
-83.500000 4.999669
-83.400000 4.999666
-83.300000 4.999663
-83.200000 4.999660
-83.100000 4.999656
-83.000000 4.999653
-82.900000 4.999650
-82.800000 4.999646
-82.700000 4.999643
-82.600000 4.999640
-82.500000 4.999636
-82.400000 4.999633
-82.300000 4.999629
-82.200000 4.999626
-82.100000 4.999622
-82.000000 4.999619
-81.900000 4.999615
-81.800000 4.999611
-81.700000 4.999608
-81.600000 4.999604
-81.500000 4.999600
-81.400000 4.999597
-81.300000 4.999593
-81.200000 4.999589
-81.100000 4.999585
-81.000000 4.999581
-80.900000 4.999577
-80.800000 4.999573
-80.700000 4.999569
-80.600000 4.999565
-80.500000 4.999561
-80.400000 4.999557
-80.300000 4.999553
-80.200000 4.999549
-80.100000 4.999544
-80.000000 4.999540
-79.900000 4.999536
-79.800000 4.999531
-79.700000 4.999527
-79.600000 4.999523
-79.500000 4.999518
-79.400000 4.999514
-79.300000 4.999509
-79.200000 4.999505
-79.100000 4.999500
-79.000000 4.999495
-78.900000 4.999491
-78.800000 4.999486
-78.700000 4.999481
-78.600000 4.999476
-78.500000 4.999471
-78.400000 4.999466
-78.300000 4.999461
-78.200000 4.999456
-78.100000 4.999451
-78.000000 4.999446
-77.900000 4.999441
-77.800000 4.999436
-77.700000 4.999431
-77.600000 4.999425
-77.500000 4.999420
-77.400000 4.999415
-77.300000 4.999409
-77.200000 4.999404
-77.100000 4.999398
-77.000000 4.999393
-76.900000 4.999387
-76.800000 4.999382
-76.700000 4.999376
-76.600000 4.999370
-76.500000 4.999364
-76.400000 4.999358
-76.300000 4.999352
-76.200000 4.999346
-76.100000 4.999340
-76.000000 4.999334
-75.900000 4.999328
-75.800000 4.999322
-75.700000 4.999316
-75.600000 4.999309
-75.500000 4.999303
-75.400000 4.999297
-75.300000 4.999290
-75.200000 4.999284
-75.100000 4.999277
-75.000000 4.999271
-74.900000 4.999264
-74.800000 4.999257
-74.700000 4.999250
-74.600000 4.999243
-74.500000 4.999236
-74.400000 4.999229
-74.300000 4.999222
-74.200000 4.999215
-74.100000 4.999208
-74.000000 4.999201
-73.900000 4.999193
-73.800000 4.999186
-73.700000 4.999179
-73.600000 4.999171
-73.500000 4.999164
-73.400000 4.999156
-73.300000 4.999148
-73.200000 4.999140
-73.100000 4.999133
-73.000000 4.999125
-72.900000 4.999117
-72.800000 4.999109
-72.700000 4.999101
-72.600000 4.999092
-72.500000 4.999084
-72.400000 4.999076
-72.300000 4.999067
-72.200000 4.999059
-72.100000 4.999050
-72.000000 4.999042
-71.900000 4.999033
-71.800000 4.999024
-71.700000 4.999015
-71.600000 4.999006
-71.500000 4.998997
-71.400000 4.998988
-71.300000 4.998979
-71.200000 4.998970
-71.100000 4.998960
-71.000000 4.998951
-70.900000 4.998941
-70.800000 4.998932
-70.700000 4.998922
-70.600000 4.998912
-70.500000 4.998902
-70.400000 4.998892
-70.300000 4.998882
-70.200000 4.998872
-70.100000 4.998862
-70.000000 4.998852
-69.900000 4.998841
-69.800000 4.998831
-69.700000 4.998820
-69.600000 4.998810
-69.500000 4.998799
-69.400000 4.998788
-69.300000 4.998777
-69.200000 4.998766
-69.100000 4.998755
-69.000000 4.998744
-68.900000 4.998732
-68.800000 4.998721
-68.700000 4.998709
-68.600000 4.998698
-68.500000 4.998686
-68.400000 4.998674
-68.300000 4.998662
-68.200000 4.998650
-68.100000 4.998638
-68.000000 4.998625
-67.900000 4.998613
-67.800000 4.998601
-67.700000 4.998588
-67.600000 4.998575
-67.500000 4.998562
-67.400000 4.998549
-67.300000 4.998536
-67.200000 4.998523
-67.100000 4.998510
-67.000000 4.998497
-66.900000 4.998483
-66.800000 4.998469
-66.700000 4.998456
-66.600000 4.998442
-66.500000 4.998428
-66.400000 4.998414
-66.300000 4.998399
-66.200000 4.998385
-66.100000 4.998371
-66.000000 4.998356
-65.900000 4.998341
-65.800000 4.998326
-65.700000 4.998311
-65.600000 4.998296
-65.500000 4.998281
-65.400000 4.998265
-65.300000 4.998250
-65.200000 4.998234
-65.100000 4.998218
-65.000000 4.998202
-64.900000 4.998186
-64.800000 4.998170
-64.700000 4.998154
-64.600000 4.998137
-64.500000 4.998120
-64.400000 4.998104
-64.300000 4.998087
-64.200000 4.998070
-64.100000 4.998052
-64.000000 4.998035
-63.900000 4.998017
-63.800000 4.998000
-63.700000 4.997982
-63.600000 4.997964
-63.500000 4.997945
-63.400000 4.997927
-63.300000 4.997909
-63.200000 4.997890
-63.100000 4.997871
-63.000000 4.997852
-62.900000 4.997833
-62.800000 4.997814
-62.700000 4.997794
-62.600000 4.997774
-62.500000 4.997754
-62.400000 4.997734
-62.300000 4.997714
-62.200000 4.997694
-62.100000 4.997673
-62.000000 4.997653
-61.900000 4.997632
-61.800000 4.997611
-61.700000 4.997589
-61.600000 4.997568
-61.500000 4.997546
-61.400000 4.997524
-61.300000 4.997502
-61.200000 4.997480
-61.100000 4.997458
-61.000000 4.997435
-60.900000 4.997412
-60.800000 4.997389
-60.700000 4.997366
-60.600000 4.997343
-60.500000 4.997319
-60.400000 4.997295
-60.300000 4.997271
-60.200000 4.997247
-60.100000 4.997222
-60.000000 4.997198
-59.900000 4.997173
-59.800000 4.997148
-59.700000 4.997122
-59.600000 4.997097
-59.500000 4.997071
-59.400000 4.997045
-59.300000 4.997019
-59.200000 4.996992
-59.100000 4.996966
-59.000000 4.996939
-58.900000 4.996912
-58.800000 4.996884
-58.700000 4.996857
-58.600000 4.996829
-58.500000 4.996801
-58.400000 4.996772
-58.300000 4.996744
-58.200000 4.996715
-58.100000 4.996686
-58.000000 4.996656
-57.900000 4.996627
-57.800000 4.996597
-57.700000 4.996567
-57.600000 4.996536
-57.500000 4.996506
-57.400000 4.996475
-57.300000 4.996444
-57.200000 4.996412
-57.100000 4.996380
-57.000000 4.996348
-56.900000 4.996316
-56.800000 4.996284
-56.700000 4.996251
-56.600000 4.996218
-56.500000 4.996184
-56.400000 4.996150
-56.300000 4.996116
-56.200000 4.996082
-56.100000 4.996048
-56.000000 4.996013
-55.900000 4.995977
-55.800000 4.995942
-55.700000 4.995906
-55.600000 4.995870
-55.500000 4.995834
-55.400000 4.995797
-55.300000 4.995760
-55.200000 4.995722
-55.100000 4.995685
-55.000000 4.995646
-54.900000 4.995608
-54.800000 4.995569
-54.700000 4.995530
-54.600000 4.995491
-54.500000 4.995451
-54.400000 4.995411
-54.300000 4.995371
-54.200000 4.995330
-54.100000 4.995289
-54.000000 4.995247
-53.900000 4.995206
-53.800000 4.995163
-53.700000 4.995121
-53.600000 4.995078
-53.500000 4.995034
-53.400000 4.994991
-53.300000 4.994947
-53.200000 4.994902
-53.100000 4.994857
-53.000000 4.994812
-52.900000 4.994767
-52.800000 4.994721
-52.700000 4.994674
-52.600000 4.994627
-52.500000 4.994580
-52.400000 4.994533
-52.300000 4.994485
-52.200000 4.994436
-52.100000 4.994387
-52.000000 4.994338
-51.900000 4.994288
-51.800000 4.994238
-51.700000 4.994188
-51.600000 4.994137
-51.500000 4.994085
-51.400000 4.994033
-51.300000 4.993981
-51.200000 4.993928
-51.100000 4.993875
-51.000000 4.993821
-50.900000 4.993767
-50.800000 4.993712
-50.700000 4.993657
-50.600000 4.993602
-50.500000 4.993545
-50.400000 4.993489
-50.300000 4.993432
-50.200000 4.993374
-50.100000 4.993316
-50.000000 4.993258
-49.900000 4.993199
-49.800000 4.993139
-49.700000 4.993079
-49.600000 4.993019
-49.500000 4.992958
-49.400000 4.992896
-49.300000 4.992834
-49.200000 4.992771
-49.100000 4.992708
-49.000000 4.992644
-48.900000 4.992580
-48.800000 4.992515
-48.700000 4.992449
-48.600000 4.992383
-48.500000 4.992317
-48.400000 4.992250
-48.300000 4.992182
-48.200000 4.992114
-48.100000 4.992045
-48.000000 4.991975
-47.900000 4.991905
-47.800000 4.991835
-47.700000 4.991763
-47.600000 4.991691
-47.500000 4.991619
-47.400000 4.991546
-47.300000 4.991472
-47.200000 4.991398
-47.100000 4.991323
-47.000000 4.991247
-46.900000 4.991171
-46.800000 4.991094
-46.700000 4.991016
-46.600000 4.990938
-46.500000 4.990859
-46.400000 4.990779
-46.300000 4.990699
-46.200000 4.990618
-46.100000 4.990536
-46.000000 4.990454
-45.900000 4.990370
-45.800000 4.990287
-45.700000 4.990202
-45.600000 4.990117
-45.500000 4.990031
-45.400000 4.989944
-45.300000 4.989856
-45.200000 4.989768
-45.100000 4.989679
-45.000000 4.989589
-44.900000 4.989499
-44.800000 4.989408
-44.700000 4.989315
-44.600000 4.989223
-44.500000 4.989129
-44.400000 4.989034
-44.300000 4.988939
-44.200000 4.988843
-44.100000 4.988746
-44.000000 4.988648
-43.900000 4.988550
-43.800000 4.988450
-43.700000 4.988350
-43.600000 4.988249
-43.500000 4.988147
-43.400000 4.988044
-43.300000 4.987940
-43.200000 4.987836
-43.100000 4.987730
-43.000000 4.987624
-42.900000 4.987516
-42.800000 4.987408
-42.700000 4.987299
-42.600000 4.987189
-42.500000 4.987078
-42.400000 4.986966
-42.300000 4.986853
-42.200000 4.986739
-42.100000 4.986624
-42.000000 4.986508
-41.900000 4.986392
-41.800000 4.986274
-41.700000 4.986155
-41.600000 4.986035
-41.500000 4.985914
-41.400000 4.985792
-41.300000 4.985669
-41.200000 4.985545
-41.100000 4.985420
-41.000000 4.985294
-40.900000 4.985167
-40.800000 4.985039
-40.700000 4.984910
-40.600000 4.984779
-40.500000 4.984648
-40.400000 4.984515
-40.300000 4.984381
-40.200000 4.984246
-40.100000 4.984110
-40.000000 4.983973
-39.900000 4.983834
-39.800000 4.983695
-39.700000 4.983554
-39.600000 4.983412
-39.500000 4.983269
-39.400000 4.983125
-39.300000 4.982979
-39.200000 4.982832
-39.100000 4.982684
-39.000000 4.982535
-38.900000 4.982384
-38.800000 4.982232
-38.700000 4.982079
-38.600000 4.981925
-38.500000 4.981769
-38.400000 4.981612
-38.300000 4.981454
-38.200000 4.981294
-38.100000 4.981133
-38.000000 4.980970
-37.900000 4.980806
-37.800000 4.980641
-37.700000 4.980475
-37.600000 4.980307
-37.500000 4.980137
-37.400000 4.979966
-37.300000 4.979794
-37.200000 4.979620
-37.100000 4.979445
-37.000000 4.979268
-36.900000 4.979090
-36.800000 4.978910
-36.700000 4.978729
-36.600000 4.978546
-36.500000 4.978362
-36.400000 4.978176
-36.300000 4.977988
-36.200000 4.977799
-36.100000 4.977609
-36.000000 4.977417
-35.900000 4.977223
-35.800000 4.977027
-35.700000 4.976830
-35.600000 4.976631
-35.500000 4.976431
-35.400000 4.976229
-35.300000 4.976025
-35.200000 4.975819
-35.100000 4.975612
-35.000000 4.975403
-34.900000 4.975192
-34.800000 4.974980
-34.700000 4.974765
-34.600000 4.974549
-34.500000 4.974331
-34.400000 4.974111
-34.300000 4.973890
-34.200000 4.973666
-34.100000 4.973441
-34.000000 4.973214
-33.900000 4.972984
-33.800000 4.972753
-33.700000 4.972520
-33.600000 4.972285
-33.500000 4.972048
-33.400000 4.971809
-33.300000 4.971568
-33.200000 4.971325
-33.100000 4.971080
-33.000000 4.970833
-32.900000 4.970584
-32.800000 4.970333
-32.700000 4.970080
-32.600000 4.969824
-32.500000 4.969566
-32.400000 4.969307
-32.300000 4.969045
-32.200000 4.968781
-32.100000 4.968514
-32.000000 4.968246
-31.900000 4.967975
-31.800000 4.967702
-31.700000 4.967427
-31.600000 4.967149
-31.500000 4.966869
-31.400000 4.966587
-31.300000 4.966302
-31.200000 4.966015
-31.100000 4.965726
-31.000000 4.965434
-30.900000 4.965139
-30.800000 4.964843
-30.700000 4.964543
-30.600000 4.964242
-30.500000 4.963937
-30.400000 4.963631
-30.300000 4.963321
-30.200000 4.963010
-30.100000 4.962695
-30.000000 4.962378
-29.900000 4.962058
-29.800000 4.961736
-29.700000 4.961411
-29.600000 4.961083
-29.500000 4.960752
-29.400000 4.960419
-29.300000 4.960083
-29.200000 4.959744
-29.100000 4.959403
-29.000000 4.959058
-28.900000 4.958711
-28.800000 4.958361
-28.700000 4.958007
-28.600000 4.957651
-28.500000 4.957292
-28.400000 4.956930
-28.300000 4.956565
-28.200000 4.956197
-28.100000 4.955826
-28.000000 4.955452
-27.900000 4.955075
-27.800000 4.954695
-27.700000 4.954311
-27.600000 4.953924
-27.500000 4.953534
-27.400000 4.953141
-27.300000 4.952745
-27.200000 4.952345
-27.100000 4.951942
-27.000000 4.951536
-26.900000 4.951126
-26.800000 4.950713
-26.700000 4.950297
-26.600000 4.949877
-26.500000 4.949454
-26.400000 4.949027
-26.300000 4.948596
-26.200000 4.948163
-26.100000 4.947725
-26.000000 4.947284
-25.900000 4.946839
-25.800000 4.946391
-25.700000 4.945939
-25.600000 4.945483
-25.500000 4.945023
-25.400000 4.944560
-25.300000 4.944093
-25.200000 4.943622
-25.100000 4.943147
-25.000000 4.942668
-24.900000 4.942185
-24.800000 4.941699
-24.700000 4.941208
-24.600000 4.940713
-24.500000 4.940214
-24.400000 4.939711
-24.300000 4.939204
-24.200000 4.938693
-24.100000 4.938178
-24.000000 4.937658
-23.900000 4.937134
-23.800000 4.936606
-23.700000 4.936074
-23.600000 4.935537
-23.500000 4.934996
-23.400000 4.934450
-23.300000 4.933900
-23.200000 4.933345
-23.100000 4.932786
-23.000000 4.932222
-22.900000 4.931654
-22.800000 4.931081
-22.700000 4.930503
-22.600000 4.929921
-22.500000 4.929334
-22.400000 4.928742
-22.300000 4.928145
-22.200000 4.927543
-22.100000 4.926936
-22.000000 4.926325
-21.900000 4.925708
-21.800000 4.925087
-21.700000 4.924460
-21.600000 4.923829
-21.500000 4.923192
-21.400000 4.922550
-21.300000 4.921902
-21.200000 4.921250
-21.100000 4.920592
-21.000000 4.919929
-20.900000 4.919260
-20.800000 4.918586
-20.700000 4.917907
-20.600000 4.917222
-20.500000 4.916531
-20.400000 4.915835
-20.300000 4.915133
-20.200000 4.914425
-20.100000 4.913712
-20.000000 4.912993
-19.900000 4.912268
-19.800000 4.911537
-19.700000 4.910801
-19.600000 4.910058
-19.500000 4.909309
-19.400000 4.908555
-19.300000 4.907794
-19.200000 4.907027
-19.100000 4.906254
-19.000000 4.905474
-18.900000 4.904689
-18.800000 4.903897
-18.700000 4.903098
-18.600000 4.902293
-18.500000 4.901482
-18.400000 4.900664
-18.300000 4.899839
-18.200000 4.899008
-18.100000 4.898170
-18.000000 4.897326
-17.900000 4.896474
-17.800000 4.895616
-17.700000 4.894751
-17.600000 4.893879
-17.500000 4.892999
-17.400000 4.892113
-17.300000 4.891220
-17.200000 4.890319
-17.100000 4.889412
-17.000000 4.888497
-16.900000 4.887574
-16.800000 4.886644
-16.700000 4.885707
-16.600000 4.884762
-16.500000 4.883810
-16.400000 4.882850
-16.300000 4.881882
-16.200000 4.880907
-16.100000 4.879924
-16.000000 4.878933
-15.900000 4.877934
-15.800000 4.876927
-15.700000 4.875912
-15.600000 4.874889
-15.500000 4.873857
-15.400000 4.872818
-15.300000 4.871770
-15.200000 4.870714
-15.100000 4.869649
-15.000000 4.868576
-14.900000 4.867494
-14.800000 4.866404
-14.700000 4.865305
-14.600000 4.864197
-14.500000 4.863081
-14.400000 4.861956
-14.300000 4.860821
-14.200000 4.859678
-14.100000 4.858525
-14.000000 4.857364
-13.900000 4.856193
-13.800000 4.855013
-13.700000 4.853824
-13.600000 4.852625
-13.500000 4.851416
-13.400000 4.850198
-13.300000 4.848971
-13.200000 4.847734
-13.100000 4.846486
-13.000000 4.845229
-12.900000 4.843963
-12.800000 4.842686
-12.700000 4.841399
-12.600000 4.840102
-12.500000 4.838794
-12.400000 4.837476
-12.300000 4.836148
-12.200000 4.834810
-12.100000 4.833461
-12.000000 4.832101
-11.900000 4.830730
-11.800000 4.829349
-11.700000 4.827957
-11.600000 4.826554
-11.500000 4.825140
-11.400000 4.823715
-11.300000 4.822278
-11.200000 4.820831
-11.100000 4.819372
-11.000000 4.817901
-10.900000 4.816419
-10.800000 4.814926
-10.700000 4.813421
-10.600000 4.811903
-10.500000 4.810375
-10.400000 4.808834
-10.300000 4.807281
-10.200000 4.805716
-10.100000 4.804138
-10.000000 4.802549
-9.900000 4.800947
-9.800000 4.799332
-9.700000 4.797705
-9.600000 4.796065
-9.500000 4.794413
-9.400000 4.792747
-9.300000 4.791069
-9.200000 4.789377
-9.100000 4.787673
-9.000000 4.785955
-8.900000 4.784224
-8.800000 4.782479
-8.700000 4.780721
-8.600000 4.778949
-8.500000 4.777163
-8.400000 4.775364
-8.300000 4.773551
-8.200000 4.771723
-8.100000 4.769882
-8.000000 4.768026
-7.900000 4.766156
-7.800000 4.764272
-7.700000 4.762372
-7.600000 4.760459
-7.500000 4.758530
-7.400000 4.756587
-7.300000 4.754628
-7.200000 4.752655
-7.100000 4.750666
-7.000000 4.748662
-6.900000 4.746643
-6.800000 4.744608
-6.700000 4.742558
-6.600000 4.740491
-6.500000 4.738409
-6.400000 4.736311
-6.300000 4.734197
-6.200000 4.732067
-6.100000 4.729920
-6.000000 4.727757
-5.900000 4.725577
-5.800000 4.723381
-5.700000 4.721168
-5.600000 4.718938
-5.500000 4.716691
-5.400000 4.714427
-5.300000 4.712145
-5.200000 4.709847
-5.100000 4.707530
-5.000000 4.705196
-4.900000 4.702845
-4.800000 4.700475
-4.700000 4.698088
-4.600000 4.695682
-4.500000 4.693258
-4.400000 4.690815
-4.300000 4.688355
-4.200000 4.685875
-4.100000 4.683377
-4.000000 4.680860
-3.900000 4.678323
-3.800000 4.675768
-3.700000 4.673193
-3.600000 4.670599
-3.500000 4.667986
-3.400000 4.665352
-3.300000 4.662699
-3.200000 4.660026
-3.100000 4.657332
-3.000000 4.654619
-2.900000 4.651885
-2.800000 4.649130
-2.700000 4.646355
-2.600000 4.643559
-2.500000 4.640742
-2.400000 4.637904
-2.300000 4.635044
-2.200000 4.632164
-2.100000 4.629261
-2.000000 4.626337
-1.900000 4.623392
-1.800000 4.620424
-1.700000 4.617434
-1.600000 4.614422
-1.500000 4.611387
-1.400000 4.608330
-1.300000 4.605250
-1.200000 4.602147
-1.100000 4.599021
-1.000000 4.595872
-0.900000 4.592700
-0.800000 4.589504
-0.700000 4.586284
-0.600000 4.583041
-0.500000 4.579773
-0.400000 4.576482
-0.300000 4.573166
-0.200000 4.569825
-0.100000 4.566460
-0.000000 4.563070
0.100000 4.559656
0.200000 4.556216
0.300000 4.552750
0.400000 4.549260
0.500000 4.545744
0.600000 4.542201
0.700000 4.538633
0.800000 4.535039
0.900000 4.531419
1.000000 4.527772
1.100000 4.524098
1.200000 4.520398
1.300000 4.516670
1.400000 4.512915
1.500000 4.509133
1.600000 4.505324
1.700000 4.501487
1.800000 4.497622
1.900000 4.493728
2.000000 4.489807
2.100000 4.485857
2.200000 4.481878
2.300000 4.477871
2.400000 4.473835
2.500000 4.469769
2.600000 4.465675
2.700000 4.461550
2.800000 4.457396
2.900000 4.453212
3.000000 4.448998
3.100000 4.444754
3.200000 4.440479
3.300000 4.436173
3.400000 4.431837
3.500000 4.427469
3.600000 4.423071
3.700000 4.418640
3.800000 4.414179
3.900000 4.409685
4.000000 4.405159
4.100000 4.400601
4.200000 4.396011
4.300000 4.391388
4.400000 4.386732
4.500000 4.382043
4.600000 4.377321
4.700000 4.372565
4.800000 4.367775
4.900000 4.362952
5.000000 4.358095
5.100000 4.353203
5.200000 4.348277
5.300000 4.343317
5.400000 4.338321
5.500000 4.333290
5.600000 4.328224
5.700000 4.323122
5.800000 4.317985
5.900000 4.312812
6.000000 4.307602
6.100000 4.302356
6.200000 4.297074
6.300000 4.291754
6.400000 4.286398
6.500000 4.281004
6.600000 4.275573
6.700000 4.270104
6.800000 4.264597
6.900000 4.259052
7.000000 4.253469
7.100000 4.247847
7.200000 4.242187
7.300000 4.236487
7.400000 4.230748
7.500000 4.224969
7.600000 4.219151
7.700000 4.213293
7.800000 4.207395
7.900000 4.201456
8.000000 4.195477
8.100000 4.189457
8.200000 4.183396
8.300000 4.177293
8.400000 4.171149
8.500000 4.164963
8.600000 4.158736
8.700000 4.152466
8.800000 4.146153
8.900000 4.139798
9.000000 4.133400
9.100000 4.126958
9.200000 4.120474
9.300000 4.113945
9.400000 4.107373
9.500000 4.100757
9.600000 4.094096
9.700000 4.087391
9.800000 4.080641
9.900000 4.073845
10.000000 4.067005
10.100000 4.060119
10.200000 4.053187
10.300000 4.046209
10.400000 4.039185
10.500000 4.032114
10.600000 4.024997
10.700000 4.017833
10.800000 4.010621
10.900000 4.003362
11.000000 3.996055
11.100000 3.988700
11.200000 3.981297
11.300000 3.973846
11.400000 3.966346
11.500000 3.958797
11.600000 3.951199
11.700000 3.943551
11.800000 3.935854
11.900000 3.928107
12.000000 3.920309
12.100000 3.912462
12.200000 3.904563
12.300000 3.896614
12.400000 3.888614
12.500000 3.880562
12.600000 3.872459
12.700000 3.864304
12.800000 3.856096
12.900000 3.847837
13.000000 3.839524
13.100000 3.831159
13.200000 3.822741
13.300000 3.814270
13.400000 3.805745
13.500000 3.797166
13.600000 3.788533
13.700000 3.779846
13.800000 3.771105
13.900000 3.762308
14.000000 3.753457
14.100000 3.744551
14.200000 3.735589
14.300000 3.726571
14.400000 3.717497
14.500000 3.708367
14.600000 3.699181
14.700000 3.689938
14.800000 3.680638
14.900000 3.671281
15.000000 3.661867
15.100000 3.652395
15.200000 3.642865
15.300000 3.633277
15.400000 3.623631
15.500000 3.613927
15.600000 3.604163
15.700000 3.594341
15.800000 3.584459
15.900000 3.574518
16.000000 3.564518
16.100000 3.554458
16.200000 3.544337
16.300000 3.534156
16.400000 3.523915
16.500000 3.513613
16.600000 3.503250
16.700000 3.492826
16.800000 3.482341
16.900000 3.471793
17.000000 3.461185
17.100000 3.450514
17.200000 3.439781
17.300000 3.428985
17.400000 3.418127
17.500000 3.407207
17.600000 3.396223
17.700000 3.385176
17.800000 3.374066
17.900000 3.362892
18.000000 3.351654
18.100000 3.340353
18.200000 3.328987
18.300000 3.317557
18.400000 3.306062
18.500000 3.294503
18.600000 3.282879
18.700000 3.271190
18.800000 3.259436
18.900000 3.247617
19.000000 3.235732
19.100000 3.223781
19.200000 3.211765
19.300000 3.199682
19.400000 3.187534
19.500000 3.175319
19.600000 3.163038
19.700000 3.150691
19.800000 3.138276
19.900000 3.125795
20.000000 3.113247
20.100000 3.100632
20.200000 3.087950
20.300000 3.075201
20.400000 3.062384
20.500000 3.049500
20.600000 3.036548
20.700000 3.023528
20.800000 3.010441
20.900000 2.997285
21.000000 2.984062
21.100000 2.970771
21.200000 2.957411
21.300000 2.943984
21.400000 2.930488
21.500000 2.916924
21.600000 2.903291
21.700000 2.889590
21.800000 2.875821
21.900000 2.861983
22.000000 2.848076
22.100000 2.834101
22.200000 2.820057
22.300000 2.805945
22.400000 2.791764
22.500000 2.777515
22.600000 2.763197
22.700000 2.748810
22.800000 2.734355
22.900000 2.719831
23.000000 2.705238
23.100000 2.690577
23.200000 2.675848
23.300000 2.661050
23.400000 2.646184
23.500000 2.631250
23.600000 2.616247
23.700000 2.601177
23.800000 2.586038
23.900000 2.570832
24.000000 2.555557
24.100000 2.540215
24.200000 2.524805
24.300000 2.509328
24.400000 2.493784
24.500000 2.478172
24.600000 2.462494
24.700000 2.446749
24.800000 2.430937
24.900000 2.415058
25.000000 2.399113
25.100000 2.383103
25.200000 2.367026
25.300000 2.350884
25.400000 2.334677
25.500000 2.318404
25.600000 2.302067
25.700000 2.285665
25.800000 2.269198
25.900000 2.252668
26.000000 2.236074
26.100000 2.219417
26.200000 2.202697
26.300000 2.185914
26.400000 2.169069
26.500000 2.152162
26.600000 2.135193
26.700000 2.118163
26.800000 2.101072
26.900000 2.083922
27.000000 2.066711
27.100000 2.049440
27.200000 2.032111
27.300000 2.014724
27.400000 1.997278
27.500000 1.979775
27.600000 1.962215
27.700000 1.944598
27.800000 1.926926
27.900000 1.909198
28.000000 1.891416
28.100000 1.873580
28.200000 1.855690
28.300000 1.837747
28.400000 1.819752
28.500000 1.801706
28.600000 1.783609
28.700000 1.765462
28.800000 1.747266
28.900000 1.729021
29.000000 1.710728
29.100000 1.692389
29.200000 1.674003
29.300000 1.655571
29.400000 1.637096
29.500000 1.618576
29.600000 1.600014
29.700000 1.581410
29.800000 1.562765
29.900000 1.544080
30.000000 1.525356
30.100000 1.506594
30.200000 1.487796
30.300000 1.468961
30.400000 1.450092
30.500000 1.431188
30.600000 1.412253
30.700000 1.393285
30.800000 1.374288
30.900000 1.355261
31.000000 1.336207
31.100000 1.317126
31.200000 1.298020
31.300000 1.278889
31.400000 1.259736
31.500000 1.240562
31.600000 1.221368
31.700000 1.202155
31.800000 1.182925
31.900000 1.163680
32.000000 1.144420
32.100000 1.125148
32.200000 1.105865
32.300000 1.086573
32.400000 1.067273
32.500000 1.047967
32.600000 1.028656
32.700000 1.009343
32.800000 0.990033
32.900000 0.970908
33.000000 0.951971
33.100000 0.933219
33.200000 0.914655
33.300000 0.896276
33.400000 0.878085
33.500000 0.860080
33.600000 0.842261
33.700000 0.824629
33.800000 0.807183
33.900000 0.789924
34.000000 0.772852
34.100000 0.755966
34.200000 0.739266
34.300000 0.722753
34.400000 0.706426
34.500000 0.690286
34.600000 0.674333
34.700000 0.658566
34.800000 0.642986
34.900000 0.627592
35.000000 0.612384
35.100000 0.597363
35.200000 0.582529
35.300000 0.567881
35.400000 0.553420
35.500000 0.539145
35.600000 0.525056
35.700000 0.511155
35.800000 0.497439
35.900000 0.483911
36.000000 0.470568
36.100000 0.457413
36.200000 0.444443
36.300000 0.431661
36.400000 0.419064
36.500000 0.406655
36.600000 0.394431
36.700000 0.382395
36.800000 0.370545
36.900000 0.358881
37.000000 0.347404
37.100000 0.336113
37.200000 0.325009
37.300000 0.314092
37.400000 0.303361
37.500000 0.292816
37.600000 0.282458
37.700000 0.272287
37.800000 0.262302
37.900000 0.252503
38.000000 0.242891
38.100000 0.233466
38.200000 0.224227
38.300000 0.215174
38.400000 0.206308
38.500000 0.197629
38.600000 0.189136
38.700000 0.180830
38.800000 0.172710
38.900000 0.164777
39.000000 0.157030
39.100000 0.149469
39.200000 0.142096
39.300000 0.134908
39.400000 0.127908
39.500000 0.121093
39.600000 0.114466
39.700000 0.108024
39.800000 0.101770
39.900000 0.095702
40.000000 0.089820
40.100000 0.084125
40.200000 0.078616
40.300000 0.073294
40.400000 0.068158
40.500000 0.063209
40.600000 0.058447
40.700000 0.053871
40.800000 0.049481
40.900000 0.045278
41.000000 0.041262
41.100000 0.037432
41.200000 0.033788
41.300000 0.030331
41.400000 0.027061
41.500000 0.023977
41.600000 0.021079
41.700000 0.018369
41.800000 0.015844
41.900000 0.013506
42.000000 0.011355
42.100000 0.009390
42.200000 0.007612
42.300000 0.006020
42.400000 0.004615
42.500000 0.003396
42.600000 0.002364
42.700000 0.001518
42.800000 0.000859
42.900000 0.000386
43.000000 0.000100
43.100000 0.000000
43.200000 0.000087
43.300000 0.000360
43.400000 0.000820
43.500000 0.001466
43.600000 0.002299
43.700000 0.003319
43.800000 0.004525
43.900000 0.005917
44.000000 0.007496
44.100000 0.009261
44.200000 0.011213
44.300000 0.013352
44.400000 0.015677
44.500000 0.018188
44.600000 0.020886
44.700000 0.023771
44.800000 0.026842
44.900000 0.030100
45.000000 0.033544
45.100000 0.037174
45.200000 0.040992
45.300000 0.044995
45.400000 0.049185
45.500000 0.053562
45.600000 0.058125
45.700000 0.062875
45.800000 0.067811
45.900000 0.072934
46.000000 0.078243
46.100000 0.083739
46.200000 0.089421
46.300000 0.095290
46.400000 0.101345
46.500000 0.107587
46.600000 0.114015
46.700000 0.120630
46.800000 0.127432
46.900000 0.134420
47.000000 0.141594
47.100000 0.148955
47.200000 0.156502
47.300000 0.164236
47.400000 0.172157
47.500000 0.180264
47.600000 0.188557
47.700000 0.197037
47.800000 0.205704
47.900000 0.214557
48.000000 0.223596
48.100000 0.232822
48.200000 0.242235
48.300000 0.251834
48.400000 0.261620
48.500000 0.271592
48.600000 0.281751
48.700000 0.292096
48.800000 0.302627
48.900000 0.313346
49.000000 0.324250
49.100000 0.335342
49.200000 0.346619
49.300000 0.358084
49.400000 0.369734
49.500000 0.381572
49.600000 0.393595
49.700000 0.405806
49.800000 0.418203
49.900000 0.430786
50.000000 0.443556
50.100000 0.456512
50.200000 0.469655
50.300000 0.482984
50.400000 0.496500
50.500000 0.510203
50.600000 0.524092
50.700000 0.538167
50.800000 0.552429
50.900000 0.566878
51.000000 0.581513
51.100000 0.596334
51.200000 0.611342
51.300000 0.626537
51.400000 0.641918
51.500000 0.657485
51.600000 0.673240
51.700000 0.689180
51.800000 0.705307
51.900000 0.721621
52.000000 0.738121
52.100000 0.754808
52.200000 0.771681
52.300000 0.788741
52.400000 0.805987
52.500000 0.823420
52.600000 0.841039
52.700000 0.858845
52.800000 0.876837
52.900000 0.895016
53.000000 0.913381
53.100000 0.931933
53.200000 0.950671
53.300000 0.969596
53.400000 0.988708
53.500000 1.008005
53.600000 1.027319
53.700000 1.046629
53.800000 1.065936
53.900000 1.085237
54.000000 1.104529
54.100000 1.123813
54.200000 1.143086
54.300000 1.162346
54.400000 1.181593
54.500000 1.200824
54.600000 1.220038
54.700000 1.239233
54.800000 1.258409
54.900000 1.277563
55.000000 1.296695
55.100000 1.315803
55.200000 1.334886
55.300000 1.353942
55.400000 1.372971
55.500000 1.391970
55.600000 1.410940
55.700000 1.429878
55.800000 1.448783
55.900000 1.467655
56.000000 1.486492
56.100000 1.505293
56.200000 1.524058
56.300000 1.542784
56.400000 1.561472
56.500000 1.580120
56.600000 1.598726
56.700000 1.617292
56.800000 1.635814
56.900000 1.654293
57.000000 1.672727
57.100000 1.691116
57.200000 1.709459
57.300000 1.727755
57.400000 1.746003
57.500000 1.764203
57.600000 1.782354
57.700000 1.800454
57.800000 1.818504
57.900000 1.836502
58.000000 1.854448
58.100000 1.872342
58.200000 1.890182
58.300000 1.907968
58.400000 1.925699
58.500000 1.943375
58.600000 1.960996
58.700000 1.978560
58.800000 1.996067
58.900000 2.013517
59.000000 2.030908
59.100000 2.048241
59.200000 2.065516
59.300000 2.082731
59.400000 2.099886
59.500000 2.116981
59.600000 2.134015
59.700000 2.150988
59.800000 2.167899
59.900000 2.184749
60.000000 2.201536
60.100000 2.218260
60.200000 2.234922
60.300000 2.251520
60.400000 2.268055
60.500000 2.284525
60.600000 2.300932
60.700000 2.317274
60.800000 2.333551
60.900000 2.349763
61.000000 2.365909
61.100000 2.381990
61.200000 2.398006
61.300000 2.413955
61.400000 2.429838
61.500000 2.445654
61.600000 2.461404
61.700000 2.477088
61.800000 2.492704
61.900000 2.508253
62.000000 2.523734
62.100000 2.539149
62.200000 2.554496
62.300000 2.569775
62.400000 2.584986
62.500000 2.600129
62.600000 2.615205
62.700000 2.630212
62.800000 2.645151
62.900000 2.660022
63.000000 2.674824
63.100000 2.689558
63.200000 2.704224
63.300000 2.718821
63.400000 2.733349
63.500000 2.747809
63.600000 2.762201
63.700000 2.776524
63.800000 2.790778
63.900000 2.804963
64.000000 2.819081
64.100000 2.833129
64.200000 2.847109
64.300000 2.861020
64.400000 2.874863
64.500000 2.888637
64.600000 2.902343
64.700000 2.915980
64.800000 2.929549
64.900000 2.943049
65.000000 2.956482
65.100000 2.969846
65.200000 2.983142
65.300000 2.996370
65.400000 3.009530
65.500000 3.022622
65.600000 3.035646
65.700000 3.048603
65.800000 3.061492
65.900000 3.074313
66.000000 3.087067
66.100000 3.099754
66.200000 3.112374
66.300000 3.124926
66.400000 3.137412
66.500000 3.149831
66.600000 3.162183
66.700000 3.174469
66.800000 3.186688
66.900000 3.198841
67.000000 3.210928
67.100000 3.222949
67.200000 3.234904
67.300000 3.246793
67.400000 3.258617
67.500000 3.270376
67.600000 3.282069
67.700000 3.293698
67.800000 3.305261
67.900000 3.316760
68.000000 3.328195
68.100000 3.339565
68.200000 3.350871
68.300000 3.362113
68.400000 3.373291
68.500000 3.384406
68.600000 3.395457
68.700000 3.406445
68.800000 3.417371
68.900000 3.428233
69.000000 3.439033
69.100000 3.449770
69.200000 3.460445
69.300000 3.471058
69.400000 3.481609
69.500000 3.492099
69.600000 3.502527
69.700000 3.512895
69.800000 3.523201
69.900000 3.533446
70.000000 3.543631
70.100000 3.553756
70.200000 3.563820
70.300000 3.573825
70.400000 3.583770
70.500000 3.593656
70.600000 3.603482
70.700000 3.613249
70.800000 3.622958
70.900000 3.632608
71.000000 3.642200
71.100000 3.651734
71.200000 3.661210
71.300000 3.670628
71.400000 3.679989
71.500000 3.689293
71.600000 3.698539
71.700000 3.707730
71.800000 3.716863
71.900000 3.725941
72.000000 3.734963
72.100000 3.743928
72.200000 3.752839
72.300000 3.761694
72.400000 3.770494
72.500000 3.779239
72.600000 3.787930
72.700000 3.796567
72.800000 3.805149
72.900000 3.813678
73.000000 3.822153
73.100000 3.830575
73.200000 3.838943
73.300000 3.847259
73.400000 3.855523
73.500000 3.863733
73.600000 3.871892
73.700000 3.879999
73.800000 3.888054
73.900000 3.896058
74.000000 3.904011
74.100000 3.911913
74.200000 3.919764
74.300000 3.927565
74.400000 3.935315
74.500000 3.943016
74.600000 3.950667
74.700000 3.958269
74.800000 3.965821
74.900000 3.973325
75.000000 3.980779
75.100000 3.988186
75.200000 3.995544
75.300000 4.002854
75.400000 4.010116
75.500000 4.017331
75.600000 4.024499
75.700000 4.031619
75.800000 4.038693
75.900000 4.045720
76.000000 4.052701
76.100000 4.059636
76.200000 4.066526
76.300000 4.073369
76.400000 4.080168
76.500000 4.086921
76.600000 4.093629
76.700000 4.100293
76.800000 4.106912
76.900000 4.113488
77.000000 4.120019
77.100000 4.126507
77.200000 4.132951
77.300000 4.139352
77.400000 4.145710
77.500000 4.152026
77.600000 4.158299
77.700000 4.164529
77.800000 4.170718
77.900000 4.176865
78.000000 4.182970
78.100000 4.189034
78.200000 4.195057
78.300000 4.201039
78.400000 4.206981
78.500000 4.212882
78.600000 4.218743
78.700000 4.224564
78.800000 4.230345
78.900000 4.236087
79.000000 4.241789
79.100000 4.247452
79.200000 4.253077
79.300000 4.258663
79.400000 4.264210
79.500000 4.269720
79.600000 4.275191
79.700000 4.280625
79.800000 4.286021
79.900000 4.291380
80.000000 4.296702
80.100000 4.301987
80.200000 4.307236
80.300000 4.312448
80.400000 4.317624
80.500000 4.322763
80.600000 4.327868
80.700000 4.332936
80.800000 4.337969
80.900000 4.342967
81.000000 4.347931
81.100000 4.352859
81.200000 4.357753
81.300000 4.362613
81.400000 4.367438
81.500000 4.372230
81.600000 4.376988
81.700000 4.381712
81.800000 4.386404
81.900000 4.391062
82.000000 4.395687
82.100000 4.400280
82.200000 4.404840
82.300000 4.409368
82.400000 4.413864
82.500000 4.418328
82.600000 4.422760
82.700000 4.427161
82.800000 4.431531
82.900000 4.435870
83.000000 4.440177
83.100000 4.444454
83.200000 4.448701
83.300000 4.452917
83.400000 4.457103
83.500000 4.461259
83.600000 4.465385
83.700000 4.469482
83.800000 4.473550
83.900000 4.477588
84.000000 4.481597
84.100000 4.485578
84.200000 4.489530
84.300000 4.493453
84.400000 4.497348
84.500000 4.501215
84.600000 4.505054
84.700000 4.508866
84.800000 4.512650
84.900000 4.516406
85.000000 4.520136
85.100000 4.523838
85.200000 4.527513
85.300000 4.531162
85.400000 4.534785
85.500000 4.538381
85.600000 4.541950
85.700000 4.545494
85.800000 4.549012
85.900000 4.552505
86.000000 4.555972
86.100000 4.559413
86.200000 4.562830
86.300000 4.566221
86.400000 4.569588
86.500000 4.572930
86.600000 4.576248
86.700000 4.579541
86.800000 4.582810
86.900000 4.586055
87.000000 4.589277
87.100000 4.592474
87.200000 4.595648
87.300000 4.598799
87.400000 4.601926
87.500000 4.605031
87.600000 4.608112
87.700000 4.611171
87.800000 4.614207
87.900000 4.617221
88.000000 4.620213
88.100000 4.623182
88.200000 4.626129
88.300000 4.629055
88.400000 4.631958
88.500000 4.634841
88.600000 4.637702
88.700000 4.640541
88.800000 4.643360
88.900000 4.646157
89.000000 4.648934
89.100000 4.651690
89.200000 4.654425
89.300000 4.657140
89.400000 4.659835
89.500000 4.662509
89.600000 4.665164
89.700000 4.667799
89.800000 4.670414
89.900000 4.673009
90.000000 4.675585
90.100000 4.678142
90.200000 4.680680
90.300000 4.683198
90.400000 4.685698
90.500000 4.688178
90.600000 4.690641
90.700000 4.693084
90.800000 4.695509
90.900000 4.697916
91.000000 4.700305
91.100000 4.702676
91.200000 4.705029
91.300000 4.707364
91.400000 4.709682
91.500000 4.711982
91.600000 4.714264
91.700000 4.716530
91.800000 4.718778
91.900000 4.721009
92.000000 4.723223
92.100000 4.725421
92.200000 4.727601
92.300000 4.729766
92.400000 4.731914
92.500000 4.734045
92.600000 4.736160
92.700000 4.738259
92.800000 4.740343
92.900000 4.742410
93.000000 4.744462
93.100000 4.746498
93.200000 4.748518
93.300000 4.750523
93.400000 4.752513
93.500000 4.754487
93.600000 4.756446
93.700000 4.758391
93.800000 4.760320
93.900000 4.762235
94.000000 4.764135
94.100000 4.766021
94.200000 4.767892
94.300000 4.769749
94.400000 4.771591
94.500000 4.773419
94.600000 4.775234
94.700000 4.777034
94.800000 4.778821
94.900000 4.780593
95.000000 4.782352
95.100000 4.784098
95.200000 4.785830
95.300000 4.787549
95.400000 4.789254
95.500000 4.790947
95.600000 4.792626
95.700000 4.794292
95.800000 4.795946
95.900000 4.797587
96.000000 4.799215
96.100000 4.800830
96.200000 4.802433
96.300000 4.804023
96.400000 4.805601
96.500000 4.807167
96.600000 4.808721
96.700000 4.810263
96.800000 4.811793
96.900000 4.813311
97.000000 4.814817
97.100000 4.816311
97.200000 4.817794
97.300000 4.819265
97.400000 4.820725
97.500000 4.822173
97.600000 4.823610
97.700000 4.825036
97.800000 4.826451
97.900000 4.827855
98.000000 4.829248
98.100000 4.830630
98.200000 4.832001
98.300000 4.833361
98.400000 4.834711
98.500000 4.836051
98.600000 4.837379
98.700000 4.838698
98.800000 4.840006
98.900000 4.841304
99.000000 4.842591
99.100000 4.843869
99.200000 4.845137
99.300000 4.846394
99.400000 4.847642
99.500000 4.848880
99.600000 4.850108
99.700000 4.851327
99.800000 4.852536
99.900000 4.853735
100.000000 4.854926
100.100000 4.856106
100.200000 4.857278
100.300000 4.858440
100.400000 4.859593
100.500000 4.860737
100.600000 4.861872
100.700000 4.862998
100.800000 4.864115
100.900000 4.865223
101.000000 4.866323
101.100000 4.867414
101.200000 4.868496
101.300000 4.869570
101.400000 4.870635
101.500000 4.871692
101.600000 4.872740
101.700000 4.873780
101.800000 4.874812
101.900000 4.875836
102.000000 4.876851
102.100000 4.877859
102.200000 4.878858
102.300000 4.879850
102.400000 4.880834
102.500000 4.881810
102.600000 4.882778
102.700000 4.883738
102.800000 4.884691
102.900000 4.885636
103.000000 4.886574
103.100000 4.887505
103.200000 4.888427
103.300000 4.889343
103.400000 4.890251
103.500000 4.891152
103.600000 4.892046
103.700000 4.892933
103.800000 4.893812
103.900000 4.894685
104.000000 4.895551
104.100000 4.896410
104.200000 4.897261
104.300000 4.898107
104.400000 4.898945
104.500000 4.899777
104.600000 4.900602
104.700000 4.901420
104.800000 4.902232
104.900000 4.903037
105.000000 4.903836
105.100000 4.904628
105.200000 4.905415
105.300000 4.906194
105.400000 4.906968
105.500000 4.907735
105.600000 4.908497
105.700000 4.909252
105.800000 4.910001
105.900000 4.910744
106.000000 4.911481
106.100000 4.912212
106.200000 4.912938
106.300000 4.913657
106.400000 4.914371
106.500000 4.915079
106.600000 4.915781
106.700000 4.916477
106.800000 4.917168
106.900000 4.917854
107.000000 4.918534
107.100000 4.919208
107.200000 4.919877
107.300000 4.920541
107.400000 4.921199
107.500000 4.921852
107.600000 4.922499
107.700000 4.923142
107.800000 4.923779
107.900000 4.924411
108.000000 4.925038
108.100000 4.925660
108.200000 4.926277
108.300000 4.926889
108.400000 4.927496
108.500000 4.928098
108.600000 4.928695
108.700000 4.929287
108.800000 4.929875
108.900000 4.930457
109.000000 4.931035
109.100000 4.931609
109.200000 4.932177
109.300000 4.932741
109.400000 4.933301
109.500000 4.933856
109.600000 4.934406
109.700000 4.934952
109.800000 4.935494
109.900000 4.936031
110.000000 4.936564
110.100000 4.937092
110.200000 4.937617
110.300000 4.938136
110.400000 4.938652
110.500000 4.939164
110.600000 4.939671
110.700000 4.940174
110.800000 4.940673
110.900000 4.941168
111.000000 4.941659
111.100000 4.942146
111.200000 4.942629
111.300000 4.943108
111.400000 4.943583
111.500000 4.944055
111.600000 4.944522
111.700000 4.944986
111.800000 4.945446
111.900000 4.945902
112.000000 4.946354
112.100000 4.946803
112.200000 4.947248
112.300000 4.947689
112.400000 4.948127
112.500000 4.948561
112.600000 4.948991
112.700000 4.949419
112.800000 4.949842
112.900000 4.950262
113.000000 4.950679
113.100000 4.951092
113.200000 4.951502
113.300000 4.951909
113.400000 4.952312
113.500000 4.952712
113.600000 4.953108
113.700000 4.953502
113.800000 4.953892
113.900000 4.954279
114.000000 4.954662
114.100000 4.955043
114.200000 4.955420
114.300000 4.955795
114.400000 4.956166
114.500000 4.956534
114.600000 4.956900
114.700000 4.957262
114.800000 4.957621
114.900000 4.957977
115.000000 4.958331
115.100000 4.958681
115.200000 4.959029
115.300000 4.959373
115.400000 4.959715
115.500000 4.960054
115.600000 4.960390
115.700000 4.960724
115.800000 4.961054
115.900000 4.961382
116.000000 4.961708
116.100000 4.962030
116.200000 4.962350
116.300000 4.962667
116.400000 4.962982
116.500000 4.963294
116.600000 4.963604
116.700000 4.963911
116.800000 4.964215
116.900000 4.964517
117.000000 4.964816
117.100000 4.965113
117.200000 4.965408
117.300000 4.965700
117.400000 4.965989
117.500000 4.966276
117.600000 4.966561
117.700000 4.966844
117.800000 4.967124
117.900000 4.967402
118.000000 4.967677
118.100000 4.967950
118.200000 4.968221
118.300000 4.968490
118.400000 4.968757
118.500000 4.969021
118.600000 4.969283
118.700000 4.969543
118.800000 4.969801
118.900000 4.970056
119.000000 4.970310
119.100000 4.970561
119.200000 4.970810
119.300000 4.971058
119.400000 4.971303
119.500000 4.971546
119.600000 4.971787
119.700000 4.972026
119.800000 4.972263
119.900000 4.972498
120.000000 4.972732
120.100000 4.972963
120.200000 4.973192
120.300000 4.973420
120.400000 4.973645
120.500000 4.973869
120.600000 4.974090
120.700000 4.974310
120.800000 4.974528
120.900000 4.974745
121.000000 4.974959
121.100000 4.975172
121.200000 4.975383
121.300000 4.975592
121.400000 4.975799
121.500000 4.976005
121.600000 4.976209
121.700000 4.976411
121.800000 4.976612
121.900000 4.976811
122.000000 4.977008
122.100000 4.977204
122.200000 4.977398
122.300000 4.977590
122.400000 4.977781
122.500000 4.977970
122.600000 4.978157
122.700000 4.978343
122.800000 4.978528
122.900000 4.978711
123.000000 4.978892
123.100000 4.979072
123.200000 4.979250
123.300000 4.979427
123.400000 4.979602
123.500000 4.979776
123.600000 4.979949
123.700000 4.980120
123.800000 4.980289
123.900000 4.980457
124.000000 4.980624
124.100000 4.980789
124.200000 4.980953
124.300000 4.981116
124.400000 4.981277
124.500000 4.981437
124.600000 4.981595
124.700000 4.981752
124.800000 4.981908
124.900000 4.982063
125.000000 4.982216
125.100000 4.982368
125.200000 4.982519
125.300000 4.982668
125.400000 4.982816
125.500000 4.982963
125.600000 4.983109
125.700000 4.983253
125.800000 4.983397
125.900000 4.983539
126.000000 4.983679
126.100000 4.983819
126.200000 4.983958
126.300000 4.984095
126.400000 4.984231
126.500000 4.984366
126.600000 4.984500
126.700000 4.984633
126.800000 4.984764
126.900000 4.984895
127.000000 4.985024
127.100000 4.985153
127.200000 4.985280
127.300000 4.985406
127.400000 4.985531
127.500000 4.985655
127.600000 4.985778
127.700000 4.985900
127.800000 4.986021
127.900000 4.986141
128.000000 4.986260
128.100000 4.986378
128.200000 4.986495
128.300000 4.986611
128.400000 4.986725
128.500000 4.986839
128.600000 4.986952
128.700000 4.987064
128.800000 4.987176
128.900000 4.987286
129.000000 4.987395
129.100000 4.987503
129.200000 4.987611
129.300000 4.987717
129.400000 4.987823
129.500000 4.987927
129.600000 4.988031
129.700000 4.988134
129.800000 4.988236
129.900000 4.988337
130.000000 4.988438
130.100000 4.988537
130.200000 4.988636
130.300000 4.988734
130.400000 4.988831
130.500000 4.988927
130.600000 4.989022
130.700000 4.989117
130.800000 4.989210
130.900000 4.989303
131.000000 4.989395
131.100000 4.989487
131.200000 4.989577
131.300000 4.989667
131.400000 4.989756
131.500000 4.989845
131.600000 4.989932
131.700000 4.990019
131.800000 4.990105
131.900000 4.990190
132.000000 4.990275
132.100000 4.990359
132.200000 4.990442
132.300000 4.990524
132.400000 4.990606
132.500000 4.990687
132.600000 4.990768
132.700000 4.990847
132.800000 4.990926
132.900000 4.991005
133.000000 4.991083
133.100000 4.991160
133.200000 4.991236
133.300000 4.991312
133.400000 4.991387
133.500000 4.991461
133.600000 4.991535
133.700000 4.991608
133.800000 4.991681
133.900000 4.991753
134.000000 4.991824
134.100000 4.991895
134.200000 4.991965
134.300000 4.992034
134.400000 4.992103
134.500000 4.992172
134.600000 4.992239
134.700000 4.992306
134.800000 4.992373
134.900000 4.992439
135.000000 4.992505
135.100000 4.992570
135.200000 4.992634
135.300000 4.992698
135.400000 4.992761
135.500000 4.992824
135.600000 4.992886
135.700000 4.992948
135.800000 4.993009
135.900000 4.993069
136.000000 4.993129
136.100000 4.993189
136.200000 4.993248
136.300000 4.993307
136.400000 4.993365
136.500000 4.993422
136.600000 4.993479
136.700000 4.993536
136.800000 4.993592
136.900000 4.993648
137.000000 4.993703
137.100000 4.993757
137.200000 4.993812
137.300000 4.993865
137.400000 4.993919
137.500000 4.993971
137.600000 4.994024
137.700000 4.994076
137.800000 4.994127
137.900000 4.994178
138.000000 4.994229
138.100000 4.994279
138.200000 4.994329
138.300000 4.994378
138.400000 4.994427
138.500000 4.994475
138.600000 4.994524
138.700000 4.994571
138.800000 4.994618
138.900000 4.994665
139.000000 4.994712
139.100000 4.994758
139.200000 4.994803
139.300000 4.994849
139.400000 4.994893
139.500000 4.994938
139.600000 4.994982
139.700000 4.995026
139.800000 4.995069
139.900000 4.995112
140.000000 4.995155
140.100000 4.995197
140.200000 4.995239
140.300000 4.995280
140.400000 4.995321
140.500000 4.995362
140.600000 4.995403
140.700000 4.995443
140.800000 4.995482
140.900000 4.995522
141.000000 4.995561
141.100000 4.995600
141.200000 4.995638
141.300000 4.995676
141.400000 4.995714
141.500000 4.995751
141.600000 4.995788
141.700000 4.995825
141.800000 4.995862
141.900000 4.995898
142.000000 4.995934
142.100000 4.995969
142.200000 4.996004
142.300000 4.996039
142.400000 4.996074
142.500000 4.996108
142.600000 4.996142
142.700000 4.996176
142.800000 4.996209
142.900000 4.996243
143.000000 4.996276
143.100000 4.996308
143.200000 4.996340
143.300000 4.996372
143.400000 4.996404
143.500000 4.996436
143.600000 4.996467
143.700000 4.996498
143.800000 4.996528
143.900000 4.996559
144.000000 4.996589
144.100000 4.996619
144.200000 4.996649
144.300000 4.996678
144.400000 4.996707
144.500000 4.996736
144.600000 4.996765
144.700000 4.996793
144.800000 4.996821
144.900000 4.996849
145.000000 4.996877
145.100000 4.996904
145.200000 4.996931
145.300000 4.996958
145.400000 4.996985
145.500000 4.997011
145.600000 4.997037
145.700000 4.997063
145.800000 4.997089
145.900000 4.997115
146.000000 4.997140
146.100000 4.997165
146.200000 4.997190
146.300000 4.997215
146.400000 4.997239
146.500000 4.997264
146.600000 4.997288
146.700000 4.997311
146.800000 4.997335
146.900000 4.997359
147.000000 4.997382
147.100000 4.997405
147.200000 4.997428
147.300000 4.997450
147.400000 4.997473
147.500000 4.997495
147.600000 4.997517
147.700000 4.997539
147.800000 4.997561
147.900000 4.997582
148.000000 4.997603
148.100000 4.997624
148.200000 4.997645
148.300000 4.997666
148.400000 4.997687
148.500000 4.997707
148.600000 4.997727
148.700000 4.997747
148.800000 4.997767
148.900000 4.997787
149.000000 4.997806
149.100000 4.997826
149.200000 4.997845
149.300000 4.997864
149.400000 4.997883
149.500000 4.997901
149.600000 4.997920
149.700000 4.997938
149.800000 4.997957
149.900000 4.997975
150.000000 4.997993
150.100000 4.998010
150.200000 4.998028
150.300000 4.998045
150.400000 4.998063
150.500000 4.998080
150.600000 4.998097
150.700000 4.998113
150.800000 4.998130
150.900000 4.998147
151.000000 4.998163
151.100000 4.998179
151.200000 4.998195
151.300000 4.998211
151.400000 4.998227
151.500000 4.998243
151.600000 4.998259
151.700000 4.998274
151.800000 4.998289
151.900000 4.998304
152.000000 4.998319
152.100000 4.998334
152.200000 4.998349
152.300000 4.998364
152.400000 4.998378
152.500000 4.998393
152.600000 4.998407
152.700000 4.998421
152.800000 4.998435
152.900000 4.998449
153.000000 4.998463
153.100000 4.998476
153.200000 4.998490
153.300000 4.998503
153.400000 4.998517
153.500000 4.998530
153.600000 4.998543
153.700000 4.998556
153.800000 4.998569
153.900000 4.998581
154.000000 4.998594
154.100000 4.998606
154.200000 4.998619
154.300000 4.998631
154.400000 4.998643
154.500000 4.998655
154.600000 4.998667
154.700000 4.998679
154.800000 4.998691
154.900000 4.998703
155.000000 4.998714
155.100000 4.998726
155.200000 4.998737
155.300000 4.998748
155.400000 4.998759
155.500000 4.998770
155.600000 4.998781
155.700000 4.998792
155.800000 4.998803
155.900000 4.998814
156.000000 4.998824
156.100000 4.998835
156.200000 4.998845
156.300000 4.998856
156.400000 4.998866
156.500000 4.998876
156.600000 4.998886
156.700000 4.998896
156.800000 4.998906
156.900000 4.998916
157.000000 4.998925
157.100000 4.998935
157.200000 4.998944
157.300000 4.998954
157.400000 4.998963
157.500000 4.998972
157.600000 4.998982
157.700000 4.998991
157.800000 4.999000
157.900000 4.999009
158.000000 4.999018
158.100000 4.999026
158.200000 4.999035
158.300000 4.999044
158.400000 4.999052
158.500000 4.999061
158.600000 4.999069
158.700000 4.999078
158.800000 4.999086
158.900000 4.999094
159.000000 4.999102
159.100000 4.999110
159.200000 4.999118
159.300000 4.999126
159.400000 4.999134
159.500000 4.999142
159.600000 4.999150
159.700000 4.999157
159.800000 4.999165
159.900000 4.999172
160.000000 4.999180
160.100000 4.999187
160.200000 4.999195
160.300000 4.999202
160.400000 4.999209
160.500000 4.999216
160.600000 4.999223
160.700000 4.999230
160.800000 4.999237
160.900000 4.999244
161.000000 4.999251
161.100000 4.999258
161.200000 4.999264
161.300000 4.999271
161.400000 4.999278
161.500000 4.999284
161.600000 4.999291
161.700000 4.999297
161.800000 4.999303
161.900000 4.999310
162.000000 4.999316
162.100000 4.999322
162.200000 4.999328
162.300000 4.999334
162.400000 4.999340
162.500000 4.999346
162.600000 4.999352
162.700000 4.999358
162.800000 4.999364
162.900000 4.999370
163.000000 4.999375
163.100000 4.999381
163.200000 4.999387
163.300000 4.999392
163.400000 4.999398
163.500000 4.999403
163.600000 4.999409
163.700000 4.999414
163.800000 4.999419
163.900000 4.999425
164.000000 4.999430
164.100000 4.999435
164.200000 4.999440
164.300000 4.999445
164.400000 4.999450
164.500000 4.999455
164.600000 4.999460
164.700000 4.999465
164.800000 4.999470
164.900000 4.999475
165.000000 4.999480
165.100000 4.999484
165.200000 4.999489
165.300000 4.999494
165.400000 4.999498
165.500000 4.999503
165.600000 4.999508
165.700000 4.999512
165.800000 4.999517
165.900000 4.999521
166.000000 4.999525
166.100000 4.999530
166.200000 4.999534
166.300000 4.999538
166.400000 4.999543
166.500000 4.999547
166.600000 4.999551
166.700000 4.999555
166.800000 4.999559
166.900000 4.999563
167.000000 4.999567
167.100000 4.999571
167.200000 4.999575
167.300000 4.999579
167.400000 4.999583
167.500000 4.999587
167.600000 4.999591
167.700000 4.999594
167.800000 4.999598
167.900000 4.999602
168.000000 4.999605
168.100000 4.999609
168.200000 4.999613
168.300000 4.999616
168.400000 4.999620
168.500000 4.999623
168.600000 4.999627
168.700000 4.999630
168.800000 4.999634
168.900000 4.999637
169.000000 4.999640
169.100000 4.999644
169.200000 4.999647
169.300000 4.999650
169.400000 4.999654
169.500000 4.999657
169.600000 4.999660
169.700000 4.999663
169.800000 4.999666
169.900000 4.999669
170.000000 4.999673
170.100000 4.999676
170.200000 4.999679
170.300000 4.999682
170.400000 4.999685
170.500000 4.999688
170.600000 4.999690
170.700000 4.999693
170.800000 4.999696
170.900000 4.999699
171.000000 4.999702
171.100000 4.999705
171.200000 4.999707
171.300000 4.999710
171.400000 4.999713
171.500000 4.999716
171.600000 4.999718
171.700000 4.999721
171.800000 4.999724
171.900000 4.999726
172.000000 4.999729
172.100000 4.999731
172.200000 4.999734
172.300000 4.999736
172.400000 4.999739
172.500000 4.999741
172.600000 4.999744
172.700000 4.999746
172.800000 4.999749
172.900000 4.999751
173.000000 4.999753
173.100000 4.999756
173.200000 4.999758
173.300000 4.999760
173.400000 4.999763
173.500000 4.999765
173.600000 4.999767
173.700000 4.999769
173.800000 4.999771
173.900000 4.999774
174.000000 4.999776
174.100000 4.999778
174.200000 4.999780
174.300000 4.999782
174.400000 4.999784
174.500000 4.999786
174.600000 4.999788
174.700000 4.999790
174.800000 4.999792
174.900000 4.999794
175.000000 4.999796
175.100000 4.999798
175.200000 4.999800
175.300000 4.999802
175.400000 4.999804
175.500000 4.999806
175.600000 4.999808
175.700000 4.999810
175.800000 4.999811
175.900000 4.999813
176.000000 4.999815
176.100000 4.999817
176.200000 4.999819
176.300000 4.999820
176.400000 4.999822
176.500000 4.999824
176.600000 4.999826
176.700000 4.999827
176.800000 4.999829
176.900000 4.999831
177.000000 4.999832
177.100000 4.999834
177.200000 4.999836
177.300000 4.999837
177.400000 4.999839
177.500000 4.999840
177.600000 4.999842
177.700000 4.999843
177.800000 4.999845
177.900000 4.999847
178.000000 4.999848
178.100000 4.999850
178.200000 4.999851
178.300000 4.999853
178.400000 4.999854
178.500000 4.999855
178.600000 4.999857
178.700000 4.999858
178.800000 4.999860
178.900000 4.999861
179.000000 4.999862
179.100000 4.999864
179.200000 4.999865
179.300000 4.999867
179.400000 4.999868
179.500000 4.999869
179.600000 4.999870
179.700000 4.999872
179.800000 4.999873
179.900000 4.999874
180.000000 4.999876
